0.532032,0.431237,0.4312,0.608337,0.243212,0.542922,0.0388437,0.575625,0.420312,0.39853,0.586538,0.673714,0.662811,0.790902,0.665555,0.507519,0,0,0,0,0,0,0,0,0,0,0,0,0,0,0.52385,0.34948,0.613756,0.423035,0.453022,0.319486,0.662784,0.477541
0.534758,0.428474,0.433948,0.594696,0.256825,0.504782,0.0224967,0.570178,0.420315,0.390356,0.591981,0.665545,0.662817,0.788177,0.665535,0.502068,0,0,0,0,0,0,0,0,0,0,0,0,0,0,0.526582,0.34402,0.616523,0.406697,0.461205,0.300424,0.665526,0.469358
0.532026,0.412148,0.428487,0.578362,0.248663,0.518404,0.0197671,0.553828,0.406683,0.371279,0.578355,0.6492,0.654645,0.774547,0.660078,0.488456,0,0,0,0,0,0,0,0,0,0,0,0,0,0,0.518393,0.333092,0.611046,0.395792,0.450283,0.297694,0.662815,0.455753
0.529295,0.406698,0.423034,0.581069,0.248645,0.518413,0.0279441,0.551107,0.401242,0.365821,0.578361,0.649197,0.649198,0.769075,0.660074,0.485711,0,0,0,0,0,0,0,0,0,0,0,0,0,0,0.512991,0.327679,0.608325,0.393064,0.444814,0.294994,0.660088,0.455735
0.526608,0.401255,0.425758,0.572899,0.25411,0.510233,0.0279412,0.548375,0.401257,0.354927,0.575614,0.638298,0.643735,0.755489,0.662797,0.477537,0,0,0,0,0,0,0,0,0,0,0,0,0,0,0.515662,0.322212,0.605636,0.39306,0.444848,0.289525,0.651916,0.450308
0.523855,0.3985,0.425776,0.564728,0.251395,0.502055,0.0279486,0.542932,0.401265,0.35492,0.578347,0.630122,0.643726,0.750047,0.665521,0.4721,0,0,0,0,0,0,0,0,0,0,0,0,0,0,0.512956,0.316791,0.600173,0.387606,0.444809,0.289491,0.643756,0.458464
0.532007,0.384926,0.414866,0.564731,0.245916,0.488441,0.0252179,0.521131,0.403964,0.338579,0.570174,0.619217,0.643734,0.733667,0.679182,0.455726,0,0,0,0,0,0,0,0,0,0,0,0,0,0,0.521124,0.29772,0.611081,0.384884,0.447567,0.267739,0.654655,0.450304
0.532053,0.382193,0.403969,0.570179,0.240469,0.502059,0.019768,0.507506,0.403979,0.338591,0.570182,0.619226,0.641018,0.728197,0.684596,0.453021,0,0,0,0,0,0,0,0,0,0,0,0,0,0,0.518439,0.297691,0.613799,0.382185,0.44756,0.265003,0.654639,0.453026
0.532029,0.382133,0.406696,0.567456,0.240482,0.502048,0.00887112,0.496609,0.403974,0.338569,0.570193,0.6165,0.638302,0.725489,0.684597,0.453022,0,0,0,0,0,0,0,0,0,0,0,0,0,0,0.51842,0.294956,0.616484,0.379485,0.450295,0.256833,0.654641,0.453002
0.529288,0.379475,0.393073,0.570173,0.221409,0.493883,0.0143179,0.493886,0.401237,0.338564,0.567462,0.630128,0.632832,0.722783,0.679163,0.453018,0,0,0,0,0,0,0,0,0,0,0,0,0,0,0.512962,0.292238,0.61375,0.379467,0.447583,0.256828,0.643734,0.461189
0.51566,0.37675,0.398526,0.559269,0.235023,0.491155,0,0,0,0,0.556569,0.611059,0.619228,0.711895,0.668304,0.453018,0,0,0,0,0,0,0,0,0,0,0,0,0,0,0.507522,0.292238,0.597458,0.376712,0.442118,0.25955,0.635594,0.452998
0.512943,0.371291,0.398524,0.559279,0.226866,0.504775,0,0,0,0,0.559284,0.611052,0.619209,0.709167,0.665563,0.455721,0,0,0,0,0,0,0,0,0,0,0,0,0,0,0.496607,0.286784,0.600108,0.37126,0.442105,0.245917,0.641032,0.444848
0.512986,0.368573,0.401254,0.55383,0.235032,0.485706,0.00886973,0.502059,0.409405,0.335815,0.562002,0.613767,0.619231,0.709127,0.662847,0.453027,0,0,0,0,0,0,0,0,0,0,0,0,0,0,0.493885,0.286807,0.597423,0.365849,0.433935,0.24865,0.635607,0.447568
0.512976,0.368513,0.398526,0.553827,0.235028,0.485716,0.0197696,0.49116,0.409406,0.335824,0.561998,0.613776,0.621918,0.7064,0.66283,0.452989,0,0,0,0,0,0,0,0,0,0,0,0,0,0,0.493897,0.281358,0.597424,0.363128,0.433949,0.248649,0.632867,0.450293
0.510205,0.363085,0.398517,0.556553,0.232304,0.496607,0,0,0,0,0.559277,0.602866,0.619248,0.703694,0.662804,0.452986,0,0,0,0,0,0,0,0,0,0,0,0,0,0,0.469351,0.232333,0.59468,0.363075,0.431216,0.251375,0.627377,0.455725
0.510192,0.368515,0.398515,0.556549,0.23775,0.499335,0,0,0,0,0.559268,0.608326,0.621947,0.7037,0.660106,0.455712,0,0,0,0,0,0,0,0,0,0,0,0,0,0,0.493887,0.294973,0.589241,0.373997,0.433929,0.256825,0.619189,0.466644
0.512921,0.365827,0.403966,0.559277,0.237758,0.491162,0,0,0,0,0.562009,0.616495,0.627379,0.703684,0.660084,0.455752,0,0,0,0,0,0,0,0,0,0,0,0,0,0,0.491172,0.286797,0.594703,0.373975,0.431207,0.259546,0.624676,0.461162
0.510238,0.371263,0.401231,0.570164,0.240471,0.510229,0,0,0,0,0.561997,0.616494,0.63012,0.706384,0.657352,0.453013,0,0,0,0,0,0,0,0,0,0,0,0,0,0,0.474806,0.267732,0.597426,0.379451,0.425767,0.25411,0.621954,0.458461
0.51295,0.382168,0.393071,0.572893,0.235029,0.512954,0,0,0,0,0.556544,0.619233,0.619221,0.706423,0.641003,0.45571,0,0,0,0,0,0,0,0,0,0,0,0,0,0,0.502062,0.305866,0.608334,0.401225,0.425758,0.270424,0.635567,0.455747
0.510225,0.384886,0.395797,0.570181,0.237746,0.515684,0,0,0,0,0.548366,0.616493,0.616514,0.706417,0.640991,0.452991,0,0,0,0,0,0,0,0,0,0,0,0,0,0,0.488428,0.311309,0.597433,0.398533,0.425762,0.270456,0.632828,0.450299
0.521123,0.390371,0.390346,0.570185,0.229593,0.504788,0.0224938,0.504783,0.417601,0.341319,0.540213,0.619232,0.61107,0.706447,0.638317,0.450283,0,0,0,0,0,0,0,0,0,0,0,0,0,0,0.504777,0.311317,0.608296,0.401193,0.417581,0.275912,0.638274,0.453016
0.515678,0.39036,0.387624,0.564735,0.232308,0.493882,0.0224949,0.491156,0.417582,0.341328,0.542925,0.619223,0.608305,0.709132,0.641026,0.450298,0,0,0,0,0,0,0,0,0,0,0,0,0,0,0.499333,0.311306,0.600166,0.395787,0.420304,0.275903,0.635588,0.444828
0.491184,0.390314,0.393076,0.55928,0.2323,0.502062,0.0088695,0.488432,0.40671,0.346737,0.548367,0.611055,0.602866,0.722736,0.638287,0.439388,0,0,0,0,0,0,0,0,0,0,0,0,0,0,0.477535,0.314067,0.562028,0.376723,0.39034,0.29227,0.605622,0.453006
0.49388,0.384909,0.390345,0.564716,0.235027,0.496609,0.0224918,0.507509,0.403967,0.346751,0.545663,0.61649,0.597419,0.722735,0.630133,0.442121,0,0,0,0,0,0,0,0,0,0,0,0,0,0,0.482982,0.314025,0.575597,0.379445,0.395801,0.289518,0.608319,0.44756
0.499339,0.384867,0.393071,0.559285,0.232301,0.499329,0.0252167,0.485709,0.398545,0.349484,0.545654,0.61649,0.583831,0.720061,0.627423,0.444813,0,0,0,0,0,0,0,0,0,0,0,0,0,0,0.480258,0.311292,0.575602,0.368558,0.393067,0.28679,0.624679,0.428504
0.493894,0.393046,0.39033,0.57017,0.232317,0.512931,0,0,0,0,0.529313,0.613768,0.581098,0.720017,0.630129,0.450303,0,0,0,0,0,0,0,0,0,0,0,0,0,0,0.472095,0.319523,0.572894,0.379414,0.387609,0.294971,0.619215,0.431231
0.491131,0.398527,0.393052,0.562011,0.243191,0.507501,0,0,0,0,0.526585,0.608336,0.578372,0.709157,0.646486,0.453026,0,0,0,0,0,0,0,0,0,0,0,0,0,0,0.472108,0.324937,0.57293,0.384926,0.401238,0.281351,0.616491,0.452988
0.491148,0.401185,0.393052,0.564738,0.240475,0.510219,0,0,0,0,0.529311,0.611041,0.578372,0.709136,0.64649,0.45303,0,0,0,0,0,0,0,0,0,0,0,0,0,0,0.472098,0.327662,0.575594,0.387622,0.398526,0.28408,0.616522,0.450286
0.49112,0.398478,0.390348,0.564723,0.240477,0.507507,0,0,0,0,0.526591,0.611046,0.578373,0.709153,0.649204,0.453007,0,0,0,0,0,0,0,0,0,0,0,0,0,0,0.474805,0.322215,0.575584,0.384931,0.39579,0.286804,0.616513,0.450285
0.488456,0.395757,0.395773,0.564719,0.245927,0.510224,0,0,0,0,0.534748,0.613773,0.578375,0.70642,0.65192,0.447587,0,0,0,0,0,0,0,0,0,0,0,0,0,0,0.472101,0.319519,0.572914,0.384891,0.398529,0.289515,0.616482,0.450279
0.485676,0.384936,0.387636,0.556586,0.245915,0.491165,0,0,0,0,0.532036,0.616493,0.572923,0.70643,0.638312,0.458461,0,0,0,0,0,0,0,0,0,0,0,0,0,0,0.452992,0.31949,0.56473,0.38216,0.371276,0.300414,0.60558,0.45846
0.47212,0.379461,0.387603,0.564738,0.237765,0.515667,0,0,0,0,0.534762,0.61105,0.572912,0.709115,0.635564,0.458458,0,0,0,0,0,0,0,0,0,0,0,0,0,0,0.414877,0.294958,0.55656,0.373976,0.344015,0.305875,0.605618,0.455753
0.453016,0.36853,0.387627,0.567439,0.235054,0.515696,0,0,0,0,0.534764,0.611046,0.572927,0.709135,0.632854,0.461168,0,0,0,0,0,0,0,0,0,0,0,0,0,0,0.403993,0.294928,0.551079,0.346742,0.34403,0.311332,0.611054,0.442121
0.461176,0.371251,0.384892,0.559274,0.232307,0.515694,0,0,0,0,0.532026,0.608315,0.5756,0.711843,0.630123,0.455759,0,0,0,0,0,0,0,0,0,0,0,0,0,0,0.406708,0.292224,0.551127,0.354915,0.349475,0.303158,0.608323,0.442109
0.466616,0.376691,0.384896,0.556556,0.240476,0.518401,0,0,0,0,0.523864,0.605605,0.575649,0.709118,0.63286,0.463893,0,0,0,0,0,0,0,0,0,0,0,0,0,0,0.403964,0.294983,0.548403,0.360401,0.330393,0.319518,0.613773,0.4394
0.466651,0.376679,0.384894,0.556558,0.23503,0.515672,0,0,0,0,0.52386,0.60831,0.578376,0.709118,0.630117,0.466626,0,0,0,0,0,0,0,0,0,0,0,0,0,0,0.403939,0.294983,0.551113,0.360372,0.330412,0.316807,0.61104,0.439396
0.469363,0.373969,0.384882,0.559288,0.221406,0.521123,0,0,0,0,0.523864,0.611039,0.5811,0.706441,0.63284,0.466649,0,0,0,0,0,0,0,0,0,0,0,0,0,0,0.40399,0.294937,0.556529,0.36308,0.341277,0.319504,0.608318,0.450268
0.469353,0.373982,0.382159,0.561993,0.226868,0.521127,0,0,0,0,0.523871,0.608337,0.586547,0.706436,0.630126,0.469344,0,0,0,0,0,0,0,0,0,0,0,0,0,0,0.404005,0.292253,0.556539,0.360388,0.327679,0.319508,0.6056,0.455743
0.452996,0.363065,0.371268,0.562005,0.226854,0.518411,0,0,0,0,0.518421,0.611038,0.600149,0.706385,0.616525,0.455757,0,0,0,0,0,0,0,0,0,0,0,0,0,0,0.393087,0.292246,0.545664,0.316768,0.327678,0.322214,0.611073,0.420318
0.447551,0.357659,0.373979,0.559298,0.224129,0.52113,0,0,0,0,0.518425,0.605585,0.605596,0.70642,0.605602,0.45029,0,0,0,0,0,0,0,0,0,0,0,0,0,0,0.39034,0.292256,0.540198,0.314059,0.36309,0.262274,0.605591,0.409414
0.447553,0.36034,0.373996,0.556539,0.218693,0.488436,0,0,0,0,0.518406,0.605584,0.608305,0.703682,0.608306,0.450279,0,0,0,0,0,0,0,0,0,0,0,0,0,0,0.393069,0.278644,0.548401,0.352178,0.360365,0.259552,0.605591,0.4258
0.433936,0.354901,0.368553,0.551102,0.218668,0.485713,0,0,0,0,0.515675,0.60831,0.605628,0.700965,0.608307,0.450289,0,0,0,0,0,0,0,0,0,0,0,0,0,0,0.39307,0.27587,0.542923,0.338596,0.368546,0.259552,0.602862,0.425784
0.458459,0.36312,0.368554,0.54837,0.213231,0.485712,0.104237,0.455738,0.368528,0.333114,0.515688,0.605605,0.594699,0.700968,0.611063,0.453024,0,0,0,0,0,0,0,0,0,0,0,0,0,0,0.40395,0.284077,0.572883,0.368553,0.373991,0.254098,0.611035,0.425763
0.461189,0.360404,0.368556,0.548371,0.215962,0.48299,0,0,0,0,0.518417,0.602876,0.591988,0.706414,0.61921,0.458431,0,0,0,0,0,0,0,0,0,0,0,0,0,0,0.409422,0.281373,0.564716,0.368552,0.376719,0.256823,0.605585,0.436674
0.453008,0.363065,0.382148,0.548373,0.226844,0.491161,0,0,0,0,0.515676,0.605571,0.594706,0.71458,0.624652,0.461152,0,0,0,0,0,0,0,0,0,0,0,0,0,0,0.395839,0.278589,0.553829,0.338604,0,0,0.608316,0.423047
0,0,0,0,0,0,0,0,0,0,0.515665,0.605616,0.589272,0.722747,0.627402,0.458482,0,0,0,0,0,0,0,0,0,0,0,0,0,0,0,0,0,0,0,0,0.575623,0.504753
0.466601,0.363129,0.382176,0.553809,0.235032,0.482982,0,0,0,0,0.518429,0.608326,0.581075,0.725499,0.624709,0.455723,0,0,0,0,0,0,0,0,0,0,0,0,0,0,0.404014,0.278672,0.553847,0.344,0,0,0.600184,0.442125
0.480244,0.3713,0.384892,0.551102,0.235029,0.488432,0,0,0,0,0.515695,0.605599,0.578363,0.72273,0.624694,0.458448,0,0,0,0,0,0,0,0,0,0,0,0,0,0,0.46936,0.28952,0.5593,0.363099,0.384886,0.273179,0.608327,0.444831
0.480269,0.374001,0.384898,0.551104,0.235026,0.488428,0,0,0,0,0.521135,0.605613,0.578352,0.717334,0.630101,0.453,0,0,0,0,0,0,0,0,0,0,0,0,0,0,0.463901,0.294979,0.556576,0.368539,0.379441,0.273168,0.6056,0.447568
0.480281,0.374007,0.382146,0.553816,0.235034,0.480266,0,0,0,0,0.521141,0.613786,0.575641,0.71186,0.632841,0.444845,0,0,0,0,0,0,0,0,0,0,0,0,0,0,0.463914,0.294978,0.559254,0.365833,0.379437,0.270454,0.611068,0.442113
0.482958,0.373982,0.384898,0.55111,0.237745,0.485709,0,0,0,0,0.529304,0.61651,0.575623,0.709111,0.632836,0.442098,0,0,0,0,0,0,0,0,0,0,0,0,0,0,0.463922,0.294956,0.562034,0.36581,0.387624,0.270446,0.61648,0.436657
0.480257,0.371275,0.384911,0.551109,0.235033,0.485699,0,0,0,0,0.537476,0.616488,0.578337,0.709107,0.632864,0.442132,0,0,0,0,0,0,0,0,0,0,0,0,0,0,0.461169,0.292254,0.559319,0.363108,0.382183,0.273163,0.61378,0.439362
0.47212,0.371264,0.390326,0.556555,0.237741,0.49389,0,0,0,0,0.542931,0.616485,0.578383,0.709158,0.635562,0.447551,0,0,0,0,0,0,0,0,0,0,0,0,0,0,0.453022,0.297673,0.556586,0.363125,0.382178,0.27591,0.61105,0.442119
0.469364,0.371271,0.384887,0.55655,0.237743,0.493883,0,0,0,0,0.534759,0.6165,0.589258,0.709152,0.632847,0.450274,0,0,0,0,0,0,0,0,0,0,0,0,0,0,0.450276,0.300419,0.551099,0.36308,0.379444,0.278629,0.602868,0.444804
0.472091,0.36313,0.382182,0.556563,0.229573,0.499336,0.0197678,0.450285,0.368577,0.338547,0.537476,0.616512,0.602899,0.711876,0.624691,0.447561,0,0,0,0,0,0,0,0,0,0,0,0,0,0,0.458437,0.278643,0.567455,0.349493,0.379443,0.265002,0.613793,0.425774
0.469368,0.368515,0.37945,0.556559,0.226848,0.496613,0.0061438,0.453017,0.371259,0.338527,0.534758,0.619215,0.605579,0.709165,0.624702,0.450272,0,0,0,0,0,0,0,0,0,0,0,0,0,0,0.450264,0.286813,0.55113,0.360328,0.363112,0.281332,0.608341,0.42848
0.472108,0.371244,0.379434,0.55656,0.218674,0.504781,0,0,0,0,0.532021,0.613767,0.605616,0.706411,0.624671,0.450263,0,0,0,0,0,0,0,0,0,0,0,0,0,0,0.453008,0.292239,0.553816,0.36036,0.368551,0.270455,0.613764,0.423017
0.472066,0.376738,0.373985,0.55382,0.215955,0.502056,0,0,0,0,0.523861,0.611048,0.608309,0.703695,0.621971,0.450281,0,0,0,0,0,0,0,0,0,0,0,0,0,0,0.455739,0.289512,0.553821,0.365799,0.36853,0.275894,0.613757,0.42849
0.472105,0.38764,0.382165,0.542936,0.229567,0.491157,0,0,0,0,0.521128,0.602883,0.602875,0.70097,0.619206,0.44212,0,0,0,0,0,0,0,0,0,0,0,0,0,0,0.461204,0.30314,0.559285,0.382187,0.373981,0.273171,0.608285,0.447567
0.472107,0.387611,0.38762,0.545664,0.224141,0.499332,0,0,0,0,0.52386,0.605595,0.600182,0.70369,0.619235,0.439376,0,0,0,0,0,0,0,0,0,0,0,0,0,0,0.45848,0.300417,0.570176,0.384886,0.368536,0.281351,0.611025,0.447582
0.482978,0.38487,0.382176,0.545648,0.229584,0.480257,0,0,0,0,0.518409,0.600162,0.602875,0.709113,0.619206,0.436639,0,0,0,0,0,0,0,0,0,0,0,0,0,0,0.466616,0.300437,0.5756,0.384905,0.379439,0.275902,0.60835,0.447536
0.469397,0.379465,0.382171,0.545661,0.232311,0.47754,0,0,0,0,0.518416,0.600159,0.597419,0.717315,0.616501,0.42848,0,0,0,0,0,0,0,0,0,0,0,0,0,0,0.458433,0.303124,0.559298,0.379454,0.373988,0.284055,0.605624,0.431217
0.480249,0.374007,0.379459,0.55383,0.226844,0.491161,0,0,0,0,0.529307,0.608323,0.581058,0.725473,0.600141,0.425775,0,0,0,0,0,0,0,0,0,0,0,0,0,0,0.45576,0.292259,0.567446,0.3658,0.38218,0.278606,0.611051,0.420318
0.485736,0.373962,0.379455,0.551106,0.224137,0.491165,0,0,0,0,0.526581,0.605598,0.578348,0.725461,0.600163,0.433917,0,0,0,0,0,0,0,0,0,0,0,0,0,0,0.458477,0.292266,0.567474,0.360345,0.368558,0.289499,0.616507,0.417584
0.48574,0.376669,0.387628,0.551107,0.22958,0.488419,0,0,0,0,0.534756,0.602868,0.572934,0.722766,0.602866,0.442132,0,0,0,0,0,0,0,0,0,0,0,0,0,0,0.455761,0.294977,0.562021,0.357664,0.374001,0.286819,0.616514,0.417573
0.482987,0.373991,0.39306,0.548383,0.232312,0.48843,0,0,0,0,0.537476,0.594695,0.570194,0.714587,0.6138,0.442106,0,0,0,0,0,0,0,0,0,0,0,0,0,0,0.453047,0.294994,0.564745,0.357652,0.379441,0.28135,0.613751,0.420322
0.480236,0.376719,0.390331,0.551104,0.245913,0.510232,0,0,0,0,0.526596,0.605592,0.572895,0.698232,0.640996,0.442103,0,0,0,0,0,0,0,0,0,0,0,0,0,0,0.455715,0.292268,0.564757,0.368572,0.371279,0.281332,0.602876,0.439382
0.47757,0.376683,0.390335,0.551098,0.243198,0.512956,0,0,0,0,0.526575,0.608307,0.572864,0.695523,0.643774,0.442109,0,0,0,0,0,0,0,0,0,0,0,0,0,0,0.455723,0.289537,0.56744,0.368533,0.371269,0.278616,0.605587,0.442113
0.480269,0.376708,0.390329,0.551107,0.240491,0.512955,0,0,0,0,0.526576,0.605604,0.572887,0.692765,0.646465,0.442093,0,0,0,0,0,0,0,0,0,0,0,0,0,0,0.455732,0.292237,0.567466,0.365849,0.371269,0.28134,0.608303,0.439383
0.480264,0.374023,0.387621,0.559291,0.235047,0.502066,0,0,0,0,0.532028,0.616509,0.572892,0.692769,0.646484,0.439397,0,0,0,0,0,0,0,0,0,0,0,0,0,0,0.453036,0.292234,0.570158,0.365813,0.371281,0.278623,0.608302,0.442102
0.474824,0.371297,0.376713,0.548384,0.218674,0.49661,0,0,0,0,0.532025,0.61104,0.575595,0.695521,0.638321,0.442124,0,0,0,0,0,0,0,0,0,0,0,0,0,0,0.450304,0.28681,0.559313,0.360406,0.373981,0.264994,0.600116,0.450299
0.472083,0.371244,0.376711,0.553817,0.221405,0.491155,0,0,0,0,0.53747,0.616487,0.575633,0.695529,0.635598,0.444844,0,0,0,0,0,0,0,0,0,0,0,0,0,0,0.444868,0.286788,0.553859,0.357605,0.373982,0.262282,0.597408,0.450282
0.472073,0.368551,0.379433,0.556542,0.224109,0.480268,0,0,0,0,0.534758,0.613775,0.57562,0.698229,0.635559,0.44486,0,0,0,0,0,0,0,0,0,0,0,0,0,0,0.447537,0.284072,0.551128,0.35488,0.37127,0.25955,0.597424,0.447535
0.469381,0.368547,0.379441,0.553826,0.224131,0.48843,0,0,0,0,0.53476,0.611057,0.575642,0.698242,0.627417,0.44756,0,0,0,0,0,0,0,0,0,0,0,0,0,0,0.447553,0.281368,0.548381,0.354915,0.373991,0.259545,0.594715,0.444832
0.455747,0.368538,0.390328,0.540197,0.243205,0.472081,0,0,0,0,0.518427,0.600158,0.57836,0.703695,0.619212,0.450271,0,0,0,0,0,0,0,0,0,0,0,0,0,0,0.436645,0.289522,0.537457,0.360328,0.360364,0.259548,0.581105,0.44485
0.452978,0.36855,0.387618,0.534759,0.23504,0.474812,0,0,0,0,0.518418,0.597428,0.581061,0.703685,0.616496,0.452983,0,0,0,0,0,0,0,0,0,0,0,0,0,0,0.433942,0.286813,0.534777,0.360352,0.363094,0.259544,0.583827,0.442123
0.450277,0.368555,0.390325,0.537478,0.240465,0.480262,0,0,0,0,0.518425,0.602874,0.58109,0.703692,0.619211,0.452995,0,0,0,0,0,0,0,0,0,0,0,0,0,0,0.431228,0.2841,0.534745,0.360381,0.371265,0.251383,0.594684,0.43667
0.45028,0.371275,0.384879,0.540214,0.232308,0.491151,0,0,0,0,0.5157,0.600164,0.583833,0.706384,0.619207,0.45298,0,0,0,0,0,0,0,0,0,0,0,0,0,0,0.431255,0.289506,0.529321,0.36311,0.382157,0.248665,0.583808,0.444831
0.447583,0.371246,0.382154,0.534765,0.243197,0.469364,0,0,0,0,0.518401,0.589261,0.589236,0.706417,0.611063,0.450309,0,0,0,0,0,0,0,0,0,0,0,0,0,0,0.439407,0.284086,0.534739,0.360344,0.390326,0.248632,0.594717,0.423038
0.447614,0.368554,0.379431,0.534753,0.232305,0.474809,0,0,0,0,0.521125,0.58925,0.591971,0.706391,0.608351,0.444847,0,0,0,0,0,0,0,0,0,0,0,0,0,0,0.436685,0.286794,0.532038,0.360398,0.344043,0.270467,0.597427,0.42306
0.450321,0.368557,0.368552,0.537475,0.153284,0.469358,0.0197682,0.458458,0.357645,0.32494,0.523867,0.597432,0.594716,0.70369,0.605618,0.444851,0,0,0,0,0,0,0,0,0,0,0,0,0,0,0.433945,0.281349,0.537508,0.360392,0.346746,0.265008,0.602895,0.423021
0.45578,0.37126,0.365827,0.540202,0.158733,0.469359,0,0,0,0,0.521143,0.600152,0.600114,0.70096,0.602909,0.444813,0,0,0,0,0,0,0,0,0,0,0,0,0,0,0.44482,0.286801,0.540214,0.363133,0.363074,0.254103,0.60015,0.428512
0.455767,0.376709,0.363106,0.542933,0.202327,0.469363,0,0,0,0,0.523859,0.602863,0.600132,0.698242,0.602869,0.439392,0,0,0,0,0,0,0,0,0,0,0,0,0,0,0.442092,0.29225,0.54023,0.371286,0.37127,0.25139,0.591989,0.439392
0.453003,0.363117,0.368536,0.542938,0.213225,0.510233,0,0,0,0,0.523847,0.594694,0.594679,0.706435,0.597437,0.420286,0,0,0,0,0,0,0,0,0,0,0,0,0,0,0.436643,0.281349,0.537488,0.357639,0.363088,0.254094,0.594715,0.414877
0.463887,0.360407,0.371261,0.540212,0.218674,0.482987,0,0,0,0,0.523847,0.600143,0.589262,0.711873,0.597409,0.42031,0,0,0,0,0,0,0,0,0,0,0,0,0,0,0.442098,0.281363,0.545656,0.357618,0.363104,0.251382,0.591994,0.423054
0.453037,0.363079,0.376712,0.540213,0.232295,0.466629,0,0,0,0,0.521121,0.600143,0.59739,0.717287,0.59468,0.425751,0,0,0,0,0,0,0,0,0,0,0,0,0,0,0.43124,0.289516,0.534723,0.357649,0.363068,0.262261,0.581089,0.42577
0.458462,0.360323,0.373983,0.534769,0.218686,0.455732,0,0,0,0,0.515683,0.578345,0.597406,0.71457,0.575624,0.428488,0,0,0,0,0,0,0,0,0,0,0,0,0,0,0.442102,0.275899,0.5402,0.349461,0.382169,0.245931,0.61375,0.420324
0.458494,0.360329,0.376709,0.5293,0.22958,0.463891,0,0,0,0,0.515665,0.578357,0.597404,0.711888,0.575653,0.433951,0,0,0,0,0,0,0,0,0,0,0,0,0,0,0.444827,0.289503,0.5402,0.349475,0.390338,0.237751,0.594693,0.40669
0.461199,0.360408,0.371273,0.5184,0.224134,0.450294,0,0,0,0,0.512938,0.572896,0.591956,0.709134,0.581078,0.431225,0,0,0,0,0,0,0,0,0,0,0,0,0,0,0.436667,0.294977,0.53749,0.349469,0.387624,0.24593,0.581098,0.398489
0.458471,0.36305,0.368553,0.51024,0.229599,0.43938,0,0,0,0,0.510225,0.578355,0.586544,0.706426,0.586541,0.431216,0,0,0,0,0,0,0,0,0,0,0,0,0,0,0.436657,0.289531,0.542926,0.354909,0.395797,0.243207,0.600129,0.40399
0.461173,0.365801,0.368531,0.526577,0.224116,0.4503,0,0,0,0,0.51296,0.600154,0.578361,0.68464,0.627402,0.436656,0,0,0,0,0,0,0,0,0,0,0,0,0,0,0.442099,0.284075,0.55113,0.360382,0.379443,0.251379,0.591983,0.43665
0.463927,0.365798,0.36582,0.523856,0.221406,0.450298,0,0,0,0,0.515675,0.591976,0.578328,0.684613,0.632862,0.439369,0,0,0,0,0,0,0,0,0,0,0,0,0,0,0.447557,0.275921,0.553834,0.360397,0.365832,0.251394,0.597441,0.433959
0.466633,0.365834,0.365819,0.529297,0.221411,0.453022,0,0,0,0,0.512959,0.591984,0.578337,0.681911,0.638312,0.436672,0,0,0,0,0,0,0,0,0,0,0,0,0,0,0.444833,0.278618,0.553804,0.363078,0.363091,0.25411,0.594717,0.442112
0.466621,0.365816,0.363094,0.526587,0.22141,0.453021,0,0,0,0,0.515685,0.586521,0.57564,0.679187,0.64101,0.433936,0,0,0,0,0,0,0,0,0,0,0,0,0,0,0.444854,0.275908,0.553835,0.363078,0.36581,0.254088,0.597438,0.436681
0.466631,0.363077,0.365821,0.53202,0.226834,0.458461,0,0,0,0,0.515682,0.583792,0.57563,0.668298,0.649193,0.431227,0,0,0,0,0,0,0,0,0,0,0,0,0,0,0.444861,0.275897,0.55383,0.354932,0.363082,0.251386,0.597416,0.436668
0.463933,0.363071,0.37943,0.532035,0.229567,0.455748,0,0,0,0,0.521128,0.589243,0.575604,0.670982,0.643752,0.433964,0,0,0,0,0,0,0,0,0,0,0,0,0,0,0.444809,0.275903,0.545671,0.354902,0.357643,0.256828,0.597426,0.436637
0.461208,0.36041,0.379453,0.532041,0.232298,0.455744,0,0,0,0,0.523867,0.589247,0.575655,0.6683,0.638301,0.439397,0,0,0,0,0,0,0,0,0,0,0,0,0,0,0.447573,0.273171,0.545673,0.35494,0.354929,0.259546,0.597441,0.439363
0.461164,0.36038,0.37944,0.532023,0.229586,0.455746,0,0,0,0,0.521127,0.591976,0.581089,0.670987,0.638305,0.436643,0,0,0,0,0,0,0,0,0,0,0,0,0,0,0.447552,0.270453,0.542916,0.354928,0.354923,0.256835,0.5974,0.439362
0.453033,0.354909,0.376716,0.534749,0.215965,0.455741,0,0,0,0,0.521151,0.586523,0.616486,0.66553,0.63286,0.433956,0,0,0,0,0,0,0,0,0,0,0,0,0,0,0.444812,0.275894,0.534762,0.344054,0.354922,0.259542,0.591962,0.442103
0.453048,0.35493,0.382181,0.529308,0.226849,0.469352,0,0,0,0,0.523857,0.583799,0.624686,0.66283,0.632863,0.433939,0,0,0,0,0,0,0,0,0,0,0,0,0,0,0.447535,0.270461,0.53478,0.344049,0.349472,0.256819,0.59199,0.442113
0.453052,0.35494,0.387605,0.521139,0.232319,0.469358,0,0,0,0,0.523853,0.581081,0.630124,0.662783,0.632848,0.431241,0,0,0,0,0,0,0,0,0,0,0,0,0,0,0.444858,0.270454,0.534806,0.346718,0.36036,0.256822,0.591979,0.442124
0.455709,0.357595,0.382169,0.529296,0.226856,0.477531,0,0,0,0,0.526587,0.581081,0.63555,0.660102,0.627415,0.431228,0,0,0,0,0,0,0,0,0,0,0,0,0,0,0.452992,0.264998,0.537486,0.349456,0.363098,0.243195,0.594695,0.436658
0.455753,0.354893,0.373988,0.537484,0.226848,0.488434,0,0,0,0,0.52657,0.586525,0.635541,0.660079,0.621962,0.428502,0,0,0,0,0,0,0,0,0,0,0,0,0,0,0.450284,0.267737,0.540237,0.346757,0.363091,0.243204,0.597413,0.431212
0.455752,0.354932,0.376707,0.532027,0.224122,0.474806,0,0,0,0,0.521138,0.578365,0.635586,0.657364,0.613745,0.403963,0,0,0,0,0,0,0,0,0,0,0,0,0,0,0.44482,0.275905,0.534773,0.341335,0.354924,0.259546,0.605581,0.390328
0.463924,0.354906,0.376709,0.534746,0.218684,0.504782,0,0,0,0,0.518395,0.575649,0.635563,0.651918,0.602885,0.406699,0,0,0,0,0,0,0,0,0,0,0,0,0,0,0.450299,0.270453,0.548378,0.354898,0.346755,0.251363,0.594685,0.412152
0.45574,0.354884,0.365818,0.53203,0.199602,0.499331,0,0,0,0,0.515692,0.572912,0.635553,0.651927,0.602853,0.406698,0,0,0,0,0,0,0,0,0,0,0,0,0,0,0.450281,0.262282,0.532031,0.354909,0.360368,0.237754,0.589266,0.420318
0.450288,0.363107,0.360375,0.523857,0.164184,0.463911,0.14511,0.423038,0.352209,0.300434,0.507518,0.575642,0.611048,0.662841,0.597417,0.409414,0,0,0,0,0,0,0,0,0,0,0,0,0,0,0.439392,0.284073,0.54836,0.357624,0.368547,0.254094,0.58652,0.428491
0.455725,0.357664,0.365818,0.52114,0.221403,0.472085,0.164185,0.403965,0.352207,0.300449,0.502065,0.570193,0.60832,0.665577,0.600128,0.409416,0.254101,0.993885,0,0,0,0,0,0,0,0,0,0,0,0,0.447565,0.281357,0.540197,0.346745,0.365823,0.254103,0.583795,0.395781
0.458448,0.360374,0.365822,0.518406,0.229579,0.458464,0,0,0,0,0.493888,0.570169,0.602871,0.673732,0.600168,0.406694,0.2868,0.993885,0,0,0,0,0,0,0,0,0,0,0,0,0.444844,0.289524,0.526587,0.34404,0.371271,0.256824,0.586517,0.384888
0.45574,0.360355,0.365829,0.515692,0.226855,0.46391,0,0,0,0,0.496624,0.57018,0.597448,0.68461,0.60014,0.414861,0.267727,0.993885,0,0,0,0,0,0,0,0,0,0,0,0,0.442109,0.289542,0.532044,0.346734,0.363085,0.264995,0.586524,0.387619
0.463934,0.360311,0.371259,0.504786,0,0,0,0,0,0,0.493914,0.572928,0.58383,0.695547,0.597442,0.425732,0,0,0,0,0,0,0,0,0,0,0,0,0,0,0.453045,0.27592,0.545666,0.338605,0,0,0.591981,0.401234
0.463924,0.357659,0.365816,0.510224,0.0279403,0.409415,0,0,0,0,0.499343,0.57561,0.578334,0.700989,0.600118,0.42579,0,0,0,0,0,0,0,0,0,0,0,0,0,0,0.447547,0.275914,0.542935,0.338618,0.395793,0.229585,0.578382,0.420318
0.461211,0.3631,0.371282,0.512977,0,0,0,0,0,0,0.496616,0.572921,0.575608,0.692828,0.602903,0.428464,0,0,0,0,0,0,0,0,0,0,0,0,0,0,0.433916,0.284095,0.537494,0.346725,0.368543,0.262276,0.583793,0.414874
0.461179,0.360376,0.373988,0.518405,0,0,0,0,0,0,0.50751,0.578343,0.575588,0.687377,0.619184,0.425738,0,0,0,0,0,0,0,0,0,0,0,0,0,0,0.442103,0.275875,0.545685,0.352158,0,0,0.594692,0.423039
0.461188,0.360377,0.368551,0.52387,0.224123,0.480262,0,0,0,0,0.512939,0.581064,0.575612,0.681902,0.62197,0.425737,0,0,0,0,0,0,0,0,0,0,0,0,0,0,0.439366,0.273194,0.548383,0.352186,0.365828,0.251371,0.589259,0.428494
0.463875,0.360352,0.371264,0.526587,0.235029,0.477537,0,0,0,0,0.507502,0.578337,0.572923,0.67643,0.624656,0.420328,0,0,0,0,0,0,0,0,0,0,0,0,0,0,0.436677,0.275894,0.54569,0.34946,0.363097,0.254108,0.59197,0.425789
0.463882,0.360335,0.371266,0.526595,0,0,0,0,0,0,0.512944,0.581064,0.575588,0.673705,0.627406,0.423008,0,0,0,0,0,0,0,0,0,0,0,0,0,0,0.444841,0.267733,0.548393,0.34948,0.384887,0.240477,0.594707,0.425767
0.461192,0.357629,0.360377,0.529299,0.210499,0.469359,0,0,0,0,0.512938,0.578343,0.57562,0.676425,0.624651,0.428471,0,0,0,0,0,0,0,0,0,0,0,0,0,0,0.439394,0.265008,0.548361,0.349487,0.379456,0.232307,0.594676,0.428496
0.447585,0.349499,0.363094,0.537487,0.215944,0.488437,0,0,0,0,0.512945,0.578364,0.578345,0.681907,0.621942,0.428515,0,0,0,0,0,0,0,0,0,0,0,0,0,0,0.406704,0.289511,0.532035,0.341284,0.341293,0.267729,0.583823,0.42849
0.447583,0.349477,0.363088,0.540202,0.213231,0.488434,0,0,0,0,0.512939,0.578365,0.57567,0.687307,0.61921,0.431226,0,0,0,0,0,0,0,0,0,0,0,0,0,0,0.4176,0.278647,0.529303,0.34129,0.346737,0.262287,0.581097,0.428498
0.447544,0.34676,0.352191,0.537475,0.120587,0.491157,0,0,0,0,0.507507,0.581089,0.578325,0.68731,0.613761,0.436667,0,0,0,0,0,0,0,0,0,0,0,0,0,0,0.420307,0.278598,0.526584,0.341273,0.346755,0.262263,0.578369,0.433953
0.450255,0.344029,0.354918,0.532032,0.134206,0.477534,0.0143186,0.444841,0.346768,0.300438,0.510232,0.578362,0.578367,0.684624,0.611044,0.436639,0,0,0,0,0,0,0,0,0,0,0,0,0,0,0.417588,0.273201,0.531996,0.341261,0.349467,0.254091,0.578347,0.433912
0.44481,0.344057,0.357643,0.537483,0.175082,0.488432,0,0,0,0,0.518417,0.578351,0.578336,0.687322,0.608325,0.439362,0,0,0,0,0,0,0,0,0,0,0,0,0,0,0.403995,0.281357,0.532035,0.335882,0.349461,0.262283,0.600116,0.403957
0.444838,0.344014,0.357643,0.537484,0.161457,0.480259,0,0,0,0,0.510234,0.578352,0.583797,0.684638,0.608349,0.439372,0,0,0,0,0,0,0,0,0,0,0,0,0,0,0.403957,0.28405,0.532041,0.338521,0.344015,0.262282,0.600166,0.395815
0.444818,0.344045,0.363087,0.534754,0.172357,0.493881,0.106962,0.43939,0.354907,0.294953,0.512955,0.578356,0.589234,0.684614,0.611071,0.431213,0,0,0,0,0,0,0,0,0,0,0,0,0,0,0.41213,0.281325,0.532009,0.335858,0.346744,0.262279,0.600179,0.393068
0.439411,0.341318,0.360366,0.529312,0.15601,0.46119,0,0,0,0,0.510233,0.578343,0.589264,0.684615,0.611047,0.428501,0,0,0,0,0,0,0,0,0,0,0,0,0,0,0.406677,0.27863,0.532018,0.330416,0.352192,0.254095,0.600168,0.387624
0.439395,0.346724,0.357651,0.532032,0.153287,0.458458,0,0,0,0,0.499342,0.575637,0.586539,0.690064,0.605635,0.425792,0,0,0,0,0,0,0,0,0,0,0,0,0,0,0.409404,0.278639,0.523867,0.333131,0.357638,0.256834,0.600158,0.390332
0.436666,0.344005,0.360362,0.529307,0.150565,0.458458,0,0,0,0,0.518404,0.575636,0.586531,0.690074,0.608338,0.42578,0,0,0,0,0,0,0,0,0,0,0,0,0,0,0.406678,0.27591,0.526585,0.327659,0.357635,0.256825,0.605605,0.393051
0.442093,0.341338,0.360365,0.526576,0.14239,0.447563,0.0115951,0.458462,0.344036,0.294969,0.515688,0.575635,0.591987,0.687353,0.608351,0.425791,0,0,0,0,0,0,0,0,0,0,0,0,0,0,0.406679,0.273199,0.526601,0.327662,0.352195,0.251375,0.60286,0.387609
0.444804,0.343996,0.376708,0.521125,0.232297,0.469361,0,0,0,0,0.512959,0.572907,0.594714,0.687357,0.611069,0.425739,0,0,0,0,0,0,0,0,0,0,0,0,0,0,0.409439,0.273172,0.529311,0.327683,0.346745,0.251382,0.608309,0.390358
0.442102,0.341303,0.387622,0.515686,0.243192,0.463905,0,0,0,0,0.523855,0.570175,0.591974,0.687348,0.608312,0.425784,0,0,0,0,0,0,0,0,0,0,0,0,0,0,0.40941,0.270456,0.534745,0.324961,0.349477,0.254112,0.602874,0.382161
0.43665,0.341329,0.371263,0.52385,0.210504,0.472082,0,0,0,0,0.521137,0.572914,0.594698,0.687328,0.605586,0.428476,0,0,0,0,0,0,0,0,0,0,0,0,0,0,0.406683,0.270456,0.532026,0.3304,0.349474,0.254092,0.600159,0.382177
0.433965,0.343999,0.360364,0.518401,0.145112,0.450286,0,0,0,0,0.521134,0.575642,0.594683,0.687314,0.60557,0.428479,0,0,0,0,0,0,0,0,0,0,0,0,0,0,0.412162,0.267706,0.537487,0.335841,0.357648,0.245927,0.600131,0.387602
0.433941,0.344016,0.35764,0.521135,0.139664,0.447564,0,0,0,0,0.512963,0.578343,0.58927,0.687334,0.602873,0.425759,0,0,0,0,0,0,0,0,0,0,0,0,0,0,0.406677,0.267695,0.532048,0.335805,0.35219,0.245926,0.597431,0.382162
0.431215,0.341313,0.354907,0.515685,0.142386,0.428488,0.0224942,0.463911,0.335854,0.308587,0.507515,0.575638,0.586517,0.687376,0.600116,0.425735,0,0,0,0,0,0,0,0,0,0,0,0,0,0,0.403969,0.264995,0.52386,0.324953,0.35219,0.245928,0.583803,0.382169
0.431195,0.341299,0.352187,0.523851,0.136938,0.44756,0.0170463,0.455736,0.341283,0.300433,0.515674,0.578365,0.583818,0.690044,0.600166,0.425755,0,0,0,0,0,0,0,0,0,0,0,0,0,0,0.401255,0.265008,0.521133,0.322215,0.35492,0.245923,0.594689,0.376734
0.431229,0.341339,0.354918,0.523858,0.14238,0.455735,0.008869,0.455733,0.341296,0.300428,0.512957,0.578349,0.583788,0.690058,0.600145,0.425751,0,0,0,0,0,0,0,0,0,0,0,0,0,0,0.406691,0.270468,0.52114,0.324946,0.354927,0.25137,0.594684,0.382144
0.433925,0.341274,0.354906,0.521133,0.115138,0.450284,0.0170454,0.458463,0.338583,0.297703,0.51568,0.578357,0.583813,0.690066,0.600138,0.425768,0,0,0,0,0,0,0,0,0,0,0,0,0,0,0.409424,0.270416,0.532015,0.330383,0.357634,0.245923,0.594698,0.382161
0.436658,0.341307,0.35764,0.512962,0.115138,0.444834,0.0252206,0.461185,0.335847,0.297702,0.507506,0.575644,0.586523,0.687363,0.600112,0.425756,0,0,0,0,0,0,0,0,0,0,0,0,0,0,0.425761,0.267714,0.526594,0.33311,0.360372,0.237751,0.58924,0.379453
0.433941,0.341294,0.357635,0.510232,0.112411,0.439385,0.0279451,0.466632,0.335859,0.294987,0.512961,0.578341,0.581078,0.690068,0.597426,0.425755,0,0,0,0,0,0,0,0,0,0,0,0,0,0,0.417606,0.273165,0.523851,0.324942,0.357643,0.240473,0.589252,0.376737
0.439385,0.3413,0.357637,0.51568,0.120585,0.444837,0.0279431,0.461186,0.330401,0.30586,0.512964,0.575643,0.581095,0.690097,0.597415,0.423066,0,0,0,0,0,0,0,0,0,0,0,0,0,0,0.425745,0.265012,0.537481,0.335833,0.352194,0.243199,0.594706,0.390341
0.436657,0.344025,0.357651,0.518404,0.131483,0.450284,0.0279402,0.455733,0.333128,0.292267,0.515684,0.575624,0.581063,0.69277,0.597412,0.420315,0,0,0,0,0,0,0,0,0,0,0,0,0,0,0.42576,0.270465,0.534757,0.322232,0.357646,0.245932,0.583813,0.382194
0.436693,0.344049,0.357641,0.52386,0.136931,0.458463,0.0279422,0.43394,0.333127,0.292244,0.507513,0.575606,0.578389,0.690043,0.58653,0.423042,0,0,0,0,0,0,0,0,0,0,0,0,0,0,0.428502,0.273195,0.521115,0.335866,0.360363,0.245924,0.578333,0.398518
0.43938,0.344028,0.357656,0.52386,0.213221,0.455742,0,0,0,0,0.510228,0.575627,0.578353,0.690046,0.583806,0.423033,0,0,0,0,0,0,0,0,0,0,0,0,0,0,0.439399,0.270454,0.521126,0.335848,0.354925,0.248648,0.578345,0.387616
0.439392,0.344026,0.354921,0.529308,0.13421,0.461183,0.0224916,0.442115,0.333127,0.294984,0.502062,0.575627,0.581065,0.687369,0.591971,0.423024,0,0,0,0,0,0,0,0,0,0,0,0,0,0,0.439401,0.264999,0.523868,0.333131,0.354924,0.248654,0.575664,0.401252
0.442106,0.346753,0.36854,0.523865,0.232326,0.458474,0,0,0,0,0.499325,0.5729,0.578392,0.687354,0.591982,0.423062,0,0,0,0,0,0,0,0,0,0,0,0,0,0,0.439398,0.267732,0.523878,0.333105,0.354924,0.248646,0.578376,0.376715
0.444819,0.352177,0.360376,0.532029,0.131484,0.466637,0,0,0,0,0.504792,0.578339,0.578366,0.681873,0.600132,0.428478,0,0,0,0,0,0,0,0,0,0,0,0,0,0,0.433935,0.278605,0.526573,0.335846,0.357648,0.248655,0.591975,0.363092
0.444821,0.352161,0.357653,0.523861,0.139656,0.455739,0.0143185,0.447565,0.316765,0.308592,0.496605,0.575631,0.581083,0.676456,0.600172,0.428474,0,0,0,0,0,0,0,0,0,0,0,0,0,0,0.442105,0.286807,0.518414,0.338548,0.354923,0.245929,0.578375,0.373991
0.439397,0.35217,0.360376,0.529297,0.136935,0.463911,0,0,0,0,0.499333,0.578358,0.583797,0.671003,0.602844,0.42577,0,0,0,0,0,0,0,0,0,0,0,0,0,0,0.433933,0.284075,0.518414,0.338558,0.354925,0.243206,0.553867,0.453017
0.44483,0.352211,0.363093,0.526587,0.218676,0.458464,0,0,0,0,0.493895,0.575645,0.583796,0.670989,0.600184,0.425775,0,0,0,0,0,0,0,0,0,0,0,0,0,0,0.442104,0.286793,0.523854,0.344026,0.354922,0.24048,0.578369,0.393054
0.450275,0.357595,0.368546,0.529311,0.229602,0.458464,0,0,0,0,0.502065,0.575642,0.583817,0.668291,0.60286,0.425785,0,0,0,0,0,0,0,0,0,0,0,0,0,0,0.433928,0.284072,0.532019,0.335832,0.354916,0.2541,0.600138,0.354914
0.447599,0.354917,0.368531,0.529309,0.226869,0.469346,0,0,0,0,0.504794,0.578341,0.586519,0.670989,0.602889,0.425747,0,0,0,0,0,0,0,0,0,0,0,0,0,0,0.433963,0.284066,0.53201,0.335835,0.354911,0.256819,0.586534,0.371272
0.447585,0.354941,0.360369,0.537486,0.221401,0.523857,0,0,0,0,0.504785,0.578344,0.583822,0.670981,0.602897,0.423014,0,0,0,0,0,0,0,0,0,0,0,0,0,0,0.431228,0.281356,0.526603,0.335848,0.357638,0.24865,0.602866,0.349481
0.44754,0.354891,0.357657,0.529304,0.139656,0.461188,0,0,0,0,0.512943,0.578369,0.5811,0.670998,0.60018,0.423049,0,0,0,0,0,0,0,0,0,0,0,0,0,0,0.439398,0.275899,0.532016,0.335823,0.354924,0.240481,0.581078,0.382173
0.447559,0.354917,0.330394,0.512954,0.115134,0.442114,0.0170426,0.458457,0.335837,0.305881,0.502069,0.578341,0.581099,0.676432,0.600129,0.420327,0,0,0,0,0,0,0,0,0,0,0,0,0,0,0.447569,0.267725,0.532011,0.335855,0.365815,0.235028,0.581069,0.379445
0.450307,0.354894,0.352192,0.504781,0.123311,0.43394,0.0115947,0.45301,0.338543,0.308609,0.510223,0.575629,0.578386,0.676434,0.600111,0.420289,0,0,0,0,0,0,0,0,0,0,0,0,0,0,0.439398,0.273172,0.534748,0.335826,0.363088,0.243198,0.581075,0.382151
0.453012,0.354929,0.352185,0.510233,0.11241,0.442111,0.0143194,0.455731,0.338573,0.308621,0.510232,0.575631,0.57837,0.676441,0.597438,0.414845,0,0,0,0,0,0,0,0,0,0,0,0,0,0,0.450299,0.278623,0.53749,0.335838,0.373991,0.245925,0.583798,0.360382
0.450283,0.354928,0.35491,0.507506,0.123311,0.439385,0.022492,0.45846,0.338571,0.308617,0.510234,0.575643,0.578367,0.676439,0.597445,0.412139,0,0,0,0,0,0,0,0,0,0,0,0,0,0,0.447555,0.275904,0.537474,0.335851,0.365822,0.24593,0.583797,0.371248
0.463892,0.357601,0.371261,0.518409,0.131487,0.469363,0,0,0,0,0.512943,0.578339,0.575617,0.676424,0.600136,0.403982,0,0,0,0,0,0,0,0,0,0,0,0,0,0,0.4503,0.275897,0.540198,0.335825,0.363096,0.251377,0.583789,0.374008
0.466643,0.352207,0.36036,0.512955,0.109687,0.447563,0,0,0,0,0.507508,0.575636,0.575659,0.67646,0.597425,0.412127,0,0,0,0,0,0,0,0,0,0,0,0,0,0,0.455749,0.278628,0.53749,0.341303,0.357642,0.243198,0.578354,0.3849
0.472074,0.354924,0.368545,0.512943,0,0,0,0,0,0,0.499329,0.567441,0.578363,0.679171,0.597441,0.420321,0,0,0,0,0,0,0,0,0,0,0,0,0,0,0.461196,0.284063,0.542935,0.354898,0.346748,0.251373,0,0
0.482992,0.357664,0.357639,0.504786,0.145107,0.44211,0.0252195,0.447559,0.319494,0.322219,0.50751,0.572906,0.578396,0.681891,0.602852,0.420283,0,0,0,0,0,0,0,0,0,0,0,0,0,0,0.472082,0.284055,0.553817,0.354917,0.354921,0.245925,0.583803,0.398513
0.488435,0.363067,0.354918,0.502058,0.147829,0.453009,0.0252198,0.417589,0.338562,0.292238,0.518413,0.556558,0.600132,0.681891,0.621928,0.420301,0.15601,0.993885,0.0170438,0.993884,0,0,0,0,0,0,0,0,0,0,0.472106,0.289515,0.562013,0.357651,0.387615,0.262275,0.605597,0.395779
0.502045,0.363099,0.354923,0.51296,0.153283,0.453017,0.0224933,0.417589,0.341298,0.286803,0.512961,0.553843,0.602908,0.676458,0.627407,0.414854,0.156007,0.993885,0.019768,0.993884,0,0,0,0,0.281349,0.993886,0,0,0,0,0.466643,0.289528,0.567449,0.344038,0.365831,0.265003,0.613765,0.371284
0.493914,0.360343,0.352191,0.510229,0.145106,0.450285,0.0252186,0.40124,0.341304,0.289529,0.51569,0.556554,0.605581,0.679176,0.630143,0.412136,0.153283,0.993885,0,0,0,0,0,0,0,0,0,0,0,0,0.458474,0.284084,0.567437,0.346755,0.360371,0.267715,0.611032,0.37944
0.496594,0.360374,0.357651,0.512959,0.156012,0.45846,0,0,0,0,0.518414,0.559295,0.600185,0.684631,0.632873,0.406682,0.16146,0.993885,0,0,0,0,0,0,0.289522,0.993885,0,0,0,0,0.469345,0.278626,0.575608,0.344007,0.373989,0.265007,0.621949,0.376732
0.502039,0.34677,0.357639,0.521132,0.147835,0.461187,0.0224934,0.398517,0.363089,0.278606,0.521133,0.559292,0.594711,0.6928,0.616501,0.420331,0.150563,0.993885,0,0,0,0,0,0,0,0,0,0,0,0,0.461212,0.273212,0.572887,0.333103,0.352202,0.273169,0.621922,0.368546
0.49935,0.34402,0.36037,0.496604,0.126034,0.453007,0,0,0,0,0.515683,0.559281,0.597402,0.692775,0.61647,0.417582,0,0,0,0,0,0,0,0,0,0,0,0,0,0,0.469377,0.270472,0.570165,0.335813,0.382172,0.259547,0.621929,0.363089
0.499341,0.341338,0.363096,0.515684,0.145108,0.466637,0.0224951,0.409415,0.363095,0.278638,0.52659,0.56472,0.581113,0.690093,0.613787,0.425739,0.183256,0.993885,0,0,0,0,0,0,0,0,0,0,0,0,0.46936,0.273188,0.575588,0.330385,0.376711,0.270466,0.621926,0.368532
0.493888,0.346757,0.373986,0.507513,0.229584,0.442101,0,0,0,0,0.518412,0.556556,0.575639,0.690051,0.611054,0.42301,0.221406,0.993885,0,0,0,0,0,0,0,0,0,0,0,0,0.466609,0.273198,0.56747,0.335792,0.374001,0.284064,0.608333,0.379411
0.49391,0.344043,0.376697,0.510236,0.226856,0.431204,0,0,0,0,0.504777,0.553832,0.575629,0.687342,0.61377,0.420315,0,0,0,0,0,0,0,0,0,0,0,0,0,0,0.469337,0.270486,0.572878,0.333134,0.379442,0.267715,0.60292,0.382167
0.493892,0.344003,0.363089,0.510223,0.221419,0.431226,0,0,0,0,0.504788,0.556557,0.572913,0.687306,0.61925,0.409431,0,0,0,0,0,0,0,0,0,0,0,0,0,0,0.466647,0.270424,0.570179,0.333103,0.379456,0.270457,0.602865,0.387628
0.493878,0.344019,0.36583,0.504779,0.226876,0.436649,0,0,0,0,0.50751,0.551123,0.572891,0.684605,0.621938,0.409407,0,0,0,0,0,0,0,0,0,0,0,0,0,0,0.466613,0.27316,0.567474,0.333103,0.379438,0.270445,0.602887,0.382168
0.493909,0.344019,0.360379,0.502061,0.221391,0.447557,0,0,0,0,0.504779,0.55383,0.572862,0.676446,0.627416,0.406675,0.172356,0.993885,0,0,0,0,0,0,0,0,0,0,0,0,0.469399,0.270445,0.570157,0.333086,0.368538,0.267722,0.605594,0.384894
0.502075,0.341299,0.371258,0.496611,0.224126,0.436667,0,0,0,0,0.515676,0.551102,0.572933,0.668262,0.651907,0.423006,0.15056,0.993885,0.0279466,0.993884,0,0,0,0,0,0,0,0,0,0,0.469388,0.26769,0.575643,0.333138,0.373981,0.25137,0.608345,0.409426
0.502044,0.3413,0.368537,0.499337,0.221398,0.436658,0,0,0,0,0.515688,0.553846,0.575625,0.662822,0.654662,0.42304,0,0,0,0,0,0,0,0,0,0,0,0,0,0,0.466657,0.259556,0.578331,0.335825,0.357643,0.264996,0.602913,0.425777
0.499347,0.338624,0.36854,0.49388,0.1996,0.444839,0,0,0,0,0.518388,0.553833,0.578384,0.6601,0.654661,0.423059,0,0,0,0,0,0,0,0,0,0,0,0,0,0,0.469351,0.254086,0.581066,0.335832,0.354925,0.265001,0.602914,0.436675
0.4939,0.333141,0.371262,0.488439,0.134213,0.395792,0.0279447,0.409416,0.341326,0.259562,0.521123,0.559273,0.589264,0.66281,0.649191,0.425767,0.153283,0.993885,0,0,0,0,0,0,0,0,0,0,0,0,0.472066,0.256844,0.575593,0.335811,0.379441,0.177806,0.597409,0.444877
0.493924,0.335826,0.373983,0.485719,0.142383,0.428486,0.0279412,0.406688,0.34132,0.262271,0.518414,0.556552,0.594718,0.66278,0.654647,0.425734,0.161461,0.993885,0.0224957,0.993884,0,0,0,0,0,0,0,0,0,0,0.469359,0.254122,0.575647,0.33314,0.379451,0.224122,0.602861,0.439389
0.49662,0.335867,0.373984,0.488433,0.142385,0.423041,0.0279403,0.393068,0.341323,0.262288,0.521132,0.556576,0.594697,0.662795,0.657375,0.423035,0.156012,0.993885,0,0,0,0,0,0,0,0,0,0,0,0,0.472089,0.256815,0.578326,0.335849,0.384891,0.235022,0.600118,0.455726
0.502058,0.335839,0.368546,0.493877,0.142389,0.403962,0.0279418,0.387619,0.344005,0.262278,0.521146,0.559288,0.591993,0.662791,0.660093,0.423051,0.153281,0.993885,0.0279444,0.992522,0,0,0,0,0,0,0,0,0,0,0.477538,0.254084,0.578368,0.338524,0.395782,0.243201,0.597425,0.461134
0.496649,0.335788,0.382153,0.48843,0.229572,0.417589,0,0,0,0,0.523853,0.559291,0.591995,0.665531,0.662789,0.414849,0.158731,0.993885,0,0,0,0,0,0,0,0,0,0,0,0,0.482984,0.25956,0.57561,0.335796,0.398501,0.24319,0.627385,0.398511
0.502072,0.330396,0.371262,0.493877,0.205053,0.425756,0,0,0,0,0.52113,0.559281,0.586532,0.668248,0.660064,0.412134,0,0,0,0,0,0,0,0,0,0,0,0,0,0,0.472104,0.256829,0.581092,0.327669,0.376709,0.221397,0.602859,0.444833
0.496602,0.32766,0.376708,0.493884,0.218675,0.428479,0,0,0,0,0.518413,0.556569,0.583829,0.670976,0.654634,0.403988,0,0,0,0,0,0,0,0,0,0,0,0,0,0,0.469359,0.259531,0.578324,0.333134,0.382157,0.248655,0.605592,0.436642
0.493918,0.333075,0.373992,0.488435,0.215949,0.417583,0,0,0,0,0.515703,0.553849,0.581088,0.66828,0.646475,0.403966,0,0,0,0,0,0,0,0,0,0,0,0,0,0,0.469357,0.251415,0.575617,0.322227,0.379444,0.243193,0.602894,0.433922
0.499319,0.33583,0.379452,0.493894,0.218692,0.431217,0,0,0,0,0.523852,0.553826,0.578385,0.665587,0.638269,0.403954,0.251376,0.993885,0.136935,0.993884,0,0,0,0,0,0,0,0,0,0,0.46936,0.251416,0.575615,0.319521,0.379432,0.229581,0.608315,0.395791
0.499317,0.335858,0.382147,0.502048,0.232289,0.425745,0,0,0,0,0.521138,0.556558,0.581056,0.662854,0.643746,0.401255,0,0,0,0,0,0,0,0,0,0,0,0,0,0,0.469385,0.254103,0.57566,0.327684,0.379434,0.232308,0.611072,0.395815
0.499333,0.33852,0.382154,0.496609,0.232315,0.423035,0,0,0,0,0.521127,0.556574,0.581063,0.660083,0.64649,0.403989,0,0,0,0,0,0,0,0,0,0,0,0,0,0,0.472107,0.251411,0.578364,0.335791,0.376723,0.232299,0.616478,0.401244
0.496619,0.338552,0.382159,0.502055,0.232309,0.431213,0,0,0,0,0.521145,0.559294,0.581104,0.66007,0.649181,0.406696,0,0,0,0,0,0,0,0,0,0,0,0,0,0,0.469347,0.256849,0.578339,0.333103,0.373979,0.248656,0.619223,0.395792
0.499347,0.338544,0.37127,0.504783,0.210506,0.439386,0,0,0,0,0.52115,0.553848,0.581098,0.660084,0.651925,0.403991,0.207781,0.993888,0.0551911,0.993884,0,0,0,0,0,0,0,0,0,0,0.469357,0.256807,0.578377,0.330394,0.368549,0.240473,0.621951,0.395776
0.502049,0.338553,0.363086,0.502054,0.139659,0.417589,0,0,0,0,0.521134,0.556551,0.583787,0.660057,0.65463,0.403994,0,0,0,0,0,0,0,0,0,0,0,0,0,0,0.46934,0.254082,0.578388,0.33309,0.360362,0.243192,0.62193,0.398488
0.499358,0.338539,0.368537,0.504783,0.139658,0.431212,0.00886972,0.363091,0.346744,0.265009,0.521124,0.55656,0.581099,0.660107,0.651937,0.406702,0,0,0,0,0,0,0,0,0,0,0,0,0,0,0.46665,0.254085,0.578374,0.333104,0.368536,0.237747,0.616514,0.403973
0.496598,0.338562,0.368537,0.504786,0.142388,0.444841,0.014321,0.365821,0.346729,0.267732,0.518392,0.553853,0.581066,0.660124,0.6465,0.409418,0,0,0,0,0,0,0,0,0,0,0,0,0,0,0.463904,0.256851,0.575623,0.333141,0.33858,0.267706,0.608323,0.423056
0.49391,0.338533,0.368532,0.510234,0.205059,0.447567,0,0,0,0,0.518424,0.553848,0.578384,0.662813,0.649183,0.409408,0,0,0,0,0,0,0,0,0,0,0,0,0,0,0.461198,0.256825,0.575588,0.333122,0.338579,0.270444,0.605624,0.423013
0.493861,0.338525,0.36855,0.518412,0.218679,0.488432,0,0,0,0,0.523843,0.553829,0.589262,0.662826,0.643771,0.417579,0,0,0,0,0,0,0,0,0,0,0,0,0,0,0.455754,0.259551,0.570171,0.330361,0.33585,0.270436,0.600176,0.425785
0.493884,0.338554,0.368535,0.51296,0.150556,0.458464,0,0,0,0,0.523876,0.559265,0.59468,0.662822,0.649181,0.412144,0,0,0,0,0,0,0,0,0,0,0,0,0,0,0.466631,0.251403,0.572918,0.32768,0.368537,0.243196,0.60292,0.423057
0.493888,0.338528,0.371273,0.512958,0.205054,0.463909,0,0,0,0,0.523845,0.55929,0.597421,0.662822,0.646472,0.414879,0,0,0,0,0,0,0,0,0,0,0,0,0,0,0.463909,0.254101,0.575614,0.324956,0.360366,0.248655,0.619228,0.39581
0.491172,0.33579,0.368545,0.521132,0.207779,0.469358,0.120588,0.442113,0.344048,0.278623,0.523875,0.559286,0.605581,0.662824,0.641047,0.420298,0.248655,0.993885,0,0,0,0,0,0,0,0,0,0,0,0,0.46389,0.251393,0.575646,0.327677,0.373982,0.251378,0.627391,0.387621
0.491171,0.335862,0.376716,0.523855,0.221412,0.474808,0.120588,0.447562,0.346736,0.278611,0.534764,0.56472,0.6029,0.662856,0.643752,0.414871,0.251372,0.993885,0,0,0,0,0,0,0,0,0,0,0,0,0.466635,0.265,0.572925,0.333086,0.379433,0.248641,0.630115,0.376702
0.491185,0.341266,0.376716,0.523863,0.22685,0.472082,0.12331,0.439389,0.346753,0.281334,0.532037,0.567465,0.608311,0.665548,0.643755,0.414854,0.248648,0.993885,0.126039,0.993885,0,0,0,0,0,0,0,0,0,0,0.466658,0.265008,0.575607,0.338565,0.379435,0.259547,0.630138,0.387623
0.493878,0.341333,0.379448,0.53203,0.23503,0.480259,0.136935,0.433939,0.346761,0.281344,0.537469,0.570183,0.605619,0.665528,0.646455,0.406693,0.254106,0.993885,0.139663,0.993884,0,0,0,0,0,0,0,0,0,0,0.466622,0.273177,0.575603,0.341278,0.379431,0.265003,0.63559,0.371273
0.491193,0.344037,0.398521,0.518415,0.237758,0.529305,0,0,0,0,0.54838,0.564729,0.608355,0.668257,0.646468,0.41484,0,0,0,0,0,0,0,0,0,0,0,0,0,0,0.469366,0.270451,0.567468,0.333124,0.371275,0.254101,0.630144,0.37671
0.496623,0.346737,0.395782,0.521128,0.232309,0.512958,0,0,0,0,0.548388,0.572906,0.61108,0.665574,0.646484,0.414856,0,0,0,0,0,0,0,0,0,0,0,0,0,0,0.474818,0.264997,0.575643,0.335852,0.373989,0.245926,0.635585,0.376712
0.493906,0.341334,0.398512,0.510227,0.243196,0.496607,0,0,0,0,0.540214,0.56745,0.61379,0.668257,0.646458,0.412136,0,0,0,0,0,0,0,0,0,0,0,0,0,0,0.477546,0.265004,0.575637,0.338555,0.384884,0.251369,0.63558,0.376706
0.499334,0.344007,0.401241,0.518398,0.24048,0.512958,0,0,0,0,0.545656,0.570185,0.61377,0.668282,0.646472,0.417585,0,0,0,0,0,0,0,0,0,0,0,0,0,0,0.480264,0.267699,0.578361,0.338569,0.379445,0.251385,0.635572,0.376734
0.5075,0.338563,0.379442,0.529303,0.177806,0.488435,0,0,0,0,0.54293,0.570188,0.61921,0.676427,0.651938,0.39854,0,0,0,0,0,0,0,0,0,0,0,0,0,0,0.488463,0.251418,0.59741,0.335797,0.37399,0.245917,0.64376,0.376731
0.493888,0.338591,0.390338,0.521133,0.210502,0.482987,0,0,0,0,0.542937,0.57289,0.616472,0.684602,0.657347,0.398532,0,0,0,0,0,0,0,0,0,0,0,0,0,0,0.477527,0.254105,0.578354,0.333093,0.37399,0.218682,0.638311,0.37943
0.499365,0.33587,0.393062,0.529302,0.202326,0.485709,0,0,0,0,0.542931,0.578356,0.61104,0.687375,0.654632,0.403962,0,0,0,0,0,0,0,0,0,0,0,0,0,0,0.482974,0.251392,0.583816,0.324956,0.368539,0.235026,0.638288,0.384878
0.499356,0.335811,0.395798,0.5293,0.22959,0.48844,0,0,0,0,0.548378,0.57562,0.608359,0.687345,0.654666,0.403955,0,0,0,0,0,0,0,0,0,0,0,0,0,0,0.474821,0.251383,0.58654,0.314081,0,0,0.641026,0.382148
0.512917,0.341275,0.403965,0.521145,0.240475,0.466634,0,0,0,0,0.548386,0.572897,0.619217,0.687349,0.649185,0.406684,0,0,0,0,0,0,0,0,0,0,0,0,0,0,0.472099,0.278613,0.581091,0.324971,0.387606,0.273165,0.630119,0.393077
0.513001,0.341281,0.40124,0.529304,0.218687,0.493884,0,0,0,0,0.553817,0.572896,0.621924,0.687342,0.660115,0.403947,0,0,0,0,0,0,0,0,0,0,0,0,0,0,0.485674,0.267733,0.594695,0.319493,0.387615,0.248652,0.643781,0.387613
0.518405,0.343997,0.412138,0.5293,0.240476,0.493886,0,0,0,0,0.556559,0.57562,0.62196,0.687372,0.662838,0.409402,0,0,0,0,0,0,0,0,0,0,0,0,0,0,0.488451,0.273165,0.600189,0.327691,0.393056,0.256835,0.643761,0.390328
0.521155,0.341315,0.409411,0.5402,0.237755,0.499331,0,0,0,0,0.564727,0.575629,0.621944,0.684608,0.671,0.417587,0,0,0,0,0,0,0,0,0,0,0,0,0,0,0.491159,0.267717,0.605602,0.333137,0.403967,0.256813,0.643774,0.401254
0.526582,0.34673,0.384893,0.545657,0.210502,0.523853,0,0,0,0,0.564737,0.578365,0.627389,0.681904,0.681889,0.417571,0,0,0,0,0,0,0,0,0,0,0,0,0,0,0.491178,0.270466,0.608334,0.338526,0.406682,0.265002,0.649206,0.406696
0.523859,0.349444,0.379444,0.542933,0.196879,0.518405,0,0,0,0,0.564723,0.57564,0.624704,0.68189,0.681905,0.417604,0,0,0,0,0,0,0,0,0,0,0,0,0,0,0.49388,0.270453,0.605641,0.338567,0.403966,0.254108,0.649202,0.409403
0.521132,0.346747,0.384897,0.545649,0.221405,0.518405,0,0,0,0,0.564718,0.575633,0.627391,0.68459,0.684614,0.420293,0,0,0,0,0,0,0,0,0,0,0,0,0,0,0.491165,0.270473,0.605589,0.335882,0.403962,0.256816,0.6492,0.409418
0.521119,0.34405,0.393062,0.540211,0.221408,0.515683,0,0,0,0,0.564731,0.578359,0.62739,0.684588,0.684617,0.425781,0,0,0,0,0,0,0,0,0,0,0,0,0,0,0.491169,0.270456,0.602895,0.338524,0.401248,0.254097,0.646456,0.417578
0.518417,0.341294,0.398521,0.548381,0.240476,0.540206,0.13148,0.482976,0.365825,0.292265,0.56745,0.586526,0.635557,0.679153,0.681897,0.428476,0,0,0,0,0,0,0,0,0,0,0,0,0,0,0.491174,0.26774,0.597429,0.335783,0.403966,0.267712,0.643761,0.423037
0.521145,0.344,0.387614,0.553825,0.218679,0.540201,0.123312,0.474811,0.368545,0.292254,0.564727,0.58652,0.638319,0.676453,0.679179,0.428501,0,0,0,0,0,0,0,0,0,0,0,0,0,0,0.488454,0.273163,0.594709,0.333127,0.398503,0.270444,0.640998,0.428487
0.521114,0.341286,0.38217,0.545656,0.196881,0.529306,0.0960623,0.480258,0.365807,0.294987,0.570184,0.583803,0.643766,0.671008,0.676448,0.428485,0,0,0,0,0,0,0,0,0,0,0,0,0,0,0.49117,0.27044,0.594705,0.333113,0.395783,0.273184,0.641034,0.423023
0.521106,0.341301,0.384892,0.548377,0.191431,0.529306,0.117857,0.488428,0.365814,0.294972,0.570182,0.581078,0.643776,0.670994,0.679159,0.428496,0,0,0,0,0,0,0,0,0,0,0,0,0,0,0.4939,0.270443,0.591984,0.333118,0.395793,0.267712,0.657366,0.371269
0.515695,0.33584,0.403968,0.548385,0.22685,0.537482,0.128761,0.458464,0.371274,0.284065,0.575626,0.562006,0.657379,0.665583,0.692816,0.425777,0,0,0,0,0,0,0,0,0,0,0,0,0,0,0.480249,0.267739,0.597415,0.31131,0.368554,0.292238,0.662805,0.373976
0.515678,0.335824,0.412139,0.548386,0.229581,0.53475,0.128763,0.45846,0.373987,0.281357,0.594698,0.562003,0.662819,0.668261,0.692787,0.428485,0,0,0,0,0,0,0,0,0,0,0,0,0,0,0.469361,0.267705,0.600138,0.308603,0.360383,0.300415,0.662822,0.349483
0.515664,0.335846,0.403967,0.54566,0.224125,0.523858,0.117863,0.461189,0.371276,0.28406,0.586532,0.559284,0.662844,0.668287,0.692797,0.428497,0,0,0,0,0,0,0,0,0,0,0,0,0,0,0.466656,0.267725,0.602855,0.30862,0.363081,0.292264,0.662816,0.360367
0.513002,0.335886,0.412139,0.548377,0.229574,0.529308,0.128759,0.455742,0.371273,0.28407,0.586531,0.56201,0.662836,0.668296,0.692775,0.431195,0,0,0,0,0,0,0,0,0,0,0,0,0,0,0.474805,0.267705,0.594712,0.314034,0.363118,0.294974,0.66009,0.368543
0.507529,0.335868,0.406693,0.545647,0.221406,0.526578,0.0987875,0.469361,0.371254,0.284073,0.58108,0.564736,0.665578,0.679184,0.684601,0.431188,0,0,0,0,0,0,0,0,0,0,0,0,0,0,0.488421,0.259528,0.600167,0.327659,0.39851,0.251382,0.662808,0.373985
0.510214,0.335878,0.406695,0.534762,0.229577,0.48843,0.115136,0.477538,0.368533,0.284088,0.572916,0.567463,0.665552,0.6846,0.681886,0.428508,0,0,0,0,0,0,0,0,0,0,0,0,0,0,0.485694,0.26498,0.594694,0.319487,0.401227,0.251387,0.657353,0.365816
0.507502,0.338539,0.403964,0.542928,0.224134,0.507511,0.123314,0.46664,0.368517,0.281357,0.56746,0.570186,0.665528,0.68737,0.67372,0.428491,0,0,0,0,0,0,0,0,0,0,0,0,0,0,0.474821,0.259566,0.591959,0.32222,0.390332,0.259543,0.651917,0.379442
0.502076,0.335849,0.401243,0.542932,0.221409,0.507508,0.128763,0.472083,0.365834,0.281343,0.55929,0.575621,0.660073,0.695533,0.665591,0.425776,0,0,0,0,0,0,0,0,0,0,0,0,0,0,0.474817,0.254124,0.586519,0.314055,0.390339,0.248646,0.643739,0.384907
0.504768,0.338629,0.412139,0.532028,0.237752,0.504784,0,0,0,0,0.553822,0.572892,0.649224,0.703706,0.649217,0.422995,0,0,0,0,0,0,0,0,0,0,0,0,0,0,0.480256,0.270445,0.578373,0.324947,0.39033,0.256821,0.635579,0.387643
0.502041,0.341314,0.420312,0.523864,0.248643,0.480259,0,0,0,0,0.556546,0.567439,0.646461,0.698237,0.649212,0.417565,0,0,0,0,0,0,0,0,0,0,0,0,0,0,0.469375,0.270468,0.578353,0.327679,0.384891,0.26227,0.638295,0.387594
0.499322,0.341304,0.423038,0.50751,0.251371,0.458462,0,0,0,0,0.562001,0.56473,0.646454,0.695514,0.649192,0.420325,0,0,0,0,0,0,0,0,0,0,0,0,0,0,0.47207,0.270435,0.578372,0.324944,0.382174,0.259545,0.638295,0.387621
0.49663,0.341347,0.420317,0.51296,0.251377,0.469362,0,0,0,0,0.556562,0.564731,0.646471,0.695532,0.649178,0.423015,0,0,0,0,0,0,0,0,0,0,0,0,0,0,0.46936,0.267709,0.581103,0.327667,0.390333,0.262273,0.638304,0.390349
0.50207,0.346726,0.40942,0.521136,0.243197,0.477535,0,0,0,0,0.562001,0.567457,0.646462,0.698232,0.662779,0.423011,0,0,0,0,0,0,0,0,0,0,0,0,0,0,0.477535,0.267745,0.581055,0.335801,0.384882,0.251378,0.638301,0.398506
0.496637,0.34675,0.40941,0.526576,0.243201,0.504782,0,0,0,0,0.553839,0.570163,0.643778,0.703664,0.660112,0.423008,0,0,0,0,0,0,0,0,0,0,0,0,0,0,0.469355,0.267734,0.581071,0.335823,0.379436,0.25138,0.638297,0.401234
0.496612,0.34945,0.403961,0.532025,0.251371,0.534757,0,0,0,0,0.548387,0.567451,0.643721,0.700972,0.66279,0.425737,0,0,0,0,0,0,0,0,0,0,0,0,0,0,0.463899,0.262269,0.578379,0.335853,0.3631,0.254098,0.638277,0.40125
0.493877,0.346746,0.395802,0.534762,0.243201,0.529307,0,0,0,0,0.54839,0.56474,0.63832,0.698258,0.660109,0.425737,0,0,0,0,0,0,0,0,0,0,0,0,0,0,0.46121,0.25956,0.578342,0.33581,0.376706,0.243201,0.635579,0.401249
0.48297,0.343996,0.393068,0.545658,0.232301,0.53748,0,0,0,0,0.570167,0.567444,0.638324,0.69005,0.657365,0.42306,0,0,0,0,0,0,0,0,0,0,0,0,0,0,0.439387,0.256823,0.570193,0.335822,0.354931,0.267708,0.632849,0.40398
0.474804,0.344025,0.379446,0.529302,0.128761,0.474808,0,0,0,0,0.567463,0.559292,0.646463,0.684639,0.657356,0.423048,0,0,0,0,0,0,0,0,0,0,0,0,0,0,0.433971,0.262255,0.56472,0.330406,0.357619,0.264982,0.627372,0.401226
0.472076,0.344014,0.401243,0.548382,0.213227,0.545654,0,0,0,0,0.567452,0.56472,0.651935,0.681901,0.65463,0.423035,0,0,0,0,0,0,0,0,0,0,0,0,0,0,0.433963,0.267743,0.561998,0.33309,0.354923,0.284057,0.619228,0.417587
0.469383,0.344006,0.384891,0.548381,0.166909,0.548382,0.00614438,0.461186,0.338601,0.308596,0.567464,0.564734,0.660094,0.681902,0.654626,0.4203,0,0,0,0,0,0,0,0,0,0,0,0,0,0,0.431225,0.267719,0.564729,0.324934,0.338575,0.27044,0.611081,0.428487
0.480263,0.341274,0.373995,0.5511,0.156011,0.529304,0.0115958,0.47481,0.335861,0.311331,0.559285,0.564738,0.662801,0.681891,0.64919,0.412146,0,0,0,0,0,0,0,0,0,0,0,0,0,0,0.444841,0.256815,0.57833,0.335823,0.346748,0.243211,0.632855,0.387628
0.480258,0.341296,0.39306,0.54565,0.161456,0.523857,0.00750644,0.474812,0.335855,0.308629,0.556566,0.564723,0.662817,0.679176,0.64922,0.412146,0,0,0,0,0,0,0,0,0,0,0,0,0,0,0.447556,0.256822,0.575645,0.335822,0.346753,0.243206,0.630121,0.387643
0.477554,0.341296,0.393059,0.542933,0.164184,0.512958,0.00887055,0.474808,0.338532,0.308621,0.556562,0.564721,0.660109,0.681879,0.651906,0.414849,0,0,0,0,0,0,0,0,0,0,0,0,0,0,0.444838,0.259543,0.57562,0.335808,0.349472,0.243207,0.630109,0.387639
0.48572,0.341314,0.395788,0.545656,0.210506,0.526581,0,0,0,0,0.559278,0.556564,0.657358,0.681875,0.649211,0.409401,0,0,0,0,0,0,0,0,0,0,0,0,0,0,0.458456,0.26227,0.578377,0.338525,0.373995,0.243205,0.635571,0.384918
0.47484,0.335871,0.390336,0.523857,0.188708,0.482984,0,0,0,0,0.559284,0.562016,0.643755,0.687319,0.638322,0.40397,0,0,0,0,0,0,0,0,0,0,0,0,0,0,0.450274,0.248638,0.575601,0.33037,0.352188,0.235027,0.621961,0.406689
0.469349,0.338585,0.376714,0.532027,0.158733,0.485708,0.0224917,0.477532,0.338535,0.308601,0.556541,0.570181,0.640998,0.687309,0.632827,0.403969,0,0,0,0,0,0,0,0,0,0,0,0,0,0,0.442096,0.256807,0.55655,0.322232,0.352189,0.240481,0.616518,0.393089
0.469406,0.338533,0.382167,0.515675,0.139662,0.458462,0.0252186,0.469359,0.33584,0.308603,0.54839,0.570189,0.635557,0.687356,0.624711,0.403985,0,0,0,0,0,0,0,0,0,0,0,0,0,0,0.439409,0.251359,0.559311,0.316746,0.352199,0.226851,0.616508,0.39035
0.469376,0.338606,0.376714,0.50478,0.0960638,0.436665,0.0279454,0.480261,0.333108,0.31134,0.54292,0.567458,0.632856,0.690051,0.621985,0.403984,0,0,0,0,0,0,0,0,0,0,0,0,0,0,0.436675,0.254092,0.564721,0.314087,0.354923,0.218678,0.613772,0.387641
0.469402,0.346731,0.37671,0.512958,0.11786,0.455738,0.0279415,0.48026,0.319504,0.319493,0.534754,0.561998,0.627399,0.692805,0.624693,0.409404,0,0,0,0,0,0,0,0,0,0,0,0,0,0,0.439411,0.251401,0.556551,0.324965,0.346744,0.237757,0.611023,0.384891
0.466657,0.346748,0.373986,0.51296,0.12876,0.450287,0.0279402,0.488432,0.322224,0.3195,0.537474,0.564727,0.630138,0.68737,0.627407,0.409426,0,0,0,0,0,0,0,0,0,0,0,0,0,0,0.444838,0.262255,0.556531,0.324971,0.371275,0.215956,0.611054,0.39308
0.463931,0.346724,0.376712,0.510233,0.136939,0.444836,0.0252218,0.485711,0.319512,0.319515,0.553832,0.567456,0.632848,0.681906,0.635585,0.403964,0,0,0,0,0,0,0,0,0,0,0,0,0,0,0.444847,0.254102,0.553833,0.319524,0.376721,0.207776,0.61649,0.393041
