0.479835,0.739115,0.435412,0.993884,0,0,0,0,0,0,0.640669,0.869904,0.907195,0.700971,0.663649,0.619235,0,0,0,0,0,0,0,0,0,0,0,0,0,0,0.345039,0.646481,0.515064,0.613764,0.197992,0.752776,0.579409,0.551095
0.473705,0.739118,0.444602,0.993883,0,0,0,0,0,0,0.636075,0.861733,0.908725,0.703687,0.662116,0.616496,0,0,0,0,0,0,0,0,0,0,0,0,0,0,0.340445,0.651933,0.482895,0.6274,0.20106,0.755462,0,0
0.472173,0.728219,0.45073,0.993885,0,0,0,0,0,0,0.651391,0.853556,0.910261,0.698246,0.665178,0.616506,0,0,0,0,0,0,0,0,0,0,0,0,0,0,0.345034,0.646461,0.521189,0.62467,0.197994,0.758161,0,0
0.481364,0.750017,0.452262,0.992522,0,0,0,0,0,0,0.64067,0.869903,0.910256,0.687347,0.655987,0.616504,0,0,0,0,0,0,0,0,0,0,0,0,0,0,0.334321,0.657361,0.531911,0.613792,0.196464,0.755486,0,0
0.490549,0.7364,0.455326,0.992521,0,0,0,0,0,0,0.63301,0.856279,0.908727,0.690071,0.654457,0.624682,0,0,0,0,0,0,0,0,0,0,0,0,0,0,0.427752,0.632849,0.531917,0.616478,0,0,0,0
0.49209,0.733663,0.446135,0.993885,0,0,0,0,0,0,0.636074,0.86173,0.91026,0.679173,0.654458,0.627392,0,0,0,0,0,0,0,0,0,0,0,0,0,0,0.424696,0.630121,0.533447,0.616514,0,0,0,0
0.489022,0.722766,0.455325,0.993885,0,0,0,0,0,0,0.731043,0.938025,0.920981,0.649204,0.680497,0.611048,0,0,0,0,0,0,0,0,0,0,0,0,0,0,0.438472,0.630121,0.53651,0.616516,0,0,0,0
0.478294,0.75002,0.464515,0.993886,0,0,0,0,0,0,0.672836,0.82631,0.936293,0.654648,0.689687,0.56473,0,0,0,0,0,0,0,0,0,0,0,0,0,0,0.395585,0.662827,0.519654,0.616487,0.188804,0.785423,0,0
0.466047,0.741836,0.461451,0.993884,0,0,0,0,0,0,0.706535,0.758189,0.934763,0.660084,0.698879,0.526589,0,0,0,0,0,0,0,0,0,0,0,0,0,0,0.397124,0.681887,0.510472,0.613788,0.188787,0.785434,0.568676,0.51841
0.427764,0.755506,0.472173,0.929852,0,0,0,0,0,0,0.64833,0.826305,0.911794,0.65465,0.731037,0.311329,0,0,0,0,0,0,0,0,0,0,0,0,0,0,0.364948,0.684624,0.484439,0.627408,0.165833,0.790879,0.557962,0.564733
0.421633,0.758225,0.427755,0.993886,0,0,0,0,0,0,0.639137,0.807235,0.908727,0.662822,0.77393,0.25411,0,0,0,0,0,0,0,0,0,0,0,0,0,0,0.355753,0.700939,0.478287,0.630109,0.167354,0.807234,0.542638,0.488433
0.418566,0.758175,0.421628,0.993887,0,0,0,0,0,0,0.633012,0.837205,0.905662,0.695521,0.781593,0.292253,0,0,0,0,0,0,0,0,0,0,0,0,0,0,0.343506,0.681906,0.473725,0.630111,0.162767,0.799049,0.541102,0.488421
0.423152,0.755448,0.426222,0.993885,0,0,0,0,0,0,0.639139,0.820863,0.913322,0.679173,0.807634,0.354928,0,0,0,0,0,0,0,0,0,0,0,0,0,0,0.360359,0.698211,0.47983,0.624683,0.164296,0.790896,0.542621,0.482993
0.440004,0.747298,0.420093,0.99389,0,0,0,0,0,0,0.64067,0.818139,0.920981,0.741837,0.842861,0.428476,0,0,0,0,0,0,0,0,0,0,0,0,0,0,0.377199,0.676427,0.49667,0.619266,0.165818,0.763649,0.567143,0.57291
0.449186,0.747287,0.424689,0.995248,0,0,0,0,0,0,0.652919,0.801788,0.91179,0.755462,0.858175,0.433942,0,0,0,0,0,0,0,0,0,0,0,0,0,0,0.383333,0.679145,0.502805,0.619241,0.171953,0.771815,0.570214,0.572887
0.458369,0.750034,0.446133,0.995248,0,0,0,0,0,0,0,0,0,0,0,0,0,0,0,0,0,0,0,0,0,0,0,0,0,0,0.395591,0.68459,0.505852,0.619226,0.178082,0.782709,0.571743,0.570174
0.455315,0.7527,0.466049,0.992521,0,0,0,0,0,0,0.662111,0.804512,0.925578,0.725493,0.838269,0.425755,0,0,0,0,0,0,0,0,0,0,0,0,0,0,0.394051,0.67918,0.505855,0.619263,0.185728,0.78817,0.571754,0.575633
0.436952,0.758167,0.436945,0.993886,0,0,0,0,0,0,0.666705,0.799068,0.92864,0.722769,0.833674,0.439384,0,0,0,0,0,0,0,0,0,0,0,0,0,0,0.38946,0.698238,0.495172,0.624679,0.171941,0.788172,0.567135,0.567454
0.438472,0.75822,0.435412,0.993886,0,0,0,0,0,0,0,0,0,0,0,0,0,0,0,0,0,0,0,0,0,0,0,0,0,0,0.383324,0.698234,0.493611,0.624688,0.171944,0.793617,0.559493,0.556557
0.438464,0.763649,0.438474,0.993889,0,0,0,0,0,0,0,0,0,0,0,0,0,0,0,0,0,0,0,0,0,0,0,0,0,0,0.384879,0.703669,0.492092,0.624684,0.173483,0.799068,0.559489,0.556559
0.440009,0.771786,0.436943,0.993888,0,0,0,0,0,0,0,0,0,0,0,0,0,0,0,0,0,0,0,0,0,0,0,0,0,0,0.392517,0.71189,0.493609,0.624692,0.171942,0.796334,0.561013,0.556549
0.446134,0.766364,0.430819,0.995248,0,0,0,0,0,0,0,0,0,0,0,0,0,0,0,0,0,0,0,0,0,0,0,0,0,0,0.392512,0.703713,0.495136,0.621978,0.171945,0.79362,0.561021,0.551099
0.450721,0.758196,0.522722,0.916227,0,0,0,0,0,0,0.659052,0.809954,0.924044,0.747295,0.80303,0.455738,0,0,0,0,0,0,0,0,0,0,0,0,0,0,0.394046,0.703662,0.495161,0.621954,0.173477,0.793622,0.557954,0.545655
0.450738,0.752753,0.52732,0.910788,0,0,0,0,0,0,0.65752,0.809962,0.925574,0.741836,0.793849,0.463907,0,0,0,0,0,0,0,0,0,0,0,0,0,0,0.389452,0.673721,0.495167,0.619253,0.167355,0.785428,0.56101,0.551101
0.449185,0.752727,0.441538,0.995248,0,0,0,0,0,0,0,0,0,0,0,0,0,0,0,0,0,0,0,0,0,0,0,0,0,0,0.395575,0.692798,0.495137,0.619229,0.165827,0.782703,0.559493,0.548375
0.447685,0.747283,0.519659,0.908063,0,0,0,0,0,0,0.669775,0.807234,0.931701,0.755458,0.776996,0.485709,0,0,0,0,0,0,0,0,0,0,0,0,0,0,0.372608,0.66554,0.493631,0.61653,0.16123,0.771819,0.561023,0.542927
0.449204,0.747301,0.507405,0.913498,0,0,0,0,0,0,0.674369,0.804512,0.925577,0.755471,0.775466,0.507505,0,0,0,0,0,0,0,0,0,0,0,0,0,0,0.371075,0.660108,0.493598,0.619191,0.158171,0.766367,0.556415,0.526581
0.452253,0.750003,0.446134,0.993886,0,0,0,0,0,0,0.660586,0.804519,0.930168,0.755464,0.772403,0.521115,0,0,0,0,0,0,0,0,0,0,0,0,0,0,0.371075,0.665539,0.489031,0.619253,0.156635,0.7691,0.559483,0.518396
0.449198,0.752696,0.440006,0.992523,0,0,0,0,0,0,0.657516,0.804505,0.928639,0.747296,0.760148,0.518404,0,0,0,0,0,0,0,0,0,0,0,0,0,0,0.369543,0.66825,0.487497,0.619231,0.15357,0.766362,0.557954,0.515679
0.440013,0.752726,0.450728,0.989797,0,0,0,0,0,0,0.659049,0.799057,0.930173,0.750004,0.755543,0.512962,0,0,0,0,0,0,0,0,0,0,0,0,0,0,0.352694,0.662824,0.478307,0.619242,0.144376,0.763644,0.534966,0.450288
0.43235,0.752718,0.427756,0.993886,0,0,0,0,0,0,0.655986,0.779984,0.928639,0.750022,0.757078,0.512949,0,0,0,0,0,0,0,0,0,0,0,0,0,0,0.332782,0.673714,0.476774,0.619223,0.142853,0.766369,0.536506,0.45304
0.424701,0.752752,0,0,0,0,0,0,0,0,0.654458,0.774543,0.930172,0.755453,0.758611,0.515686,0,0,0,0,0,0,0,0,0,0,0,0,0,0,0.329717,0.668263,0.473722,0.621933,0.14744,0.76364,0.533431,0.450317
0.421622,0.755464,0.423157,0.993885,0,0,0,0,0,0,0.654455,0.779993,0.931704,0.755455,0.75708,0.512957,0,0,0,0,0,0,0,0,0,0,0,0,0,0,0.325125,0.670989,0.470648,0.62195,0.144376,0.758199,0.528869,0.447562
0.401722,0.755447,0.427755,0.938028,0,0,0,0,0,0,0.648325,0.77999,0.927106,0.755474,0.757088,0.518401,0,0,0,0,0,0,0,0,0,0,0,0,0,0,0.312874,0.676439,0.46145,0.619258,0.144378,0.755465,0.528842,0.444839
0.395583,0.755458,0.427753,0.984347,0,0,0,0,0,0,0.639138,0.777267,0.928644,0.752729,0.758615,0.518398,0,0,0,0,0,0,0,0,0,0,0,0,0,0,0.306747,0.684616,0.455334,0.61926,0.142842,0.750019,0.528838,0.450279
0.394054,0.763644,0.421628,0.989797,0,0,0,0,0,0,0.642201,0.788166,0.920984,0.755462,0.757081,0.507513,0,0,0,0,0,0,0,0,0,0,0,0,0,0,0.303683,0.681893,0.452257,0.621924,0.145906,0.744562,0.530379,0.455758
0.383323,0.763626,0.41703,0.951649,0,0,0,0,0,0,0.648325,0.807236,0.917922,0.750016,0.754022,0.491152,0,0,0,0,0,0,0,0,0,0,0,0,0,0,0.320523,0.671019,0.455332,0.619222,0,0,0.531922,0.458474
0.392517,0.77184,0.418564,0.935299,0.167352,0.940749,0,0,0,0,0.639139,0.796341,0.917922,0.728223,0.76015,0.482978,0,0,0,0,0,0,0,0,0,0,0,0,0,0,0.308276,0.692794,0.443082,0.62198,0.170418,0.690068,0.531914,0.461183
0.397111,0.777241,0.397119,0.962548,0.155101,0.967994,0,0,0,0,0.640667,0.801794,0.91792,0.736396,0.760139,0.480262,0,0,0,0,0,0,0,0,0,0,0,0,0,0,0.322066,0.676437,0.446121,0.624676,0.184202,0.676443,0.533443,0.466622
0.392514,0.782699,0.394055,0.992522,0.15663,0.943474,0,0,0,0,0.645264,0.818138,0.917916,0.736395,0.760147,0.480258,0,0,0,0,0,0,0,0,0,0,0,0,0,0,0.294487,0.692793,0.443086,0.627389,0.14131,0.720041,0.533434,0.477525
0.387928,0.780004,0.397117,0.984346,0.145911,0.970727,0,0,0,0,0.643732,0.818139,0.917919,0.733669,0.760147,0.480249,0,0,0,0,0,0,0,0,0,0,0,0,0,0,0.305207,0.692793,0.441552,0.627393,0.130592,0.717314,0.533432,0.485684
0.386387,0.785425,0.375675,0.993885,0,0,0,0,0,0,0.648326,0.804504,0.917918,0.744561,0.761683,0.480265,0,0,0,0,0,0,0,0,0,0,0,0,0,0,0.28989,0.684617,0.436949,0.627417,0.124466,0.714586,0.53345,0.49116
0.375693,0.78271,0.403246,0.987073,0,0,0,0,0,0,0.657521,0.807236,0.922513,0.755457,0.761679,0.485719,0,0,0,0,0,0,0,0,0,0,0,0,0,0,0.280699,0.665545,0.435409,0.63011,0.13672,0.717321,0.533431,0.496604
0.375677,0.78271,0.415501,0.984347,0,0,0,0,0,0,0.652925,0.815403,0.92711,0.755456,0.773929,0.502064,0,0,0,0,0,0,0,0,0,0,0,0,0,0,0.27457,0.662834,0.435423,0.630116,0.141318,0.709142,0.533451,0.507509
0.375681,0.779999,0.423159,0.976174,0,0,0,0,0,0,0.665177,0.807229,0.928638,0.763641,0.777005,0.504785,0,0,0,0,0,0,0,0,0,0,0,0,0,0,0.269987,0.660106,0.436952,0.630121,0.139778,0.714597,0.534985,0.507522
0.375659,0.777249,0.432347,0.946197,0,0,0,0,0,0,0.660583,0.799059,0.925575,0.769088,0.780063,0.512949,0,0,0,0,0,0,0,0,0,0,0,0,0,0,0.265389,0.662812,0.438483,0.627392,0.13672,0.714599,0.536522,0.510229
0.374156,0.774559,0.443073,0.951653,0,0,0,0,0,0,0.65905,0.801779,0.93017,0.76364,0.780061,0.515683,0,0,0,0,0,0,0,0,0,0,0,0,0,0,0.309799,0.700956,0.439999,0.62738,0.133657,0.720035,0.538052,0.510211
0.377211,0.774533,0.435412,0.951651,0,0,0,0,0,0,0.655986,0.788165,0.933231,0.75002,0.780061,0.518396,0,0,0,0,0,0,0,0,0,0,0,0,0,0,0.306741,0.700955,0.439999,0.624692,0,0,0.539579,0.507496
0.377193,0.77452,0.436942,0.946201,0,0,0,0,0,0,0.65292,0.796339,0.931704,0.733668,0.777003,0.518404,0,0,0,0,0,0,0,0,0,0,0,0,0,0,0.271514,0.654656,0.440012,0.624695,0.138248,0.714587,0.541086,0.50751
0.377196,0.771808,0.450728,0.984346,0,0,0,0,0,0,0.669773,0.820862,0.940893,0.739119,0.776995,0.52386,0,0,0,0,0,0,0,0,0,0,0,0,0,0,0.266919,0.657379,0.441544,0.624658,0.17194,0.69825,0.542615,0.51292
0.377224,0.771821,0.453794,0.954376,0,0,0,0,0,0,0.680495,0.790885,0.940893,0.728218,0.777002,0.526582,0,0,0,0,0,0,0,0,0,0,0,0,0,0,0.294484,0.684625,0.443059,0.621939,0.167348,0.700972,0.542619,0.51293
0.37567,0.771829,0.453795,0.987072,0,0,0,0,0,0,0.669773,0.818133,0.948552,0.755457,0.780058,0.529304,0,0,0,0,0,0,0,0,0,0,0,0,0,0,0.260798,0.651929,0.441544,0.619258,0.14744,0.706414,0.5411,0.512936
0.374134,0.771813,0.449199,0.989796,0,0,0,0,0,0,0.669771,0.804507,0.950086,0.75819,0.775468,0.526577,0,0,0,0,0,0,0,0,0,0,0,0,0,0,0.303678,0.700965,0.441531,0.619232,0,0,0.541085,0.512969
0.374144,0.771841,0.441541,0.987072,0,0,0,0,0,0,0.674365,0.782711,0.942424,0.739114,0.775465,0.526579,0,0,0,0,0,0,0,0,0,0,0,0,0,0,0.257727,0.657381,0.441527,0.619263,0.159698,0.700967,0.539581,0.515653
0.37414,0.771838,0.447667,0.992521,0,0,0,0,0,0,0.675898,0.790889,0.942424,0.739114,0.77853,0.529298,0,0,0,0,0,0,0,0,0,0,0,0,0,0,0.30521,0.700968,0.438476,0.621913,0,0,0.539582,0.512989
0.374131,0.774553,0.455325,0.992523,0,0,0,0,0,0,0.671304,0.807239,0.953147,0.763644,0.780061,0.534762,0,0,0,0,0,0,0,0,0,0,0,0,0,0,0.257725,0.660113,0.43847,0.621951,0.170413,0.698245,0.539574,0.515683
0.374135,0.774516,0.461451,0.993885,0,0,0,0,0,0,0.675898,0.80451,0.963867,0.76909,0.77853,0.534766,0,0,0,0,0,0,0,0,0,0,0,0,0,0,0.305207,0.698237,0.438464,0.621952,0,0,0.541115,0.515674
0.374128,0.777265,0.466049,0.9789,0,0,0,0,0,0,0.703474,0.788168,0.962336,0.771813,0.781587,0.55112,0,0,0,0,0,0,0,0,0,0,0,0,0,0,0.305206,0.698242,0.44,0.621953,0,0,0.542642,0.521144
0.374152,0.777246,0.450731,0.984347,0,0,0,0,0,0,0.705006,0.790885,0.950084,0.750016,0.781585,0.564727,0,0,0,0,0,0,0,0,0,0,0,0,0,0,0.253136,0.662814,0.44153,0.621963,0.158162,0.70914,0.542652,0.518401
0.37566,0.774534,0.452262,0.976174,0,0,0,0,0,0,0.705002,0.796331,0.960811,0.758182,0.783119,0.57292,0,0,0,0,0,0,0,0,0,0,0,0,0,0,0.259256,0.665535,0.441528,0.621987,0.158163,0.703697,0.544165,0.518392
0.375669,0.77453,0.453794,0.981625,0,0,0,0,0,0,0.688152,0.848108,0.960811,0.752743,0.784663,0.581088,0,0,0,0,0,0,0,0,0,0,0,0,0,0,0.259252,0.660088,0.444602,0.624683,0.156632,0.698238,0.544193,0.518405
0.375684,0.774513,0.446136,0.984347,0,0,0,0,0,0,0.677432,0.880806,0.959273,0.722771,0.79078,0.594708,0,0,0,0,0,0,0,0,0,0,0,0,0,0,0.260791,0.657384,0.449203,0.638291,0.145909,0.687344,0.544177,0.51839
0.375671,0.771834,0.446134,0.987074,0,0,0,0,0,0,0.680495,0.878081,0.968467,0.733665,0.796907,0.602878,0,0,0,0,0,0,0,0,0,0,0,0,0,0,0.263851,0.657366,0.453794,0.638299,0.150506,0.695514,0.545696,0.518427
0.375697,0.771829,0.449201,0.981621,0,0,0,0,0,0,0.678963,0.894427,0.966939,0.722766,0.804565,0.61104,0,0,0,0,0,0,0,0,0,0,0,0,0,0,0.262326,0.662827,0.452267,0.641048,0.165819,0.679169,0.545722,0.518448
0.377213,0.769095,0.447668,0.987073,0,0,0,0,0,0,0.688154,0.859005,0.962341,0.717317,0.801511,0.613754,0,0,0,0,0,0,0,0,0,0,0,0,0,0,0.263854,0.657382,0.452265,0.641028,0.153569,0.6819,0.547219,0.518422
0.381793,0.760933,0.443071,0.981623,0.175011,0.948928,0,0,0,0,0.686621,0.856278,0.97612,0.722772,0.813755,0.632848,0,0,0,0,0,0,0,0,0,0,0,0,0,0,0.268454,0.657373,0.458396,0.638273,0.153569,0.687346,0.550299,0.518404
0.389463,0.758176,0.430818,0.978897,0,0,0,0,0,0,0.672837,0.864453,0.979184,0.714587,0.810705,0.638309,0,0,0,0,0,0,0,0,0,0,0,0,0,0,0.323591,0.670992,0.466039,0.635553,0,0,0.554876,0.521128
0.395574,0.752783,0.440009,0.984346,0,0,0,0,0,0,0.698876,0.848107,0.977668,0.706406,0.824477,0.660097,0,0,0,0,0,0,0,0,0,0,0,0,0,0,0.282239,0.657374,0.473708,0.630142,0.152035,0.670997,0.557964,0.515664
0.429287,0.736393,0.470642,0.951648,0,0,0,0,0,0,0.717258,0.826309,0.99757,0.752718,0.859719,0.706435,0,0,0,0,0,0,0,0,0,0,0,0,0,0,0.328188,0.657363,0.507383,0.62194,0.19186,0.673717,0.579386,0.578368
0.440005,0.730969,0.447667,0.989796,0.182671,0.935297,0,0,0,0,0.717257,0.842653,0.99604,0.755437,0.865833,0.711867,0,0,0,0,0,0,0,0,0,0,0,0,0,0,0.355755,0.654636,0.508929,0.619191,0.201052,0.679168,0.582473,0.591981
0.44612,0.730938,0.461453,0.951648,0,0,0,0,0,0,0.732575,0.826307,0.994513,0.755439,0.867375,0.711882,0,0,0,0,0,0,0,0,0,0,0,0,0,0,0.366475,0.64646,0.515067,0.613783,0.193391,0.670995,0.585536,0.583808
0.447662,0.728176,0.462984,0.946199,0,0,0,0,0,0,0.744829,0.820859,0.996046,0.752731,0.87502,0.722741,0,0,0,0,0,0,0,0,0,0,0,0,0,0,0.346574,0.646459,0.522711,0.611041,0.194927,0.665549,0.591649,0.600158
0.508926,0.692787,0.435413,0.951647,0.142849,0.872633,0,0,0,0,0,0,0,0,0,0,0,0,0,0,0,0,0,0,0,0,0,0,0,0,0.418561,0.602873,0.564088,0.583797,0.213289,0.654652,0.622296,0.613752
0.518136,0.690074,0.446135,0.993884,0.126,0.875358,0,0,0,0,0.717257,0.886251,0,0,0,0,0,0,0,0,0,0,0,0,0,0,0,0,0,0,0.427759,0.600155,0.57329,0.583788,0.220977,0.662772,0.631482,0.621936
0.525775,0.690052,0.430819,0.993885,0.132128,0.872634,0,0,0,0,0.731042,0.883533,0,0,0,0,0,0,0,0,0,0,0,0,0,0,0,0,0,0,0.433891,0.600133,0.577867,0.586521,0.225538,0.660115,0.633012,0.619249
0.53039,0.665569,0.482896,0.993885,0.176539,0.894423,0,0,0,0,0.708069,0.89715,0,0,0,0,0,0,0,0,0,0,0,0,0,0,0,0,0,0,0.432346,0.581079,0.576321,0.55108,0.22863,0.676447,0,0
0.528848,0.662792,0.487491,0.992525,0.175021,0.886259,0,0,0,0,0.708068,0.902604,0,0,0,0,0,0,0,0,0,0,0,0,0,0,0,0,0,0,0.429272,0.578339,0.573261,0.542901,0.225571,0.679163,0.633002,0.537487
