0.423025,0.371267,0.398512,0.646472,0.145107,0.5511,0,0,0,0,0.673716,0.545652,0.796333,0.709165,0.752739,0.455718,0,0,0,0,0,0,0,0,0,0,0,0,0,0,0.371285,0.273161,0.510258,0.322208,0.308608,0.278639,0.66284,0.387609
0.398512,0.363093,0.409413,0.613776,0.147836,0.52113,0,0,0,0,0.673718,0.698242,0.752736,0.973449,0,0,0,0,0,0,0,0,0,0,0,0,0,0,0,0,0.346768,0.254091,0.510198,0.305856,0.314042,0.251378,0.668298,0.360366
0.393074,0.322218,0.431211,0.591973,0.150562,0.55655,0,0,0,0,0.695518,0.635573,0.76364,0.581077,0.706405,0.357632,0,0,0,0,0,0,0,0,0,0,0,0,0,0,0.357635,0.229583,0.491177,0.275905,0.316788,0.259555,0.660088,0.35491
0.37944,0.346728,0.439386,0.570175,0.210506,0.572901,0,0,0,0,0.649201,0.570183,0.752748,0.545655,0.684615,0.267726,0,0,0,0,0,0,0,0,0,0,0,0,0,0,0.31951,0.262291,0.480255,0.308581,0,0,0.643769,0.373959
0.395783,0.349463,0.39852,0.624674,0.156013,0.572901,0,0,0,0,0.641022,0.553837,0.758191,0.518389,0.69552,0.243204,0,0,0,0,0,0,0,0,0,0,0,0,0,0,0.324957,0.264985,0.485731,0.300441,0.303122,0.284111,0.646506,0.360376
0.403964,0.349464,0.412138,0.6165,0.153289,0.589251,0,0,0,0,0.632852,0.553828,0.758203,0.472084,0.66282,0.18053,0,0,0,0,0,0,0,0,0,0,0,0,0,0,0.322219,0.256824,0.485715,0.303159,0.292279,0.281333,0.641003,0.354896
0.360374,0.316768,0.406689,0.589252,0.153284,0.567452,0,0,0,0,0.61922,0.553824,0.741841,0.463905,0.635587,0.18872,0,0,0,0,0,0,0,0,0,0,0,0,0,0,0.311331,0.26227,0.480255,0.275904,0.275899,0.286811,0.630133,0.357631
0.423038,0.289523,0.398515,0.578352,0.150561,0.551106,0,0,0,0,0.605597,0.556557,0.739122,0.45574,0.630135,0.185972,0,0,0,0,0,0,0,0,0,0,0,0,0,0,0,0,0.474804,0.273179,0,0,0.627414,0.354928
0.420315,0.278622,0.417587,0.56473,0.169634,0.537481,0,0,0,0,0.589253,0.551106,0.744568,0.455735,0.632828,0.191403,0,0,0,0,0,0,0,0,0,0,0,0,0,0,0,0,0.491158,0.251384,0,0,0.624672,0.344025
0.439385,0.265002,0.431211,0.559283,0.226855,0.551105,0,0,0,0,0.578347,0.542934,0.747292,0.469354,0.635587,0.196885,0,0,0,0,0,0,0,0,0,0,0,0,0,0,0.395793,0.218674,0.491167,0.245919,0.273169,0.275894,0.624683,0.352195
0.360342,0.357623,0.390343,0.586528,0.224126,0.562005,0,0,0,0,0.58925,0.551106,0.733678,0.50479,0.646502,0.213209,0,0,0,0,0,0,0,0,0,0,0,0,0,0,0.31679,0.254087,0.469362,0.303159,0,0,0.630123,0.374007
0.398517,0.316773,0.368544,0.586525,0.153283,0.518407,0,0,0,0,0.570181,0.572897,0.733672,0.477532,0.621975,0.215934,0,0,0,0,0,0,0,0,0,0,0,0,0,0,0.346736,0.256838,0.466632,0.275899,0,0,0.616508,0.37944
0.417593,0.303153,0.436661,0.578354,0.243202,0.564724,0,0,0,0,0.562004,0.578361,0.730959,0.482992,0.605579,0.226884,0,0,0,0,0,0,0,0,0,0,0,0,0,0,0.341282,0.254096,0.482983,0.256827,0,0,0.594701,0.357642
0.420312,0.278626,0.338569,0.551106,0,0,0,0,0,0,0.5729,0.60015,0.706419,0.515666,0.52659,0.278614,0,0,0,0,0,0,0,0,0,0,0,0,0,0,0.379442,0.188706,0.482983,0.265002,0.265002,0.166908,0.581081,0.360367
0.433931,0.324947,0.338568,0.548378,0,0,0,0,0,0,0.534764,0.553833,0.706396,0.526577,0.540215,0.275898,0,0,0,0,0,0,0,0,0,0,0,0,0,0,0.414862,0.251381,0.49388,0.2977,0,0,0.575622,0.363097
0.433942,0.284073,0.338567,0.540207,0.0088704,0.46391,0,0,0,0,0.53475,0.537483,0.703664,0.532022,0.542922,0.278617,0,0,0,0,0,0,0,0,0,0,0,0,0,0,0.417586,0.237749,0.493887,0.270452,0,0,0.575634,0.349467
0.409414,0.256826,0.34947,0.542931,0,0,0,0,0,0,0.572905,0.575631,0.698269,0.548384,0.537501,0.286809,0,0,0,0,0,0,0,0,0,0,0,0,0,0,0.401238,0.218678,0.491159,0.251373,0,0,0.602876,0.335845
0.403967,0.289521,0.354919,0.55655,0.128761,0.50478,0,0,0,0,0.586528,0.591977,0.700947,0.551112,0.534753,0.284072,0,0,0,0,0,0,0,0,0,0,0,0,0,0,0.38217,0.240475,0.482985,0.267725,0,0,0.591974,0.354916
0.461181,0.338568,0.365818,0.564721,0.123313,0.469362,0,0,0,0,0.608324,0.630122,0.703678,0.559287,0.534768,0.297684,0,0,0,0,0,0,0,0,0,0,0,0,0,0,0.41214,0.251373,0.521125,0.289529,0,0,0.583806,0.365819
0.412134,0.264997,0.428487,0.559277,0.224131,0.532028,0,0,0,0,0.63285,0.619223,0.71733,0.545657,0.556593,0.292221,0,0,0,0,0,0,0,0,0,0,0,0,0,0,0.395797,0.229573,0.458464,0.243198,0,0,0.586526,0.371263
0.455728,0.23503,0.444841,0.540206,0.240477,0.532027,0,0,0,0,0.616498,0.51569,0.736372,0.512961,0.583784,0.251414,0,0,0,0,0,0,0,0,0,0,0,0,0,0,0.436668,0.191437,0.542931,0.243202,0.374,0.224134,0,0
0.414852,0.22685,0.455733,0.540207,0.259554,0.499331,0,0,0,0,0.654646,0.562006,0.741823,0.534777,0.602857,0.275927,0,0,0,0,0,0,0,0,0,0,0,0,0,0,0.450308,0.153269,0.485727,0.22958,0,0,0.567454,0.262283
0.447579,0.365811,0.43392,0.567445,0.237747,0.542926,0,0,0,0,0.621956,0.561997,0.687345,0.597421,0.64649,0.33857,0,0,0,0,0,0,0,0,0,0,0,0,0,0,0.393091,0.292285,0.534731,0.311328,0.308584,0.305861,0.605585,0.346743
0.447539,0.357608,0.414858,0.556548,0.229582,0.54021,0.0633646,0.529304,0.43666,0.376711,0.600148,0.542936,0.684589,0.600145,0.643754,0.341285,0.357647,0.993887,0.226852,0.993886,0,0,0,0,0,0,0,0,0,0,0.38219,0.289555,0.523852,0.297682,0.294977,0.311335,0.597413,0.341298
0.423066,0.354934,0.423038,0.548378,0.243206,0.521133,0.0252179,0.537478,0.423038,0.371263,0.58653,0.548382,0.676463,0.594707,0.635582,0.34403,0,0,0,0,0,0,0,0,0,0,0,0,0,0,0.374002,0.289484,0.515681,0.308602,0.297672,0.305872,0.58652,0.360366
0.423057,0.357608,0.420313,0.537479,0.235034,0.532034,0.0361175,0.537476,0.3849,0.390341,0.591972,0.542919,0.679166,0.594677,0.627405,0.341311,0,0,0,0,0,0,0,0,0,0,0,0,0,0,0.371274,0.289535,0.510221,0.300434,0.281361,0.300409,0.564729,0.341293
0.433954,0.341301,0.417589,0.537483,0.240479,0.548378,0.060642,0.548377,0.374008,0.393075,0.594696,0.529303,0.681906,0.594697,0.624701,0.338571,0.379442,0.993886,0,0,0,0,0,0,0,0,0,0,0,0,0.376713,0.284083,0.499333,0.292268,0.297728,0.303167,0.572899,0.335845
0.44212,0.314041,0.412139,0.534755,0.237757,0.540206,0.104236,0.556549,0.365804,0.40126,0.586519,0.518421,0.690069,0.583807,0.627382,0.333135,0.365818,0.993885,0,0,0,0,0,0,0,0,0,0,0,0,0.371294,0.289545,0.502057,0.281353,0.316769,0.335823,0.572918,0.333112
0.436688,0.311312,0.406696,0.523868,0.226851,0.518401,0.0524646,0.556557,0.354922,0.417594,0.589249,0.523861,0.692835,0.57834,0.619242,0.316765,0,0,0,0,0,0,0,0,0,0,0,0,0,0,0.376742,0.286785,0.52384,0.278633,0.314063,0.335851,0.594702,0.338566
0.428507,0.29771,0.414861,0.510232,0.254102,0.502056,0,0,0,0,0.570181,0.518413,0.695524,0.578373,0.613775,0.322208,0,0,0,0,0,0,0,0,0,0,0,0,0,0,0.374012,0.289505,0.510241,0.265,0.319487,0.327685,0.57836,0.335835
0.428503,0.322215,0.431212,0.515674,0.254094,0.529303,0.00614364,0.564733,0.341299,0.43122,0.564734,0.529308,0.690092,0.602858,0.60831,0.360402,0.417591,0.993885,0.2759,0.993885,0,0,0,0,0.551104,0.993886,0,0,0,0,0.382174,0.294976,0.493873,0.303143,0.316774,0.341277,0.575632,0.352187
0.43394,0.333099,0.433935,0.518413,0.254097,0.537479,0,0,0,0,0.572901,0.523871,0.687376,0.608328,0.608355,0.36854,0.420316,0.993886,0.275899,0.993886,0,0,0,0,0.562004,0.993886,0,0,0,0,0.382168,0.30315,0.48571,0.292257,0.316797,0.352168,0.575636,0.352186
0.447575,0.341298,0.423043,0.52387,0.240472,0.52931,0.123312,0.551108,0.346749,0.431203,0.575633,0.534755,0.687365,0.613755,0.616482,0.371289,0.39579,0.993886,0.259554,0.993885,0,0,0,0,0.537479,0.993885,0,0,0,0,0.393057,0.303164,0.518396,0.305878,0.330409,0.341297,0.578361,0.365808
0.444838,0.344,0.431215,0.52931,0.243207,0.532027,0,0,0,0,0.597423,0.529304,0.687374,0.619191,0.621918,0.376718,0.409414,0.993886,0.267725,0.993886,0,0,0,0,0.545654,0.993887,0,0,0,0,0.395783,0.308573,0.510233,0.305872,0.338569,0.341276,0.575634,0.354913
0.455718,0.352182,0.436663,0.526583,0.256825,0.532035,0,0,0,0,0.581086,0.532035,0.692827,0.61924,0.627376,0.37943,0.436662,0.993885,0.31132,0.993886,0,0,0,0,0.551102,0.993886,0,0,0,0,0.401253,0.311359,0.515702,0.316767,0.333121,0.346759,0.578352,0.360361
0.463896,0.34674,0.43122,0.5511,0.254117,0.556554,0,0,0,0,0.58108,0.529299,0.700949,0.621947,0.624658,0.379445,0.409416,0.993886,0.270452,0.993885,0,0,0,0,0.540202,0.993887,0,0,0,0,0.403974,0.311323,0.529284,0.316777,0.33312,0.35217,0.578368,0.357648
0.463921,0.346751,0.425774,0.551109,0.254106,0.548381,0,0,0,0,0.581089,0.545647,0.703704,0.624701,0.616526,0.379458,0.390341,0.993886,0.256827,0.993886,0,0,0,0,0.523857,0.993886,0,0,0,0,0.404019,0.311352,0.52384,0.316752,0.335813,0.349471,0.581069,0.368538
0.466667,0.344019,0.425764,0.559285,0.251386,0.545652,0,0,0,0,0.581091,0.559287,0.706401,0.63284,0.613777,0.390362,0.368541,0.993887,0.240481,0.993888,0,0,0,0,0,0,0,0,0,0,0.406721,0.311358,0.521128,0.308615,0.338529,0.354911,0.583799,0.363085
0.480269,0.354936,0.436647,0.55654,0.254096,0.534762,0,0,0,0,0.591977,0.55928,0.706414,0.643771,0.616505,0.406675,0.360372,0.993889,0,0,0,0,0,0,0,0,0,0,0,0,0.423048,0.308564,0.540225,0.330386,0.341344,0.341268,0.600129,0.38761
0.482948,0.360375,0.436668,0.559268,0.251372,0.532029,0,0,0,0,0.600158,0.567447,0.70645,0.654632,0.621915,0.40397,0,0,0,0,0,0,0,0,0,0,0,0,0,0,0.425716,0.308601,0.551089,0.338552,0.344012,0.338633,0.602879,0.384882
0.480279,0.363123,0.442109,0.551107,0.259545,0.526587,0,0,0,0,0.6056,0.567459,0.709113,0.657345,0.630136,0.403957,0,0,0,0,0,0,0,0,0,0,0,0,0,0,0.425808,0.308562,0.553828,0.341285,0.346742,0.338527,0.619213,0.382179
0.485702,0.363102,0.433936,0.556547,0.248643,0.518406,0,0,0,0,0.605611,0.570195,0.709121,0.65737,0.638287,0.406702,0,0,0,0,0,0,0,0,0,0,0,0,0,0,0.431193,0.30316,0.556576,0.338603,0.346752,0.335867,0.624694,0.382167
0.493899,0.363083,0.447559,0.545648,0.262269,0.526585,0,0,0,0,0.613761,0.564719,0.698262,0.662781,0.660106,0.417584,0,0,0,0,0,0,0,0,0,0,0,0,0,0,0.444829,0.281365,0.564717,0.344019,0.349496,0.327687,0.630141,0.398524
0.493884,0.365831,0.433928,0.556548,0.251376,0.526577,0,0,0,0,0.602872,0.567462,0.692807,0.660123,0.660109,0.423051,0,0,0,0,0,0,0,0,0,0,0,0,0,0,0.433941,0.275876,0.567436,0.349475,0.349486,0.322233,0.630097,0.417576
0.496619,0.376723,0.433943,0.556554,0.248654,0.529314,0,0,0,0,0.597429,0.570168,0.684647,0.66277,0.660116,0.423039,0,0,0,0,0,0,0,0,0,0,0,0,0,0,0.442115,0.278663,0.564729,0.354918,0.349448,0.316759,0.627397,0.417585
0.485714,0.360364,0.420306,0.55655,0.229582,0.532034,0,0,0,0,0.594694,0.572905,0.681904,0.660105,0.66281,0.420301,0,0,0,0,0,0,0,0,0,0,0,0,0,0,0.442092,0.273201,0.553821,0.341307,0.346762,0.314002,0.630112,0.420294
0.488432,0.371265,0.395794,0.548377,0.221402,0.510238,0,0,0,0,0.58107,0.570179,0.673743,0.651905,0.651928,0.409426,0,0,0,0,0,0,0,0,0,0,0,0,0,0,0.450276,0.281356,0.556555,0.346732,0.352191,0.294987,0.621965,0.420308
0.480262,0.363083,0.401242,0.540205,0.224135,0.499333,0.139654,0.537477,0.341352,0.401207,0.58107,0.567462,0.671018,0.651914,0.649184,0.403996,0.352194,0.993887,0,0,0,0,0,0,0,0,0,0,0,0,0.447549,0.281353,0.553834,0.344037,0.374,0.278619,0.621934,0.412136
0.482969,0.36856,0.433929,0.542927,0.254111,0.532033,0,0,0,0,0.57564,0.567469,0.668303,0.65191,0.646462,0.406704,0,0,0,0,0,0,0,0,0,0,0,0,0,0,0.453012,0.28952,0.559278,0.357646,0.379451,0.270435,0.619248,0.4203
0.482967,0.368552,0.436665,0.523855,0.270451,0.52658,0,0,0,0,0.575635,0.55654,0.665579,0.649205,0.641058,0.403987,0,0,0,0,0,0,0,0,0,0,0,0,0,0,0.447555,0.286806,0.556559,0.354906,0.371266,0.273177,0.616515,0.414858
0.474805,0.357623,0.428487,0.548381,0.251376,0.545654,0,0,0,0,0.572895,0.572897,0.660101,0.649194,0.649213,0.403956,0,0,0,0,0,0,0,0,0,0,0,0,0,0,0.444829,0.281354,0.537473,0.333122,0.365818,0.275907,0.621969,0.395788
0.488443,0.357611,0.428483,0.542925,0.24865,0.5293,0,0,0,0,0.575629,0.564734,0.665524,0.643778,0.654669,0.401287,0,0,0,0,0,0,0,0,0,0,0,0,0,0,0.45299,0.278627,0.556585,0.338572,0.365823,0.281342,0.621934,0.412137
0.491181,0.354904,0.431209,0.540205,0.25136,0.529303,0,0,0,0,0.57837,0.556552,0.665583,0.643722,0.657357,0.403949,0,0,0,0,0,0,0,0,0,0,0,0,0,0,0.455734,0.275885,0.567432,0.341276,0.368558,0.278625,0.616505,0.423035
0.504756,0.354908,0.41487,0.52931,0.25138,0.526584,0,0,0,0,0.5838,0.556569,0.665601,0.641045,0.657378,0.403986,0,0,0,0,0,0,0,0,0,0,0,0,0,0,0.461199,0.278614,0.572886,0.341308,0.368542,0.28679,0.619198,0.420291
0.499319,0.349484,0.414864,0.545659,0.24864,0.52931,0,0,0,0,0.586527,0.561995,0.668295,0.643732,0.660057,0.40397,0.368543,0.993887,0,0,0,0,0,0,0,0,0,0,0,0,0.461185,0.27863,0.570192,0.335848,0.36854,0.29223,0.624668,0.395796
0.49663,0.344039,0.428497,0.55927,0.251369,0.526583,0,0,0,0,0.600143,0.57291,0.673714,0.638325,0.662763,0.39855,0.37127,0.993887,0,0,0,0,0,0,0,0,0,0,0,0,0,0,0.572918,0.333128,0.360376,0.297688,0.635588,0.395774
0.488446,0.341312,0.428488,0.556556,0.251363,0.526575,0,0,0,0,0.602873,0.57019,0.676456,0.638326,0.662763,0.398537,0,0,0,0,0,0,0,0,0,0,0,0,0,0,0.455738,0.26228,0.570157,0.333098,0.36853,0.28952,0.630129,0.409414
0.474802,0.344018,0.401235,0.556563,0.221404,0.496608,0,0,0,0,0.605584,0.570186,0.681876,0.638282,0.660112,0.398525,0,0,0,0,0,0,0,0,0,0,0,0,0,0,0.455741,0.259539,0.55931,0.333086,0.371269,0.278612,0.632834,0.395788
0.461215,0.324952,0.420318,0.537478,0.237748,0.47209,0.136935,0.469361,0.374002,0.311352,0.611057,0.567446,0.700994,0.6301,0.660106,0.390316,0,0,0,0,0,0,0,0,0,0,0,0,0,0,0.477538,0.221386,0.564738,0.314011,0.390333,0.215966,0.630118,0.393056
0.472089,0.316791,0.425753,0.532041,0.226849,0.469363,0.131486,0.450284,0.373972,0.303131,0.613782,0.562,0.706441,0.624654,0.657375,0.387609,0,0,0,0,0,0,0,0,0,0,0,0,0,0,0.480232,0.224103,0.572884,0.311302,0.384891,0.207791,0.630127,0.379455
0.463907,0.314022,0.420319,0.534757,0.232301,0.455733,0.134208,0.450288,0.368559,0.297707,0.613774,0.56745,0.70918,0.621949,0.651917,0.382191,0,0,0,0,0,0,0,0,0,0,0,0,0,0,0.463899,0.224123,0.559273,0.308586,0.379442,0.21324,0.627378,0.384877
0.455728,0.30862,0.42576,0.529309,0.232297,0.466639,0.142386,0.433939,0.357628,0.303155,0.611043,0.559282,0.711904,0.619231,0.649216,0.379428,0,0,0,0,0,0,0,0,0,0,0,0,0,0,0.447572,0.232305,0.542943,0.297691,0.379459,0.215956,0.621934,0.376715
0.442103,0.319514,0.428484,0.521145,0.237757,0.472088,0.145113,0.450287,0.335804,0.335806,0.605586,0.548382,0.711888,0.624678,0.646449,0.373995,0.344025,0.99389,0.183258,0.993886,0,0,0,0,0.502058,0.99389,0,0,0,0,0.412163,0.248682,0.534774,0.300457,0.360368,0.24593,0.616508,0.37671
0.442082,0.319479,0.423033,0.523869,0.210499,0.472087,0.150562,0.444839,0.31951,0.338525,0.605608,0.548384,0.711867,0.630124,0.649202,0.373996,0.338571,0.995249,0.166908,0.993886,0,0,0,0,0,0,0,0,0,0,0.406692,0.251364,0.534759,0.300398,0.376714,0.256833,0.621958,0.368544
0.444811,0.327671,0.40942,0.53748,0.229579,0.46392,0.147832,0.420312,0.316764,0.341323,0.605608,0.567448,0.71188,0.635576,0.657393,0.390339,0,0,0,0,0,0,0,0,0,0,0,0,0,0,0.40942,0.251348,0.540182,0.303143,0.352198,0.25411,0.621948,0.387623
0.447532,0.330414,0.42848,0.529316,0.251367,0.469347,0,0,0,0,0.613774,0.564719,0.717313,0.641003,0.662799,0.398479,0,0,0,0,0,0,0,0,0,0,0,0,0,0,0.403974,0.254135,0.545625,0.303167,0.346741,0.262279,0.624697,0.382156
0.442084,0.338547,0.43121,0.534762,0.251382,0.469333,0,0,0,0,0.624677,0.572896,0.725481,0.665527,0.665565,0.417579,0,0,0,0,0,0,0,0,0,0,0,0,0,0,0.398526,0.278617,0.53476,0.313996,0.341305,0.273173,0.632866,0.387637
0.439398,0.335891,0.431214,0.534762,0.245911,0.469357,0,0,0,0,0.624681,0.570181,0.728207,0.662854,0.665501,0.420287,0,0,0,0,0,0,0,0,0,0,0,0,0,0,0.393042,0.281328,0.532059,0.313993,0.341307,0.289521,0.632837,0.3849
0.439363,0.338523,0.433929,0.537493,0.248638,0.474824,0,0,0,0,0.62468,0.570177,0.728216,0.662848,0.660114,0.41486,0.349466,0.99525,0.191427,0.995248,0,0,0,0,0,0,0,0,0,0,0.395773,0.284072,0.529319,0.311344,0.344035,0.289525,0.630103,0.382167
0.439365,0.335888,0.436674,0.532024,0.256826,0.472085,0.0252175,0.425764,0.256823,0.357613,0.621941,0.567455,0.728192,0.662833,0.657388,0.417575,0.360373,0.995249,0.210504,0.995248,0,0,0,0,0,0,0,0,0,0,0.395773,0.281339,0.531996,0.311352,0.344016,0.311328,0.627386,0.379435
0.436676,0.335865,0.431195,0.529311,0.259559,0.458488,0,0,0,0,0.602881,0.567452,0.720041,0.66552,0.630095,0.417589,0.354923,0.995249,0.21323,0.995248,0,0,0,0,0,0,0,0,0,0,0.393036,0.281363,0.529293,0.311343,0.338555,0.322231,0.611033,0.376714
0.436664,0.335824,0.43121,0.523868,0.259554,0.463908,0,0,0,0,0.602862,0.567442,0.714621,0.665553,0.61925,0.423025,0.363099,0.995251,0.229575,0.99525,0,0,0,0,0.502053,0.995252,0,0,0,0,0.390366,0.284049,0.529326,0.311356,0.338563,0.32495,0.613755,0.382174
0.439383,0.335881,0.431234,0.529306,0.259557,0.466635,0.136938,0.354921,0,0,0.602857,0.570193,0.711878,0.668271,0.616493,0.425804,0.354913,0.99525,0.221399,0.995248,0,0,0,0,0,0,0,0,0,0,0.39035,0.289513,0.532054,0.316806,0.335819,0.341288,0.602885,0.390359
0.442075,0.338569,0.431238,0.532024,0.259544,0.469352,0,0,0,0,0.602877,0.575609,0.709175,0.670986,0.608322,0.428497,0,0,0,0,0,0,0,0,0,0,0,0,0,0,0.393038,0.286773,0.532062,0.319526,0.335833,0.333097,0.602889,0.390345
0.442103,0.338616,0.431213,0.542926,0.251388,0.493885,0,0,0,0,0.600153,0.572912,0.709113,0.673712,0.600116,0.428523,0.371268,0.995251,0,0,0,0,0,0,0,0,0,0,0,0,0.393065,0.289535,0.532001,0.319515,0.333123,0.360372,0.611047,0.395804
0.442099,0.344043,0.423025,0.548385,0.243184,0.507517,0,0,0,0,0.594707,0.58653,0.70642,0.673725,0.586532,0.436658,0,0,0,0,0,0,0,0,0,0,0,0,0,0,0.401215,0.281343,0.53203,0.31951,0.349464,0.270444,0.635547,0.401246
0.442113,0.346739,0.428493,0.551104,0.232301,0.515673,0,0,0,0,0.605597,0.581069,0.703703,0.679182,0.578336,0.436669,0,0,0,0,0,0,0,0,0,0,0,0,0,0,0.403961,0.273147,0.529326,0.316794,0.33585,0.254121,0.638321,0.401246
0.447531,0.346732,0.423033,0.551091,0.21323,0.510225,0.123314,0.463911,0.330408,0.354912,0.600151,0.578353,0.703696,0.681871,0.575631,0.43936,0,0,0,0,0,0,0,0,0,0,0,0,0,0,0.412141,0.270462,0.532059,0.31948,0.341273,0.254108,0.641037,0.398555
0.455766,0.344016,0.431203,0.551102,0.229587,0.5184,0.123307,0.463911,0.344003,0.346738,0.608315,0.575622,0.706408,0.665589,0.575592,0.433931,0,0,0,0,0,0,0,0,0,0,0,0,0,0,0.425719,0.26773,0.54566,0.314054,0.341312,0.259547,0.643768,0.395755
0.458463,0.34402,0.42849,0.545655,0.232307,0.515681,0.117861,0.472082,0.344029,0.344038,0.597432,0.575628,0.706422,0.662858,0.572926,0.428507,0,0,0,0,0,0,0,0,0,0,0,0,0,0,0.425765,0.270426,0.548336,0.31408,0.352176,0.256827,0.643755,0.393061
0.458495,0.341333,0.425756,0.545653,0.226843,0.504785,0.117864,0.47481,0.346741,0.344016,0.600148,0.575629,0.706412,0.660056,0.572917,0.428466,0,0,0,0,0,0,0,0,0,0,0,0,0,0,0.425802,0.264981,0.545621,0.314025,0.354906,0.25135,0.643782,0.390363
0.463876,0.341326,0.420304,0.54838,0.21595,0.493881,0,0,0,0,0.597418,0.597428,0.709117,0.643736,0.567471,0.420319,0,0,0,0,0,0,0,0,0,0,0,0,0,0,0.431193,0.270446,0.548369,0.311334,0.357631,0.254111,0.643783,0.387588
0.450277,0.341291,0.423043,0.529307,0.23503,0.485707,0.147831,0.439387,0.36309,0.324946,0.586536,0.559286,0.709125,0.621946,0.556594,0.401279,0.349472,0.993885,0,0,0,0,0,0,0,0,0,0,0,0,0.428492,0.270451,0.537459,0.308611,0.363097,0.256835,0.64101,0.382173
0.455714,0.344024,0.41759,0.53475,0.229576,0.482987,0.150561,0.428491,0.365814,0.314051,0.586524,0.562011,0.709135,0.616504,0.559288,0.401201,0.365817,0.993886,0,0,0,0,0,0,0,0,0,0,0,0,0.436663,0.278604,0.534775,0.308607,0.371283,0.259556,0.641016,0.382186
0.453011,0.338591,0.414867,0.537483,0.232301,0.480261,0,0,0,0,0.586534,0.564726,0.709128,0.613765,0.559266,0.395791,0,0,0,0,0,0,0,0,0,0,0,0,0,0,0.433937,0.270456,0.534749,0.303162,0.371275,0.262277,0.640982,0.382154
0.455751,0.33311,0.436665,0.512951,0.251383,0.474814,0,0,0,0,0.57835,0.559273,0.706396,0.608345,0.556563,0.395795,0.376719,0.993885,0.254099,0.993884,0,0,0,0,0.499332,0.993886,0,0,0,0,0.428468,0.251359,0.540216,0.284081,0.382176,0.256821,0.638274,0.379441
0.480256,0.281355,0.425765,0.491164,0.243199,0.469357,0.142385,0.44484,0.352211,0.333133,0.581083,0.540203,0.700981,0.611071,0.545673,0.398467,0.36582,0.993885,0.237754,0.993885,0,0,0,0,0.493885,0.993886,0,0,0,0,0.461187,0.229567,0.561998,0.275897,0.382168,0.226844,0.63559,0.38488
0.469367,0.281355,0.442105,0.488433,0.262277,0.466631,0.145112,0.450283,0.352213,0.338522,0.600147,0.521124,0.698245,0.613771,0.542934,0.401202,0.360369,0.993885,0.22958,0.993886,0,0,0,0,0.49661,0.993887,0,0,0,0,0.450289,0.22959,0.570138,0.278647,0.390336,0.240483,0.635585,0.390306
0.458456,0.29496,0.433941,0.496609,0.24866,0.477533,0.139658,0.461186,0.346745,0.341264,0.591984,0.523868,0.695533,0.616489,0.540206,0.401199,0.349473,0.993886,0,0,0,0,0,0,0,0,0,0,0,0,0.444825,0.240477,0.551093,0.278637,0.384891,0.248644,0.635559,0.393057
0.461186,0.292259,0.439398,0.504789,0.254105,0.493878,0.150553,0.46391,0.346746,0.344046,0.583804,0.523869,0.695501,0.619248,0.540197,0.401264,0.357645,0.993884,0,0,0,0,0,0,0,0,0,0,0,0,0.439395,0.248631,0.551108,0.286782,0.384876,0.254104,0.635547,0.395761
0.466628,0.324956,0.428484,0.542935,0.248655,0.532036,0.139659,0.469359,0.338551,0.36578,0.578344,0.559276,0.692807,0.632817,0.537471,0.42029,0.365822,0.993887,0,0,0,0,0,0,0,0,0,0,0,0,0.442126,0.265007,0.559294,0.305891,0.365831,0.273189,0.635554,0.404001
0.463917,0.322215,0.417588,0.55111,0.237758,0.532028,0.126035,0.496607,0.335839,0.365845,0.586525,0.572898,0.692796,0.632855,0.537459,0.423036,0.363096,0.993887,0,0,0,0,0,0,0,0,0,0,0,0,0.444828,0.267715,0.561986,0.314021,0.371264,0.267738,0.635544,0.409419
0.455757,0.349473,0.420308,0.551101,0.232311,0.507508,0.13693,0.496607,0.333128,0.371239,0.589246,0.575625,0.692798,0.635572,0.532044,0.423004,0.365819,0.993886,0,0,0,0,0,0,0,0,0,0,0,0,0.43666,0.281338,0.551095,0.316787,0.357628,0.278612,0.635564,0.412125
0.455715,0.335832,0.414867,0.548384,0.229574,0.523855,0.145112,0.491159,0.322245,0.371289,0.581069,0.578351,0.692788,0.638289,0.529283,0.423012,0.349474,0.993887,0,0,0,0,0,0,0,0,0,0,0,0,0.42848,0.273182,0.545641,0.316734,0.341316,0.275892,0.632847,0.414846
0.453022,0.327672,0.41759,0.532029,0.221404,0.499332,0.139659,0.529306,0.311356,0.373994,0.581079,0.564739,0.687364,0.641005,0.526556,0.423054,0,0,0,0,0,0,0,0,0,0,0,0,0,0,0.423036,0.259562,0.54294,0.311327,0.349489,0.275885,0.627377,0.414838
0.45301,0.327678,0.412139,0.537477,0.210504,0.515681,0.131486,0.521131,0.30857,0.371249,0.578345,0.564722,0.687344,0.641,0.521108,0.420323,0,0,0,0,0,0,0,0,0,0,0,0,0,0,0.425764,0.259551,0.537498,0.311344,0.365804,0.264994,0.624671,0.41486
0.447543,0.338556,0.395791,0.542924,0.166905,0.507508,0.126036,0.512956,0.300441,0.371251,0.575635,0.562013,0.687304,0.638309,0.521153,0.423019,0,0,0,0,0,0,0,0,0,0,0,0,0,0,0.412124,0.270452,0.545662,0.314056,0.341306,0.262287,0.621988,0.417548
0.44758,0.335823,0.38489,0.53475,0.150557,0.482987,0.104238,0.485708,0.303169,0.368553,0.578347,0.55929,0.687315,0.638261,0.523832,0.423003,0,0,0,0,0,0,0,0,0,0,0,0,0,0,0.412139,0.267711,0.551072,0.316747,0.349469,0.254111,0.624668,0.41485
0.455737,0.324959,0.398516,0.523857,0.183259,0.488437,0.136932,0.480252,0.300408,0.357672,0.575638,0.556554,0.684609,0.62741,0.52388,0.412138,0,0,0,0,0,0,0,0,0,0,0,0,0,0,0.425763,0.26228,0.553782,0.311312,0.354913,0.25139,0.627374,0.40127
0.463906,0.319491,0.401235,0.504784,0.205056,0.463909,0.13966,0.453008,0.29502,0.360367,0.58381,0.551098,0.684585,0.63013,0.52115,0.417588,0,0,0,0,0,0,0,0,0,0,0,0,0,0,0.428471,0.262269,0.551089,0.311315,0.357627,0.245925,0.62737,0.401272
0.450304,0.327684,0.409416,0.496606,0.224128,0.461184,0.145106,0.458463,0.295005,0.360391,0.586528,0.548393,0.681866,0.63012,0.521143,0.4203,0.403965,0.993885,0,0,0,0,0,0,0,0,0,0,0,0,0.41215,0.264997,0.548356,0.31402,0.34946,0.254108,0.624686,0.401263
0.463928,0.311329,0.403963,0.502061,0.205053,0.461188,0.120586,0.47208,0.297687,0.360366,0.578366,0.553825,0.673734,0.630107,0.518423,0.414865,0,0,0,0,0,0,0,0,0,0,0,0,0,0,0.423034,0.256815,0.54567,0.311319,0.357627,0.251363,0.62465,0.40125
0.463913,0.316799,0.398512,0.526586,0.229575,0.472087,0.115138,0.45301,0.333129,0.360389,0.575635,0.553833,0.662868,0.619213,0.51022,0.403997,0,0,0,0,0,0,0,0,0,0,0,0,0,0,0.431198,0.251409,0.545614,0.311353,0.354921,0.256837,0.627429,0.40125
0.46664,0.316785,0.393062,0.523851,0.175084,0.480262,0.134206,0.45846,0.341305,0.354909,0.581075,0.553829,0.665507,0.621939,0.510233,0.403991,0,0,0,0,0,0,0,0,0,0,0,0,0,0,0.43666,0.251384,0.551101,0.314061,0.354922,0.256836,0.630109,0.401246
0.469351,0.319486,0.401237,0.523858,0.2214,0.482988,0,0,0,0,0.575624,0.559273,0.665547,0.62195,0.512953,0.403984,0,0,0,0,0,0,0,0,0,0,0,0,0,0,0.442122,0.254111,0.551124,0.314068,0.360346,0.264985,0.630139,0.401218
0.477522,0.319492,0.412136,0.512963,0.232302,0.477535,0.142383,0.455738,0.344019,0.357633,0.5947,0.548384,0.665584,0.624668,0.515696,0.406697,0.360366,0.993885,0,0,0,0,0,0,0,0,0,0,0,0,0.450274,0.254106,0.553852,0.314032,0.36853,0.262261,0.632865,0.398533
0.477517,0.324958,0.420316,0.515681,0.237751,0.477531,0.0878888,0.461187,0.344025,0.360356,0.591976,0.548386,0.668304,0.624685,0.515694,0.406708,0.363091,0.993885,0.224129,0.993884,0,0,0,0,0,0,0,0,0,0,0.444849,0.259566,0.551095,0.311308,0.357678,0.275875,0.632871,0.395815
0.477518,0.319484,0.42303,0.512958,0.235035,0.472088,0.10424,0.458465,0.34674,0.360368,0.594695,0.548374,0.668299,0.624699,0.512984,0.406713,0.36037,0.993885,0.224127,0.993885,0,0,0,0,0.515681,0.993885,0,0,0,0,0.44485,0.254107,0.551105,0.308591,0.357661,0.275919,0.632854,0.395813
0.477539,0.322235,0.409418,0.521126,0.19688,0.485704,0.104235,0.458465,0.349462,0.352196,0.602877,0.54838,0.668249,0.624665,0.512934,0.404003,0.349471,0.993885,0.166909,0.993885,0,0,0,0,0,0,0,0,0,0,0.444859,0.256846,0.551114,0.311283,0.357618,0.284064,0.632839,0.395818
0.488434,0.333134,0.423035,0.51295,0.229587,0.474814,0,0,0,0,0.591978,0.542927,0.66552,0.627407,0.515706,0.406702,0.360366,0.993885,0,0,0,0,0,0,0,0,0,0,0,0,0.461169,0.259554,0.556565,0.316791,0.360367,0.278621,0.632845,0.395812
0.48573,0.344016,0.409408,0.562013,0.226856,0.523844,0,0,0,0,0.586534,0.605588,0.720052,0.728206,0.578343,0.482994,0,0,0,0,0,0,0,0,0,0,0,0,0,0,0.42578,0.294979,0.572889,0.324926,0.330391,0.338595,0.641011,0.390334
