0.488448,0.346753,0.376709,0.59198,0.131491,0.46663,0,0,0,0,0.654635,0.57836,0.739131,0.679174,0,0,0,0,0,0,0,0,0,0,0,0,0,0,0,0,0.425779,0.273161,0.597395,0.327669,0.319541,0.292234,0.681876,0.40122
0.491128,0.346758,0.376717,0.575631,0.136935,0.461192,0,0,0,0,0.657358,0.591978,0.736387,0.671002,0,0,0,0,0,0,0,0,0,0,0,0,0,0,0,0,0.428465,0.273159,0.597412,0.327672,0.324928,0.292237,0.684573,0.398562
0.488404,0.346758,0.384892,0.575628,0.142388,0.472082,0,0,0,0,0.654645,0.613771,0.736382,0.668272,0,0,0,0,0,0,0,0,0,0,0,0,0,0,0,0,0.42576,0.27318,0.591989,0.327659,0.32223,0.292242,0.681856,0.401189
0.485726,0.349457,0.393069,0.564732,0.218681,0.472082,0,0,0,0,0.651925,0.578361,0.744568,0.67099,0,0,0,0,0,0,0,0,0,0,0,0,0,0,0,0,0.423042,0.273144,0.594688,0.330376,0.319473,0.289535,0.673728,0.401252
0.485724,0.346733,0.395789,0.559279,0.215961,0.466632,0,0,0,0,0.660083,0.597423,0.736401,0.665528,0,0,0,0,0,0,0,0,0,0,0,0,0,0,0,0,0.422989,0.270484,0.591985,0.324954,0.319492,0.289502,0.673702,0.401247
0.480272,0.341312,0.423036,0.548371,0.22686,0.45028,0,0,0,0,0.657373,0.589251,0.733679,0.665533,0,0,0,0,0,0,0,0,0,0,0,0,0,0,0,0,0.40941,0.270431,0.583797,0.319537,0.333119,0.292261,0.671015,0.401215
0.472122,0.341318,0.425743,0.559273,0.243215,0.436655,0,0,0,0,0.657355,0.600151,0.801779,0.801792,0,0,0,0,0,0,0,0,0,0,0,0,0,0,0,0,0.422991,0.264979,0.578374,0.319474,0.316815,0.275918,0.670972,0.398553
0.466595,0.34128,0.436674,0.537477,0.245906,0.44213,0,0,0,0,0.665546,0.605603,0.850846,0.850848,0,0,0,0,0,0,0,0,0,0,0,0,0,0,0,0,0.40397,0.270432,0.575603,0.322246,0.314094,0.300455,0.668285,0.401177
0.463909,0.344025,0.433962,0.529322,0.245906,0.447572,0,0,0,0,0.662825,0.597413,0.842677,0.839915,0,0,0,0,0,0,0,0,0,0,0,0,0,0,0,0,0.403956,0.270453,0.572922,0.327651,0.316752,0.292227,0.668305,0.39855
0.463873,0.349473,0.436673,0.532044,0.243188,0.453025,0,0,0,0,0.662799,0.60287,0.845401,0.834482,0,0,0,0,0,0,0,0,0,0,0,0,0,0,0,0,0.403949,0.273153,0.572858,0.327681,0.316787,0.284056,0.668293,0.401186
0.46394,0.352199,0.43123,0.534763,0.229584,0.461205,0,0,0,0,0.657362,0.559285,0.82086,0.823583,0,0,0,0,0,0,0,0,0,0,0,0,0,0,0,0,0.403952,0.273124,0.575601,0.322257,0.305876,0.27866,0.673693,0.395782
0.485716,0.341314,0,0,0,0,0,0,0,0,0.64647,0.6056,0,0,0,0,0,0,0,0,0,0,0,0,0,0,0,0,0,0,0.423039,0.267754,0.589262,0.314039,0.333107,0.254123,0.684648,0.390301
0.488423,0.349483,0.387617,0.586526,0.131486,0.480256,0,0,0,0,0.684614,0.586524,0,0,0,0,0,0,0,0,0,0,0,0,0,0,0,0,0,0,0.417588,0.262269,0.594709,0.322209,0.316768,0.259561,0.6819,0.398476
0.488457,0.354889,0.37671,0.638287,0,0,0,0,0,0,0.665547,0.583805,0,0,0,0,0,0,0,0,0,0,0,0,0,0,0,0,0,0,0.417605,0.265003,0.589248,0.322231,0.338557,0.259544,0.673721,0.384929
0.488442,0.344052,0.390341,0.64374,0,0,0,0,0,0,0.66281,0.553837,0,0,0,0,0,0,0,0,0,0,0,0,0,0,0,0,0,0,0.423067,0.256829,0.586526,0.314065,0.333104,0.251353,0.670974,0.379446
0.485712,0.344049,0.368548,0.586528,0.0224934,0.485707,0,0,0,0,0.660103,0.551117,0.809992,0.660095,0.779955,0.403983,0,0,0,0,0,0,0,0,0,0,0,0,0,0,0.428482,0.254115,0.57837,0.314,0.33312,0.245936,0.676408,0.384927
0.474824,0.341319,0.390337,0.572902,0.0224922,0.474808,0,0,0,0,0.657365,0.551112,0.809943,0.651911,0.75818,0.387652,0,0,0,0,0,0,0,0,0,0,0,0,0,0,0.431183,0.25138,0.575608,0.314012,0.324959,0.23775,0.668285,0.379461
0.469363,0.341316,0.368544,0.581077,0,0,0,0,0,0,0.646489,0.532036,0.799039,0.643748,0.750041,0.368583,0,0,0,0,0,0,0,0,0,0,0,0,0,0,0.425776,0.251407,0.567435,0.311325,0.341295,0.243191,0.668248,0.379414
0.466659,0.341271,0.384892,0.55656,0.112411,0.461191,0,0,0,0,0.649185,0.523863,0.780008,0.64101,0.722804,0.363097,0,0,0,0,0,0,0,0,0,0,0,0,0,0,0.425775,0.254098,0.562033,0.311291,0.346747,0.221398,0.665605,0.374012
0.46119,0.341323,0.37944,0.591978,0.117862,0.472089,0,0,0,0,0.641023,0.643749,0,0,0,0,0,0,0,0,0,0,0,0,0,0,0,0,0,0,0.431196,0.251359,0.553875,0.311305,0.371265,0.166897,0.665561,0.37127
0.453027,0.341304,0.373996,0.564727,0.134207,0.472084,0,0,0,0,0.649201,0.553836,0.750046,0.627402,0.709154,0.341304,0,0,0,0,0,0,0,0,0,0,0,0,0,0,0.425745,0.245924,0.551092,0.308632,0.37398,0.183248,0.66282,0.379415
0.450321,0.33863,0.382165,0.559275,0.134208,0.472082,0,0,0,0,0.641023,0.553829,0.750058,0.630093,0.695513,0.335863,0,0,0,0,0,0,0,0,0,0,0,0,0,0,0.412135,0.240479,0.548357,0.308579,0.360363,0.188712,0.662784,0.376722
0.455753,0.344007,0.365818,0.570179,0,0,0,0,0,0,0.605616,0.537487,0.74182,0.621975,0.6873,0.338508,0,0,0,0,0,0,0,0,0,0,0,0,0,0,0.409428,0.243204,0.548408,0.308583,0.327674,0.248674,0.64647,0.390313
0.455767,0.344036,0.387616,0.562001,0,0,0,0,0,0,0.589262,0.559285,0.736392,0.605626,0.657358,0.305838,0,0,0,0,0,0,0,0,0,0,0,0,0,0,0.406709,0.251405,0.542934,0.305884,0.327674,0.251363,0.624678,0.387609
0.45572,0.344009,0.360369,0.55383,0.101512,0.46119,0,0,0,0,0.594698,0.578346,0.736397,0.597436,0.643776,0.294984,0,0,0,0,0,0,0,0,0,0,0,0,0,0,0.425773,0.262267,0.534792,0.305873,0.360368,0.196886,0.627413,0.382173
0.433933,0.338606,0.338573,0.575627,0.0415677,0.469361,0,0,0,0,0.572893,0.583811,0.720051,0.559267,0.526597,0.267703,0,0,0,0,0,0,0,0,0,0,0,0,0,0,0.387607,0.256823,0.5184,0.305871,0.314047,0.226853,0.581083,0.412129
0.447557,0.341296,0.338564,0.570175,0.0660933,0.504782,0,0,0,0,0.559296,0.570178,0.711877,0.556564,0.518419,0.278636,0,0,0,0,0,0,0,0,0,0,0,0,0,0,0.371252,0.281369,0.502058,0.300447,0.251389,0.267734,0.553851,0.423015
0.431194,0.341279,0.335845,0.575625,0.0742641,0.480264,0,0,0,0,0.570175,0.589252,0.70911,0.559271,0.521157,0.275926,0,0,0,0,0,0,0,0,0,0,0,0,0,0,0.363086,0.243203,0.504788,0.29768,0.308591,0.213229,0.572895,0.425764
0.428535,0.338583,0.338574,0.570182,0.0660873,0.46936,0,0,0,0,0.575633,0.630126,0.70645,0.551111,0.532056,0.267711,0,0,0,0,0,0,0,0,0,0,0,0,0,0,0.384908,0.267706,0.512997,0.294957,0.316777,0.210501,0.613775,0.376719
0.43667,0.335859,0.354917,0.570178,0.063366,0.455734,0,0,0,0,0.591977,0.621947,0.70912,0.551076,0.53748,0.273165,0,0,0,0,0,0,0,0,0,0,0,0,0,0,0.384889,0.256815,0.523845,0.295001,0.346743,0.199607,0.616498,0.360358
0.43667,0.335809,0.349475,0.564731,0.0579162,0.466637,0,0,0,0,0.63557,0.643746,0.711867,0.55112,0.537464,0.273161,0,0,0,0,0,0,0,0,0,0,0,0,0,0,0.384909,0.226861,0.521138,0.292221,0.341291,0.202326,0.608334,0.344025
0.428526,0.335827,0.354916,0.559276,0,0,0,0,0,0,0.624672,0.643748,0.709165,0.556572,0.540208,0.278614,0,0,0,0,0,0,0,0,0,0,0,0,0,0,0.384894,0.21868,0.526571,0.289524,0.34401,0.213233,0.616502,0.344031
0.428521,0.335879,0.363097,0.556559,0.120587,0.463908,0,0,0,0,0.632847,0.646469,0.709176,0.561999,0.553833,0.286797,0,0,0,0,0,0,0,0,0,0,0,0,0,0,0.384881,0.226868,0.526567,0.289526,0.338568,0.207784,0.61922,0.341304
0.425756,0.335796,0.363095,0.564724,0.12876,0.472088,0,0,0,0,0.589256,0.578353,0.714621,0.561988,0.548382,0.27592,0,0,0,0,0,0,0,0,0,0,0,0,0,0,0.384891,0.229604,0.523831,0.284072,0.335844,0.210511,0.616489,0.346751
0.423026,0.335807,0.365814,0.562007,0.136934,0.472087,0,0,0,0,0.581085,0.575626,0.714608,0.559288,0.548348,0.27589,0,0,0,0,0,0,0,0,0,0,0,0,0,0,0.384879,0.2323,0.521107,0.289512,0.338565,0.202336,0.613769,0.344028
0.422997,0.335817,0.368542,0.562006,0.139658,0.48571,0,0,0,0,0.589249,0.581084,0.717309,0.556575,0.545674,0.275871,0,0,0,0,0,0,0,0,0,0,0,0,0,0,0.38488,0.237757,0.512933,0.294964,0.327685,0.229576,0.605604,0.387609
0.420297,0.32222,0.357645,0.556557,0.126036,0.461188,0,0,0,0,0.611053,0.624677,0.709148,0.55657,0.548382,0.278625,0,0,0,0,0,0,0,0,0,0,0,0,0,0,0.387627,0.215951,0.512911,0.29497,0.344007,0.18597,0.611039,0.379434
0.41758,0.31132,0.354925,0.570181,0.11786,0.491159,0,0,0,0,0.638297,0.657367,0.706438,0.55656,0.559272,0.284073,0,0,0,0,0,0,0,0,0,0,0,0,0,0,0.387631,0.205052,0.51841,0.292226,0.341291,0.17237,0.611062,0.36855
0.406682,0.308557,0.357642,0.564723,0.0933381,0.466632,0.022497,0.485708,0.316762,0.314045,0.64647,0.64102,0.711866,0.559264,0.551105,0.275907,0,0,0,0,0,0,0,0,0,0,0,0,0,0,0.384879,0.1996,0.515705,0.286809,0.341285,0.172368,0.608315,0.368547
0.417575,0.311296,0.357642,0.556554,0.0933398,0.463913,0.0279435,0.493882,0.314075,0.305877,0.638297,0.578353,0.711881,0.564713,0.553843,0.270455,0,0,0,0,0,0,0,0,0,0,0,0,0,0,0.395791,0.215939,0.512994,0.289541,0.341289,0.199602,0.608346,0.387623
0.406687,0.303152,0.349469,0.559278,0.0579149,0.466636,0,0,0,0,0.564725,0.559275,0.728197,0.551127,0.553816,0.264983,0,0,0,0,0,0,0,0,0,0,0,0,0,0,0.401258,0.224112,0.512972,0.281379,0.338563,0.161449,0.591951,0.417567
0.417568,0.308613,0.352195,0.551103,0.0660922,0.458464,0,0,0,0,0.559288,0.551096,0.730937,0.55111,0.551111,0.256825,0,0,0,0,0,0,0,0,0,0,0,0,0,0,0.401258,0.243178,0.496625,0.284084,0,0,0.586507,0.406693
0.412116,0.303136,0.360373,0.567453,0.0987861,0.453011,0,0,0,0,0.567448,0.562005,0.730962,0.553828,0.567455,0.267731,0,0,0,0,0,0,0,0,0,0,0,0,0,0,0.387606,0.224141,0.5048,0.28408,0,0,0.5974,0.417586
0.409439,0.29772,0.368546,0.540204,0.134212,0.447563,0,0,0,0,0.570186,0.559273,0.730937,0.559266,0.575645,0.267733,0,0,0,0,0,0,0,0,0,0,0,0,0,0,0.393058,0.215961,0.515664,0.284073,0,0,0.600158,0.412142
0.417581,0.303156,0.382163,0.499331,0.172356,0.428494,0,0,0,0,0.578356,0.518407,0.741847,0.578352,0.632867,0.292237,0,0,0,0,0,0,0,0,0,0,0,0,0,0,0.382169,0.245927,0.521168,0.286817,0,0,0.613757,0.390324
0.40943,0.308576,0.387618,0.529302,0,0,0,0,0,0,0.581069,0.510227,0.747277,0.597422,0.673703,0.3358,0,0,0,0,0,0,0,0,0,0,0,0,0,0,0.371258,0.24863,0.523878,0.289532,0,0,0.613788,0.398505
0.417568,0.3113,0.38216,0.518407,0.229587,0.433953,0,0,0,0,0.602866,0.518411,0.752756,0.621971,0.749999,0.36853,0,0,0,0,0,0,0,0,0,0,0,0,0,0,0.382184,0.229585,0.532056,0.292198,0,0,0.643717,0.382195
0.414853,0.314093,0.382183,0.548378,0.229599,0.425743,0,0,0,0,0.635578,0.564719,0.766375,0.720016,0,0,0,0,0,0,0,0,0,0,0,0,0,0,0,0,0.360328,0.243222,0.53746,0.300401,0,0,0.641053,0.393028
0.417588,0.316799,0.382163,0.540205,0.213207,0.428503,0,0,0,0,0.619225,0.567459,0.818146,0.733657,0.793565,0.474831,0,0,0,0,0,0,0,0,0,0,0,0,0,0,0.363087,0.251407,0.537469,0.303165,0.284074,0.275909,0.638246,0.393071
0.431241,0.32225,0.401235,0.521127,0.213229,0.44211,0,0,0,0,0.613772,0.551111,0.809972,0.717301,0.790905,0.469389,0,0,0,0,0,0,0,0,0,0,0,0,0,0,0.374003,0.251385,0.548367,0.311319,0.275926,0.275897,0.63561,0.398498
0.447564,0.335806,0.414859,0.50206,0.226835,0.436685,0,0,0,0,0.613756,0.556545,0.809953,0.717296,0.790907,0.474785,0,0,0,0,0,0,0,0,0,0,0,0,0,0,0.384914,0.254079,0.556535,0.314106,0.292244,0.273175,0.640972,0.395822
0.46933,0.341259,0.41758,0.515666,0.218683,0.43667,0,0,0,0,0.613787,0.561988,0.809973,0.72004,0.804522,0.485681,0,0,0,0,0,0,0,0,0,0,0,0,0,0,0.401243,0.262251,0.570192,0.319523,0.289539,0.273221,0.641077,0.398543
0.463904,0.360412,0,0,0,0,0,0,0,0,0.613777,0.567461,0.755482,0.676443,0,0,0,0,0,0,0,0,0,0,0,0,0,0,0,0,0.387624,0.286797,0.559263,0.333119,0.284095,0.303171,0.646491,0.393033
0.466606,0.360422,0.40396,0.646468,0.243205,0.556558,0,0,0,0,0.613774,0.562,0.752736,0.670997,0,0,0,0,0,0,0,0,0,0,0,0,0,0,0,0,0.38761,0.286796,0.559282,0.333134,0.281374,0.305879,0.646497,0.393024
