0.614082,0.363953,0.630937,0.601019,0.46998,0.508384,0.361124,0.761801,0.50677,0.51927,0.798042,0.677314,0.863956,0.996121,0,0,0,0,0,0,0,0,0,0,0,0,0,0,0,0,0.581893,0.271341,0.686141,0.314964,0.515981,0.301295,0.767393,0.407546
0.612558,0.36396,0.632477,0.603752,0.47151,0.508384,0.359604,0.764525,0.508305,0.519298,0.798042,0.680038,0.863957,0.994758,0,0,0,0,0,0,0,0,0,0,0,0,0,0,0,0,0.581895,0.271299,0.687671,0.314956,0.51904,0.301289,0.768914,0.407552
0.617134,0.363971,0.630936,0.603741,0.468444,0.508388,0.36114,0.764494,0.509844,0.51383,0.798044,0.674591,0.863959,0.996119,0,0,0,0,0,0,0,0,0,0,0,0,0,0,0,0,0.581909,0.271302,0.68921,0.314969,0.519041,0.298568,0.773514,0.404838
0.617155,0.369442,0.63095,0.611922,0.46845,0.516552,0.361136,0.769946,0.509855,0.513823,0.80111,0.682758,0.874694,0.994758,0.738255,0.996127,0,0,0,0,0,0,0,0,0,0,0,0,0,0,0.583427,0.274054,0.689194,0.320344,0.522083,0.304038,0.773517,0.410303
0.61408,0.374874,0.634014,0.625551,0.469977,0.524738,0.359613,0.767248,0.509856,0.516527,0.802639,0.690941,0.876228,0.99476,0.729048,0.966132,0,0,0,0,0,0,0,0,0,0,0,0,0,0,0.581909,0.279463,0.687675,0.328546,0.517494,0.301293,0.773521,0.407589
0.612553,0.380311,0.632483,0.625557,0.465381,0.53562,0.359613,0.778148,0.509841,0.519288,0.796509,0.685484,0.882361,0.994757,0.732117,0.944353,0,0,0,0,0,0,0,0,0,0,0,0,0,0,0.581863,0.282223,0.684612,0.334005,0.511396,0.298561,0.770435,0.418452
0.611003,0.385789,0.624817,0.611925,0.460783,0.527464,0.358065,0.786304,0.502186,0.524733,0.785769,0.666435,0.906881,0.936174,0.733648,0.914387,0,0,0,0,0,0,0,0,0,0,0,0,0,0,0.578802,0.290368,0.681521,0.339386,0.509855,0.298588,0.765863,0.421178
0.606426,0.393942,0.618684,0.611933,0.45618,0.532909,0.351932,0.791756,0.496052,0.527449,0.775049,0.666415,0.914543,0.903475,0.730592,0.85987,0,0,0,0,0,0,0,0,0,0,0,0,0,0,0.57268,0.293137,0.676953,0.342141,0.502187,0.303998,0.761255,0.426654
0.594136,0.402099,0.606412,0.609196,0.440854,0.541072,0.338151,0.802668,0.479191,0.53564,0.77045,0.650061,0.913018,0.859888,0.729051,0.707302,0,0,0,0,0,0,0,0,0,0,0,0,0,0,0.558898,0.304045,0.666184,0.355756,0.491455,0.312178,0.753567,0.429398
0.588014,0.404843,0.600281,0.669147,0.431655,0.557429,0.325887,0.799929,0.47306,0.535635,0.750516,0.731809,0.911493,0.821729,0.747453,0.633724,0,0,0,0,0,0,0,0,0,0,0,0,0,0,0.557336,0.309491,0.658546,0.358468,0.485333,0.314914,0.750517,0.429399
0.584952,0.402144,0.595684,0.67459,0.430119,0.560157,0.322802,0.799927,0.469978,0.535641,0.741322,0.734538,0.90228,0.794475,0.761252,0.554702,0,0,0,0,0,0,0,0,0,0,0,0,0,0,0.551229,0.312142,0.650868,0.353034,0.479196,0.331254,0.741313,0.421192
0.577291,0.404844,0.580355,0.658246,0.425517,0.565596,0.318213,0.797219,0.463841,0.532904,0.729064,0.72091,0.894611,0.756333,0.75512,0.502925,0,0,0,0,0,0,0,0,0,0,0,0,0,0,0.546627,0.309492,0.660056,0.353053,0.474596,0.323083,0.736724,0.462048
0.572676,0.396668,0.578826,0.64463,0.423992,0.554712,0.315157,0.794489,0.460766,0.527451,0.72752,0.710022,0.88695,0.720915,0.730591,0.481114,0,0,0,0,0,0,0,0,0,0,0,0,0,0,0.540509,0.309454,0.644743,0.339427,0.473061,0.317677,0.729061,0.437527
0.558877,0.380349,0.574226,0.636447,0.427053,0.565601,0.302885,0.780851,0.448519,0.51109,0.716797,0.685483,0.874698,0.69639,0.710648,0.456622,0,0,0,0,0,0,0,0,0,0,0,0,0,0,0.525183,0.2986,0.611014,0.317652,0.463864,0.312212,0,0
0.554292,0.374834,0.563497,0.620102,0.420921,0.551978,0.296761,0.769957,0.442392,0.494744,0.712202,0.671873,0.874681,0.680048,0.70605,0.440263,0,0,0,0,0,0,0,0,0,0,0,0,0,0,0.520577,0.293109,0.653915,0.276759,0.459265,0.295879,0.71219,0.399377
0.545118,0.363957,0.561959,0.614649,0.417854,0.546525,0.295228,0.764521,0.436269,0.4866,0.712198,0.66915,0.874685,0.655531,0.70605,0.426648,0,0,0,0,0,0,0,0,0,0,0,0,0,0,0.511393,0.276788,0.5957,0.304037,0.457717,0.287665,0,0
0.542038,0.35576,0.560423,0.609182,0.420921,0.549246,0.295212,0.761784,0.433191,0.475702,0.713723,0.660975,0.87775,0.630997,0.707592,0.40211,0,0,0,0,0,0,0,0,0,0,0,0,0,0,0.511372,0.268605,0.595689,0.301307,0.453132,0.284954,0,0
0.537449,0.342183,0.561958,0.603748,0.420924,0.538351,0.293686,0.761772,0.430136,0.470204,0.710665,0.650069,0.87777,0.620102,0.712197,0.385751,0,0,0,0,0,0,0,0,0,0,0,0,0,0,0.509833,0.255026,0.588029,0.290415,0.450071,0.276782,0,0
0.546615,0.328561,0.5589,0.587401,0.422451,0.532893,0.296757,0.745443,0.437787,0.459319,0.712188,0.636456,0.890024,0.614641,0.72293,0.3667,0,0,0,0,0,0,0,0,0,0,0,0,0,0,0.514439,0.249488,0.597221,0.284923,0.450071,0.276751,0.690729,0.34216
0.549707,0.331245,0.560421,0.581948,0.417854,0.527459,0.293676,0.723615,0.439316,0.445715,0.715265,0.633709,0.893093,0.62828,0.729063,0.369424,0,0,0,0,0,0,0,0,0,0,0,0,0,0,0.517494,0.244049,0.609477,0.268603,0.448516,0.257717,0.6984,0.320373
0.554292,0.317652,0.563488,0.58196,0.422455,0.527451,0.29215,0.707302,0.442391,0.440279,0.718322,0.63099,0.893092,0.62554,0.732111,0.366683,0,0,0,0,0,0,0,0,0,0,0,0,0,0,0.517495,0.238629,0.618683,0.249529,0.446995,0.254992,0.699927,0.314916
0.558893,0.314898,0.558894,0.565603,0.419387,0.508375,0.287542,0.682759,0.445439,0.432092,0.716793,0.614643,0.894614,0.622812,0.736713,0.361254,0,0,0,0,0,0,0,0,0,0,0,0,0,0,0.519025,0.230439,0.621741,0.249514,0.448528,0.252269,0.699929,0.314923
0.560449,0.306731,0.560428,0.565605,0.419392,0.511108,0.278364,0.663686,0.440865,0.42662,0.718326,0.609196,0.894613,0.617363,0.741322,0.350362,0,0,0,0,0,0,0,0,0,0,0,0,0,0,0.522111,0.224992,0.621736,0.24135,0.446984,0.260419,0.698393,0.30129
0.557365,0.29855,0.554301,0.554711,0.405589,0.519268,0.272217,0.628283,0.434724,0.407553,0.716793,0.581948,0.906887,0.584686,0.74745,0.34489,0,0,0,0,0,0,0,0,0,0,0,0,0,0,0.517499,0.21138,0.627877,0.227713,0.446982,0.254968,0.699928,0.309473
0.551244,0.295864,0.549699,0.549241,0.405591,0.508376,0.264563,0.617353,0.43165,0.402114,0.713732,0.57651,0.902291,0.581968,0.745913,0.3449,0,0,0,0,0,0,0,0,0,0,0,0,0,0,0.514433,0.20869,0.627886,0.222277,0.445459,0.244088,0.695331,0.301302
0.549713,0.298569,0.545101,0.551991,0.397924,0.513829,0.26303,0.614636,0.428597,0.399405,0.709131,0.579222,0.911487,0.590137,0.744378,0.34491,0,0,0,0,0,0,0,0,0,0,0,0,0,0,0.509864,0.208694,0.624818,0.211383,0.440865,0.244076,0.695326,0.30947
0.551224,0.298581,0.545096,0.554712,0.396392,0.513824,0.259955,0.60917,0.427074,0.399396,0.710659,0.587399,0.906887,0.603736,0.747449,0.355793,0,0,0,0,0,0,0,0,0,0,0,0,0,0,0.509836,0.214111,0.626354,0.222267,0.439317,0.25499,0.693795,0.301298
0.55123,0.298591,0.543572,0.562882,0.391797,0.522,0.256881,0.584683,0.428602,0.399383,0.709132,0.606465,0.902282,0.611924,0.742847,0.366669,0,0,0,0,0,0,0,0,0,0,0,0,0,0,0.508323,0.219545,0.621742,0.208647,0.436246,0.252265,0.687669,0.304018
0.552752,0.304026,0.545091,0.568334,0.390261,0.53018,0.246168,0.565584,0.42705,0.388467,0.706051,0.614647,0.886959,0.633731,0.733652,0.369401,0,0,0,0,0,0,0,0,0,0,0,0,0,0,0.506766,0.222308,0.623269,0.214114,0.436263,0.257703,0.683066,0.304016
0.554286,0.306738,0.54203,0.571042,0.384127,0.538355,0.244642,0.552001,0.428589,0.391196,0.701458,0.617368,0.888484,0.639178,0.732115,0.374852,0,0,0,0,0,0,0,0,0,0,0,0,0,0,0.506762,0.225017,0.621746,0.211388,0.433188,0.254973,0.684594,0.30131
0.549698,0.312142,0.538966,0.571041,0.379531,0.543805,0.243106,0.543783,0.428587,0.393916,0.699933,0.611931,0.886959,0.636446,0.73212,0.36944,0,0,0,0,0,0,0,0,0,0,0,0,0,0,0.502184,0.227713,0.620214,0.216821,0.431654,0.260431,0.681526,0.298562
0.534358,0.317666,0.537437,0.565597,0.378001,0.535619,0.246175,0.524738,0.437786,0.385744,0.70299,0.609195,0.883894,0.636426,0.729057,0.372135,0,0,0,0,0,0,0,0,0,0,0,0,0,0,0.499107,0.230434,0.618667,0.219551,0.431666,0.252279,0.681532,0.3013
0.538959,0.314937,0.532833,0.562863,0.38413,0.519278,0.256895,0.51382,0.443929,0.374861,0.699925,0.609212,0.886952,0.62554,0.729048,0.363978,0,0,0,0,0,0,0,0,0,0,0,0,0,0,0.491435,0.244095,0.61408,0.222265,0.428581,0.235941,0.678472,0.295846
0.548166,0.298576,0.532834,0.568313,0.382598,0.538358,0.278359,0.462083,0.489912,0.344901,0.693794,0.61465,0.877748,0.584674,0.719861,0.347633,0,0,0,0,0,0,0,0,0,0,0,0,0,0,0.476132,0.200508,0.604879,0.214101,0.423984,0.233174,0.675404,0.287666
0.558899,0.284958,0.529765,0.568314,0.381062,0.554693,0.293678,0.467517,0.502177,0.342189,0.686136,0.61191,0.874692,0.57649,0.716791,0.331285,0,0,0,0,0,0,0,0,0,0,0,0,0,0,0.477655,0.208679,0.60335,0.20593,0.42399,0.255003,0.667738,0.257697
0.52977,0.301303,0.531297,0.568335,0.381064,0.554702,0.292167,0.470238,0.500635,0.339446,0.687663,0.6092,0.871629,0.571061,0.715269,0.320395,0,0,0,0,0,0,0,0,0,0,0,0,0,0,0.476104,0.214098,0.603345,0.208663,0.423993,0.249527,0.661609,0.254984
0.554296,0.276781,0.529771,0.5765,0.377997,0.560153,0.292154,0.464799,0.494515,0.328544,0.689197,0.614633,0.870087,0.56288,0.715248,0.323107,0,0,0,0,0,0,0,0,0,0,0,0,0,0,0.474583,0.211383,0.604874,0.200475,0.427049,0.252274,0.663139,0.249529
0.557363,0.252262,0.529763,0.579235,0.376465,0.568323,0.290604,0.445721,0.492975,0.312169,0.684601,0.609183,0.865496,0.562859,0.715252,0.320366,0,0,0,0,0,0,0,0,0,0,0,0,0,0,0.47151,0.208646,0.609486,0.192294,0.427049,0.254968,0.661606,0.252248
0.525174,0.227749,0.534368,0.576504,0.373401,0.546531,0.304426,0.418453,0.517504,0.260435,0.698398,0.614642,0.867027,0.560154,0.716804,0.31763,0,0,0,0,0,0,0,0,0,0,0,0,0,0,0.482241,0.197751,0.618678,0.186857,0.430119,0.252244,0.670803,0.271327
0.552756,0.29857,0.5359,0.573769,0.378002,0.535624,0.324347,0.399406,0.500645,0.214114,0.699927,0.614653,0.873148,0.560142,0.718322,0.328544,0,0,0,0,0,0,0,0,0,0,0,0,0,0,0.520571,0.205941,0.624815,0.203191,0.459249,0.148709,0.67846,0.290399
0.537428,0.328554,0.538963,0.579219,0.376465,0.541086,0.3412,0.366692,0.526701,0.126902,0.698394,0.614641,0.873159,0.573763,0.722911,0.339445,0,0,0,0,0,0,0,0,0,0,0,0,0,0,0.500642,0.244064,0.604892,0.257691,0.453114,0.263144,0.6708,0.314914
0.537433,0.320364,0.542021,0.576486,0.377992,0.532917,0.342746,0.358522,0.491434,0.12145,0.698399,0.61191,0.876224,0.571043,0.724462,0.333979,0,0,0,0,0,0,0,0,0,0,0,0,0,0,0.49756,0.257692,0.59568,0.246801,0.450043,0.317639,0.660076,0.306747
0.534368,0.314932,0.538963,0.576488,0.376461,0.535618,0.345801,0.350332,0.489907,0.105094,0.699925,0.609181,0.877751,0.565607,0.724451,0.333979,0,0,0,0,0,0,0,0,0,0,0,0,0,0,0.489914,0.25223,0.57883,0.24953,0.442383,0.306751,0.661608,0.317647
0.532849,0.312213,0.535896,0.573784,0.374936,0.530172,0.345813,0.33673,0.496045,0.0833076,0.69533,0.609186,0.873155,0.56016,0.721397,0.328543,0,0,0,0,0,0,0,0,0,0,0,0,0,0,0.489923,0.246786,0.581883,0.249504,0.442387,0.2904,0.655476,0.298571
0.535886,0.3122,0.5359,0.576495,0.378005,0.535631,0.347333,0.339424,0.497562,0.0969221,0.692267,0.609187,0.873159,0.568315,0.724445,0.325816,0,0,0,0,0,0,0,0,0,0,0,0,0,0,0.492968,0.246783,0.581902,0.246775,0.431652,0.295835,0.655472,0.304019
0.538971,0.312176,0.538957,0.573778,0.376478,0.535633,0.342731,0.342158,0.500641,0.102389,0.695335,0.601023,0.877753,0.565609,0.72445,0.317649,0,0,0,0,0,0,0,0,0,0,0,0,0,0,0.496025,0.252223,0.581876,0.252302,0.436267,0.304005,0.657004,0.331268
0.560433,0.301281,0.534361,0.576498,0.378006,0.53835,0.332013,0.358511,0.499115,0.124194,0.695335,0.6092,0.880819,0.56561,0.727514,0.328547,0,0,0,0,0,0,0,0,0,0,0,0,0,0,0.520571,0.241349,0.604883,0.241348,0.453112,0.271322,0.672333,0.317642
0.580359,0.282224,0.543558,0.573764,0.381067,0.535631,0.330481,0.383028,0.506773,0.162351,0.702991,0.611919,0.879287,0.601012,0.735184,0.336707,0,0,0,0,0,0,0,0,0,0,0,0,0,0,0.5359,0.195029,0.634009,0.208665,0.473049,0.230454,0.680001,0.320367
0.638609,0.257692,0.545102,0.560143,0.399464,0.502929,0.324346,0.467512,0.511382,0.246797,0.701464,0.628264,0.868559,0.696398,0.750523,0.37214,0,0,0,0,0,0,0,0,0,0,0,0,0,0,0.586486,0.145975,0.689188,0.225003,0.491438,0.165057,0.716793,0.312196
0.617149,0.244083,0.551227,0.560152,0.40866,0.489312,0.322812,0.524733,0.517504,0.276772,0.702998,0.630994,0.870097,0.729079,0.759717,0.413015,0,0,0,0,0,0,0,0,0,0,0,0,0,0,0.589542,0.165045,0.666206,0.235904,0,0,0.707587,0.333989
0.623275,0.306733,0.552765,0.573786,0.407129,0.502935,0.327421,0.546507,0.525165,0.293136,0.706061,0.655511,0.876217,0.775407,0.773516,0.459318,0,0,0,0,0,0,0,0,0,0,0,0,0,0,0.58648,0.189591,0.678487,0.255015,0.457715,0.20594,0.71986,0.355797
0.626334,0.3258,0.557362,0.576509,0.411724,0.497481,0.332009,0.554696,0.529759,0.301299,0.706056,0.660974,0.873157,0.791745,0.779636,0.472949,0,0,0,0,0,0,0,0,0,0,0,0,0,0,0.581891,0.192284,0.680012,0.260418,0.453127,0.225,0.718328,0.336715
0.627879,0.312206,0.558891,0.576511,0.416324,0.497479,0.328936,0.557419,0.532829,0.312194,0.706061,0.660961,0.865488,0.794484,0.779635,0.475674,0,0,0,0,0,0,0,0,0,0,0,0,0,0,0.577284,0.197756,0.681524,0.263156,0.456176,0.219541,0.722922,0.344882
0.624808,0.309471,0.560427,0.576498,0.422456,0.494755,0.318206,0.57922,0.511364,0.306755,0.69993,0.652796,0.862428,0.789023,0.764319,0.464792,0,0,0,0,0,0,0,0,0,0,0,0,0,0,0.592629,0.216825,0.681539,0.271353,0.4516,0.244083,0.72139,0.342181
0.600278,0.306749,0.552763,0.571049,0.410194,0.48931,0.322801,0.581961,0.496037,0.298566,0.689195,0.639175,0.8609,0.780866,0.759701,0.459341,0,0,0,0,0,0,0,0,0,0,0,0,0,0,0.525158,0.148722,0.661601,0.257706,0.445462,0.233181,0.709115,0.342168
0.59417,0.301272,0.552759,0.565587,0.408657,0.486572,0.325882,0.609196,0.483777,0.298554,0.689196,0.633723,0.862423,0.767245,0.755113,0.456605,0,0,0,0,0,0,0,0,0,0,0,0,0,0,0.56196,0.186826,0.65241,0.257716,0.44392,0.225,0.702999,0.33399
0.589543,0.309458,0.552759,0.568317,0.414793,0.489312,0.327422,0.620112,0.477642,0.295855,0.69073,0.639176,0.862426,0.756354,0.74898,0.453866,0,0,0,0,0,0,0,0,0,0,0,0,0,0,0.552763,0.192305,0.652402,0.260408,0.446987,0.222252,0.696869,0.339445
0.584948,0.301288,0.552762,0.565593,0.402526,0.472959,0.327406,0.628263,0.471517,0.306731,0.690726,0.641898,0.863959,0.748148,0.742849,0.451145,0,0,0,0,0,0,0,0,0,0,0,0,0,0,0.548154,0.178678,0.650875,0.2577,0.457709,0.154169,0.704524,0.336714
0.58496,0.298579,0.551221,0.562881,0.397927,0.472957,0.333546,0.658228,0.469978,0.336705,0.68919,0.63916,0.865498,0.729099,0.739787,0.442978,0,0,0,0,0,0,0,0,0,0,0,0,0,0,0.53897,0.181401,0.6478,0.260407,0.44545,0.200466,0.701464,0.339445
0.580359,0.301307,0.546631,0.557422,0.391797,0.456603,0.335081,0.666402,0.468449,0.342183,0.689197,0.639154,0.865501,0.72364,0.73826,0.437553,0,0,0,0,0,0,0,0,0,0,0,0,0,0,0.534359,0.186853,0.644751,0.260441,0.448512,0.192301,0.698398,0.336709
0.578837,0.306736,0.549693,0.560143,0.387197,0.464776,0.330471,0.666439,0.462324,0.353046,0.692264,0.636449,0.863964,0.71003,0.738253,0.429373,0,0,0,0,0,0,0,0,0,0,0,0,0,0,0.538972,0.178687,0.643202,0.263143,0.445453,0.20047,0.693801,0.331269
0.583429,0.298564,0.55122,0.557434,0.394864,0.467511,0.327424,0.677304,0.466912,0.3558,0.692262,0.628272,0.863967,0.701825,0.738244,0.423922,0,0,0,0,0,0,0,0,0,0,0,0,0,0,0.540497,0.195038,0.640149,0.254983,0.445444,0.200473,0.689193,0.317643
0.571158,0.290417,0.554293,0.557428,0.399459,0.470236,0.33047,0.682763,0.46385,0.35578,0.696868,0.622815,0.874691,0.674607,0.738239,0.410286,0,0,0,0,0,0,0,0,0,0,0,0,0,0,0.529775,0.197741,0.627879,0.25226,0.453115,0.208654,0.687663,0.304019
0.5543,0.263149,0.55736,0.549244,0.427053,0.489299,0.327419,0.688235,0.453113,0.34489,0.701464,0.581941,0.877759,0.641884,0.732128,0.366669,0,0,0,0,0,0,0,0,0,0,0,0,0,0,0.514437,0.192299,0.606426,0.216824,0.500636,0.181408,0.678469,0.26042
0.548154,0.26041,0.558885,0.549235,0.413257,0.489307,0.327406,0.696377,0.448511,0.339446,0.707594,0.579227,0.874688,0.611925,0.735184,0.323087,0,0,0,0,0,0,0,0,0,0,0,0,0,0,0.499103,0.165054,0.604882,0.216831,0.436252,0.211369,0.67693,0.254967
0.543549,0.271331,0.560426,0.535636,0.417857,0.505648,0.324359,0.690939,0.442387,0.336703,0.706067,0.560153,0.87009,0.579207,0.741319,0.271333,0,0,0,0,0,0,0,0,0,0,0,0,0,0,0.486844,0.173221,0.603356,0.216823,0.428583,0.200475,0.670797,0.257696
0.54511,0.276796,0.561961,0.532917,0.422453,0.50021,0.321265,0.685506,0.43778,0.33127,0.709118,0.557424,0.870084,0.541096,0.747455,0.24679,0,0,0,0,0,0,0,0,0,0,0,0,0,0,0.497574,0.165033,0.603361,0.219518,0.428584,0.173229,0.676945,0.254973
0.554306,0.274054,0.565019,0.530191,0.422455,0.502924,0.318222,0.669168,0.440855,0.317648,0.709129,0.551978,0.863953,0.532893,0.735189,0.219538,0,0,0,0,0,0,0,0,0,0,0,0,0,0,0.508304,0.170491,0.609485,0.219542,0.446987,0.227715,0.680001,0.2795
0.560446,0.279482,0.569623,0.52199,0.42859,0.486578,0.31974,0.663693,0.440848,0.314915,0.707598,0.5438,0.877767,0.606475,0.753581,0.265877,0,0,0,0,0,0,0,0,0,0,0,0,0,0,0.523637,0.184115,0.614078,0.219556,0.457717,0.22772,0.690736,0.312199
0.560433,0.279515,0.571161,0.538352,0.425519,0.49748,0.313616,0.660973,0.442379,0.317662,0.715258,0.562872,0.886952,0.674591,0.785774,0.333988,0,0,0,0,0,0,0,0,0,0,0,0,0,0,0.520577,0.178671,0.620205,0.216844,0.454644,0.233183,0.683065,0.287677
0.561958,0.279514,0.571162,0.54924,0.42399,0.497479,0.30748,0.6637,0.440841,0.342158,0.719861,0.576492,0.882353,0.791757,0.847095,0.4784,0,0,0,0,0,0,0,0,0,0,0,0,0,0,0.520566,0.184145,0.62174,0.216824,0.448514,0.241348,0.692258,0.290395
0.568102,0.274028,0.572683,0.560157,0.419394,0.519265,0.299805,0.690956,0.422464,0.344907,0.72446,0.590115,0.87929,0.846259,0.860894,0.61737,0,0,0,0,0,0,0,0,0,0,0,0,0,0,0.511382,0.186868,0.626353,0.214126,0.442383,0.246799,0.693811,0.298565
0.574222,0.268612,0.561963,0.571047,0.405596,0.53017,0.293682,0.723633,0.405592,0.383028,0.718323,0.592849,0.88542,0.870775,0.850162,0.68004,0,0,0,0,0,0,0,0,0,0,0,0,0,0,0.526709,0.189613,0.630941,0.214098,0.440849,0.214108,0.695339,0.298553
0.574239,0.263133,0.558893,0.58195,0.405596,0.527463,0.266095,0.769949,0.358069,0.429356,0.713726,0.617364,0.870093,0.870782,0.962072,0.994761,0,0,0,0,0,0,0,0,0,0,0,0,0,0,0.52058,0.184154,0.630954,0.20866,0.428586,0.214107,0.69534,0.298578
0.575772,0.265889,0.548168,0.576487,0.39026,0.524733,0.2477,0.80265,0.292149,0.478398,0.709134,0.617359,0.847099,0.873495,0.988131,0.99476,0,0,0,0,0,0,0,0,0,0,0,0,0,0,0.520568,0.186884,0.630947,0.216803,0.436241,0.23316,0.693817,0.3013
0.577284,0.276746,0.540504,0.56288,0.371864,0.489322,0.244626,0.835356,0.221628,0.652795,0.709131,0.630986,0.863964,0.941619,0.939075,0.996121,0,0,0,0,0,0,0,0,0,0,0,0,0,0,0.522101,0.1923,0.632478,0.227685,0.436264,0.230464,0.695321,0.314936
0.575755,0.282245,0.538965,0.573768,0.367273,0.500214,0.183308,0.868048,0,0,0.709124,0.631005,0.827172,0.908929,0.954408,0.994763,0,0,0,0,0,0,0,0,0,0,0,0,0,0,0.520583,0.197753,0.632464,0.233192,0.436261,0.235892,0.693781,0.323083
0.571139,0.293078,0.534375,0.581933,0.365741,0.513813,0.23543,0.769958,0.158778,0.840807,0.709128,0.650063,0.827167,0.922553,0,0,0,0,0,0,0,0,0,0,0,0,0,0,0,0,0.517492,0.205918,0.627892,0.246785,0.433192,0.244082,0.690745,0.333999
0.563506,0.312216,0.534371,0.59285,0.362672,0.524721,0.230828,0.75635,0.11279,0.868041,0.709119,0.660965,0.825639,0.919826,0,0,0,0,0,0,0,0,0,0,0,0,0,0,0,0,0.509868,0.22226,0.624831,0.257721,0.430131,0.246809,0.689204,0.347638
0.563505,0.317676,0.534357,0.592856,0.36267,0.524723,0.227765,0.759047,0.117384,0.857156,0.709132,0.660972,0.824097,0.941623,0,0,0,0,0,0,0,0,0,0,0,0,0,0,0,0,0.51136,0.227753,0.626348,0.271273,0.43012,0.252203,0.690726,0.355798
0.563493,0.325818,0.534362,0.598307,0.362674,0.52473,0.229301,0.756353,0.120456,0.878963,0.707601,0.660968,0.816435,0.941613,0,0,0,0,0,0,0,0,0,0,0,0,0,0,0,0,0.511381,0.235898,0.626361,0.276774,0.430113,0.252252,0.689209,0.363972
0.566544,0.333998,0.534359,0.606469,0.361142,0.532905,0.226226,0.775406,0.131187,0.911655,0.709131,0.663682,0.811847,0.952522,0,0,0,0,0,0,0,0,0,0,0,0,0,0,0,0,0.512902,0.249499,0.627891,0.287661,0.430126,0.254966,0.687676,0.369423
0.57422,0.350329,0.540501,0.639154,0.364206,0.565593,0.223167,0.843534,0.141918,0.996123,0.718326,0.704558,0.819507,0.996128,0,0,0,0,0,0,0,0,0,0,0,0,0,0,0,0,0.523639,0.271297,0.637087,0.312213,0.43627,0.271321,0.696856,0.396676
0.577278,0.358495,0.540495,0.658252,0.36267,0.573773,0.218567,0.851711,0.144986,0.996127,0.713731,0.71547,0.816431,0.996123,0,0,0,0,0,0,0,0,0,0,0,0,0,0,0,0,0.525182,0.276811,0.64166,0.32038,0.437797,0.279505,0.699936,0.407576
