0.475924,0.550986,0.453525,0.559202,0.337522,0.55646,0,0,0,0,0.557394,0.564607,0.628588,0.621667,0.549258,0.534687,0,0,0,0,0,0,0,0,0,0,0,0,0,0,0.453569,0.515612,0.498362,0.518368,0.400634,0.447745,0.536998,0.483064
0.475924,0.550986,0.453525,0.559202,0.337522,0.55646,0,0,0,0,0.557394,0.564607,0.628588,0.621667,0.549258,0.534687,0,0,0,0,0,0,0,0,0,0,0,0,0,0,0.453569,0.515612,0.498362,0.518368,0.400634,0.447745,0.536998,0.483064
0.475912,0.548335,0.453525,0.559181,0.337515,0.556442,0,0,0,0,0.55937,0.564603,0.628586,0.621668,0.549254,0.534686,0,0,0,0,0,0,0,0,0,0,0,0,0,0,0.453573,0.515613,0.498355,0.518359,0.40064,0.447731,0.537004,0.480334
0.475924,0.550995,0.45352,0.559198,0.337511,0.556448,0,0,0,0,0.559372,0.564622,0.628591,0.621674,0.549252,0.534676,0,0,0,0,0,0,0,0,0,0,0,0,0,0,0.453564,0.515612,0.498366,0.518369,0.40063,0.447746,0.53701,0.483063
0.475932,0.550999,0.453555,0.559192,0.337513,0.556444,0,0,0,0,0.559371,0.564621,0.628589,0.621677,0.549263,0.534681,0,0,0,0,0,0,0,0,0,0,0,0,0,0,0.453571,0.515607,0.49837,0.518367,0.400638,0.450462,0.537019,0.483083
0.475932,0.550999,0.453555,0.559192,0.337513,0.556444,0,0,0,0,0.559371,0.564621,0.628589,0.621677,0.549263,0.534681,0,0,0,0,0,0,0,0,0,0,0,0,0,0,0.453571,0.515607,0.49837,0.518367,0.400638,0.450462,0.537019,0.483083
0.475924,0.550986,0.453525,0.559202,0.337522,0.55646,0,0,0,0,0.557394,0.564607,0.628588,0.621667,0.549258,0.534687,0,0,0,0,0,0,0,0,0,0,0,0,0,0,0.453569,0.515612,0.498362,0.518368,0.400634,0.447745,0.536998,0.483064
0.475912,0.548335,0.453525,0.559181,0.337515,0.556442,0,0,0,0,0.55937,0.564603,0.628586,0.621668,0.549254,0.534686,0,0,0,0,0,0,0,0,0,0,0,0,0,0,0.453573,0.515613,0.498355,0.518359,0.40064,0.447731,0.537004,0.480334
0.475924,0.550995,0.45352,0.559198,0.337511,0.556448,0,0,0,0,0.559372,0.564622,0.628591,0.621674,0.549252,0.534676,0,0,0,0,0,0,0,0,0,0,0,0,0,0,0.453564,0.515612,0.498366,0.518369,0.40063,0.447746,0.53701,0.483063
0.475924,0.550995,0.45352,0.559198,0.337511,0.556448,0,0,0,0,0.559372,0.564622,0.628591,0.621674,0.549252,0.534676,0,0,0,0,0,0,0,0,0,0,0,0,0,0,0.453564,0.515612,0.498366,0.518369,0.40063,0.447746,0.53701,0.483063
0.475932,0.550999,0.453555,0.559192,0.337513,0.556444,0,0,0,0,0.559371,0.564621,0.628589,0.621677,0.549263,0.534681,0,0,0,0,0,0,0,0,0,0,0,0,0,0,0.453571,0.515607,0.49837,0.518367,0.400638,0.450462,0.537019,0.483083
0.475924,0.550986,0.453525,0.559202,0.337522,0.55646,0,0,0,0,0.557394,0.564607,0.628588,0.621667,0.549258,0.534687,0,0,0,0,0,0,0,0,0,0,0,0,0,0,0.453569,0.515612,0.498362,0.518368,0.400634,0.447745,0.536998,0.483064
0.475912,0.548335,0.453525,0.559181,0.337515,0.556442,0,0,0,0,0.55937,0.564603,0.628586,0.621668,0.549254,0.534686,0,0,0,0,0,0,0,0,0,0,0,0,0,0,0.453573,0.515613,0.498355,0.518359,0.40064,0.447731,0.537004,0.480334
0.475912,0.548335,0.453525,0.559181,0.337515,0.556442,0,0,0,0,0.55937,0.564603,0.628586,0.621668,0.549254,0.534686,0,0,0,0,0,0,0,0,0,0,0,0,0,0,0.453573,0.515613,0.498355,0.518359,0.40064,0.447731,0.537004,0.480334
0.475924,0.550995,0.45352,0.559198,0.337511,0.556448,0,0,0,0,0.559372,0.564622,0.628591,0.621674,0.549252,0.534676,0,0,0,0,0,0,0,0,0,0,0,0,0,0,0.453564,0.515612,0.498366,0.518369,0.40063,0.447746,0.53701,0.483063
0.475932,0.550999,0.453555,0.559192,0.337513,0.556444,0,0,0,0,0.559371,0.564621,0.628589,0.621677,0.549263,0.534681,0,0,0,0,0,0,0,0,0,0,0,0,0,0,0.453571,0.515607,0.49837,0.518367,0.400638,0.450462,0.537019,0.483083
0.475924,0.550986,0.453525,0.559202,0.337522,0.55646,0,0,0,0,0.557394,0.564607,0.628588,0.621667,0.549258,0.534687,0,0,0,0,0,0,0,0,0,0,0,0,0,0,0.453569,0.515612,0.498362,0.518368,0.400634,0.447745,0.536998,0.483064
0.475924,0.550986,0.453525,0.559202,0.337522,0.55646,0,0,0,0,0.557394,0.564607,0.628588,0.621667,0.549258,0.534687,0,0,0,0,0,0,0,0,0,0,0,0,0,0,0.453569,0.515612,0.498362,0.518368,0.400634,0.447745,0.536998,0.483064
0.475912,0.548335,0.453525,0.559181,0.337515,0.556442,0,0,0,0,0.55937,0.564603,0.628586,0.621668,0.549254,0.534686,0,0,0,0,0,0,0,0,0,0,0,0,0,0,0.453573,0.515613,0.498355,0.518359,0.40064,0.447731,0.537004,0.480334
0.475924,0.550995,0.45352,0.559198,0.337511,0.556448,0,0,0,0,0.559372,0.564622,0.628591,0.621674,0.549252,0.534676,0,0,0,0,0,0,0,0,0,0,0,0,0,0,0.453564,0.515612,0.498366,0.518369,0.40063,0.447746,0.53701,0.483063
0.475932,0.550999,0.453555,0.559192,0.337513,0.556444,0,0,0,0,0.559371,0.564621,0.628589,0.621677,0.549263,0.534681,0,0,0,0,0,0,0,0,0,0,0,0,0,0,0.453571,0.515607,0.49837,0.518367,0.400638,0.450462,0.537019,0.483083
0.475932,0.550999,0.453555,0.559192,0.337513,0.556444,0,0,0,0,0.559371,0.564621,0.628589,0.621677,0.549263,0.534681,0,0,0,0,0,0,0,0,0,0,0,0,0,0,0.453571,0.515607,0.49837,0.518367,0.400638,0.450462,0.537019,0.483083
0.475928,0.551,0.453528,0.559172,0.337516,0.556444,0,0,0,0,0.55937,0.564598,0.628596,0.6217,0.549265,0.534686,0,0,0,0,0,0,0,0,0,0,0,0,0,0,0.453563,0.515608,0.498369,0.518368,0.400632,0.447756,0.536999,0.483075
0.475931,0.550999,0.453554,0.559191,0.337512,0.556444,0,0,0,0,0.559371,0.564621,0.628589,0.621677,0.549264,0.534681,0,0,0,0,0,0,0,0,0,0,0,0,0,0,0.453571,0.515607,0.49837,0.518367,0.400638,0.450461,0.537019,0.483083
