0.515709,0.30858,0.493909,0.453015,0.338588,0.425799,0.240473,0.624669,0.248636,0.466633,0.665521,0.474824,0.76091,0.581071,0.809963,0.706387,0.444833,0.913504,0.333111,0.921677,0,0,0,0,0.570174,0.913502,0,0,0,0,0.466617,0.251445,0.597412,0.281377,0.393051,0.27865,0.670976,0.341328
0.515683,0.308608,0.496622,0.458443,0.341275,0.425765,0.243199,0.589248,0.248701,0.420296,0.665555,0.482965,0.7582,0.575622,0.793565,0.687347,0.439382,0.913502,0.316767,0.940743,0,0,0,0,0.567443,0.916224,0,0,0,0,0.466619,0.254075,0.597416,0.284079,0.393048,0.278625,0.668317,0.341348
0.515727,0.305837,0.493887,0.461166,0.338584,0.417578,0.226861,0.477519,0.256818,0.303128,0.665546,0.488437,0.755476,0.586528,0.779985,0.643747,0.431223,0.93802,0.297699,0.924402,0,0,0,0,0.567444,0.940741,0,0,0,0,0.469328,0.251401,0.600108,0.284056,0.390346,0.275887,0.670981,0.346726
0.510241,0.308564,0.504787,0.447565,0.354907,0.398491,0.235011,0.439402,0.308585,0.256836,0.662839,0.491169,0.77725,0.627416,0.809963,0.730946,0.433948,0.897161,0.300421,0.875355,0,0,0,0,0.562009,0.902603,0,0,0,0,0.466659,0.251393,0.597396,0.286788,0.395795,0.267727,0.670992,0.346724
0.50205,0.305841,0.502046,0.450284,0.354939,0.398513,0.226832,0.43396,0.335805,0.278617,0.662824,0.496599,0.760917,0.621948,0.91623,0.760909,0.428488,0.902603,0.2977,0.886253,0,0,0,0,0.548379,0.91895,0,0,0,0,0.463918,0.251357,0.586539,0.284091,0.401198,0.267709,0.668297,0.346739
0.491191,0.300441,0.493894,0.444856,0.349481,0.398489,0.235054,0.461203,0.316764,0.292235,0.660108,0.488435,0.774547,0.63285,0.935303,0.752738,0.423035,0.959824,0.294973,0.940747,0,0,0,0,0.548373,0.951649,0,0,0,0,0.458493,0.248676,0.581088,0.28137,0.401226,0.259564,0.66558,0.346773
0.49114,0.303179,0.493897,0.458472,0.343991,0.401224,0.232318,0.488406,0.30585,0.297674,0.670984,0.504787,0.842652,0.695526,0,0,0.412143,0.993885,0.286796,0.993885,0,0,0,0,0.553825,0.993885,0,0,0,0,0.455733,0.251349,0.58106,0.284057,0.398489,0.262275,0.665515,0.349482
0.491217,0.308613,0.49931,0.455716,0.349442,0.401269,0.240482,0.453043,0.335858,0.273224,0.665542,0.499344,0.796358,0.641029,0,0,0.393075,0.957098,0.264997,0.935293,0,0,0,0,0.529298,0.962545,0,0,0,0,0.458453,0.251442,0.583804,0.286809,0.398461,0.267748,0.665612,0.352183
0.499321,0.308619,0.496605,0.453031,0.346725,0.401256,0.235043,0.444815,0.341277,0.264986,0.665554,0.502051,0.788142,0.632848,0,0,0.401241,0.962547,0.284076,0.943477,0,0,0,0,0.545655,0.962554,0,0,0,0,0.46387,0.251411,0.586535,0.286809,0.398494,0.273155,0.668282,0.349444
0.502068,0.308627,0.493901,0.455757,0.341307,0.403952,0.226876,0.428487,0.354938,0.262253,0.668263,0.504792,0.82358,0.662821,0,0,0.390347,0.968,0,0,0,0,0,0,0,0,0,0,0,0,0.463884,0.254072,0.589255,0.286808,0.395819,0.278607,0.668312,0.346715
0.507502,0.314096,0.493905,0.458443,0.335845,0.412151,0.24047,0.423051,0.379426,0.248675,0.671009,0.491143,0.788153,0.613802,0.815342,0.44758,0.393069,0.995248,0.284073,0.995247,0,0,0,0,0.5293,0.995249,0,0,0,0,0.461196,0.254128,0.589258,0.292249,0.398502,0.270448,0.668292,0.343997
0.504804,0.316762,0.496601,0.455729,0.338551,0.425737,0.243226,0.422989,0.38218,0.251433,0.670987,0.485706,0.782661,0.632823,0.793569,0.466582,0.406691,0.954377,0.292252,0.938022,0,0,0,0,0.542928,0.959829,0,0,0,0,0.458439,0.256843,0.581117,0.292279,0.395757,0.273209,0.668274,0.34128
0.507521,0.316783,0.499323,0.458465,0.338555,0.428489,0.248633,0.42575,0.387657,0.259557,0.671004,0.488404,0.785401,0.627446,0.796338,0.455759,0.417593,0.993884,0.300417,0.943478,0,0,0,0,0.54838,0.993885,0,0,0,0,0.461198,0.256837,0.5838,0.294937,0.401226,0.270446,0.668277,0.343989
0.510252,0.322216,0.499329,0.45848,0.338581,0.4285,0.24864,0.425777,0.395815,0.267749,0.66829,0.48844,0.785474,0.621903,0.793658,0.439411,0.433924,0.940745,0.303141,0.935298,0,0,0,0,0.564718,0.943473,0,0,0,0,0.469334,0.259552,0.583827,0.297701,0.409419,0.264987,0.670977,0.344057
0.515646,0.333114,0.488425,0.474821,0.319491,0.442127,0.251431,0.428459,0.406715,0.281368,0.665568,0.491171,0.831767,0.594697,0.771803,0.393072,0.398515,0.993886,0.284068,0.995247,0,0,0,0,0.534759,0.993885,0,0,0,0,0.48026,0.273148,0.586537,0.30855,0.423032,0.262271,0.671023,0.346759
0.510196,0.333092,0.483007,0.482978,0.308598,0.453022,0.265006,0.422996,0.43124,0.284081,0.668263,0.496602,0.812687,0.548393,0.752735,0.365816,0.38489,0.995249,0.259553,0.995249,0,0,0,0,0.521133,0.995248,0,0,0,0,0.485673,0.259556,0.578336,0.305868,0.423042,0.251368,0.66829,0.346734
0.512918,0.327665,0.488425,0.469349,0.319504,0.442131,0.273185,0.425764,0.444802,0.28137,0.662836,0.482993,0.793628,0.537486,0.747274,0.341284,0.40397,0.938021,0.294966,0.916227,0,0,0,0,0.532022,0.938027,0,0,0,0,0.485717,0.26228,0.578331,0.297742,0.417575,0.256831,0.66827,0.343986
0.512955,0.324954,0.485728,0.458452,0.324956,0.436659,0.275909,0.428532,0.447537,0.286801,0.660106,0.469367,0.785449,0.523869,0.725486,0.33039,0.417591,0.943479,0.294974,0.929852,0,0,0,0,0.545648,0.946197,0,0,0,0,0.488396,0.264988,0.57838,0.294998,0.417581,0.259542,0.665527,0.338586
0.507496,0.330417,0.480252,0.455757,0.324952,0.433936,0.273216,0.444866,0.442115,0.294957,0.641043,0.46121,0.755515,0.507499,0.703703,0.313978,0.42031,0.946195,0.294978,0.938022,0,0,0,0,0.551102,0.951648,0,0,0,0,0.482999,0.270458,0.575615,0.294979,0.412136,0.270461,0.65736,0.335855
0.488441,0.322241,0.474806,0.461196,0.316763,0.444816,0.270451,0.447593,0.431216,0.294946,0.63286,0.469341,0.752695,0.48848,0.700988,0.303141,0.398518,0.938024,0.286803,0.913503,0,0,0,0,0.53476,0.94348,0,0,0,0,0.466613,0.259572,0.561995,0.286797,0.395823,0.264996,0.654626,0.314072
0.485735,0.322228,0.472075,0.461197,0.316785,0.442121,0.267714,0.45027,0.428515,0.294986,0.635554,0.47208,0.749987,0.485725,0.695547,0.278622,0.406689,0.943475,0.292254,0.932576,0,0,0,0,0.534758,0.943475,0,0,0,0,0.461199,0.259543,0.559265,0.28138,0.398497,0.262272,0.657362,0.319492
0.488406,0.322239,0.472077,0.466632,0.316763,0.444847,0.265021,0.444853,0.428492,0.294951,0.635566,0.474806,0.747306,0.48297,0.700983,0.281328,0.428487,0.943478,0.300427,0.938017,0,0,0,0,0.556552,0.943472,0,0,0,0,0.46389,0.254128,0.559305,0.281333,0.401231,0.259554,0.660113,0.327658
0.499349,0.319511,0.4748,0.463903,0.319515,0.436677,0.267712,0.442117,0.433926,0.292252,0.635588,0.480267,0.75,0.466639,0.703688,0.264982,0.412145,0.943478,0.297697,0.935298,0,0,0,0,0.545656,0.946199,0,0,0,0,0.477529,0.25411,0.572888,0.286806,0.406682,0.259547,0.66279,0.335822
0.510263,0.3222,0.474821,0.466634,0.319503,0.444838,0.270473,0.442084,0.428483,0.300441,0.635571,0.48024,0.749967,0.466619,0.703659,0.245925,0.401248,0.948926,0.284068,0.940745,0,0,0,0,0.540206,0.946197,0,0,0,0,0.482966,0.259539,0.578355,0.294997,0.417578,0.256837,0.66558,0.338562
0.512985,0.324934,0.47755,0.463907,0.324943,0.439403,0.270432,0.447528,0.428473,0.303139,0.635575,0.480242,0.749983,0.458462,0.695499,0.226883,0.390339,0.948927,0.273178,0.938019,0,0,0,0,0.504782,0.995248,0,0,0,0,0.485693,0.259564,0.581108,0.29773,0.420316,0.262268,0.665549,0.34676
0.512975,0.324925,0.474825,0.46663,0.319493,0.444823,0.270475,0.447566,0.428458,0.303155,0.635554,0.482976,0.747276,0.450295,0.687376,0.22688,0.379443,0.954378,0.251387,0.943478,0,0,0,0,0.499329,0.995248,0,0,0,0,0.483003,0.262285,0.578396,0.297678,0.414872,0.264987,0.662843,0.346736
0.512964,0.324943,0.469383,0.477529,0.311339,0.455757,0.267701,0.455762,0.42303,0.308625,0.63013,0.485705,0.744565,0.439404,0.662859,0.224152,0.379447,0.954375,0.254101,0.940746,0,0,0,0,0.499334,0.995247,0,0,0,0,0.482973,0.259562,0.578344,0.295016,0.414873,0.262272,0.660083,0.34947
0.510215,0.322232,0.466642,0.48024,0.308595,0.458444,0.26225,0.469342,0.420281,0.314046,0.619233,0.488426,0.733661,0.444831,0.641058,0.248622,0.387623,0.954376,0.251377,0.946206,0,0,0,0,0.512955,0.995247,0,0,0,0,0.47479,0.267709,0.575677,0.292278,0.40941,0.267717,0.65191,0.354898
0.510213,0.327672,0.466652,0.482984,0.308595,0.461199,0.259545,0.472074,0.414883,0.316803,0.61924,0.491182,0.730976,0.447562,0.641008,0.251344,0.387625,0.959827,0.262273,0.943476,0,0,0,0,0,0,0,0,0,0,0.472093,0.270419,0.575653,0.300423,0.401249,0.270441,0.649182,0.357635
0.507507,0.333085,0.466632,0.485686,0.308586,0.469354,0.256827,0.472108,0.417601,0.316808,0.61651,0.488442,0.730946,0.455714,0.635598,0.254086,0.412141,0.965275,0.286797,0.946201,0,0,0,0,0.545656,0.965273,0,0,0,0,0.469371,0.273185,0.575572,0.305832,0.420312,0.281346,0.641071,0.368497
0.507502,0.324949,0.466627,0.485687,0.308599,0.463911,0.256842,0.469357,0.423016,0.319504,0.619208,0.49115,0.733684,0.461164,0.632832,0.267706,0.40397,0.995247,0.284079,0.995247,0,0,0,0,0.54293,0.993886,0,0,0,0,0.472071,0.273164,0.57292,0.300427,0.417593,0.270448,0.641033,0.371276
0.510213,0.319497,0.46936,0.480236,0.314056,0.453012,0.264982,0.453036,0.428489,0.319513,0.619214,0.488442,0.739111,0.463914,0.635538,0.270485,0.395792,0.993885,0.294971,0.995247,0,0,0,0,0.529309,0.995247,0,0,0,0,0.477542,0.26772,0.575591,0.294991,0.414874,0.256836,0.64374,0.368518
0.512946,0.31676,0.472099,0.477529,0.322214,0.447571,0.267694,0.447597,0.433953,0.319502,0.624663,0.491167,0.739124,0.463888,0.635587,0.270416,0.431214,0.993885,0.292247,0.995248,0,0,0,0,0,0,0,0,0,0,0.480265,0.259565,0.575664,0.292261,0.412139,0.262269,0.646451,0.360363
0.512922,0.322205,0.472111,0.477529,0.319504,0.452999,0.267735,0.442137,0.442125,0.319508,0.627411,0.488463,0.747263,0.453023,0.638322,0.265003,0.354927,0.951651,0.245928,0.897157,0,0,0,0,0.488433,0.995248,0,0,0,0,0.485684,0.264995,0.575646,0.294992,0.423008,0.259547,0.643753,0.354877
0.515688,0.319515,0.477552,0.461175,0.338547,0.436644,0.27317,0.431206,0.453017,0.314054,0.624692,0.48296,0.747287,0.450278,0.635545,0.259545,0.393068,0.993884,0,0,0,0,0,0,0.526583,0.995248,0,0,0,0,0.488436,0.270461,0.570189,0.289513,0.431209,0.256827,0.641008,0.333103
0.515741,0.322242,0.477555,0.46665,0.327682,0.450273,0.281352,0.417587,0.463922,0.308578,0.630137,0.48298,0.749969,0.453002,0.630139,0.262259,0.43393,0.993885,0.292247,0.993884,0,0,0,0,0.55928,0.993883,0,0,0,0,0.48845,0.278596,0.572913,0.292233,0.431207,0.264999,0.641018,0.338569
0.51841,0.324955,0.482964,0.466632,0.333122,0.44485,0.281371,0.412147,0.469345,0.305885,0.632864,0.485685,0.750027,0.453,0.630126,0.264997,0.406689,0.993885,0.2759,0.993884,0,0,0,0,0.537477,0.993886,0,0,0,0,0.491162,0.278623,0.575601,0.292273,0.433943,0.256822,0.641016,0.338577
0.521107,0.327667,0.482967,0.466633,0.333121,0.444844,0.281374,0.412133,0.472095,0.303157,0.632853,0.482988,0.750047,0.453013,0.624664,0.267689,0.420317,0.993886,0.286791,0.995247,0,0,0,0,0.551104,0.993888,0,0,0,0,0.491168,0.28135,0.572929,0.292234,0.433953,0.256827,0.641016,0.327667
0.515706,0.324949,0.480287,0.463906,0.333108,0.439382,0.284062,0.403991,0.472087,0.303134,0.630137,0.480267,0.750021,0.458458,0.62194,0.275892,0.395794,0.995248,0.267726,0.995247,0,0,0,0,0.529311,0.995248,0,0,0,0,0.488462,0.284073,0.55932,0.292255,0.431211,0.245921,0.63011,0.319496
0.512974,0.314083,0.480277,0.461194,0.338566,0.436654,0.275902,0.398538,0.472059,0.294948,0.627409,0.482976,0.749992,0.453017,0.62198,0.270463,0.423044,0.995248,0.292246,0.995248,0,0,0,0,0.551105,0.995249,0,0,0,0,0.488409,0.270475,0.559304,0.286766,0.428481,0.240473,0.638278,0.324951
0.512996,0.311347,0.480241,0.46391,0.333105,0.43668,0.273198,0.395753,0.472076,0.292273,0.627411,0.485686,0.749978,0.452979,0.624661,0.273201,0.354917,0.995248,0.243196,0.902606,0,0,0,0,0.477539,0.995251,0,0,0,0,0.488444,0.270441,0.559307,0.284087,0.431204,0.237753,0.635593,0.338564
0.512945,0.308623,0.477542,0.463898,0.330408,0.439385,0.270466,0.395782,0.469364,0.289491,0.62738,0.482965,0.747313,0.458448,0.624678,0.273202,0.341305,0.935289,0.243191,0.869903,0,0,0,0,0.439394,0.99525,0,0,0,0,0.488411,0.262279,0.561988,0.278637,0.428507,0.248635,0.635555,0.335854
0.50751,0.308598,0.47481,0.461196,0.330385,0.442126,0.267693,0.390328,0.458466,0.29226,0.621952,0.474827,0.747288,0.474807,0.635544,0.281363,0.398515,0.968,0,0,0,0,0,0,0,0,0,0,0,0,0.480248,0.267728,0.56199,0.28406,0.431205,0.251382,0.632832,0.341276
0.521135,0.300424,0.472109,0.47752,0.322216,0.455734,0.24322,0.406672,0.425721,0.294955,0.624692,0.482975,0.750052,0.50477,0.643775,0.308581,0.390344,0.995247,0.278626,0.995246,0,0,0,0,0.515683,0.995247,0,0,0,0,0.488418,0.245919,0.57833,0.278603,0.425746,0.251369,0.643718,0.346729
0.532002,0.311311,0.480266,0.463924,0.324953,0.442099,0.202318,0.423041,0.384922,0.311295,0.638294,0.480266,0.74995,0.529286,0.695505,0.344013,0.384899,0.993885,0.262277,0.951652,0,0,0,0,0.510228,0.993886,0,0,0,0,0.488414,0.248677,0.600182,0.275919,0.41758,0.264984,0.662809,0.34675
0.537501,0.319482,0.485688,0.461197,0.335841,0.420308,0.169635,0.442116,0.341314,0.311331,0.646472,0.482975,0.752758,0.548367,0.752725,0.401216,0.401236,0.962545,0.289519,0.94075,0,0,0,0,0.521132,0.9462,0,0,0,0,0.488443,0.264983,0.613782,0.303137,0.406694,0.281352,0.668289,0.373992
0.540216,0.319501,0.485737,0.447562,0.338589,0.406704,0.199595,0.472102,0.300419,0.324931,0.643741,0.477519,0.774531,0.564708,0.80178,0.433951,0.360375,0.899885,0.256834,0.861734,0,0,0,0,0.472089,0.938019,0,0,0,0,0.485682,0.26227,0.619183,0.305874,0.412146,0.286804,0.67916,0.346765
