0.402648,0.30098,0.361924,0.681437,0.168513,0.434159,0.0158217,0.38525,0.282526,0.135248,0.659168,0.992582,0,0,0,0,0,0,0,0,0,0,0,0,0,0,0,0,0,0,0.414883,0.200479,0.510546,0.292854,0,0,0,0
0.412838,0.271123,0.420966,0.760243,0.258092,0.594483,0,0,0,0,0,0,0,0,0,0,0,0,0,0,0,0,0,0,0,0,0,0,0,0,0.429115,0.165139,0.488165,0.276566,0,0,0,0
0.414848,0.271077,0.447433,0.776548,0.266237,0.466766,0.083013,0.306439,0.288636,0.11894,0.673419,0.966766,0,0,0,0,0,0,0,0,0,0,0,0,0,0,0,0,0,0,0.461679,0.116219,0.616408,0.371676,0,0,0.714146,0.561881
0.418936,0.257538,0.392461,0.643399,0.20516,0.377094,0,0,0,0,0.661203,0.969485,0,0,0,0,0,0,0,0,0,0,0,0,0,0,0,0,0,0,0.433185,0.156982,0.606237,0.368943,0,0,0.705996,0.564578
0.408738,0.292883,0.41893,0.75753,0.278453,0.483071,0.0870836,0.314593,0.327319,0.121653,0,0,0,0,0,0,0,0,0,0,0,0,0,0,0,0,0,0,0,0,0.418917,0.205857,0.488167,0.284724,0,0,0,0
0.406726,0.306432,0.396534,0.743939,0.192944,0.466768,0,0,0,0,0.620486,0.991222,0,0,0,0,0,0,0,0,0,0,0,0,0,0,0,0,0,0,0.420965,0.203173,0.606228,0.387971,0,0,0.705993,0.583618
0.412821,0.311884,0.412819,0.847201,0.109471,0.716765,0,0,0,0,0.632698,0.969483,0,0,0,0,0,0,0,0,0,0,0,0,0,0,0,0,0,0,0.423009,0.211321,0.610317,0.398835,0,0,0.714139,0.583612
0.410798,0.32546,0.406711,0.860786,0.0992911,0.754812,0,0,0,0,0.64288,0.992585,0,0,0,0,0,0,0,0,0,0,0,0,0,0,0,0,0,0,0.435216,0.208614,0.618453,0.420549,0,0,0.722283,0.583619
0.412815,0.330884,0.398571,0.839049,0.121686,0.469482,0,0,0,0,0.640843,0.992585,0,0,0,0,0,0,0,0,0,0,0,0,0,0,0,0,0,0,0.433177,0.205889,0.614381,0.423256,0,0,0.714139,0.597203
0.412815,0.330884,0.398571,0.839049,0.121686,0.469482,0,0,0,0,0.640843,0.992585,0,0,0,0,0,0,0,0,0,0,0,0,0,0,0,0,0,0,0.433177,0.205889,0.614381,0.423256,0,0,0.714139,0.597203
0.412816,0.330885,0.398572,0.841765,0.121686,0.469483,0,0,0,0,0.640843,0.992585,0,0,0,0,0,0,0,0,0,0,0,0,0,0,0,0,0,0,0.433177,0.205889,0.614383,0.423258,0,0,0.714141,0.597203
0.598092,0.393387,0,0,0,0,0,0,0,0,0.677489,0.977638,0,0,0,0,0,0,0,0,0,0,0,0,0,0,0,0,0,0,0,0,0.616421,0.425975,0,0,0.714143,0.608064
0.410781,0.336317,0.374142,0.741222,0.123722,0.472203,0,0,0,0,0.644916,0.993942,0,0,0,0,0,0,0,0,0,0,0,0,0,0,0,0,0,0,0.431154,0.219497,0.622526,0.428697,0,0,0.718213,0.602631
0.410781,0.336317,0.374142,0.741222,0.123722,0.472203,0,0,0,0,0.644916,0.993942,0,0,0,0,0,0,0,0,0,0,0,0,0,0,0,0,0,0,0.431154,0.219497,0.622526,0.428697,0,0,0.718213,0.602631
0.414863,0.336338,0.386355,0.724917,0.164441,0.453182,0,0,0,0,0.726351,0.964058,0,0,0,0,0,0,0,0,0,0,0,0,0,0,0,0,0,0,0.437255,0.21676,0.628624,0.428719,0,0,0.732461,0.594483
0.429117,0.325464,0.406712,0.71405,0.280485,0.404262,0,0,0,0,0.677491,0.992583,0,0,0,0,0,0,0,0,0,0,0,0,0,0,0,0,0,0,0.44133,0.224899,0.630655,0.423293,0,0,0.720243,0.599917
0.435229,0.325474,0.408746,0.684159,0.270307,0.483067,0,0,0,0,0.604197,0.969484,0,0,0,0,0,0,0,0,0,0,0,0,0,0,0,0,0,0,0.439299,0.222214,0.632686,0.425976,0,0,0.718211,0.602636
0.435229,0.325474,0.408746,0.684159,0.270307,0.483067,0,0,0,0,0.604197,0.969484,0,0,0,0,0,0,0,0,0,0,0,0,0,0,0,0,0,0,0.439299,0.222214,0.632686,0.425976,0,0,0.718211,0.602636
0.44132,0.328179,0.427073,0.868943,0.148153,0.738503,0,0,0,0,0.708029,0.958618,0,0,0,0,0,0,0,0,0,0,0,0,0,0,0,0,0,0,0.441329,0.219492,0.63067,0.428699,0,0,0.718211,0.602629
0.445386,0.309168,0.400609,0.714048,0.29067,0.406995,0,0,0,0,0.736525,0.964051,0,0,0,0,0,0,0,0,0,0,0,0,0,0,0,0,0,0,0.437245,0.216766,0.620484,0.417834,0,0,0.718216,0.578184
0.445386,0.309168,0.400609,0.714048,0.29067,0.406995,0,0,0,0,0.736525,0.964051,0,0,0,0,0,0,0,0,0,0,0,0,0,0,0,0,0,0,0.437245,0.216766,0.620484,0.417834,0,0,0.718216,0.578184
0.441331,0.309165,0.410786,0.673284,0.282521,0.42329,0,0,0,0,0.718207,0.992582,0,0,0,0,0,0,0,0,0,0,0,0,0,0,0,0,0,0,0.435221,0.216756,0.616414,0.415142,0,0,0.724315,0.570034
0.437258,0.309159,0.431144,0.871654,0.127795,0.746659,0,0,0,0,0.726353,0.966773,0,0,0,0,0,0,0,0,0,0,0,0,0,0,0,0,0,0,0.433195,0.208622,0.61235,0.409696,0,0,0.718217,0.575457
0.431139,0.30643,0.437251,0.86079,0.135939,0.74394,0.186843,0.871651,0,0,0.712101,0.964052,0,0,0,0,0,0,0,0,0,0,0,0,0,0,0,0,0,0,0.431138,0.216761,0.604193,0.401563,0,0,0.724317,0.561881
0.431139,0.30643,0.437251,0.86079,0.135939,0.74394,0.186843,0.871651,0,0,0.712101,0.964052,0,0,0,0,0,0,0,0,0,0,0,0,0,0,0,0,0,0,0.431138,0.216761,0.604193,0.401563,0,0,0.724317,0.561881
0.420967,0.314603,0.46372,0.866222,0.160369,0.733072,0.186822,0.87166,0.492218,0.458611,0.724315,0.958614,0,0,0,0,0,0,0,0,0,0,0,0,0,0,0,0,0,0,0.431138,0.208618,0.598096,0.398827,0,0,0.724326,0.559148
0.429117,0.273834,0.418931,0.719482,0.27031,0.44503,0.168517,0.268395,0.274375,0.195038,0.71414,0.972201,0,0,0,0,0,0,0,0,0,0,0,0,0,0,0,0,0,0,0.461686,0.20046,0.587908,0.366229,0,0,0.730426,0.534718
0.429117,0.273834,0.418931,0.719482,0.27031,0.44503,0.168517,0.268395,0.274375,0.195038,0.71414,0.972201,0,0,0,0,0,0,0,0,0,0,0,0,0,0,0,0,0,0,0.461686,0.20046,0.587908,0.366229,0,0,0.730426,0.534718
0.429108,0.25482,0.480008,0.773835,0.266238,0.586331,0,0,0,0,0.716175,0.969494,0,0,0,0,0,0,0,0,0,0,0,0,0,0,0,0,0,0,0.453539,0.17057,0.569579,0.360767,0,0,0.73448,0.531982
0.431142,0.276551,0.482044,0.776551,0.260129,0.643399,0.201087,0.847201,0.44952,0.398777,0.728384,0.966772,0,0,0,0,0,0,0,0,0,0,0,0,0,0,0,0,0,0,0.463728,0.15154,0.563504,0.344483,0.435226,0.108065,0.73245,0.529255
0.422998,0.24666,0.480004,0.73579,0.286593,0.599919,0.203117,0.836314,0.431178,0.366206,0.714134,0.966765,0,0,0,0,0,0,0,0,0,0,0,0,0,0,0,0,0,0,0.46168,0.118943,0.561434,0.341753,0,0,0.728382,0.545558
0.425037,0.26296,0.48204,0.762963,0.272345,0.629809,0.188873,0.833618,0.416909,0.33911,0.724316,0.969475,0,0,0,0,0,0,0,0,0,0,0,0,0,0,0,0,0,0,0.463721,0.137963,0.55127,0.34178,0,0,0.730423,0.534712
0.480021,0.355338,0.482044,0.752099,0.266237,0.643394,0.188861,0.833606,0.412832,0.336304,0.726354,0.958619,0,0,0,0,0,0,0,0,0,0,0,0,0,0,0,0,0,0,0.465758,0.11623,0.549235,0.3445,0,0,0.724325,0.542852
0.473904,0.276552,0.488148,0.820026,0.166476,0.735786,0.188872,0.852632,0.496272,0.428697,0.744676,0.969483,0,0,0,0,0,0,0,0,0,0,0,0,0,0,0,0,0,0,0.494254,0.151553,0.612354,0.401566,0,0,0.734499,0.570029
0.455598,0.339051,0.433183,0.882528,0.131866,0.746655,0.188879,0.877098,0.512587,0.488525,0.703959,0.964054,0,0,0,0,0,0,0,0,0,0,0,0,0,0,0,0,0,0,0.453538,0.22494,0.644917,0.428727,0,0,0.734502,0.572738
0.455598,0.339051,0.433183,0.882528,0.131866,0.746655,0.188879,0.877098,0.512587,0.488525,0.703959,0.964054,0,0,0,0,0,0,0,0,0,0,0,0,0,0,0,0,0,0,0.453538,0.22494,0.644917,0.428727,0,0,0.734502,0.572738
0.457609,0.34176,0.42504,0.9097,0.117617,0.754806,0.188866,0.877096,0.516648,0.49123,0,0,0,0,0,0,0,0,0,0,0,0,0,0,0,0,0,0,0,0,0.451501,0.230341,0.596043,0.276553,0,0,0,0
0.457621,0.344502,0.418929,0.893395,0.119651,0.754811,0.18888,0.874374,0.514623,0.496657,0,0,0,0,0,0,0,0,0,0,0,0,0,0,0,0,0,0,0,0,0.451512,0.230352,0.628628,0.349925,0,0,0,0
0.453542,0.341775,0.423002,0.917854,0.121682,0.754818,0.186825,0.871666,0.50851,0.485765,0,0,0,0,0,0,0,0,0,0,0,0,0,0,0,0,0,0,0,0,0.449451,0.227647,0.648969,0.442288,0,0,0.736533,0.567312
0.453542,0.341775,0.423002,0.917854,0.121682,0.754818,0.186825,0.871666,0.50851,0.485765,0,0,0,0,0,0,0,0,0,0,0,0,0,0,0,0,0,0,0,0,0.449451,0.227647,0.648969,0.442288,0,0,0.736533,0.567312
0.453537,0.341793,0.418932,0.92057,0.117611,0.757531,0.186841,0.871665,0.51054,0.480361,0,0,0,0,0,0,0,0,0,0,0,0,0,0,0,0,0,0,0,0,0.449461,0.227624,0.646964,0.436851,0,0,0.73449,0.564602
0.449496,0.344463,0.425036,0.939593,0.113539,0.760244,0.188864,0.866231,0.506479,0.483074,0,0,0,0,0,0,0,0,0,0,0,0,0,0,0,0,0,0,0,0,0.447447,0.22767,0.644929,0.439572,0,0,0.73653,0.564601
0.449496,0.339058,0.423003,0.942311,0.113542,0.760245,0.186842,0.87165,0.504449,0.48037,0,0,0,0,0,0,0,0,0,0,0,0,0,0,0,0,0,0,0,0,0.447444,0.227608,0.628632,0.344479,0,0,0,0
0.449496,0.339058,0.423003,0.942311,0.113542,0.760245,0.186842,0.87165,0.504449,0.48037,0,0,0,0,0,0,0,0,0,0,0,0,0,0,0,0,0,0,0,0,0.447444,0.227608,0.628632,0.344479,0,0,0,0
0.451483,0.339016,0.427072,0.945028,0.113544,0.760249,0.186829,0.871645,0.508515,0.472245,0.710063,0.992582,0,0,0,0,0,0,0,0,0,0,0,0,0,0,0,0,0,0,0.451498,0.224922,0.646945,0.431443,0,0,0.736529,0.567318
0.453539,0.330906,0.433181,0.912418,0.125761,0.754809,0.186835,0.871651,0.508501,0.469495,0,0,0,0,0,0,0,0,0,0,0,0,0,0,0,0,0,0,0,0,0.451505,0.21678,0.628636,0.328184,0,0,0,0
0.451495,0.31459,0.445397,0.912417,0.121688,0.757525,0.194975,0.860786,0.512585,0.466757,0.718208,0.992584,0,0,0,0,0,0,0,0,0,0,0,0,0,0,0,0,0,0,0.457599,0.21134,0.642867,0.415136,0,0,0.734504,0.559152
0.486113,0.317312,0.43318,0.90155,0.111502,0.746658,0.188865,0.849923,0.492224,0.366227,0.728389,0.953188,0,0,0,0,0,0,0,0,0,0,0,0,0,0,0,0,0,0,0.48204,0.156982,0.612355,0.398828,0,0,0.738569,0.548294
0.494253,0.317309,0.427073,0.90155,0.111508,0.749373,0.188864,0.858067,0.492223,0.374378,0,0,0,0,0,0,0,0,0,0,0,0,0,0,0,0,0,0,0,0,0.484076,0.146111,0.616417,0.401495,0,0,0.73652,0.559157
0.494253,0.317309,0.427073,0.90155,0.111508,0.749373,0.188864,0.858067,0.492223,0.374378,0,0,0,0,0,0,0,0,0,0,0,0,0,0,0,0,0,0,0,0,0.484076,0.146111,0.616417,0.401495,0,0,0.73652,0.559157
0.502401,0.322743,0.423,0.915135,0.107431,0.752092,0.188861,0.852627,0.494256,0.396112,0,0,0,0,0,0,0,0,0,0,0,0,0,0,0,0,0,0,0,0,0.486111,0.124374,0.624556,0.401571,0,0,0.736536,0.561884
0.494257,0.339044,0.420967,0.874375,0.113542,0.724916,0.192946,0.852636,0.480002,0.409699,0.716172,0.992583,0,0,0,0,0,0,0,0,0,0,0,0,0,0,0,0,0,0,0.488148,0.14068,0.622526,0.396132,0,0,0.730429,0.559166
0.494257,0.339044,0.420967,0.874375,0.113542,0.724916,0.192946,0.852636,0.480002,0.409699,0.716172,0.992583,0,0,0,0,0,0,0,0,0,0,0,0,0,0,0,0,0,0,0.488148,0.14068,0.622526,0.396132,0,0,0.730429,0.559166
0.494256,0.347197,0.435218,0.887963,0.113547,0.738503,0.186847,0.852635,0.47595,0.417851,0.722281,0.992583,0,0,0,0,0,0,0,0,0,0,0,0,0,0,0,0,0,0,0.477972,0.148835,0.616425,0.396106,0,0,0.742637,0.567312
0.494256,0.347197,0.435218,0.887963,0.113547,0.738503,0.186847,0.852635,0.47595,0.417851,0.722281,0.992583,0,0,0,0,0,0,0,0,0,0,0,0,0,0,0,0,0,0,0.477972,0.148835,0.616425,0.396106,0,0,0.742637,0.567312
0.461687,0.257534,0.459648,0.866222,0.158333,0.727638,0.192947,0.855352,0.467797,0.404278,0.710065,0.977637,0,0,0,0,0,0,0,0,0,0,0,0,0,0,0,0,0,0,0.496301,0.148827,0.596057,0.363489,0,0,0.736535,0.548301
0.463727,0.262962,0.498331,0.806441,0.235699,0.665134,0.201085,0.844471,0.45966,0.406976,0.716175,0.969478,0,0,0,0,0,0,0,0,0,0,0,0,0,0,0,0,0,0,0.496296,0.148836,0.598092,0.363489,0,0,0.738563,0.54014
