0.523708,0.474788,0.373783,0.570174,0.0834431,0.570164,0.0399209,0.850831,0.0254219,0.927142,0.678455,0.562029,0.789713,0.741841,0.881667,0.747296,0.383397,0.968007,0.204386,0.984348,0,0,0,0,0.586565,0.95437,0,0,0,0,0.388257,0.417596,0.630009,0.406699,0.209189,0.406696,0.712284,0.398479
0.523709,0.474787,0.373785,0.570175,0.0834421,0.570164,0.0399218,0.85083,0.0254233,0.927141,0.678456,0.56203,0.789717,0.741843,0.881676,0.747293,0.383398,0.968007,0.204387,0.984349,0,0,0,0,0.586565,0.954371,0,0,0,0,0.388263,0.417596,0.630009,0.406699,0.209182,0.406689,0.712281,0.39848
0.523643,0.47211,0.378549,0.564716,0.0785856,0.562013,0.0351281,0.869903,0,0,0.688144,0.562,0.755864,0.779984,0.87198,0.74181,0.417226,0.973457,0.214068,0.989782,0,0,0,0,0.615581,0.959819,0,0,0,0,0.388238,0.417581,0.625236,0.403992,0.204425,0.403959,0.712297,0.393083
0.518875,0.472078,0.373754,0.559303,0.0737861,0.562017,0.0350801,0.867183,0.0157802,0.959818,0.678461,0.553866,0.79457,0.774539,0.871947,0.739086,0.422102,0.981613,0.218918,0.992536,0,0,0,0,0.620432,0.970722,0,0,0,0,0.383387,0.414869,0.625209,0.403938,0.199553,0.401273,0.707524,0.393069
0.513952,0.472072,0.373728,0.56203,0.0641485,0.564722,0.0351039,0.859005,0.0205498,0.965281,0.688156,0.561999,0.925193,0.938024,0.886491,0.752762,0.417229,0.984345,0.209229,0.987082,0,0,0,0,0.630071,0.9789,0,0,0,0,0.368922,0.414878,0.605946,0.403932,0.180196,0.401212,0.70265,0.384895
0.504319,0.472063,0.37368,0.559295,0.0592997,0.570179,0.0303151,0.829034,0.0205691,0.962539,0.683311,0.553848,0,0,0,0,0.412393,0.976161,0.209226,0.981619,0,0,0,0,0.625233,0.970716,0,0,0,0,0.368798,0.417568,0.601134,0.401279,0.180217,0.401197,0.707445,0.3876
0.485046,0.47208,0.393031,0.55382,0.0592655,0.572887,0.0351204,0.83993,0.0205662,0.954371,0.707498,0.548383,0,0,0,0,0.40756,0.984333,0.204415,0.987063,0,0,0,0,0.62527,0.976167,0,0,0,0,0.3544,0.412145,0.596246,0.401231,0.165702,0.398531,0.707459,0.371259
0.484919,0.46939,0.383395,0.556549,0.0544148,0.578318,0.0447991,0.850831,0.020561,0.959812,0.702632,0.548395,0.920308,0.766367,0.862294,0.662838,0.42693,0.98708,0,0,0,0,0,0,0.634904,0.9789,0,0,0,0,0.344663,0.41214,0.591427,0.401242,0.160805,0.401208,0.702673,0.379451
0.470502,0.469381,0.378578,0.559266,0.0544159,0.578339,0.0447902,0.845383,0.0158123,0.938035,0.688138,0.548368,0.925147,0.755475,0.867072,0.635582,0.407568,0.978896,0.204389,0.987073,0,0,0,0,0.625223,0.965274,0,0,0,0,0.325318,0.409425,0.586536,0.401254,0.146376,0.393068,0.697831,0.382171
0.455947,0.469378,0.378585,0.562002,0.0544739,0.5756,0.0447987,0.845383,0.0158104,0.93802,0.697791,0.548399,0.944529,0.760922,0.87193,0.624685,0.41726,0.992523,0,0,0,0,0,0,0.634916,0.981611,0,0,0,0,0.310878,0.40943,0.571994,0.403948,0.146391,0.3958,0.68813,0.384882
0.417292,0.485728,0.393071,0.564733,0.0641207,0.567461,0.0447845,0.820858,0.030283,0.91895,0.712308,0.55109,0.944504,0.758193,0.910622,0.60834,0.407573,0.989801,0.194707,0.995251,0,0,0,0,0.625267,0.981619,0,0,0,0,0.286602,0.423051,0.533312,0.420336,0.13667,0.398505,0.678465,0.390337
0.407618,0.488457,0.402734,0.559285,0.0737657,0.559294,0.0447584,0.82903,0.0254224,0.924403,0.72198,0.548391,0.949369,0.741843,0.910713,0.591983,0.426933,0.99525,0,0,0,0,0,0,0.639786,0.98434,0,0,0,0,0.286627,0.425812,0.52372,0.42308,0.194685,0.40396,0.683293,0.371272
0.402703,0.499343,0.407604,0.553855,0.0834583,0.553824,0.0351139,0.793613,0.0206113,0.959826,0.731693,0.548372,0,0,0,0,0.422074,0.978906,0.199586,0.98707,0,0,0,0,0.63492,0.97072,0,0,0,0,0.267292,0.444837,0.51886,0.439362,0.136717,0.401245,0.673613,0.379448
0.407508,0.504774,0.407594,0.551117,0.0834395,0.551111,0.0350802,0.790884,0.0254278,0.929857,0.731682,0.545652,0,0,0,0,0.39788,0.97343,0.19472,0.976164,0,0,0,0,0.620421,0.962548,0,0,0,0,0.262429,0.45029,0.523656,0.447518,0.136686,0.403968,0.654269,0.395774
0.451094,0.548382,0.37374,0.534752,0.073769,0.551076,0.0206552,0.793621,0.0205751,0.965281,0.683311,0.515677,0,0,0,0,0.378538,0.959827,0.185061,0.973461,0,0,0,0,0.601048,0.938027,0,0,0,0,0.349499,0.507493,0.518869,0.46665,0.185067,0.439395,0.668798,0.40395
0.489802,0.529308,0.373688,0.534778,0.0834926,0.551082,0.0350764,0.834487,0.0205911,0.940758,0.663968,0.507509,0.939705,0.671008,0.799439,0.491183,0.364059,0.951652,0.165715,0.965283,0,0,0,0,0.572048,0.935293,0,0,0,0,0.315663,0.461201,0.538214,0.442115,0.194719,0.428499,0.659104,0.395802
0.436594,0.512978,0.368868,0.537506,0.0834503,0.551111,0.0205874,0.769084,0.0205611,0.883553,0.654264,0.515691,0.915519,0.679142,0.809097,0.515709,0.368869,0.957089,0.165693,0.97073,0,0,0,0,0.57687,0.935304,0,0,0,0,0.301136,0.461201,0.51887,0.436675,0.170567,0.431195,0.69293,0.384902
0.45118,0.510234,0.373674,0.540223,0.0931107,0.55107,0.0302523,0.774534,0.0254493,0.878076,0.649451,0.523846,0.905819,0.690051,0.813894,0.532045,0.388222,0.968002,0.189894,0.981615,0,0,0,0,0.596247,0.951643,0,0,0,0,0.349524,0.455715,0.528544,0.442123,0.209209,0.423044,0.717176,0.384893
0.470488,0.488467,0.368834,0.540184,0.0882745,0.545629,0.0302927,0.831759,0.0302816,0.823578,0.639809,0.52657,0.905854,0.700961,0.818703,0.534775,0.41241,0.965274,0.20924,0.976181,0,0,0,0,0.620426,0.946195,0,0,0,0,0.325367,0.433931,0.538161,0.42032,0.180216,0.423012,0.668794,0.371265
0.475352,0.482998,0.378597,0.540224,0.0931568,0.542926,0.0253657,0.834473,0,0,0.649477,0.532021,0.915509,0.706391,0.823602,0.54567,0.426911,0.98435,0,0,0,0,0,0,0.639749,0.970727,0,0,0,0,0.334974,0.425775,0.562372,0.403982,0.185058,0.41756,0.702634,0.36038
0.513968,0.466627,0.388248,0.548368,0.0931479,0.545665,0.0206105,0.804509,0.0302677,0.785441,0.678443,0.542913,0.920338,0.722776,0.838131,0.556556,0.422081,0.993892,0,0,0,0,0,0,0.639752,0.984343,0,0,0,0,0.363981,0.412127,0.605953,0.395779,0.180202,0.403988,0.731694,0.360375
0.523663,0.466624,0.402677,0.551058,0.098009,0.54295,0.0302672,0.831744,0,0,0.683308,0.545641,0.920384,0.72277,0.838118,0.556587,0.412394,0.989791,0,0,0,0,0,0,0.63011,0.97345,0,0,0,0,0.368854,0.412112,0.630034,0.393094,0.199518,0.409422,0.75099,0.365817
0.53823,0.482976,0.407566,0.551111,0.0980026,0.548379,0.0205987,0.834494,0,0,0.702681,0.548363,0.939649,0.728219,0.842958,0.58107,0.460765,0.987065,0.233444,0.992531,0,0,0,0,0.644619,0.970717,0,0,0,0,0.388232,0.425742,0.63495,0.409428,0.20445,0.420312,0.775218,0.373988
0.557525,0.491158,0.388229,0.556574,0.102845,0.551107,0.0206286,0.859009,0.12701,0.9026,0.683308,0.559272,0.944515,0.725491,0.838145,0.581074,0.431747,0.989798,0,0,0,0,0,0,0.634949,0.973451,0,0,0,0,0.407621,0.431191,0.64459,0.42305,0.214083,0.422992,0.794599,0.40122
0.581734,0.507484,0.417238,0.553819,0.122174,0.54838,0.025415,0.878072,0.0398999,0.932585,0.702644,0.548369,0.95421,0.730943,0.847765,0.608315,0.407575,0.989795,0,0,0,0,0,0,0.610758,0.973444,0,0,0,0,0.455931,0.447533,0.659127,0.450283,0.247884,0.420293,0.794576,0.401234
0.591402,0.504764,0.417205,0.551121,0.122174,0.548401,0.0302203,0.834483,0.035102,0.916229,0.697799,0.545653,0.949362,0.733668,0.862255,0.619221,0.417225,0.973439,0.209255,0.981627,0,0,0,0,0.615564,0.957092,0,0,0,0,0.47044,0.4503,0.649446,0.455755,0.272149,0.417576,0.80423,0.39308
0.605948,0.51298,0.436602,0.55384,0.131863,0.553859,0.0206585,0.897161,0,0,0.721977,0.548371,0,0,0,0,0.412407,0.978908,0.214094,0.98434,0,0,0,0,0.610733,0.973453,0,0,0,0,0.485035,0.455731,0.693024,0.455723,0.291464,0.417575,0.833271,0.414861
0.615571,0.512975,0.46077,0.556556,0.141534,0.556579,0.0254036,0.834481,0.102831,0.976172,0.741347,0.551116,0,0,0,0,0.460792,0.976176,0.252789,0.981623,0,0,0,0,0.644602,0.970715,0,0,0,0,0.494671,0.45843,0.726868,0.452989,0.301123,0.414857,0.86224,0.417578
0.634913,0.523847,0.475297,0.56199,0.165694,0.562008,0.0254313,0.864454,0.0593104,0.973459,0.799402,0.551107,0,0,0,0,0.480124,0.992519,0,0,0,0,0,0,0.692985,0.981616,0,0,0,0,0.523669,0.458462,0.750999,0.458471,0.330159,0.406692,0.867085,0.412139
0.630058,0.521119,0.455998,0.561994,0.170549,0.564725,0.0302326,0.861726,0.291481,0.992521,0.770392,0.551091,0,0,0,0,0,0,0,0,0,0,0,0,0,0,0,0,0,0,0.523661,0.463906,0.751026,0.461169,0.325331,0.398529,0.871923,0.417587
0.634952,0.542926,0.455984,0.559287,0.175378,0.567448,0.0350965,0.888979,0.301156,0.989798,0.760714,0.548385,0.992918,0.774545,0.930037,0.679147,0.465622,0.978904,0.2818,0.989802,0,0,0,0,0.644605,0.965273,0,0,0,0,0.54786,0.488416,0.726846,0.477536,0.344685,0.425765,0.867117,0.423038
0.639808,0.548395,0.451091,0.559284,0.170549,0.572887,0.0399392,0.878078,0.315665,0.978908,0.755842,0.548383,0.992915,0.777255,0.925189,0.681901,0.504327,0.973451,0.301144,0.989791,0,0,0,0,0.707488,0.962546,0,0,0,0,0.567185,0.488428,0.74136,0.485703,0.383388,0.420308,0,0
0.644661,0.556565,0.460793,0.561997,0.170558,0.575607,0.0544044,0.938024,0,0,0.780058,0.54565,0,0,0,0,0.542997,0.973451,0.330178,0.99253,0,0,0,0,0.702635,0.970715,0,0,0,0,0.557565,0.510254,0.75584,0.502045,0.349524,0.436656,0.876784,0.420313
0.630105,0.624673,0.513993,0.570172,0.141517,0.578369,0.0254145,0.910774,0,0,0.862286,0.575633,0.992909,0.78272,0.992917,0.665551,0,0,0,0,0,0,0,0,0,0,0,0,0,0,0.533346,0.562011,0.721989,0.581072,0.344687,0.485714,0.881644,0.49115
