0.462694,0.613877,0.478674,0.701061,0.344026,0.706479,0.267013,0.856352,0.366459,0.722869,0.622969,0.701038,0.696743,0.845494,0.616613,0.720166,0.481905,0.916314,0.401722,0.921758,0.353644,0.959899,0,0,0.565256,0.908129,0.584508,0.938136,0,0,0.417778,0.597465,0.504319,0.581147,0.360048,0.619338,0.574857,0.602989
0.446667,0.613874,0.478736,0.703813,0.343983,0.706516,0.273484,0.861791,0.366507,0.717399,0.629388,0.703799,0.703136,0.845467,0.610184,0.714706,0.491504,0.924474,0.401774,0.929948,0.360044,0.940853,0,0,0.56846,0.913579,0.581318,0.932659,0,0,0.401778,0.597463,0.494701,0.578506,0.353651,0.619347,0.571623,0.602984
0.446598,0.613877,0.485104,0.706513,0.343985,0.709275,0.273452,0.864542,0.369657,0.720115,0.629435,0.703802,0.706404,0.842742,0.60693,0.717424,0.497895,0.9245,0.404948,0.935373,0,0,0,0,0.571673,0.913595,0.584514,0.927193,0,0,0.401726,0.597474,0.491527,0.578486,0.356802,0.622053,0.568512,0.605721
0.456276,0.613839,0.504301,0.709191,0.356831,0.714678,0.283103,0.878148,0.388936,0.725533,0.648648,0.703799,0.728747,0.845449,0.616584,0.717371,0.51074,0.932681,0.420987,0.943569,0,0,0,0,0.597333,0.927203,0.610201,0.929939,0,0,0.414575,0.594795,0.501165,0.578422,0.366508,0.624801,0.581279,0.602991
0.472258,0.611158,0.517137,0.706462,0.369665,0.714679,0.299161,0.878152,0.401792,0.714704,0.661491,0.701024,0.738461,0.845444,0.629389,0.709257,0.520373,0.932664,0.440218,0.940818,0,0,0,0,0.60374,0.924495,0.619822,0.935401,0,0,0.427436,0.594783,0.51393,0.575784,0.382514,0.622079,0.597367,0.600273
0.494696,0.605731,0.53637,0.706461,0.392128,0.709274,0.324752,0.875448,0.424166,0.714694,0.683886,0.70103,0.757678,0.845466,0.658289,0.711927,0.542839,0.929945,0.459427,0.938115,0,0,0,0,0.622995,0.924482,0.651845,0.921769,0,0,0.446645,0.589317,0.530047,0.575737,0.398594,0.619315,0.616536,0.600204
0.494743,0.602951,0.536462,0.698346,0.395358,0.706456,0.334411,0.867243,0.427411,0.709184,0.687138,0.695646,0.760872,0.84004,0.658292,0.698355,0.536407,0.908141,0.459438,0.92176,0.42419,0.995333,0,0,0.616553,0.908132,0.664669,0.905402,0,0,0.449855,0.581149,0.533223,0.573019,0.408119,0.61386,0.619787,0.594778
0.497928,0.600279,0.546065,0.692898,0.401709,0.698309,0.33758,0.853623,0.430633,0.706468,0.693502,0.692851,0.764102,0.837299,0.661451,0.69562,0.555636,0.921759,0.459479,0.929931,0,0,0,0,0.629407,0.91086,0.667844,0.924479,0,0,0.453012,0.5784,0.533253,0.570288,0.411358,0.600269,0.626175,0.586623
0.497927,0.600291,0.546058,0.692899,0.39858,0.698313,0.337622,0.853657,0.430634,0.70378,0.693507,0.692854,0.767265,0.837303,0.658232,0.692921,0.552444,0.92722,0.459445,0.935381,0,0,0,0,0.632602,0.919038,0.667852,0.929931,0,0,0.453015,0.578395,0.533251,0.570293,0.411355,0.600265,0.626206,0.58663
0.488322,0.600299,0.539667,0.692903,0.398497,0.698317,0.334442,0.848223,0.436986,0.695602,0.683931,0.69288,0.757695,0.837297,0.674319,0.714683,0.542818,0.927215,0.456225,0.932666,0,0,0,0,0.62617,0.921762,0.664683,0.913588,0,0,0.446668,0.575789,0.529974,0.570272,0.40497,0.600241,0.619795,0.589337
0.478753,0.600274,0.539647,0.692916,0.398494,0.698355,0.334382,0.856356,0.433848,0.695585,0.683922,0.69286,0.767277,0.837307,0.67432,0.720129,0.546016,0.938107,0.453057,0.943567,0,0,0,0,0.629417,0.93538,0,0,0,0,0.446578,0.575777,0.526759,0.570252,0.401797,0.602987,0.619748,0.58936
0.459498,0.60567,0.517153,0.703742,0.369652,0.70924,0.315166,0.870023,0.411379,0.709176,0.664666,0.698317,0.74162,0.840057,0.661446,0.728309,0.530015,0.935395,0.446616,0.943556,0,0,0,0,0.613365,0.92993,0.632599,0.932665,0,0,0.424181,0.581214,0.504335,0.575661,0.385726,0.608435,0.600561,0.597483
0.446619,0.611128,0.504349,0.706535,0.363195,0.711941,0.292663,0.870021,0.401731,0.709279,0.65186,0.70646,0.732022,0.848206,0.648627,0.733738,0.507566,0.962632,0.411344,0.995334,0,0,0,0,0.603739,0.949022,0,0,0,0,0.408147,0.592045,0.494727,0.575784,0.369704,0.613859,0.584495,0.6003
0.427442,0.622013,0.488291,0.722827,0.340818,0.728275,0.26706,0.878154,0.385711,0.720139,0.63262,0.717413,0.709581,0.864555,0.632601,0.750088,0.501095,0.938131,0.401761,0.957184,0,0,0,0,0.574863,0.932656,0.603763,0.959918,0,0,0.395324,0.600275,0.472326,0.589342,0.353673,0.627478,0.57164,0.616575
0.420973,0.622105,0.472229,0.725626,0.324788,0.731054,0.254241,0.886329,0.369607,0.728325,0.619797,0.725565,0.693528,0.883598,0.619749,0.75282,0.469077,0.943563,0.385702,0.957175,0,0,0,0,0.555644,0.935405,0.581323,0.962624,0,0,0.382481,0.603011,0.465824,0.594751,0.343981,0.627501,0.55566,0.619348
0.395383,0.630193,0.440204,0.739184,0.292755,0.747342,0.218986,0.902674,0.327987,0.736475,0.587727,0.739206,0.655026,0.919028,0.597339,0.766465,0.430611,0.959898,0.34082,0.962645,0,0,0,0,0.513975,0.951744,0.555624,0.995339,0,0,0.353644,0.611119,0.440203,0.600223,0.315129,0.638387,0.526844,0.632966
0.385675,0.635648,0.430554,0.747332,0.283109,0.747387,0.206133,0.902698,0.299146,0.747346,0.571722,0.747401,0.639046,0.924497,0.57812,0.771887,0.420971,0.962644,0.334406,0.96266,0,0,0,0,0.504348,0.962658,0.536452,0.995348,0,0,0.343979,0.613885,0.427383,0.603026,0.295974,0.641105,0.513978,0.638323
0.36328,0.643854,0.401745,0.75279,0.254258,0.752843,0.190147,0.908129,0.283115,0.733779,0.549213,0.75285,0.622972,0.940846,0.565261,0.785536,0.398494,0.970831,0,0,0,0,0,0,0,0,0,0,0,0,0.32474,0.619265,0.404982,0.616613,0.276705,0.643804,0.497903,0.64385
0.360067,0.652009,0.398499,0.761016,0.247836,0.766473,0.190109,0.902677,0.273462,0.725614,0.542796,0.763699,0.613359,0.95175,0.568468,0.810061,0.39531,0.995344,0.302347,0.995344,0,0,0,0,0.475478,0.995347,0.50431,0.995353,0,0,0.318347,0.627488,0.401698,0.622076,0.270276,0.660158,0.481911,0.657417
0.360067,0.657467,0.395326,0.771891,0.257462,0.771924,0.209318,0.84274,0.28306,0.706493,0.529977,0.774589,0.606912,0.957159,0.571711,0.829116,0.388892,0.995345,0.295964,0.995344,0,0,0,0,0.469064,0.995349,0.501072,0.995354,0,0,0.321547,0.638344,0.398533,0.624816,0.273491,0.665667,0.475498,0.662838
0.356848,0.652012,0.398455,0.769177,0.263886,0.766426,0.212522,0.837276,0.273497,0.709198,0.526788,0.774634,0.600512,0.951741,0.571679,0.829109,0.382489,0.995343,0.295934,0.995342,0,0,0,0,0.46583,0.995349,0.494756,0.995356,0,0,0.318333,0.630206,0.398522,0.624754,0.270316,0.662924,0.475463,0.660181
0.353678,0.660168,0.395332,0.769132,0.267055,0.75831,0.202911,0.837251,0.267101,0.709251,0.520383,0.774674,0.584487,0.943549,0.568449,0.823655,0.372882,0.995338,0.292715,0.995335,0,0,0,0,0.456231,0.995347,0.478676,0.995361,0,0,0.318309,0.638389,0.395369,0.630202,0.270287,0.665666,0.472208,0.66298
0.347192,0.662885,0.382501,0.771847,0.25107,0.763703,0.193354,0.842703,0.260677,0.717397,0.507535,0.777356,0.574849,0.938124,0.546064,0.810053,0.366461,0.995342,0.286326,0.995337,0,0,0,0,0.446625,0.995349,0.472216,0.995357,0,0,0.305575,0.641055,0.39211,0.635698,0.260628,0.665595,0.465812,0.665667
0.337628,0.665693,0.369617,0.7746,0.238201,0.771872,0.183652,0.856344,0.247799,0.725524,0.501102,0.780078,0.568478,0.951716,0.533246,0.810041,0.360057,0.995347,0.276702,0.995345,0,0,0,0,0.440204,0.995355,0.469006,0.995361,0,0,0.295957,0.646536,0.379315,0.643844,0.247809,0.665642,0.453043,0.668401
0.331198,0.684655,0.363207,0.777307,0.231774,0.774621,0.170853,0.859123,0.234951,0.728352,0.491516,0.782782,0.565245,0.97627,0.526819,0.8237,0.353608,0.995355,0.267083,0.995352,0,0,0,0,0.430605,0.995361,0.453059,0.995361,0,0,0.292733,0.660158,0.369681,0.657449,0.241369,0.668386,0.446566,0.668402
0.29914,0.687433,0.340787,0.780047,0.209365,0.782759,0.151647,0.867275,0.202963,0.725565,0.469094,0.780106,0.542816,0.965367,0.50118,0.820946,0.33758,0.995355,0.251041,0.995354,0,0,0,0,0.417724,0.995359,0.437038,0.995359,0,0,0.263892,0.662926,0.34396,0.662845,0.215714,0.676516,0.420945,0.671112
0.292637,0.687442,0.327986,0.782824,0.193363,0.780094,0.148412,0.870012,0.190103,0.725619,0.459477,0.790991,0.529986,0.976271,0.507512,0.842754,0.321581,0.995357,0.238181,0.995353,0,0,0,0,0.404911,0.995362,0.430658,0.995364,0,0,0.2542,0.66295,0.327969,0.66285,0.199699,0.684667,0.408155,0.676498
0.270221,0.690179,0.321539,0.788235,0.186918,0.788262,0.135608,0.875427,0.167627,0.725606,0.456256,0.79096,0.526787,0.995344,0.501132,0.845463,0.321583,0.995356,0.234982,0.995353,0,0,0,0,0.398568,0.995363,0.424234,0.995368,0,0,0.231814,0.662914,0.308748,0.662899,0.183714,0.679264,0.398498,0.679241
0.2639,0.692875,0.318353,0.785529,0.1869,0.788228,0.132405,0.869995,0.164493,0.72559,0.456251,0.788249,0.523612,0.995344,0.501121,0.845485,0.315183,0.995355,0.225401,0.995351,0,0,0,0,0.398522,0.995361,0,0,0,0,0.228578,0.662963,0.305513,0.662971,0.180511,0.684691,0.39537,0.68194
0.270225,0.701028,0.321532,0.782808,0.180477,0.788228,0.132419,0.869983,0.174103,0.725621,0.462679,0.785504,0.529988,0.99534,0.501173,0.850932,0.327967,0.995356,0.247811,0.995351,0,0,0,0,0.404957,0.995362,0,0,0,0,0.228579,0.668377,0.305565,0.665617,0.18048,0.690154,0.398554,0.673797
0.270286,0.703803,0.321575,0.782828,0.183679,0.788239,0.135542,0.875416,0.177268,0.728355,0.462688,0.785513,0.533182,0.995338,0.501173,0.848182,0.328003,0.995354,0.24784,0.99535,0,0,0,0,0.408126,0.995359,0,0,0,0,0.228614,0.679227,0.308762,0.66568,0.183661,0.70103,0.398583,0.671078
0.279873,0.70646,0.328012,0.785546,0.190147,0.788263,0.145229,0.86997,0.19002,0.7256,0.469107,0.788253,0.542829,0.970826,0.510791,0.853636,0.331203,0.995353,0.247834,0.995352,0,0,0,0,0.414535,0.99536,0,0,0,0,0.235019,0.681986,0.318331,0.66834,0.186871,0.70106,0.404936,0.673781
0.289451,0.703807,0.337581,0.785534,0.20292,0.790961,0.151637,0.867266,0.190192,0.728304,0.475492,0.78552,0.549221,0.96811,0.520363,0.85634,0.35043,0.995355,0.257435,0.995351,0,0,0,0,0.427375,0.995362,0,0,0,0,0.241426,0.681942,0.321595,0.665691,0.193299,0.701049,0.414556,0.67109
0.29269,0.695622,0.347223,0.780108,0.218987,0.788227,0.158035,0.848218,0.196565,0.725527,0.485101,0.780095,0.562041,0.959898,0.523515,0.845453,0.353666,0.995357,0.270256,0.995353,0,0,0,0,0.430566,0.995363,0,0,0,0,0.247853,0.671098,0.327999,0.665585,0.206124,0.698323,0.421008,0.671057
0.29277,0.690204,0.347214,0.774608,0.218934,0.777355,0.151614,0.842783,0.199771,0.717417,0.488312,0.774638,0.558856,0.946277,0.517127,0.837258,0.3472,0.995349,0.260643,0.995348,0,0,0,0,0.42736,0.995353,0.446638,0.995361,0,0,0.251023,0.665666,0.331229,0.662836,0.206156,0.692874,0.424229,0.665604
0.302372,0.681964,0.356849,0.755614,0.228595,0.758315,0.15166,0.826401,0.215786,0.698306,0.497911,0.760996,0.565275,0.924486,0.523551,0.826398,0.344058,0.970822,0.263834,0.968075,0,0,0,0,0.424155,0.981717,0.453092,0.99535,0,0,0.26383,0.660152,0.347246,0.646559,0.222164,0.67927,0.436984,0.654746
0.315136,0.668346,0.366419,0.752827,0.241402,0.752878,0.161208,0.810013,0.22223,0.682005,0.501124,0.752877,0.565296,0.919027,0.529952,0.82639,0.353648,0.968104,0.270289,0.965358,0,0,0,0,0.430598,0.973537,0.462656,0.995346,0,0,0.267109,0.646532,0.356835,0.638419,0.225439,0.665675,0.443379,0.64389
0.334395,0.657448,0.388876,0.731056,0.263851,0.731033,0.174094,0.780124,0.244621,0.662899,0.517135,0.733784,0.574888,0.88363,0.539605,0.801855,0.366453,0.94628,0.289518,0.946296,0,0,0,0,0.443412,0.940831,0.469064,0.962673,0,0,0.292626,0.627471,0.372921,0.622003,0.244596,0.649303,0.456301,0.630196
0.343951,0.643816,0.392117,0.725545,0.26709,0.725551,0.183642,0.774654,0.254276,0.652011,0.514001,0.728297,0.574849,0.875461,0.539658,0.785536,0.369686,0.935374,0.292715,0.935384,0,0,0,0,0.446651,0.932652,0.472338,0.959934,0,0,0.295916,0.619321,0.385669,0.613891,0.257429,0.641096,0.465875,0.62207
0.353671,0.641052,0.398535,0.722855,0.279875,0.722821,0.190082,0.766479,0.267019,0.643875,0.523564,0.728263,0.590895,0.875433,0.555672,0.796453,0.388884,0.938097,0.299109,0.938105,0,0,0,0,0.462643,0.932694,0.488321,0.946309,0,0,0.315173,0.608419,0.398504,0.611117,0.267123,0.630222,0.472316,0.624733
0.36641,0.641085,0.401784,0.722868,0.289473,0.722842,0.193382,0.771918,0.273535,0.641147,0.52999,0.728257,0.597304,0.872718,0.565277,0.801854,0.39529,0.940831,0.302332,0.940857,0,0,0,0,0.46584,0.938128,0.501093,0.949009,0,0,0.324755,0.613848,0.40491,0.61386,0.276676,0.632967,0.478702,0.624799
0.369706,0.641091,0.404997,0.725592,0.292672,0.725608,0.199755,0.780093,0.279862,0.649303,0.533238,0.728313,0.60375,0.878165,0.571628,0.799114,0.398558,0.932684,0.321553,0.935368,0.234997,0.995339,0,0,0.472252,0.929959,0.501182,0.954473,0,0,0.331195,0.616611,0.411354,0.613828,0.286307,0.635626,0.488326,0.627467
0.369616,0.646532,0.408122,0.725572,0.29266,0.725572,0.2157,0.790943,0.279907,0.665684,0.536405,0.728334,0.600526,0.880895,0.57167,0.801859,0.398556,0.935378,0.321571,0.935382,0,0,0,0,0.472288,0.932651,0.504336,0.957152,0,0,0.324814,0.622047,0.411317,0.61658,0.276722,0.635664,0.491498,0.630169
0.360073,0.646584,0.401742,0.728317,0.2799,0.730992,0.209364,0.79645,0.273514,0.668416,0.536383,0.731058,0.600523,0.891792,0.571677,0.804585,0.3985,0.938127,0.315165,0.938137,0,0,0,0,0.469104,0.935392,0.501187,0.951744,0,0,0.318354,0.624751,0.401793,0.619319,0.270251,0.638411,0.48831,0.632943
0.360023,0.651985,0.4017,0.73105,0.286294,0.736464,0.202918,0.79915,0.270215,0.673784,0.529974,0.731065,0.597332,0.883605,0.571681,0.804569,0.398559,0.935388,0.324791,0.935399,0,0,0,0,0.469102,0.929968,0.501201,0.957212,0,0,0.315151,0.630163,0.401686,0.622026,0.267057,0.643847,0.481886,0.635639
0.350396,0.660144,0.395321,0.73921,0.267036,0.741927,0.19338,0.815475,0.260598,0.684663,0.523592,0.741941,0.597344,0.899975,0.571614,0.810037,0.392085,0.951749,0.30235,0.95445,0,0,0,0,0.465827,0.946292,0.5043,0.99534,0,0,0.299188,0.635644,0.395334,0.627524,0.25108,0.646585,0.475434,0.638419
0.343971,0.660198,0.38571,0.744617,0.254223,0.744619,0.190162,0.820943,0.244703,0.68741,0.513986,0.747354,0.590941,0.89724,0.562078,0.812734,0.376083,0.943579,0.295894,0.943553,0,0,0,0,0.459433,0.940835,0.501103,0.995342,0,0,0.295891,0.638352,0.392083,0.632898,0.244664,0.657443,0.472208,0.643813
0.32484,0.665604,0.372883,0.750086,0.251002,0.75013,0.183711,0.820958,0.228573,0.690187,0.504361,0.750118,0.571708,0.897234,0.546069,0.810079,0.363294,0.954465,0.2895,0.951739,0,0,0,0,0.44025,0.957183,0.47226,0.995347,0,0,0.289452,0.641124,0.369696,0.638378,0.238247,0.662945,0.456284,0.646536
0.321574,0.665646,0.366512,0.750032,0.244608,0.750082,0.174117,0.831842,0.222156,0.690206,0.501127,0.750089,0.571656,0.89453,0.542779,0.815528,0.360017,0.957189,0.283069,0.954463,0,0,0,0,0.433844,0.959902,0.469094,0.995349,0,0,0.273492,0.643856,0.366391,0.63838,0.225424,0.668331,0.449853,0.646571
0.305574,0.668337,0.360072,0.750146,0.231781,0.752783,0.16443,0.834577,0.215797,0.692921,0.501098,0.752831,0.568469,0.932663,0.536395,0.829123,0.350452,0.962639,0.26389,0.959933,0.190108,0.995347,0,0,0.430624,0.962659,0.465895,0.995348,0,0,0.263892,0.643851,0.353631,0.641059,0.218997,0.665593,0.443423,0.64654
0.29916,0.6684,0.356879,0.75278,0.228612,0.752822,0.161223,0.837286,0.212568,0.695631,0.497936,0.752819,0.565251,0.90268,0.529984,0.823669,0.350437,0.962615,0.263855,0.95991,0.190108,0.995348,0,0,0.430597,0.962649,0.462677,0.99535,0,0,0.257457,0.646551,0.347196,0.641073,0.212513,0.665681,0.437035,0.646555
0.292782,0.668378,0.353637,0.750128,0.228559,0.75013,0.151598,0.823692,0.202925,0.695631,0.491535,0.752819,0.55884,0.929936,0.526812,0.829113,0.343991,0.96265,0.257469,0.959922,0.183695,0.995348,0,0,0.424177,0.965373,0.462623,0.995349,0,0,0.247846,0.643833,0.337561,0.641063,0.209333,0.66834,0.424225,0.649266
0.292681,0.665693,0.350421,0.75005,0.222146,0.747336,0.142031,0.834549,0.199767,0.695586,0.488295,0.752793,0.549257,0.90813,0.520402,0.826387,0.340807,0.959897,0.257437,0.957172,0.18371,0.995348,0,0,0.420983,0.962629,0.456247,0.995349,0,0,0.244583,0.643822,0.334371,0.638389,0.199753,0.665645,0.424139,0.643805
0.295871,0.660162,0.356811,0.736479,0.228555,0.736482,0.138851,0.812775,0.212497,0.684668,0.494688,0.739211,0.546053,0.886331,0.523557,0.812802,0.343998,0.946285,0.257424,0.946285,0.190111,0.99534,0,0,0.420961,0.946295,0.459468,0.959911,0,0,0.244669,0.630207,0.337605,0.622089,0.209319,0.657433,0.427392,0.630167
0.295877,0.660153,0.353648,0.736458,0.225351,0.736475,0.141986,0.812797,0.21249,0.684664,0.494683,0.739192,0.546019,0.883614,0.520405,0.812791,0.340821,0.943572,0.254249,0.943571,0.190111,0.99534,0,0,0.417788,0.943572,0.459471,0.959924,0,0,0.244673,0.630197,0.337609,0.622086,0.206153,0.654737,0.427385,0.630168
0.305529,0.641079,0.363258,0.720095,0.231793,0.720083,0.154836,0.788249,0.218945,0.662933,0.501118,0.722812,0.562045,0.880901,0.530027,0.796408,0.363225,0.946287,0.276686,0.943571,0,0,0,0,0.446648,0.946298,0,0,0,0,0.25742,0.611136,0.34721,0.605651,0.215755,0.632882,0.437053,0.608439
0.302378,0.635669,0.36008,0.711995,0.228612,0.714691,0.154831,0.782761,0.21898,0.643882,0.501159,0.714712,0.565247,0.886341,0.533172,0.788256,0.356841,0.940829,0.26705,0.943549,0,0,0,0,0.440242,0.938115,0.462665,0.949031,0,0,0.26068,0.60569,0.347214,0.602908,0.215725,0.627508,0.43706,0.605674
0.299114,0.622057,0.356836,0.70653,0.225382,0.709193,0.141998,0.796429,0.215716,0.638388,0.497945,0.709214,0.558857,0.872721,0.533198,0.785503,0.350443,0.954466,0.251023,0.951744,0,0,0,0,0.443423,0.973534,0,0,0,0,0.260674,0.586634,0.347243,0.594788,0.218914,0.605731,0.43704,0.602949
0.295986,0.608426,0.353666,0.703768,0.222204,0.703809,0.142022,0.782801,0.212514,0.624799,0.501102,0.703762,0.562084,0.872717,0.536383,0.780041,0,0,0,0,0,0,0,0,0,0,0,0,0,0,0.257415,0.575749,0.347292,0.578506,0.222189,0.605683,0.437033,0.597453
0.31198,0.573037,0.356848,0.660167,0.225394,0.660161,0.142018,0.739233,0.20294,0.589348,0.501095,0.660219,0.558855,0.815506,0.530004,0.733732,0.347207,0.908148,0.247845,0.905428,0,0,0,0,0.436994,0.905408,0,0,0,0,0.270294,0.548451,0.353652,0.540279,0.225428,0.564841,0.440241,0.553858
0.318338,0.534784,0.356825,0.616553,0.225378,0.613884,0.14839,0.690169,0.196483,0.55114,0.49794,0.619284,0.549256,0.761013,0.526796,0.695622,0.36004,0.840037,0.279879,0.839994,0.218952,0.867275,0,0,0.440202,0.837298,0.459456,0.880899,0,0,0.270247,0.510297,0.363205,0.504836,0.222248,0.529386,0.443398,0.518483
0.318412,0.513095,0.353628,0.600191,0.22215,0.597513,0.151613,0.673832,0.186921,0.537575,0.497893,0.600276,0.54926,0.741925,0.523562,0.668367,0.35046,0.823669,0.260684,0.820938,0.206132,0.853638,0,0,0.440221,0.818217,0.459489,0.856374,0.443437,0.99534,0.270319,0.488449,0.366431,0.485791,0.222193,0.507566,0.446578,0.502154
0.327964,0.512985,0.356804,0.594745,0.222202,0.586638,0.15164,0.662954,0.186941,0.534809,0.49797,0.597512,0.555659,0.739194,0.520375,0.662893,0.347255,0.83458,0.267056,0.834563,0.199728,0.845453,0,0,0.430585,0.837279,0.462692,0.815512,0.440209,0.995349,0.289466,0.483048,0.369695,0.480369,0.231802,0.491287,0.446636,0.496696
0.347191,0.50756,0.36973,0.578443,0.238224,0.575755,0.167692,0.662865,0.196488,0.526632,0.513956,0.581212,0.571664,0.733759,0.536467,0.660205,0.366462,0.815512,0.289478,0.812786,0.215764,0.842738,0,0,0.449854,0.815503,0.478686,0.807311,0.43381,0.99536,0.299165,0.474922,0.395274,0.474868,0.24781,0.485732,0.465873,0.488472
0.35047,0.499444,0.379295,0.575703,0.247842,0.575694,0.174044,0.662928,0.215714,0.523931,0.520374,0.5784,0.574893,0.725571,0.549227,0.660192,0.372866,0.801887,0.292696,0.801877,0.225373,0.850929,0,0,0.459453,0.796435,0.491533,0.831838,0.436989,0.995362,0.311939,0.474868,0.398537,0.472158,0.260663,0.483055,0.472279,0.48574
0.356886,0.491223,0.392102,0.573008,0.251054,0.572935,0.183716,0.671094,0.235037,0.518525,0.526805,0.575767,0.594131,0.747379,0.562058,0.646565,0.366491,0.845466,0.286296,0.840008,0.238188,0.823678,0,0,0.456244,0.84547,0.504289,0.790997,0.446651,0.995364,0.318326,0.466712,0.401805,0.463976,0.270317,0.485739,0.488324,0.477615
0.356834,0.488463,0.395269,0.567562,0.244596,0.562098,0.186943,0.660195,0.257452,0.52395,0.533218,0.575679,0.600524,0.747368,0.574833,0.64112,0.372894,0.829121,0.292739,0.818224,0.238195,0.829128,0,0,0.462638,0.834564,0.5044,0.785551,0.453065,0.995356,0.311938,0.455811,0.401749,0.461232,0.260618,0.472169,0.497862,0.474899
0.353622,0.483088,0.398612,0.562066,0.263887,0.559341,0.19007,0.641141,0.276697,0.529342,0.539625,0.567537,0.603734,0.722855,0.574938,0.632907,0.38892,0.78008,0.299151,0.780075,0.241404,0.845462,0,0,0.469058,0.777342,0.507526,0.801886,0.453051,0.99536,0.315166,0.447699,0.39851,0.455852,0.270324,0.455822,0.49474,0.469428
0.353652,0.485756,0.401738,0.559381,0.273464,0.559346,0.190088,0.646543,0.263907,0.521211,0.539626,0.564809,0.606939,0.720127,0.574964,0.624793,0.395317,0.782816,0.311941,0.782796,0.247818,0.820943,0,0,0.472294,0.782781,0.507581,0.801874,0.453054,0.995364,0.311956,0.453143,0.398481,0.453137,0.273481,0.472191,0.497852,0.466662
0.360009,0.48574,0.404921,0.559344,0.276683,0.556639,0.199755,0.646554,0.25425,0.504892,0.549227,0.564801,0.622965,0.71197,0.578148,0.627481,0.401718,0.782785,0.318374,0.780063,0.257452,0.831844,0.295917,0.99535,0.488296,0.771905,0.523573,0.804591,0,0,0.31515,0.450365,0.401709,0.45308,0.270281,0.466735,0.497968,0.461251
0.369623,0.485746,0.427397,0.556655,0.299142,0.553941,0.218981,0.635643,0.254217,0.499417,0.565271,0.559412,0.626216,0.720117,0.603732,0.630223,0.41456,0.788242,0.334383,0.788233,0.273468,0.837292,0.299142,0.995355,0.497925,0.785524,0.526811,0.780073,0.472268,0.995365,0.327978,0.450416,0.414514,0.450414,0,0,0.504406,0.458551
0.395266,0.483046,0.453004,0.553943,0.324778,0.553926,0.247811,0.638389,0.27992,0.507605,0.584486,0.556682,0.651833,0.711947,0.63263,0.63294,0.446626,0.78552,0.360081,0.785533,0.295901,0.818231,0,0,0.529965,0.782776,0.562036,0.804586,0.504346,0.995362,0.350416,0.447698,0.436985,0.45034,0,0,0.529995,0.455805
0.398519,0.483063,0.456283,0.556619,0.327948,0.551214,0.257417,0.643812,0.295922,0.510305,0.600502,0.562069,0.667854,0.711952,0.645365,0.638364,0.453041,0.782778,0.36646,0.777341,0.299141,0.820938,0,0,0.536431,0.774625,0.568489,0.804574,0.513973,0.995359,0.36001,0.447693,0.443461,0.450371,0.30552,0.461257,0.539627,0.458516
0.417731,0.48033,0.459471,0.559367,0.31518,0.553961,0.273462,0.635684,0.3312,0.513078,0.603737,0.564839,0.674317,0.72286,0.648612,0.622023,0.453053,0.796438,0.369671,0.793709,0.315146,0.810051,0.353647,0.995347,0.539608,0.793706,0.57493,0.801844,0.520388,0.995359,0.372895,0.450349,0.459482,0.447677,0.328018,0.463985,0.549273,0.461223
0.427434,0.480339,0.465873,0.556683,0.32477,0.556637,0.270324,0.635646,0.34394,0.513044,0.606933,0.562096,0.67429,0.725563,0.53962,0.993972,0.459432,0.790977,0.376081,0.790972,0.305551,0.820954,0.350441,0.995346,0.539626,0.788252,0.578085,0.801897,0.520399,0.995359,0.392084,0.447648,0.472271,0.447663,0.34077,0.461261,0.555642,0.461294
0.446578,0.480357,0.472238,0.559351,0.334428,0.553923,0.267029,0.632907,0.344075,0.513019,0.60699,0.564836,0.674266,0.720133,0.546028,0.993972,0.459466,0.788259,0.382492,0.785511,0.324766,0.818231,0.360059,0.995346,0.539617,0.78824,0.574885,0.801852,0.520402,0.99536,0.401738,0.447664,0.491496,0.450365,0.35042,0.461265,0.568484,0.461309
0.430599,0.483013,0.453077,0.55662,0.324771,0.553888,0.250997,0.61929,0.337625,0.49124,0.5845,0.562066,0.638994,0.624768,0,0,0.437048,0.771898,0.356856,0.766441,0.315147,0.826397,0,0,0.523592,0.769176,0.565279,0.810073,0.507559,0.995354,0.385723,0.44492,0.475466,0.45034,0.331226,0.461295,0.549279,0.46668
