0.543574,0.603721,0.552766,0.69913,0.399463,0.663701,0.312083,0.862601,0,0,0.718323,0.715454,0.77964,0.996126,0,0,0,0,0,0,0,0,0,0,0,0,0,0,0,0,0.494522,0.513793,0.607953,0.535657,0.436246,0.470235,0.698394,0.52199
0.543564,0.601029,0.5543,0.693659,0.402527,0.658239,0.305946,0.851705,0,0,0.71986,0.715456,0.776579,0.996122,0,0,0,0,0,0,0,0,0,0,0,0,0,0,0,0,0.494515,0.513795,0.607944,0.535641,0.436265,0.46752,0.699924,0.519253
0.542045,0.598313,0.554299,0.696392,0.393329,0.66642,0.296745,0.8735,0,0,0.722928,0.71275,0.771985,0.99476,0,0,0,0,0,0,0,0,0,0,0,0,0,0,0,0,0.49452,0.508365,0.607948,0.532898,0.439311,0.456609,0.701458,0.513824
0.53589,0.579208,0.554291,0.685496,0.399463,0.647344,0.298288,0.835358,0.367268,0.952522,0.72139,0.69912,0.759714,0.93344,0,0,0,0,0,0,0,0,0,0,0,0,0,0,0,0,0.486852,0.491994,0.598743,0.516566,0.434722,0.459337,0.702984,0.486567
0.531293,0.571042,0.554289,0.658256,0.399458,0.630991,0.305945,0.767234,0.324342,0.854434,0.719861,0.680049,0.75359,0.900746,0,0,0,0,0,0,0,0,0,0,0,0,0,0,0,0,0.480715,0.48387,0.592631,0.502948,0.428604,0.445704,0.693824,0.467512
0.525172,0.557464,0.5543,0.636427,0.402528,0.601012,0.296744,0.778126,0.347342,0.83536,0.724451,0.66913,0.741316,0.968866,0,0,0,0,0,0,0,0,0,0,0,0,0,0,0,0,0.474567,0.472991,0.584962,0.489316,0.425542,0.442994,0.692251,0.459349
0.520575,0.549276,0.5589,0.625556,0.410188,0.576494,0.296749,0.73454,0.319751,0.79177,0.727518,0.669148,0.744393,0.949795,0.572689,0.982497,0,0,0,0,0,0,0,0,0,0,0,0,0,0,0.471501,0.467508,0.581891,0.478389,0.42553,0.440262,0.692235,0.445718
0.520553,0.535635,0.560434,0.614663,0.41019,0.568333,0.298284,0.723639,0.313612,0.783572,0.727522,0.66098,0.756644,0.895308,0.603354,0.941621,0,0,0,0,0,0,0,0,0,0,0,0,0,0,0.468451,0.462058,0.57882,0.464813,0.425511,0.442985,0.690708,0.440236
0.514442,0.516597,0.557364,0.609206,0.404061,0.571044,0.286021,0.726371,0.29675,0.775409,0.727518,0.644631,0.739793,0.884397,0.588016,0.908935,0,0,0,0,0,0,0,0,0,0,0,0,0,0,0.460794,0.445689,0.574207,0.445693,0.423989,0.432095,0.683086,0.434805
0.51136,0.513829,0.557365,0.603748,0.404064,0.565594,0.264559,0.780846,0.318211,0.76723,0.727518,0.64189,0.735184,0.884405,0.577286,0.906193,0,0,0,0,0,0,0,0,0,0,0,0,0,0,0.460793,0.44024,0.571138,0.440255,0.425511,0.432076,0.68308,0.426654
0.509847,0.5138,0.561963,0.603741,0.405596,0.562886,0.278347,0.783572,0.436257,0.671869,0.727519,0.625566,0.73059,0.884398,0.560431,0.90346,0,0,0,0,0,0,0,0,0,0,0,0,0,0,0.460797,0.434843,0.56961,0.440246,0.423983,0.423901,0.684588,0.429334
0.509846,0.50838,0.560427,0.590114,0.408656,0.554708,0.289097,0.767243,0.427056,0.666415,0.727509,0.617353,0.727528,0.878949,0.549697,0.889853,0,0,0,0,0,0,0,0,0,0,0,0,0,0,0.462321,0.432083,0.571149,0.437561,0.425509,0.44027,0.689187,0.426606
0.511386,0.497507,0.557368,0.590124,0.410188,0.54652,0.304412,0.764513,0.427055,0.663663,0.727519,0.611915,0.730582,0.876235,0.551228,0.881683,0,0,0,0,0,0,0,0,0,0,0,0,0,0,0.466909,0.429379,0.572705,0.44026,0.427074,0.445709,0.692254,0.426618
0.531301,0.53289,0.581883,0.584687,0.437787,0.532899,0.315149,0.731818,0.442396,0.609178,0.73671,0.609186,0.738259,0.876228,0.548167,0.819019,0,0,0,0,0,0,0,0,0,0,0,0,0,0,0.476117,0.426636,0.580351,0.445667,0,0,0.703,0.426679
0.529755,0.513801,0.580356,0.611929,0.443918,0.609195,0.318205,0.718175,0.445448,0.573755,0.735191,0.609175,0.735187,0.876215,0.55122,0.794463,0,0,0,0,0,0,0,0,0,0,0,0,0,0,0.476114,0.404854,0.591093,0.437529,0,0,0.70604,0.426666
0.531293,0.48111,0.583419,0.61463,0.44698,0.60647,0.324342,0.704575,0.448519,0.538358,0.736727,0.606466,0.739779,0.865331,0.555823,0.772691,0,0,0,0,0,0,0,0,0,0,0,0,0,0,0.482231,0.366692,0.594151,0.432098,0.448495,0.383024,0.707611,0.426655
0.523631,0.464783,0.584954,0.606467,0.448515,0.581956,0.325882,0.70729,0.456189,0.508387,0.73672,0.606468,0.742848,0.857148,0.557356,0.750904,0,0,0,0,0,0,0,0,0,0,0,0,0,0,0.47457,0.363968,0.58955,0.41301,0,0,0.709135,0.426639
0.540491,0.475692,0.595687,0.584681,0.454652,0.551989,0.332001,0.704569,0.454652,0.481116,0.741318,0.609207,0.752056,0.851707,0.561949,0.710024,0,0,0,0,0,0,0,0,0,0,0,0,0,0,0.526685,0.41302,0.591077,0.407553,0,0,0.710673,0.429379
0.526699,0.453879,0.592615,0.614641,0.442382,0.579227,0.325869,0.669167,0.4378,0.440251,0.741324,0.590135,0.764308,0.819013,0.572692,0.647342,0,0,0,0,0,0,0,0,0,0,0,0,0,0,0.500637,0.366688,0.584946,0.437549,0,0,0.712186,0.423933
0.508307,0.549213,0.581886,0.590127,0.436252,0.595573,0.312075,0.650078,0.424002,0.413007,0.744379,0.576493,0.776565,0.802656,0.591092,0.58468,0,0,0,0,0,0,0,0,0,0,0,0,0,0,0.485316,0.339475,0.598749,0.426648,0,0,0.713717,0.423939
0.525164,0.481132,0.581888,0.609188,0.440856,0.5983,0.30287,0.6555,0.411719,0.402135,0.739791,0.587411,0.773513,0.759061,0.611013,0.541068,0,0,0,0,0,0,0,0,0,0,0,0,0,0,0.503695,0.331268,0.620209,0.385765,0.474566,0.295873,0.71372,0.429348
0.52056,0.483862,0.584956,0.603748,0.450049,0.579226,0.309016,0.660985,0.408665,0.412996,0.735189,0.622822,0.776581,0.748149,0.604889,0.483869,0,0,0,0,0,0,0,0,0,0,0,0,0,0,0.499105,0.333986,0.563494,0.363962,0.44851,0.513781,0.713722,0.43208
0.522104,0.47838,0.588016,0.611918,0.454652,0.595567,0.310553,0.658226,0.414792,0.402114,0.73519,0.62827,0.779647,0.748165,0.600289,0.486586,0,0,0,0,0,0,0,0,0,0,0,0,0,0,0.502175,0.333993,0.604887,0.380312,0,0,0.715267,0.434808
0.529762,0.46753,0.600277,0.622816,0.448519,0.625548,0.31056,0.641897,0.42552,0.39122,0.752052,0.614639,0.78424,0.761778,0.611015,0.456607,0,0,0,0,0,0,0,0,0,0,0,0,0,0,0.503704,0.298579,0.627872,0.374892,0.457726,0.489333,0.727515,0.4348
0.532813,0.462075,0.591091,0.658243,0.453112,0.639176,0.316679,0.641886,0.428598,0.396667,0.724459,0.663692,0.811839,0.753613,0.638612,0.456604,0,0,0,0,0,0,0,0,0,0,0,0,0,0,0.534365,0.30403,0.584953,0.39936,0,0,0.736713,0.432108
0.546638,0.442993,0.595691,0.66097,0.45158,0.636431,0.31974,0.641899,0.436253,0.396666,0.729051,0.666413,0.842493,0.73727,0.673864,0.445712,0,0,0,0,0,0,0,0,0,0,0,0,0,0,0.538953,0.279506,0.611031,0.393946,0.477641,0.284938,0.709132,0.426637
0.569623,0.429387,0.600283,0.652805,0.454652,0.630996,0.322809,0.639191,0.442379,0.385764,0.736724,0.666421,0.863974,0.723642,0.712198,0.429352,0,0,0,0,0,0,0,0,0,0,0,0,0,0,0.552746,0.317657,0.644723,0.374874,0.483763,0.244087,0.732121,0.418456
0.578829,0.407566,0.60794,0.658245,0.465382,0.628268,0.32894,0.639161,0.450045,0.37216,0.74745,0.669133,0.885417,0.723623,0.745918,0.434826,0,0,0,0,0,0,0,0,0,0,0,0,0,0,0.557358,0.293117,0.669265,0.358479,0.46384,0.304004,0.750521,0.423913
0.603337,0.410301,0.611024,0.666421,0.476116,0.628263,0.359603,0.641893,0.488379,0.377583,0.76125,0.696386,0.862435,0.786301,0.736721,0.453883,0,0,0,0,0,0,0,0,0,0,0,0,0,0,0.583419,0.314925,0.673858,0.388518,0.519022,0.227716,0.762773,0.402103
0.600289,0.42934,0.60641,0.66096,0.477646,0.611925,0.358078,0.64734,0.494514,0.377586,0.735191,0.710019,0.839428,0.827172,0.725981,0.489314,0,0,0,0,0,0,0,0,0,0,0,0,0,0,0.581892,0.350341,0.656993,0.418459,0,0,0.753579,0.440268
0.59568,0.432095,0.595688,0.663686,0.457718,0.609199,0.348869,0.652798,0.485307,0.372128,0.730592,0.712737,0.822563,0.857159,0.707586,0.527443,0,0,0,0,0,0,0,0,0,0,0,0,0,0,0.58342,0.276776,0.644758,0.42661,0.514446,0.27132,0,0
0.584956,0.421196,0.588025,0.647351,0.448519,0.606468,0.335072,0.655516,0.473042,0.388472,0.732124,0.677319,0.814912,0.862614,0.69074,0.516548,0,0,0,0,0,0,0,0,0,0,0,0,0,0,0.571171,0.27403,0.63097,0.426605,0.499109,0.257716,0,0
0.56809,0.40756,0.577294,0.663691,0.443919,0.620095,0.325863,0.663674,0.460769,0.396644,0,0,0,0,0,0,0,0,0,0,0,0,0,0,0,0,0,0,0,0,0.55429,0.27677,0.627898,0.40208,0.476128,0.252308,0,0
0.546641,0.399401,0.566559,0.650072,0.431652,0.611922,0.321283,0.680047,0.450066,0.404835,0.706056,0.68004,0.802634,0.827185,0.669278,0.489283,0,0,0,0,0,0,0,0,0,0,0,0,0,0,0.528233,0.271317,0.624827,0.372145,0.451598,0.282216,0.718325,0.42934
0.534385,0.399387,0.5589,0.64734,0.430124,0.6092,0.32281,0.701848,0.443926,0.407564,0.701461,0.690941,0.790378,0.821723,0.657013,0.486581,0,0,0,0,0,0,0,0,0,0,0,0,0,0,0.517505,0.271316,0.617138,0.372127,0.437806,0.293074,0.712192,0.423906
0.526684,0.399381,0.552768,0.647341,0.425522,0.611922,0.318206,0.710016,0.439311,0.418468,0.692265,0.674589,0.781188,0.816268,0.64628,0.48656,0,0,0,0,0,0,0,0,0,0,0,0,0,0,0.509834,0.27676,0.606399,0.369394,0.42556,0.295897,0.707594,0.426625
0.520578,0.402088,0.552767,0.65006,0.427052,0.611924,0.319745,0.723623,0.431643,0.437539,0.686135,0.67459,0.776575,0.797223,0.640142,0.486562,0,0,0,0,0,0,0,0,0,0,0,0,0,0,0.500635,0.282234,0.603343,0.350364,0.43624,0.276764,0.706042,0.432085
0.517491,0.404865,0.554296,0.652786,0.431658,0.617369,0.319734,0.726379,0.43013,0.44299,0.6892,0.666416,0.767373,0.8081,0.630938,0.486579,0,0,0,0,0,0,0,0,0,0,0,0,0,0,0.502158,0.30675,0.598742,0.358511,0.440837,0.271319,0.701469,0.434791
0.522099,0.413022,0.560426,0.639177,0.436248,0.609201,0.324334,0.731807,0.443925,0.453862,0.70759,0.660961,0.765845,0.805379,0.6294,0.483839,0,0,0,0,0,0,0,0,0,0,0,0,0,0,0.50678,0.301317,0.588014,0.358505,0.428581,0.295783,0.706049,0.432078
0.531285,0.421178,0.557365,0.628264,0.423989,0.579227,0.327403,0.750866,0.454648,0.467537,0.70606,0.658233,0.771982,0.794496,0.630963,0.470209,0,0,0,0,0,0,0,0,0,0,0,0,0,0,0.51137,0.295819,0.603344,0.342184,0.434715,0.298586,0.706074,0.429362
0.548164,0.410279,0.560432,0.579218,0.411721,0.538352,0.345808,0.778149,0.469971,0.481117,0.712194,0.639159,0.776583,0.789022,0.638603,0.467532,0,0,0,0,0,0,0,0,0,0,0,0,0,0,0.511367,0.301301,0.615599,0.339401,0.49605,0.293091,0.709123,0.426626
0.555808,0.410283,0.569624,0.579225,0.422454,0.527449,0.345815,0.778127,0.473062,0.500199,0.710662,0.64462,0.782716,0.783592,0.643216,0.470261,0,0,0,0,0,0,0,0,0,0,0,0,0,0,0.525157,0.312195,0.615598,0.342172,0.473044,0.276798,0.710665,0.423922
0.55737,0.423933,0.575751,0.57377,0.425519,0.521995,0.345814,0.764499,0.474578,0.492052,0.712192,0.641895,0.793446,0.78902,0.655462,0.472952,0,0,0,0,0,0,0,0,0,0,0,0,0,0,0.523624,0.295825,0.627872,0.342165,0.477646,0.293114,0.713721,0.41573
0.569626,0.399398,0.575752,0.592849,0.434723,0.557423,0.339683,0.72364,0.479167,0.464807,0.709127,0.658248,0.808769,0.769954,0.670794,0.459353,0,0,0,0,0,0,0,0,0,0,0,0,0,0,0.535895,0.26588,0.634002,0.331262,0.496036,0.306735,0.713722,0.413021
0.575743,0.388473,0.57729,0.592848,0.445453,0.557423,0.338144,0.712728,0.477647,0.451168,0.709129,0.660969,0.811835,0.761801,0.672334,0.44573,0,0,0,0,0,0,0,0,0,0,0,0,0,0,0.538955,0.257727,0.643216,0.323089,0.499097,0.314915,0.715258,0.402125
0.571172,0.383029,0.575757,0.601026,0.445446,0.55742,0.338136,0.71003,0.473054,0.453899,0.710658,0.658251,0.811838,0.759045,0.673874,0.434793,0,0,0,0,0,0,0,0,0,0,0,0,0,0,0.545076,0.252217,0.646273,0.317652,0.492982,0.249526,0.715261,0.393949
0.57422,0.369419,0.575763,0.601025,0.443918,0.557427,0.338147,0.712745,0.471524,0.451175,0.710656,0.6528,0.813362,0.753606,0.673876,0.426618,0,0,0,0,0,0,0,0,0,0,0,0,0,0,0.543567,0.268594,0.640148,0.314943,0.499103,0.295856,0.709131,0.393948
0.577294,0.347619,0.577299,0.60375,0.446981,0.560142,0.339671,0.712753,0.471495,0.442991,0.710657,0.65279,0.817975,0.756328,0.679996,0.418472,0,0,0,0,0,0,0,0,0,0,0,0,0,0,0.546617,0.254983,0.652407,0.30677,0.499106,0.304017,0.710668,0.396669
0.586487,0.366675,0.586482,0.603752,0.456183,0.557434,0.344278,0.710008,0.471515,0.434821,0.718324,0.658249,0.830246,0.753606,0.702979,0.418473,0,0,0,0,0,0,0,0,0,0,0,0,0,0,0.5543,0.271313,0.65854,0.312195,0.506763,0.304007,0.733662,0.388506
0.594157,0.358526,0.592613,0.606475,0.45772,0.560157,0.350407,0.710009,0.473035,0.429387,0.72446,0.66097,0.836356,0.745447,0.713723,0.418451,0,0,0,0,0,0,0,0,0,0,0,0,0,0,0.56043,0.271305,0.672334,0.306733,0.511373,0.309452,0,0
0.600274,0.361264,0.594145,0.609192,0.451586,0.560142,0.358062,0.715449,0.465387,0.418461,0.729056,0.655525,0.842495,0.756315,0.727521,0.418464,0,0,0,0,0,0,0,0,0,0,0,0,0,0,0.569605,0.27134,0.669272,0.312221,0.502167,0.295834,0.742854,0.391215
0.606392,0.358536,0.59721,0.611903,0.454652,0.562871,0.358066,0.715447,0.465384,0.413008,0.733658,0.660963,0.840971,0.77269,0.732124,0.426626,0,0,0,0,0,0,0,0,0,0,0,0,0,0,0.572689,0.274007,0.675407,0.314928,0.499099,0.298574,0.73978,0.404828
0.6064,0.353087,0.592621,0.614661,0.454645,0.562886,0.361124,0.718175,0.462311,0.407563,0.729056,0.663687,0.847094,0.819011,0.741332,0.472951,0,0,0,0,0,0,0,0,0,0,0,0,0,0,0.571174,0.263168,0.660079,0.295879,0.503702,0.290398,0.744384,0.383037
0.603337,0.33674,0.609482,0.606479,0.456185,0.562868,0.341205,0.767241,0.439329,0.432103,0.776585,0.636451,0.877749,0.933431,0.735188,0.666426,0,0,0,0,0,0,0,0,0,0,0,0,0,0,0.568095,0.249469,0.669275,0.287701,0.494503,0.276776,0.758173,0.380314
0.60794,0.336701,0.597222,0.61192,0.44392,0.568322,0.32895,0.816266,0.397931,0.49476,0.764313,0.650064,0.888494,0.963421,0.765851,0.829904,0,0,0,0,0,0,0,0,0,0,0,0,0,0,0.571164,0.244068,0.672344,0.287645,0.49297,0.304003,0.758184,0.385747
0.609484,0.334016,0.60794,0.652788,0.462311,0.617365,0.322813,0.835365,0.370335,0.551984,0.76738,0.688221,0.886961,0.994758,0,0,0,0,0,0,0,0,0,0,0,0,0,0,0,0,0.574223,0.241345,0.678471,0.287654,0.512895,0.254993,0.761231,0.388497
0.611033,0.336705,0.600289,0.609185,0.456182,0.549253,0.322811,0.840819,0.351948,0.601022,0.761254,0.660956,0.885423,0.960699,0.785776,0.99612,0,0,0,0,0,0,0,0,0,0,0,0,0,0,0.57576,0.244083,0.679989,0.290362,0.50983,0.27675,0.761267,0.38308
0.611029,0.336711,0.601823,0.601005,0.45925,0.541078,0.322806,0.846242,0.350397,0.647333,0.76431,0.658242,0.865499,0.957965,0,0,0,0,0,0,0,0,0,0,0,0,0,0,0,0,0.575747,0.246758,0.678486,0.290359,0.511376,0.274038,0.76125,0.388482
0.611009,0.339466,0.607945,0.595577,0.456181,0.522016,0.313605,0.843519,0.350402,0.674599,0.76891,0.660975,0.871632,0.996119,0,0,0,0,0,0,0,0,0,0,0,0,0,0,0,0,0.575752,0.249561,0.678476,0.293126,0.512916,0.274017,0.761264,0.391233
0.612545,0.347612,0.607957,0.598306,0.451586,0.522009,0.304418,0.83535,0.324344,0.75361,0.773507,0.663687,0,0,0,0,0,0,0,0,0,0,0,0,0,0,0,0,0,0,0.577277,0.254987,0.679979,0.301273,0.514437,0.282203,0.762792,0.393944
0.615607,0.355776,0.607944,0.603759,0.44851,0.527455,0.305949,0.827177,0,0,0.773517,0.666416,0.853223,0.996125,0,0,0,0,0,0,0,0,0,0,0,0,0,0,0,0,0.577281,0.271285,0.680003,0.312159,0.517495,0.279494,0.764294,0.399391
0.61714,0.366661,0.612552,0.606451,0.456176,0.524717,0.309015,0.78631,0.341207,0.799929,0.779644,0.674584,0.837903,0.996123,0,0,0,0,0,0,0,0,0,0,0,0,0,0,0,0,0.578833,0.282235,0.687667,0.328564,0.520578,0.276773,0.765867,0.396688
0.620227,0.374869,0.617147,0.606473,0.457716,0.527447,0.310549,0.799928,0.355006,0.819,0.781178,0.677315,0.833296,0.996123,0,0,0,0,0,0,0,0,0,0,0,0,0,0,0,0,0.581884,0.29042,0.692255,0.339491,0.522098,0.27949,0.771987,0.396635
