0.649328,0.565577,0.588022,0.718184,0.442383,0.628265,0.203239,0.957971,0.35194,0.565604,0.735183,0.794475,0.653941,0.994757,0,0,0,0,0,0,0,0,0,0,0,0,0,0,0,0,0.607946,0.462083,0.710652,0.519264,0.529757,0.445683,0.764318,0.601005
0.649329,0.560149,0.600281,0.710017,0.456185,0.606478,0.207838,0.990668,0.368805,0.546525,0.739788,0.791765,0,0,0,0,0,0,0,0,0,0,0,0,0,0,0,0,0,0,0.607944,0.459313,0.710658,0.516531,0.528225,0.440243,0.764315,0.598262
0.646271,0.560186,0.60182,0.715468,0.457718,0.609187,0.206304,0.987944,0.379525,0.535633,0.739786,0.799939,0,0,0,0,0,0,0,0,0,0,0,0,0,0,0,0,0,0,0.606426,0.459301,0.709121,0.51652,0.526713,0.43483,0.762787,0.598289
0.644738,0.560136,0.595684,0.710007,0.459247,0.603749,0.373397,0.636442,0.382605,0.51655,0.738252,0.791763,0,0,0,0,0,0,0,0,0,0,0,0,0,0,0,0,0,0,0.604885,0.453917,0.707595,0.513856,0.523644,0.437521,0.759704,0.595578
0.643214,0.560132,0.59262,0.707278,0.456182,0.603749,0.371865,0.606475,0.378006,0.516537,0.732117,0.786312,0,0,0,0,0,0,0,0,0,0,0,0,0,0,0,0,0,0,0.601814,0.453888,0.706052,0.513853,0.522116,0.437514,0.756653,0.598257
0.640143,0.557433,0.591092,0.704554,0.453116,0.595577,0.371866,0.639173,0.379531,0.522014,0.727528,0.780862,0.649342,0.982497,0,0,0,0,0,0,0,0,0,0,0,0,0,0,0,0,0.595712,0.453866,0.703007,0.513806,0.520566,0.432116,0.756642,0.590116
0.640127,0.557426,0.595682,0.701837,0.454646,0.601015,0.371869,0.641896,0.387201,0.519269,0.732125,0.778133,0,0,0,0,0,0,0,0,0,0,0,0,0,0,0,0,0,0,0.595712,0.453861,0.702994,0.513795,0.520568,0.4321,0.755131,0.581992
0.638602,0.557433,0.592624,0.699108,0.453117,0.59285,0.365735,0.652793,0.388733,0.522012,0.732121,0.772689,0,0,0,0,0,0,0,0,0,0,0,0,0,0,0,0,0,0,0.595699,0.451193,0.701468,0.511137,0.520582,0.429386,0.755137,0.581933
0.638612,0.557406,0.595682,0.696401,0.460782,0.587403,0.371865,0.644624,0.39333,0.522016,0.732124,0.775408,0,0,0,0,0,0,0,0,0,0,0,0,0,0,0,0,0,0,0.595699,0.451144,0.702993,0.511133,0.519042,0.434802,0.75665,0.579274
0.638603,0.554714,0.589554,0.707286,0.468448,0.590122,0.373401,0.617374,0.399456,0.519275,0.727524,0.778133,0.640142,0.994757,0,0,0,0,0,0,0,0,0,0,0,0,0,0,0,0,0.595714,0.448443,0.703,0.511074,0.520557,0.415742,0.75513,0.581945
0.638614,0.554695,0.591081,0.699118,0.47151,0.584674,0.371869,0.630995,0.396403,0.524736,0.732117,0.769962,0.640141,0.994758,0,0,0,0,0,0,0,0,0,0,0,0,0,0,0,0,0.595711,0.448412,0.702999,0.508374,0.520568,0.429359,0.755118,0.579225
0.63554,0.54924,0.589554,0.699115,0.462317,0.598302,0.373399,0.611924,0.404069,0.519276,0.730588,0.764512,0,0,0,0,0,0,0,0,0,0,0,0,0,0,0,0,0,0,0.594172,0.442972,0.701464,0.497485,0.522097,0.42119,0.755135,0.576466
0.632484,0.543817,0.589554,0.696398,0.463847,0.595571,0.370334,0.636446,0.407129,0.516561,0.730588,0.761784,0,0,0,0,0,0,0,0,0,0,0,0,0,0,0,0,0,0,0.594159,0.437563,0.698398,0.494732,0.522103,0.423912,0.755127,0.573764
0.624813,0.532908,0.586488,0.715459,0.462316,0.609196,0.365735,0.639172,0.407132,0.519274,0.729057,0.780858,0.649337,0.99612,0.650874,0.996122,0,0,0,0,0,0,0,0,0,0,0,0,0,0,0.584969,0.429379,0.689202,0.486608,0.511378,0.404865,0.753588,0.560165
0.618693,0.527426,0.583423,0.715455,0.463846,0.61464,0.350405,0.699114,0.410184,0.519275,0.722924,0.786311,0.63401,0.994758,0,0,0,0,0,0,0,0,0,0,0,0,0,0,0,0,0.580348,0.426619,0.683066,0.478415,0.509834,0.404837,0.752038,0.554696
0.606422,0.513812,0.581889,0.704558,0.463847,0.603743,0.34274,0.688217,0.410193,0.519279,0.727519,0.761787,0,0,0,0,0,0,0,0,0,0,0,0,0,0,0,0,0,0,0.571167,0.412993,0.675403,0.467468,0.50065,0.402147,0.745913,0.535634
0.606403,0.511067,0.58342,0.704563,0.465383,0.603751,0.34734,0.68549,0.410187,0.516556,0.727518,0.769963,0,0,0,0,0,0,0,0,0,0,0,0,0,0,0,0,0,0,0.571153,0.404887,0.675392,0.462087,0.502186,0.402116,0.744402,0.538346
0.607962,0.508374,0.586492,0.710011,0.454647,0.617366,0.359604,0.693665,0.411723,0.516555,0.739786,0.778137,0,0,0,0,0,0,0,0,0,0,0,0,0,0,0,0,0,0,0.574229,0.404847,0.678456,0.462022,0.505243,0.399421,0.750506,0.535598
0.612543,0.50836,0.595688,0.696388,0.463849,0.601018,0.371868,0.65552,0.410197,0.516542,0.750517,0.761782,0,0,0,0,0,0,0,0,0,0,0,0,0,0,0,0,0,0,0.577293,0.404823,0.681533,0.462028,0.508305,0.396638,0.752047,0.530188
0.61868,0.508356,0.577291,0.723642,0.428592,0.614651,0.365734,0.658241,0.414799,0.513839,0.727521,0.840804,0,0,0,0,0,0,0,0,0,0,0,0,0,0,0,0,0,0,0.580341,0.402144,0.686146,0.459349,0.509826,0.396676,0.752046,0.541082
0.618674,0.505637,0.578817,0.718188,0.45005,0.603754,0.370334,0.65007,0.417858,0.511095,0.729059,0.838075,0.612541,0.887123,0,0,0,0,0,0,0,0,0,0,0,0,0,0,0,0,0.578816,0.402111,0.684603,0.456614,0.509834,0.396633,0.753577,0.535628
0.612556,0.497504,0.580361,0.71546,0.454651,0.598294,0.396394,0.538359,0.423992,0.497486,0.73059,0.816282,0,0,0,0,0,0,0,0,0,0,0,0,0,0,0,0,0,0,0.575742,0.402108,0.681533,0.453901,0.506771,0.393952,0.753577,0.524714
0.609486,0.497468,0.580356,0.707285,0.42859,0.606472,0.384132,0.595572,0.42705,0.494755,0.730585,0.805386,0,0,0,0,0,0,0,0,0,0,0,0,0,0,0,0,0,0,0.571177,0.404818,0.680001,0.459324,0.505245,0.396639,0.753582,0.524709
0.607964,0.494744,0.58035,0.710011,0.427052,0.617363,0.244634,0.930722,0,0,0.738254,0.786309,0,0,0,0,0,0,0,0,0,0,0,0,0,0,0,0,0,0,0.569624,0.404838,0.676937,0.462019,0.505244,0.39938,0.753593,0.524736
0.607934,0.492055,0.584952,0.710012,0.440853,0.617353,0.404076,0.527473,0.430121,0.48932,0.74592,0.772681,0,0,0,0,0,0,0,0,0,0,0,0,0,0,0,0,0,0,0.569608,0.404815,0.675398,0.459332,0.50523,0.402074,0.75359,0.519257
0.595664,0.470266,0.578815,0.682767,0.443919,0.584668,0.404066,0.535624,0.437793,0.483848,0.730584,0.756328,0,0,0,0,0,0,0,0,0,0,0,0,0,0,0,0,0,0,0.558886,0.383012,0.66315,0.440223,0.503704,0.388457,0.745921,0.50563
0.620203,0.486576,0.597217,0.671873,0.42399,0.554719,0.422458,0.611902,0.519034,0.554683,0.742849,0.7863,0,0,0,0,0,0,0,0,0,0,0,0,0,0,0,0,0,0,0.58342,0.38575,0.683058,0.445722,0.52515,0.377589,0.765857,0.494764
0.624825,0.494734,0.577298,0.680042,0.416321,0.527458,0.388733,0.560163,0.463844,0.557439,0.732126,0.810837,0,0,0,0,0,0,0,0,0,0,0,0,0,0,0,0,0,0,0.586503,0.402079,0.692238,0.4648,0.522117,0.380331,0.761263,0.524751
0.620213,0.49749,0.575756,0.674588,0.404064,0.519275,0.378009,0.478442,0.462307,0.5166,0.733657,0.813551,0,0,0,0,0,0,0,0,0,0,0,0,0,0,0,0,0,0,0.58187,0.404806,0.68309,0.464813,0.519028,0.3803,0.758206,0.516573
0.627885,0.511097,0.57422,0.669135,0.422452,0.522007,0.332006,0.372153,0.436246,0.399375,0.745919,0.816277,0,0,0,0,0,0,0,0,0,0,0,0,0,0,0,0,0,0,0.592599,0.413007,0.692258,0.47025,0.523616,0.358487,0.761263,0.519318
0.633994,0.513797,0.568087,0.666419,0.416328,0.513835,0.333538,0.350351,0.43779,0.388473,0.727524,0.808119,0,0,0,0,0,0,0,0,0,0,0,0,0,0,0,0,0,0,0.597225,0.410303,0.69688,0.472962,0.522076,0.355813,0.762777,0.524722
0.663135,0.524709,0.561958,0.655523,0.414793,0.475687,0.316674,0.328542,0.436255,0.347647,0.727526,0.797199,0,0,0,0,0,0,0,0,0,0,0,0,0,0,0,0,0,0,0.62174,0.429314,0.721399,0.486556,0.525175,0.35035,0.775036,0.532914
0.675416,0.527486,0.591091,0.671864,0.425515,0.432079,0.31515,0.312154,0.45617,0.342138,0.750521,0.791759,0,0,0,0,0,0,0,0,0,0,0,0,0,0,0,0,0,0,0.630937,0.437531,0.729083,0.486586,0.526711,0.33672,0.778085,0.532901
0.676925,0.530207,0.592612,0.680043,0.419391,0.429372,0.309014,0.31222,0.453109,0.336704,0.759715,0.780863,0,0,0,0,0,0,0,0,0,0,0,0,0,0,0,0,0,0,0.629425,0.43751,0.730567,0.486598,0.528244,0.320385,0.778091,0.516553
0.67847,0.532918,0.565022,0.628274,0.417856,0.421182,0.313614,0.312159,0.450058,0.336691,0.736725,0.802656,0,0,0,0,0,0,0,0,0,0,0,0,0,0,0,0,0,0,0.629424,0.437544,0.73056,0.489261,0.528239,0.342152,0.773513,0.543801
0.680015,0.535586,0.568092,0.622826,0.428589,0.410289,0.313611,0.314906,0.450051,0.334008,0.736724,0.805378,0,0,0,0,0,0,0,0,0,0,0,0,0,0,0,0,0,0,0.630966,0.440242,0.730618,0.489262,0.52823,0.323085,0.773508,0.538387
0.683067,0.53561,0.583422,0.688208,0.414793,0.440254,0.30901,0.342134,0.451581,0.347621,0.735188,0.802652,0,0,0,0,0,0,0,0,0,0,0,0,0,0,0,0,0,0,0.635554,0.442972,0.73366,0.486571,0.529778,0.342154,0.770462,0.54922
0.684587,0.532942,0.600281,0.696383,0.423987,0.478415,0.31208,0.347604,0.459245,0.383025,0.753582,0.772694,0,0,0,0,0,0,0,0,0,0,0,0,0,0,0,0,0,0,0.635533,0.445684,0.735198,0.483831,0.529759,0.35307,0.770445,0.546492
0.679987,0.527419,0.591088,0.701836,0.428589,0.565604,0.335077,0.426634,0.459237,0.443001,0.738254,0.805384,0,0,0,0,0,0,0,0,0,0,0,0,0,0,0,0,0,0,0.630938,0.437535,0.730602,0.470269,0.52517,0.358502,0.770459,0.530173
0.673885,0.519314,0.591089,0.690938,0.422456,0.573773,0,0,0,0,0.755113,0.780858,0,0,0,0,0,0,0,0,0,0,0,0,0,0,0,0,0,0,0.627894,0.429379,0.727541,0.467483,0.523632,0.374861,0.770448,0.522004
0.664683,0.51106,0.594145,0.671862,0.43012,0.554702,0.378003,0.57651,0.531309,0.530168,0.755117,0.772685,0,0,0,0,0,0,0,0,0,0,0,0,0,0,0,0,0,0,0.620229,0.421157,0.721387,0.453892,0.522097,0.380289,0.771974,0.532894
0.658518,0.502908,0.60028,0.636449,0.459234,0.481141,0.365734,0.581939,0.402531,0.571042,0.748983,0.759065,0,0,0,0,0,0,0,0,0,0,0,0,0,0,0,0,0,0,0.614073,0.40756,0.716765,0.44843,0.519037,0.37488,0.768913,0.535632
0.653922,0.494764,0.594151,0.65552,0.459246,0.464786,0.361128,0.573789,0.391806,0.565618,0.747448,0.759068,0,0,0,0,0,0,0,0,0,0,0,0,0,0,0,0,0,0,0.604887,0.404807,0.71067,0.443002,0.517495,0.377563,0.765822,0.530183
0.65394,0.497465,0.592624,0.655516,0.454646,0.475673,0.364217,0.581988,0.382602,0.573773,0.742856,0.756339,0,0,0,0,0,0,0,0,0,0,0,0,0,0,0,0,0,0,0.604896,0.404826,0.712194,0.445673,0.514449,0.3803,0.764293,0.530159
0.657012,0.511117,0.592613,0.625543,0.450051,0.497502,0.351939,0.598289,0.388732,0.606478,0.732124,0.718189,0,0,0,0,0,0,0,0,0,0,0,0,0,0,0,0,0,0,0.607935,0.412992,0.71524,0.451152,0.514452,0.369428,0.762778,0.511089
0.656976,0.513832,0.595687,0.62555,0.453115,0.5002,0.336614,0.543813,0.387193,0.606466,0.741319,0.712738,0,0,0,0,0,0,0,0,0,0,0,0,0,0,0,0,0,0,0.606411,0.418439,0.713728,0.453854,0.514427,0.380316,0.76278,0.502939
0.650863,0.511116,0.59108,0.625558,0.450054,0.49748,0.332014,0.538364,0,0,0.732118,0.71546,0,0,0,0,0,0,0,0,0,0,0,0,0,0,0,0,0,0,0.600291,0.413009,0.707621,0.45115,0.509861,0.38032,0.758206,0.516545
0.646291,0.508396,0.588025,0.628273,0.443923,0.511097,0.333536,0.541069,0.374938,0.609177,0.732118,0.726366,0,0,0,0,0,0,0,0,0,0,0,0,0,0,0,0,0,0,0.600292,0.413004,0.707591,0.448477,0.509863,0.374887,0.755127,0.524732
0.646274,0.502936,0.586481,0.622825,0.437788,0.513838,0.325884,0.535656,0,0,0.730594,0.731808,0,0,0,0,0,0,0,0,0,0,0,0,0,0,0,0,0,0,0.600275,0.407537,0.707596,0.44572,0.509855,0.374885,0.756658,0.511112
0.646262,0.497491,0.588015,0.628269,0.433191,0.519271,0.275281,0.565594,0,0,0.733657,0.726364,0,0,0,0,0,0,0,0,0,0,0,0,0,0,0,0,0,0,0.59723,0.404834,0.706083,0.442953,0.509836,0.37486,0.756649,0.50291
0.644722,0.489337,0.58496,0.617388,0.43472,0.513819,0.276812,0.543813,0,0,0.732121,0.720917,0,0,0,0,0,0,0,0,0,0,0,0,0,0,0,0,0,0,0.594168,0.396643,0.701469,0.432063,0.509828,0.372139,0.756635,0.497476
0.641688,0.489258,0.581881,0.617373,0.431656,0.516535,0.330472,0.51655,0,0,0.72752,0.712746,0,0,0,0,0,0,0,0,0,0,0,0,0,0,0,0,0,0,0.592621,0.391189,0.698396,0.426678,0.509808,0.374877,0.755107,0.489329
0.630951,0.478425,0.583421,0.617369,0.434714,0.513808,0.284486,0.541063,0.279885,0.614647,0.729058,0.715463,0,0,0,0,0,0,0,0,0,0,0,0,0,0,0,0,0,0,0.583422,0.383044,0.692259,0.423884,0.508307,0.374827,0.750506,0.494748
0.627887,0.47569,0.583429,0.614658,0.433194,0.513846,0.279893,0.549248,0.278357,0.647344,0.727522,0.710024,0,0,0,0,0,0,0,0,0,0,0,0,0,0,0,0,0,0,0.580364,0.383,0.690713,0.423867,0.50676,0.374884,0.747461,0.497468
0.62328,0.472956,0.580363,0.620084,0.433185,0.516537,0.28142,0.546512,0.278354,0.611924,0.72599,0.720909,0,0,0,0,0,0,0,0,0,0,0,0,0,0,0,0,0,0,0.57577,0.380287,0.684603,0.415741,0.506766,0.377603,0.745926,0.494749
0.621757,0.470248,0.581883,0.617374,0.431661,0.516548,0.278354,0.546541,0,0,0.725989,0.710022,0,0,0,0,0,0,0,0,0,0,0,0,0,0,0,0,0,0,0.574238,0.377564,0.683054,0.407607,0.503706,0.380275,0.745933,0.481141
0.620198,0.464805,0.580356,0.617381,0.431653,0.513819,0.276815,0.551969,0,0,0.725986,0.710003,0,0,0,0,0,0,0,0,0,0,0,0,0,0,0,0,0,0,0.572706,0.372125,0.679989,0.404842,0.503703,0.377602,0.742869,0.49749
0.617153,0.462075,0.581884,0.614652,0.431658,0.513807,0.278361,0.551978,0,0,0.727519,0.704556,0,0,0,0,0,0,0,0,0,0,0,0,0,0,0,0,0,0,0.571156,0.36939,0.676944,0.402109,0.502163,0.380306,0.742867,0.492024
0.612539,0.45119,0.580359,0.611938,0.433184,0.508388,0.286019,0.546511,0,0,0.725992,0.704565,0,0,0,0,0,0,0,0,0,0,0,0,0,0,0,0,0,0,0.568092,0.361209,0.675391,0.396648,0.502159,0.37756,0.745926,0.475673
0.609475,0.448461,0.583415,0.614648,0.433186,0.513806,0.290617,0.53563,0,0,0.725996,0.704558,0,0,0,0,0,0,0,0,0,0,0,0,0,0,0,0,0,0,0.565034,0.355809,0.672332,0.391226,0.500637,0.372158,0.742863,0.481118
0.607947,0.44568,0.583419,0.614653,0.433195,0.50839,0.281422,0.551984,0,0,0.727527,0.707287,0,0,0,0,0,0,0,0,0,0,0,0,0,0,0,0,0,0,0.563491,0.34762,0.669295,0.385774,0.500639,0.366714,0.744384,0.459338
0.60795,0.442973,0.581887,0.614634,0.42859,0.513826,0.278354,0.557423,0,0,0.727528,0.704567,0,0,0,0,0,0,0,0,0,0,0,0,0,0,0,0,0,0,0.565013,0.344911,0.670798,0.385738,0.50065,0.366693,0.741333,0.483838
0.607928,0.440278,0.580357,0.614655,0.427061,0.516548,0.276819,0.568321,0,0,0.727518,0.704568,0,0,0,0,0,0,0,0,0,0,0,0,0,0,0,0,0,0,0.561956,0.342228,0.669277,0.383069,0.499123,0.363989,0.742845,0.478405
0.607926,0.440236,0.580353,0.617363,0.427056,0.513836,0.275291,0.571057,0,0,0.724453,0.704573,0,0,0,0,0,0,0,0,0,0,0,0,0,0,0,0,0,0,0.561962,0.342189,0.669264,0.382993,0.499115,0.363953,0.742839,0.481117
0.606402,0.432105,0.580355,0.614636,0.428586,0.513816,0.282952,0.565588,0,0,0.724451,0.701843,0,0,0,0,0,0,0,0,0,0,0,0,0,0,0,0,0,0,0.560421,0.339454,0.667713,0.377603,0.499111,0.36395,0.742858,0.475663
0.604861,0.429373,0.580356,0.614631,0.42859,0.508372,0.287554,0.571055,0.304416,0.669144,0.722924,0.701842,0,0,0,0,0,0,0,0,0,0,0,0,0,0,0,0,0,0,0.558907,0.336723,0.666182,0.374846,0.499107,0.361236,0.744377,0.459339
0.601831,0.426623,0.577282,0.617382,0.414793,0.519281,0.305948,0.565603,0,0,0.725986,0.701846,0,0,0,0,0,0,0,0,0,0,0,0,0,0,0,0,0,0,0.5589,0.331248,0.664676,0.369429,0.497578,0.353081,0.741318,0.464793
0.603346,0.426606,0.574218,0.622823,0.417853,0.519267,0.307482,0.603749,0,0,0.724453,0.707298,0,0,0,0,0,0,0,0,0,0,0,0,0,0,0,0,0,0,0.558911,0.331244,0.666186,0.369417,0.497595,0.358512,0.739786,0.47568
0.607923,0.426593,0.57116,0.633709,0.413261,0.524746,0.29675,0.647342,0,0,0.72599,0.71546,0,0,0,0,0,0,0,0,0,0,0,0,0,0,0,0,0,0,0.563485,0.331268,0.669261,0.369416,0.500647,0.358528,0.741316,0.481132
0.607922,0.426597,0.569626,0.633724,0.408662,0.53018,0.273754,0.900752,0,0,0.725989,0.715471,0,0,0,0,0,0,0,0,0,0,0,0,0,0,0,0,0,0,0.561971,0.331276,0.669264,0.369424,0.500647,0.363951,0.742848,0.467508
0.606426,0.423941,0.571164,0.630984,0.408658,0.53291,0.28755,0.911654,0,0,0.725988,0.712738,0,0,0,0,0,0,0,0,0,0,0,0,0,0,0,0,0,0,0.561955,0.331265,0.669273,0.369433,0.499091,0.366667,0.742853,0.467496
0.60642,0.423917,0.574216,0.628282,0.413263,0.532888,0.313612,0.611919,0,0,0.724457,0.715459,0,0,0,0,0,0,0,0,0,0,0,0,0,0,0,0,0,0,0.560442,0.328544,0.669259,0.369415,0.499099,0.366666,0.742834,0.462061
0.606412,0.418457,0.571155,0.622833,0.417857,0.52472,0.310545,0.622818,0,0,0.722925,0.712741,0,0,0,0,0,0,0,0,0,0,0,0,0,0,0,0,0,0,0.560452,0.320407,0.669277,0.366675,0.499113,0.363942,0.742858,0.45662
0.606399,0.415753,0.572685,0.625534,0.42092,0.524713,0.284491,0.601014,0,0,0.722925,0.712741,0,0,0,0,0,0,0,0,0,0,0,0,0,0,0,0,0,0,0.560444,0.320373,0.66926,0.363943,0.499095,0.363958,0.742865,0.459316
0.606393,0.410284,0.569618,0.620107,0.422459,0.524717,0,0,0,0,0.71832,0.710016,0,0,0,0,0,0,0,0,0,0,0,0,0,0,0,0,0,0,0.56045,0.317686,0.669253,0.361242,0.49912,0.361266,0.742849,0.453884
0.6049,0.413,0.569628,0.62009,0.423985,0.519271,0.27835,0.565597,0,0,0.71986,0.707286,0,0,0,0,0,0,0,0,0,0,0,0,0,0,0,0,0,0,0.56045,0.317687,0.667741,0.361247,0.499111,0.363936,0.741337,0.453886
0.604892,0.410267,0.568096,0.622821,0.420921,0.522002,0,0,0,0,0.72139,0.712738,0,0,0,0,0,0,0,0,0,0,0,0,0,0,0,0,0,0,0.561948,0.314954,0.667742,0.361222,0.49911,0.355778,0.741329,0.456607
0.604866,0.407549,0.572687,0.628275,0.413261,0.530182,0,0,0,0,0.722926,0.712736,0,0,0,0,0,0,0,0,0,0,0,0,0,0,0,0,0,0,0.560451,0.31493,0.667748,0.361196,0.499119,0.355768,0.741331,0.453875
0.600278,0.40483,0.563495,0.663682,0.417854,0.565598,0.167976,0.930723,0.356544,0.595564,0.721394,0.720907,0,0,0,0,0,0,0,0,0,0,0,0,0,0,0,0,0,0,0.558916,0.312225,0.666203,0.358482,0.496034,0.358508,0.742857,0.437548
0.598749,0.40482,0.569626,0.663706,0.416326,0.581946,0.348874,0.571039,0.364199,0.571062,0.721391,0.729087,0,0,0,0,0,0,0,0,0,0,0,0,0,0,0,0,0,0,0.558906,0.312183,0.666191,0.358485,0.496054,0.350343,0.739776,0.445688
0.601817,0.404877,0.575748,0.655511,0.423987,0.573771,0.273752,0.57377,0.411724,0.492012,0.719857,0.720924,0,0,0,0,0,0,0,0,0,0,0,0,0,0,0,0,0,0,0.561978,0.314865,0.66775,0.363965,0.499104,0.339464,0.741306,0.434834
0.606401,0.410272,0.574225,0.663689,0.417857,0.57105,0.253824,0.551972,0,0,0.724457,0.739983,0,0,0,0,0,0,0,0,0,0,0,0,0,0,0,0,0,0,0.568103,0.314903,0.670825,0.366681,0.500628,0.342167,0.742854,0.432115
0.609461,0.421153,0.571158,0.660948,0.416322,0.571058,0.289084,0.483844,0.439319,0.481114,0.725987,0.753607,0,0,0,0,0,0,0,0,0,0,0,0,0,0,0,0,0,0,0.572682,0.317642,0.676929,0.369431,0.499105,0.342154,0.741317,0.451167
0.609493,0.421162,0.572686,0.660959,0.410192,0.562868,0.302878,0.472959,0.436254,0.478394,0.725989,0.756336,0,0,0,0,0,0,0,0,0,0,0,0,0,0,0,0,0,0,0.574205,0.31765,0.678455,0.369411,0.499094,0.347637,0.74133,0.45117
0.61868,0.421154,0.578817,0.658251,0.423985,0.557423,0.315142,0.448428,0.45925,0.481139,0.727525,0.753607,0,0,0,0,0,0,0,0,0,0,0,0,0,0,0,0,0,0,0.575758,0.314929,0.681565,0.369393,0.497574,0.353076,0.742839,0.467506
0.620206,0.418445,0.578814,0.660966,0.420924,0.560148,0.310547,0.448426,0.460777,0.475698,0.730583,0.756336,0,0,0,0,0,0,0,0,0,0,0,0,0,0,0,0,0,0,0.577271,0.31493,0.683061,0.369392,0.499101,0.344883,0.74286,0.462068
0.620232,0.421162,0.57269,0.66368,0.416328,0.549246,0.307478,0.432081,0.446991,0.45662,0.727522,0.759071,0,0,0,0,0,0,0,0,0,0,0,0,0,0,0,0,0,0,0.5773,0.317607,0.68307,0.372114,0.499096,0.353044,0.74284,0.475682
0.621749,0.423877,0.577286,0.660961,0.423991,0.543797,0.296748,0.432101,0.445459,0.45387,0.727522,0.759051,0,0,0,0,0,0,0,0,0,0,0,0,0,0,0,0,0,0,0.57731,0.317651,0.683073,0.374864,0.499115,0.344876,0.742869,0.459322
0.617153,0.426599,0.571155,0.66369,0.416327,0.541078,0.299812,0.388502,0.431659,0.429361,0.72292,0.750878,0,0,0,0,0,0,0,0,0,0,0,0,0,0,0,0,0,0,0.57575,0.320383,0.679997,0.377606,0.496035,0.355799,0.739788,0.467517
0.615608,0.429327,0.561956,0.647344,0.41326,0.535633,0.307472,0.38303,0.427055,0.421187,0.721386,0.748165,0,0,0,0,0,0,0,0,0,0,0,0,0,0,0,0,0,0,0.572711,0.323095,0.67847,0.380354,0.494507,0.353058,0.736717,0.481135
0.607979,0.442999,0.555819,0.647348,0.407125,0.532894,0.301346,0.388477,0.425532,0.426616,0.712197,0.748159,0,0,0,0,0,0,0,0,0,0,0,0,0,0,0,0,0,0,0.571145,0.339409,0.675397,0.399412,0.492967,0.353056,0.732124,0.49748
0.609469,0.45119,0.555826,0.655515,0.40866,0.532903,0.295226,0.396661,0.427048,0.432055,0.709128,0.748166,0,0,0,0,0,0,0,0,0,0,0,0,0,0,0,0,0,0,0.571179,0.344864,0.675408,0.40758,0.491454,0.355782,0.729065,0.513832
0.612539,0.478419,0.561961,0.669152,0.416322,0.557421,0.295214,0.437533,0.42092,0.445725,0.715257,0.759059,0,0,0,0,0,0,0,0,0,0,0,0,0,0,0,0,0,0,0.575749,0.366682,0.676951,0.429385,0.492973,0.369419,0.730599,0.532893
0.615619,0.489319,0.563489,0.671864,0.416323,0.568318,0.253827,0.511101,0.416328,0.467495,0.715256,0.76996,0,0,0,0,0,0,0,0,0,0,0,0,0,0,0,0,0,0,0.578823,0.380298,0.67999,0.442943,0.494495,0.36941,0.730584,0.532926
0.620215,0.508398,0.560432,0.677311,0.399461,0.560154,0.33201,0.5656,0.40559,0.532904,0.713728,0.769963,0,0,0,0,0,0,0,0,0,0,0,0,0,0,0,0,0,0,0.584968,0.402099,0.680011,0.467547,0.496033,0.363945,0.733643,0.53018
0.624797,0.519262,0.566563,0.666417,0.417857,0.538355,0.371862,0.59558,0.391791,0.576519,0.710664,0.761787,0,0,0,0,0,0,0,0,0,0,0,0,0,0,0,0,0,0,0.584954,0.413002,0.683087,0.481146,0.496039,0.372156,0.733651,0.541057
0.633997,0.532885,0.563492,0.666416,0.416326,0.535625,0.356532,0.639154,0.379527,0.611915,0.707592,0.761787,0,0,0,0,0,0,0,0,0,0,0,0,0,0,0,0,0,0,0.59567,0.429345,0.693775,0.489339,0.497577,0.383023,0.739788,0.549222
0.640126,0.535599,0.563492,0.641888,0.413257,0.524719,0.332009,0.565594,0.376457,0.647337,0.706064,0.737264,0,0,0,0,0,0,0,0,0,0,0,0,0,0,0,0,0,0,0.595688,0.429332,0.696862,0.491996,0.499095,0.377607,0.741307,0.554677
0.641667,0.535659,0.561962,0.641903,0.401,0.530187,0.327408,0.579223,0.387196,0.660976,0.702995,0.739985,0,0,0,0,0,0,0,0,0,0,0,0,0,0,0,0,0,0,0.598746,0.429388,0.699927,0.489353,0.500635,0.372167,0.7413,0.551951
0.641667,0.535662,0.558896,0.641894,0.400993,0.527443,0.322813,0.606474,0.394859,0.66098,0.702991,0.731814,0,0,0,0,0,0,0,0,0,0,0,0,0,0,0,0,0,0,0.598747,0.429377,0.699929,0.489349,0.500629,0.374855,0.741301,0.549266
0.641655,0.535668,0.555828,0.641908,0.404059,0.524725,0.324339,0.606469,0.397925,0.66368,0.701461,0.734538,0,0,0,0,0,0,0,0,0,0,0,0,0,0,0,0,0,0,0.59874,0.429395,0.698398,0.489346,0.499107,0.374886,0.7398,0.551982
0.641659,0.538345,0.557365,0.650059,0.408664,0.524724,0.324348,0.603749,0.397936,0.660947,0.698395,0.737263,0,0,0,0,0,0,0,0,0,0,0,0,0,0,0,0,0,0,0.598762,0.432086,0.698396,0.489366,0.499112,0.377584,0.739794,0.551995
0.643197,0.538327,0.56809,0.647349,0.423991,0.513814,0.318211,0.606479,0.408669,0.63644,0.709128,0.750888,0,0,0,0,0,0,0,0,0,0,0,0,0,0,0,0,0,0,0.595704,0.434792,0.698408,0.492071,0.500651,0.377596,0.742824,0.554654
0.643213,0.535667,0.566558,0.644617,0.427053,0.511102,0.312075,0.631001,0.41326,0.614642,0.709126,0.734535,0,0,0,0,0,0,0,0,0,0,0,0,0,0,0,0,0,0,0.595703,0.434807,0.696857,0.492045,0.503717,0.374878,0.742825,0.554678
0.644748,0.535648,0.554294,0.666413,0.368808,0.546532,0.33814,0.581953,0.419395,0.54654,0.715261,0.756334,0,0,0,0,0,0,0,0,0,0,0,0,0,0,0,0,0,0,0.601809,0.434802,0.699926,0.492045,0.506762,0.366721,0.744376,0.549269
0.646266,0.538377,0.552761,0.671864,0.368803,0.560148,0.192505,0.996118,0,0,0.715258,0.748159,0,0,0,0,0,0,0,0,0,0,0,0,0,0,0,0,0,0,0.601825,0.437517,0.701474,0.492079,0.506768,0.366675,0.744392,0.549239
0.646276,0.546518,0.538967,0.652788,0.373404,0.489308,0.18944,0.941618,0,0,0.706062,0.764508,0,0,0,0,0,0,0,0,0,0,0,0,0,0,0,0,0,0,0.600292,0.437539,0.702984,0.500205,0.505247,0.374883,0.742878,0.554686
0.64629,0.546553,0.543562,0.65279,0.391796,0.505657,0.264563,0.603746,0,0,0.709128,0.74816,0,0,0,0,0,0,0,0,0,0,0,0,0,0,0,0,0,0,0.60028,0.437523,0.70452,0.500212,0.50831,0.355794,0.742868,0.554669
0.650866,0.549222,0.552762,0.647341,0.396397,0.478413,0.267628,0.611926,0.427062,0.36124,0.718323,0.750884,0,0,0,0,0,0,0,0,0,0,0,0,0,0,0,0,0,0,0.60487,0.440284,0.704546,0.497473,0.508298,0.358502,0.745914,0.551986
0.650864,0.549246,0.548163,0.652792,0.396392,0.483854,0.270694,0.611921,0.430129,0.358513,0.702996,0.764512,0,0,0,0,0,0,0,0,0,0,0,0,0,0,0,0,0,0,0.604878,0.442972,0.704538,0.497481,0.506781,0.36398,0.744379,0.554702
0.644765,0.546543,0.548159,0.633722,0.414789,0.492024,0.31055,0.571051,0.428593,0.353072,0.702996,0.734539,0,0,0,0,0,0,0,0,0,0,0,0,0,0,0,0,0,0,0.59875,0.440272,0.701466,0.497487,0.506762,0.366667,0.741326,0.557415
0.644743,0.546526,0.549694,0.641895,0.417855,0.500203,0.321275,0.565607,0.428587,0.358515,0.704526,0.73726,0,0,0,0,0,0,0,0,0,0,0,0,0,0,0,0,0,0,0.598759,0.437555,0.701448,0.497496,0.505249,0.366711,0.741317,0.56014
0.643227,0.546522,0.548163,0.639167,0.420923,0.492038,0.324343,0.590122,0.427069,0.372156,0.676936,0.761788,0,0,0,0,0,0,0,0,0,0,0,0,0,0,0,0,0,0,0.597233,0.440241,0.699926,0.497463,0.505227,0.366699,0.74284,0.557402
0.64321,0.546511,0.551224,0.641891,0.423987,0.508379,0.332011,0.581954,0.428598,0.374865,0.6846,0.756338,0,0,0,0,0,0,0,0,0,0,0,0,0,0,0,0,0,0,0.595689,0.437521,0.698385,0.492086,0.505228,0.369399,0.741327,0.557431
0.643212,0.543805,0.548165,0.660959,0.420924,0.521997,0.336611,0.603751,0.434715,0.377572,0.663139,0.797207,0,0,0,0,0,0,0,0,0,0,0,0,0,0,0,0,0,0,0.595709,0.434811,0.696864,0.492016,0.50523,0.380326,0.741305,0.557406
0.641681,0.543823,0.551225,0.655515,0.425519,0.524725,0.332011,0.628271,0.436249,0.380308,0.683062,0.76996,0,0,0,0,0,0,0,0,0,0,0,0,0,0,0,0,0,0,0.595686,0.432114,0.698384,0.489364,0.503707,0.380301,0.741296,0.557417
0.643186,0.541095,0.549699,0.655519,0.428585,0.530184,0.344272,0.614653,0.436252,0.385772,0.676934,0.778132,0,0,0,0,0,0,0,0,0,0,0,0,0,0,0,0,0,0,0.597208,0.432116,0.696875,0.489291,0.505229,0.377597,0.739789,0.554692
0.641666,0.543794,0.552763,0.655521,0.425523,0.527449,0.345809,0.611926,0.440843,0.383045,0.683064,0.769957,0,0,0,0,0,0,0,0,0,0,0,0,0,0,0,0,0,0,0.595688,0.432104,0.695349,0.4893,0.50523,0.377574,0.738249,0.554698
0.638603,0.549246,0.554289,0.663678,0.423987,0.535625,0.342737,0.622819,0.442391,0.385759,0.696862,0.739986,0,0,0,0,0,0,0,0,0,0,0,0,0,0,0,0,0,0,0.594168,0.434832,0.69381,0.489348,0.503709,0.38032,0.738249,0.557415
0.635538,0.549236,0.546633,0.658247,0.419394,0.532905,0.344271,0.625547,0.440853,0.38849,0.672334,0.75906,0,0,0,0,0,0,0,0,0,0,0,0,0,0,0,0,0,0,0.592625,0.434835,0.692285,0.491998,0.499118,0.388486,0.736712,0.562874
0.629421,0.546549,0.551228,0.663688,0.411726,0.535626,0.339675,0.639175,0.44084,0.391216,0.702995,0.761786,0,0,0,0,0,0,0,0,0,0,0,0,0,0,0,0,0,0,0.588015,0.434826,0.690711,0.491999,0.497582,0.38576,0.736727,0.551941
0.627891,0.546497,0.552756,0.663694,0.408659,0.54108,0.33814,0.641892,0.436257,0.399395,0.698397,0.79993,0,0,0,0,0,0,0,0,0,0,0,0,0,0,0,0,0,0,0.583425,0.432094,0.687676,0.48933,0.499094,0.385747,0.736733,0.549273
0.620224,0.538339,0.554296,0.660961,0.414794,0.538344,0.341215,0.617385,0.440867,0.399365,0.709125,0.753606,0,0,0,0,0,0,0,0,0,0,0,0,0,0,0,0,0,0,0.577284,0.426673,0.679988,0.481147,0.496044,0.391221,0.730562,0.551948
0.617138,0.538322,0.554292,0.663691,0.41173,0.543807,0.344279,0.641899,0.443914,0.396668,0.707597,0.764514,0,0,0,0,0,0,0,0,0,0,0,0,0,0,0,0,0,0,0.572704,0.426624,0.678475,0.483819,0.492972,0.391212,0.729061,0.554693
0.614067,0.546524,0.5543,0.666428,0.405593,0.560144,0.342747,0.611933,0.43626,0.418465,0.71679,0.759056,0,0,0,0,0,0,0,0,0,0,0,0,0,0,0,0,0,0,0.569606,0.429356,0.676926,0.486616,0.488381,0.396643,0.730617,0.546541
0.61713,0.549272,0.555825,0.671873,0.410194,0.571057,0.345807,0.617372,0.437803,0.415732,0.715258,0.748167,0,0,0,0,0,0,0,0,0,0,0,0,0,0,0,0,0,0,0.571162,0.432085,0.676941,0.489339,0.489904,0.402138,0.73061,0.554693
0.62329,0.554695,0.554293,0.666426,0.414794,0.56832,0.342736,0.64189,0.440848,0.423907,0.709129,0.753609,0,0,0,0,0,0,0,0,0,0,0,0,0,0,0,0,0,0,0.577292,0.440235,0.681558,0.492073,0.4945,0.40484,0.735178,0.562868
0.62786,0.557433,0.551229,0.669143,0.402531,0.568317,0.344272,0.641887,0.443914,0.429369,0.702993,0.739988,0,0,0,0,0,0,0,0,0,0,0,0,0,0,0,0,0,0,0.578836,0.440282,0.686123,0.494776,0.494496,0.402116,0.739781,0.55473
0.627893,0.557411,0.538964,0.674592,0.404059,0.57651,0.35347,0.614642,0.454646,0.415734,0.690732,0.723636,0,0,0,0,0,0,0,0,0,0,0,0,0,0,0,0,0,0,0.580364,0.442962,0.687667,0.494794,0.489916,0.418458,0.739777,0.554689
0.629395,0.557388,0.538966,0.677321,0.405593,0.584672,0.353475,0.606469,0.457706,0.418451,0.686132,0.775406,0,0,0,0,0,0,0,0,0,0,0,0,0,0,0,0,0,0,0.580363,0.440275,0.68919,0.494752,0.489913,0.418441,0.739775,0.551973
0.630924,0.554715,0.537427,0.671873,0.404061,0.571044,0.358068,0.609205,0.459235,0.426616,0.670801,0.789029,0,0,0,0,0,0,0,0,0,0,0,0,0,0,0,0,0,0,0.581896,0.440234,0.689211,0.492078,0.494504,0.413003,0.739784,0.55469
0.630933,0.554716,0.538964,0.677315,0.407125,0.579215,0.358075,0.609201,0.45619,0.437532,0.6754,0.786306,0,0,0,0,0,0,0,0,0,0,0,0,0,0,0,0,0,0,0.581902,0.440237,0.69072,0.492062,0.492974,0.402124,0.73979,0.554701
0.629429,0.554707,0.537435,0.685496,0.391796,0.568323,0.35807,0.617375,0.457721,0.456622,0.667737,0.794488,0,0,0,0,0,0,0,0,0,0,0,0,0,0,0,0,0,0,0.58187,0.44025,0.689198,0.49206,0.494501,0.402102,0.73979,0.554679
0.629394,0.554705,0.534369,0.688207,0.378002,0.560142,0.3596,0.617378,0.457723,0.459327,0.663137,0.799933,0,0,0,0,0,0,0,0,0,0,0,0,0,0,0,0,0,0,0.580374,0.440255,0.686135,0.492028,0.494505,0.399394,0.739777,0.557445
0.626338,0.55466,0.537436,0.682771,0.379533,0.55744,0.356539,0.609205,0.453121,0.470229,0.678466,0.797208,0,0,0,0,0,0,0,0,0,0,0,0,0,0,0,0,0,0,0.578841,0.440232,0.681548,0.492006,0.49603,0.407559,0.739771,0.55473
0.624811,0.551967,0.542034,0.693667,0.408658,0.581952,0.355,0.59012,0.454659,0.46751,0.681532,0.808111,0,0,0,0,0,0,0,0,0,0,0,0,0,0,0,0,0,0,0.578805,0.437544,0.681524,0.491983,0.496032,0.413011,0.7398,0.554726
0.620236,0.549248,0.540497,0.693657,0.405593,0.584673,0.3642,0.601015,0.456176,0.467519,0.673869,0.805381,0,0,0,0,0,0,0,0,0,0,0,0,0,0,0,0,0,0,0.575763,0.43482,0.680021,0.489349,0.49603,0.404837,0.738259,0.554717
0.620202,0.549235,0.542027,0.693667,0.411728,0.598286,0.361136,0.601017,0.457708,0.464798,0.675399,0.805383,0,0,0,0,0,0,0,0,0,0,0,0,0,0,0,0,0,0,0.574232,0.43483,0.679986,0.489315,0.49603,0.407553,0.735178,0.560151
0.614067,0.546541,0.552754,0.693674,0.413258,0.590121,0.368792,0.601021,0.453116,0.4675,0.684603,0.799929,0,0,0,0,0,0,0,0,0,0,0,0,0,0,0,0,0,0,0.571146,0.434829,0.676917,0.489276,0.492978,0.407553,0.732142,0.543788
0.611008,0.543783,0.552757,0.693662,0.40713,0.592845,0.359598,0.609197,0.442385,0.478412,0.692265,0.791753,0,0,0,0,0,0,0,0,0,0,0,0,0,0,0,0,0,0,0.568102,0.432121,0.673862,0.489256,0.491448,0.40756,0.730599,0.546499
0.606436,0.538392,0.555829,0.693667,0.407122,0.584679,0.342747,0.633727,0.443914,0.459335,0.701462,0.794488,0,0,0,0,0,0,0,0,0,0,0,0,0,0,0,0,0,0,0.561976,0.432085,0.66927,0.486593,0.486848,0.410286,0.730592,0.541097
0.606392,0.535664,0.555823,0.688213,0.410191,0.581958,0.353474,0.620107,0.446975,0.442979,0.712192,0.761787,0,0,0,0,0,0,0,0,0,0,0,0,0,0,0,0,0,0,0.560439,0.429353,0.667749,0.486536,0.48837,0.402135,0.729082,0.543795
0.603339,0.532874,0.552756,0.671864,0.407131,0.571044,0.359603,0.644619,0.427053,0.459339,0.707593,0.748163,0,0,0,0,0,0,0,0,0,0,0,0,0,0,0,0,0,0,0.560421,0.42665,0.666198,0.481115,0.485321,0.399374,0.729053,0.541083
0.601803,0.530173,0.554295,0.671875,0.404066,0.571046,0.35347,0.647346,0.431653,0.442967,0.718323,0.750884,0,0,0,0,0,0,0,0,0,0,0,0,0,0,0,0,0,0,0.560414,0.42662,0.666188,0.478395,0.485319,0.396663,0.729069,0.543805
0.60028,0.530164,0.554299,0.677319,0.404061,0.576502,0.350403,0.64734,0.43318,0.429371,0.713727,0.761787,0,0,0,0,0,0,0,0,0,0,0,0,0,0,0,0,0,0,0.560412,0.426594,0.666197,0.478394,0.486853,0.393915,0.730581,0.546508
0.601822,0.532892,0.555823,0.674597,0.410195,0.579223,0.358075,0.617379,0.430119,0.426643,0.707594,0.769958,0,0,0,0,0,0,0,0,0,0,0,0,0,0,0,0,0,0,0.560414,0.426631,0.664667,0.481098,0.489913,0.399404,0.7306,0.546504
0.594162,0.549221,0.546632,0.677311,0.400993,0.571052,0.342744,0.67187,0.430122,0.429353,0.696861,0.761787,0,0,0,0,0,0,0,0,0,0,0,0,0,0,0,0,0,0,0.552755,0.437566,0.657008,0.48936,0.486853,0.396656,0.719876,0.56015
0.592629,0.554718,0.554299,0.671864,0.411722,0.568317,0.332014,0.690944,0.428601,0.42937,0.701461,0.780857,0,0,0,0,0,0,0,0,0,0,0,0,0,0,0,0,0,0,0.548165,0.445664,0.65242,0.492057,0.48377,0.402118,0.719855,0.560156
0.580349,0.573781,0.540497,0.682767,0.390261,0.565608,0.316677,0.704566,0.420923,0.445718,0.683068,0.778137,0,0,0,0,0,0,0,0,0,0,0,0,0,0,0,0,0,0,0.537445,0.462054,0.640143,0.51654,0.473033,0.423909,0.706061,0.581935
0.571172,0.579221,0.531304,0.693664,0.391794,0.579225,0.299814,0.710008,0.408648,0.456618,0.672336,0.797209,0.546628,0.994758,0,0,0,0,0,0,0,0,0,0,0,0,0,0,0,0,0.528241,0.470204,0.630949,0.524714,0.463847,0.442993,0.696855,0.581968
0.557367,0.600997,0.515969,0.707287,0.374935,0.587402,0.29216,0.723647,0.396392,0.470237,0.650875,0.799939,0.537427,0.994759,0,0,0,0,0,0,0,0,0,0,0,0,0,0,0,0,0.512906,0.489248,0.620228,0.543813,0.445439,0.459327,0.681549,0.611911
0.552768,0.606477,0.502175,0.723632,0.362667,0.606476,0.278353,0.739988,0.381065,0.489294,0.644743,0.819009,0,0,0,0,0,0,0,0,0,0,0,0,0,0,0,0,0,0,0.508303,0.492052,0.614075,0.551986,0.442387,0.467493,0.675393,0.620081
0.549688,0.6065,0.500638,0.729091,0.362668,0.61737,0.27683,0.723637,0.379542,0.486597,0.646272,0.829908,0,0,0,0,0,0,0,0,0,0,0,0,0,0,0,0,0,0,0.50523,0.494758,0.609484,0.554684,0.436261,0.467519,0.669271,0.630986
0.549709,0.603723,0.502174,0.723639,0.3642,0.609205,0.289088,0.710022,0.381066,0.486568,0.64474,0.838078,0,0,0,0,0,0,0,0,0,0,0,0,0,0,0,0,0,0,0.50525,0.492022,0.609491,0.551967,0.440843,0.464792,0.669265,0.628273
0.554286,0.598303,0.503708,0.720905,0.373402,0.611919,0.292155,0.696386,0.387203,0.478388,0.626345,0.838083,0,0,0,0,0,0,0,0,0,0,0,0,0,0,0,0,0,0,0.509818,0.48932,0.614072,0.549236,0.440844,0.470223,0.670805,0.631004
0.560414,0.587385,0.503707,0.712738,0.373402,0.611927,0.304409,0.66914,0.400996,0.456614,0.624809,0.843528,0,0,0,0,0,0,0,0,0,0,0,0,0,0,0,0,0,0,0.520551,0.483854,0.620224,0.535671,0.445441,0.462057,0.678459,0.620081
0.569626,0.579181,0.506774,0.712731,0.373401,0.601024,0.30288,0.652788,0.407129,0.451163,0.627878,0.838077,0.534362,0.994757,0,0,0,0,0,0,0,0,0,0,0,0,0,0,0,0,0.526685,0.47293,0.627865,0.530143,0.445458,0.456602,0.679989,0.603761
0.572683,0.576493,0.508306,0.707293,0.37187,0.595571,0.304417,0.633719,0.408658,0.445714,0.626345,0.829905,0.534366,0.994756,0,0,0,0,0,0,0,0,0,0,0,0,0,0,0,0,0.529766,0.470237,0.630938,0.527473,0.446972,0.456602,0.681529,0.603757
0.575757,0.571068,0.508308,0.712741,0.378001,0.603749,0.301348,0.609188,0.417858,0.434815,0.634009,0.835354,0.534363,0.98522,0,0,0,0,0,0,0,0,0,0,0,0,0,0,0,0,0.535899,0.467466,0.637083,0.524757,0.451588,0.448426,0.680012,0.603762
0.577297,0.571038,0.508304,0.707285,0.374931,0.592849,0.301353,0.590122,0.411726,0.445701,0.643206,0.838085,0.532832,0.985222,0,0,0,0,0,0,0,0,0,0,0,0,0,0,0,0,0.540491,0.464744,0.638616,0.524703,0.448535,0.451153,0.681524,0.603723
0.580345,0.565618,0.50064,0.699118,0.370338,0.584682,0.296748,0.576492,0.422448,0.43207,0.62941,0.832627,0,0,0,0,0,0,0,0,0,0,0,0,0,0,0,0,0,0,0.54358,0.456608,0.643184,0.519303,0.459255,0.423925,0.681527,0.600993
0.580366,0.562897,0.499106,0.69911,0.365733,0.598291,0.298283,0.565614,0.420931,0.432087,0.637076,0.827177,0,0,0,0,0,0,0,0,0,0,0,0,0,0,0,0,0,0,0.543577,0.456577,0.643184,0.519288,0.457722,0.42936,0.680019,0.595574
0.580345,0.557439,0.499108,0.701848,0.368806,0.60648,0.296744,0.562864,0.420929,0.434825,0.646275,0.824455,0,0,0,0,0,0,0,0,0,0,0,0,0,0,0,0,0,0,0.54051,0.451142,0.641675,0.516556,0.457715,0.434793,0.680016,0.590123
0.58036,0.557425,0.503706,0.707283,0.371862,0.606471,0.299823,0.560148,0.420929,0.440264,0.650872,0.816282,0,0,0,0,0,0,0,0,0,0,0,0,0,0,0,0,0,0,0.54201,0.448474,0.641663,0.516517,0.456178,0.434809,0.681525,0.579214
0.581863,0.554718,0.506769,0.70729,0.359604,0.592849,0.299823,0.576504,0.405587,0.470231,0.65394,0.827178,0,0,0,0,0,0,0,0,0,0,0,0,0,0,0,0,0,0,0.54203,0.445713,0.641671,0.511134,0.45925,0.432084,0.683065,0.579215
0.58037,0.554662,0.500646,0.712733,0.362672,0.606474,0.299812,0.576491,0.410185,0.47021,0.64321,0.843535,0,0,0,0,0,0,0,0,0,0,0,0,0,0,0,0,0,0,0.542036,0.445675,0.641666,0.51108,0.460782,0.429384,0.683072,0.579222
0.580367,0.549277,0.503701,0.71273,0.368802,0.60647,0.304417,0.579212,0.411713,0.483857,0.646273,0.819006,0.535898,0.979773,0,0,0,0,0,0,0,0,0,0,0,0,0,0,0,0,0.543556,0.440275,0.643181,0.505652,0.462323,0.429367,0.684606,0.579269
0.581886,0.546551,0.502177,0.718179,0.371868,0.609206,0.299821,0.59557,0.410192,0.489299,0.637074,0.84353,0,0,0,0,0,0,0,0,0,0,0,0,0,0,0,0,0,0,0.543557,0.440227,0.643204,0.505633,0.46231,0.426665,0.683086,0.579259
0.581895,0.538359,0.506775,0.710011,0.376463,0.60375,0.318211,0.587396,0.411717,0.489302,0.647806,0.810833,0,0,0,0,0,0,0,0,0,0,0,0,0,0,0,0,0,0,0.54507,0.432128,0.643211,0.492052,0.463845,0.423903,0.683085,0.579221
0.5819,0.535596,0.505242,0.699118,0.37493,0.584679,0.316678,0.60102,0.411727,0.483868,0.646272,0.799927,0,0,0,0,0,0,0,0,0,0,0,0,0,0,0,0,0,0,0.543581,0.432056,0.643201,0.492016,0.462332,0.42117,0.683078,0.57651
0.581884,0.532937,0.509837,0.68277,0.356537,0.573756,0.310546,0.617388,0.399456,0.513812,0.658538,0.786307,0,0,0,0,0,0,0,0,0,0,0,0,0,0,0,0,0,0,0.543554,0.429374,0.643214,0.491983,0.462311,0.410293,0.684602,0.571063
0.580348,0.532893,0.509833,0.685497,0.350405,0.568323,0.161847,0.862605,0.396389,0.521985,0.660068,0.794482,0,0,0,0,0,0,0,0,0,0,0,0,0,0,0,0,0,0,0.540495,0.429316,0.640141,0.489296,0.463843,0.404855,0.687653,0.573727
0.575772,0.524715,0.502179,0.688225,0.350401,0.565598,0.183308,0.887125,0.394858,0.522025,0.647805,0.810838,0,0,0,0,0,0,0,0,0,0,0,0,0,0,0,0,0,0,0.535884,0.423923,0.63553,0.483849,0.460783,0.399362,0.684589,0.56289
0.574207,0.519242,0.508311,0.693665,0.362673,0.571037,0.177181,0.881675,0.39639,0.519299,0.655467,0.810827,0,0,0,0,0,0,0,0,0,0,0,0,0,0,0,0,0,0,0.532842,0.415728,0.63249,0.475659,0.462304,0.402097,0.681556,0.560133
0.569639,0.511107,0.514432,0.693662,0.365734,0.576493,0.247694,0.783584,0.390259,0.524754,0.658533,0.797206,0,0,0,0,0,0,0,0,0,0,0,0,0,0,0,0,0,0,0.529779,0.404837,0.630931,0.467553,0.462317,0.402107,0.6846,0.554689
0.571174,0.508346,0.52057,0.688218,0.374935,0.576491,0.276823,0.693666,0.39025,0.530158,0.66007,0.786309,0,0,0,0,0,0,0,0,0,0,0,0,0,0,0,0,0,0,0.531306,0.402157,0.632478,0.467532,0.463846,0.402093,0.686146,0.551989
0.580339,0.500226,0.528227,0.693667,0.37953,0.576507,0.247695,0.819004,0.391792,0.538369,0.663139,0.805384,0,0,0,0,0,0,0,0,0,0,0,0,0,0,0,0,0,0,0.540487,0.399403,0.643189,0.46477,0.471519,0.399364,0.692284,0.554682
0.584966,0.500225,0.535901,0.682769,0.396394,0.581948,0.201703,0.892582,0.391804,0.543817,0.684598,0.775412,0,0,0,0,0,0,0,0,0,0,0,0,0,0,0,0,0,0,0.546621,0.399365,0.646296,0.462085,0.476109,0.399379,0.696878,0.554732
0.59569,0.497488,0.540492,0.688211,0.407129,0.592849,0.213972,0.90347,0.394863,0.554727,0.686127,0.775412,0,0,0,0,0,0,0,0,0,0,0,0,0,0,0,0,0,0,0.557347,0.399365,0.657017,0.462018,0.485295,0.399392,0.706082,0.554713
0.603341,0.494772,0.54203,0.685488,0.404062,0.590121,0.20937,0.889856,0.39945,0.557434,0.690726,0.78359,0,0,0,0,0,0,0,0,0,0,0,0,0,0,0,0,0,0,0.558909,0.393949,0.660063,0.459303,0.489909,0.393927,0.709121,0.554711
0.607933,0.492024,0.549699,0.693659,0.419389,0.595574,0.215506,0.903474,0.397945,0.571034,0.692263,0.802655,0,0,0,0,0,0,0,0,0,0,0,0,0,0,0,0,0,0,0.56809,0.388508,0.667741,0.451193,0.496033,0.391217,0.715275,0.551986
0.609482,0.489307,0.557365,0.690945,0.427059,0.60103,0.374943,0.603772,0.399467,0.568322,0.699928,0.783585,0,0,0,0,0,0,0,0,0,0,0,0,0,0,0,0,0,0,0.571148,0.385778,0.670795,0.448465,0.496036,0.393913,0.718315,0.551965
0.614073,0.486572,0.561958,0.682758,0.427054,0.601006,0.368792,0.614636,0.399455,0.576461,0.707599,0.769965,0,0,0,0,0,0,0,0,0,0,0,0,0,0,0,0,0,0,0.574212,0.380357,0.675413,0.445726,0.499091,0.388477,0.724464,0.538362
0.614089,0.483824,0.561963,0.669144,0.425515,0.595565,0.325872,0.707285,0,0,0.707598,0.759064,0,0,0,0,0,0,0,0,0,0,0,0,0,0,0,0,0,0,0.574219,0.380312,0.676925,0.442999,0.497584,0.380276,0.724467,0.543779
0.617151,0.481139,0.563495,0.680034,0.423984,0.598298,0.373404,0.611911,0.397918,0.579206,0.70913,0.761782,0,0,0,0,0,0,0,0,0,0,0,0,0,0,0,0,0,0,0.574243,0.37762,0.678477,0.442957,0.499103,0.380287,0.727525,0.538363
0.617154,0.481108,0.569622,0.674593,0.42553,0.598293,0.376481,0.598348,0.3964,0.573801,0.712188,0.759068,0,0,0,0,0,0,0,0,0,0,0,0,0,0,0,0,0,0,0.57576,0.377584,0.678479,0.440226,0.500656,0.374894,0.729076,0.532886
0.620192,0.478421,0.574225,0.669137,0.431651,0.584678,0.376475,0.590123,0.404053,0.560135,0.724458,0.756339,0,0,0,0,0,0,0,0,0,0,0,0,0,0,0,0,0,0,0.578815,0.377547,0.680016,0.434831,0.506757,0.369417,0.732141,0.527437
0.620221,0.47839,0.574228,0.663672,0.436255,0.576481,0.377982,0.579264,0.407116,0.549234,0.715255,0.737267,0,0,0,0,0,0,0,0,0,0,0,0,0,0,0,0,0,0,0.580335,0.374836,0.68003,0.432142,0.508322,0.366693,0.735196,0.522003
0.621732,0.47569,0.577284,0.655509,0.439315,0.56287,0.374926,0.554693,0.411718,0.51929,0.721389,0.753603,0,0,0,0,0,0,0,0,0,0,0,0,0,0,0,0,0,0,0.581862,0.372105,0.683054,0.432052,0.511372,0.358484,0.74284,0.519281
0.623272,0.472969,0.577276,0.655511,0.436255,0.562866,0.315148,0.67187,0,0,0.722923,0.734533,0,0,0,0,0,0,0,0,0,0,0,0,0,0,0,0,0,0,0.581907,0.369382,0.68459,0.432049,0.511359,0.355767,0.742876,0.521984
0.626355,0.472939,0.580351,0.647339,0.442379,0.557418,0.336608,0.663699,0,0,0.725991,0.715471,0,0,0,0,0,0,0,0,0,0,0,0,0,0,0,0,0,0,0.58494,0.364,0.689211,0.429337,0.520562,0.353066,0.747459,0.516538
0.627885,0.467544,0.58036,0.652786,0.445449,0.549251,0.388734,0.532911,0.411725,0.494742,0.73365,0.729085,0,0,0,0,0,0,0,0,0,0,0,0,0,0,0,0,0,0,0.586484,0.361245,0.692247,0.426656,0.522101,0.342172,0.752029,0.51384
0.63092,0.459329,0.578832,0.639165,0.443921,0.53836,0.23083,0.892579,0.420912,0.486551,0.72752,0.745431,0,0,0,0,0,0,0,0,0,0,0,0,0,0,0,0,0,0,0.589568,0.344904,0.693821,0.413018,0.526685,0.333971,0.759698,0.492029
0.630931,0.448428,0.586482,0.636436,0.446985,0.532903,0.224702,0.8844,0.414795,0.486598,0.733653,0.737262,0,0,0,0,0,0,0,0,0,0,0,0,0,0,0,0,0,0,0.592601,0.339475,0.695338,0.404826,0.529748,0.328545,0.762763,0.483841
0.635529,0.437557,0.595687,0.617362,0.460782,0.511102,0.41633,0.489246,0.443925,0.462048,0.750515,0.715469,0,0,0,0,0,0,0,0,0,0,0,0,0,0,0,0,0,0,0.595705,0.323113,0.70452,0.396625,0.532812,0.309448,0.773498,0.464799
0.641657,0.434814,0.598752,0.62008,0.457716,0.511096,0,0,0,0,0.753586,0.710016,0,0,0,0,0,0,0,0,0,0,0,0,0,0,0,0,0,0,0.603336,0.320356,0.7076,0.391214,0.534357,0.303993,0.778119,0.467505
0.644751,0.432082,0.598755,0.611923,0.428585,0.470229,0.218571,0.884393,0.457718,0.486572,0.764319,0.710009,0,0,0,0,0,0,0,0,0,0,0,0,0,0,0,0,0,0,0.607951,0.314922,0.716772,0.388463,0.538953,0.301306,0.788823,0.459321
0.652399,0.429415,0.580359,0.625548,0.404062,0.475681,0,0,0,0,0.768915,0.756327,0,0,0,0,0,0,0,0,0,0,0,0,0,0,0,0,0,0,0.612556,0.312149,0.722938,0.383083,0.54358,0.295806,0.791904,0.462083
0.658553,0.432096,0.560426,0.620103,0.40099,0.472954,0,0,0,0,0.725988,0.767234,0,0,0,0,0,0,0,0,0,0,0,0,0,0,0,0,0,0,0.623272,0.309494,0.730618,0.38309,0.551215,0.2904,0.794993,0.472944
0.660085,0.432132,0.568091,0.622818,0.410188,0.453894,0,0,0,0,0.716797,0.764512,0,0,0,0,0,0,0,0,0,0,0,0,0,0,0,0,0,0,0.624814,0.314891,0.732143,0.391194,0.549706,0.306715,0.794987,0.483844
0.667737,0.432069,0.569626,0.59557,0.42399,0.445714,0,0,0,0,0.721393,0.759057,0,0,0,0,0,0,0,0,0,0,0,0,0,0,0,0,0,0,0.630962,0.312177,0.741335,0.388459,0.558895,0.298581,0.804169,0.478399
0.67388,0.423941,0.586491,0.587394,0.440855,0.434809,0.442389,0.51928,0.523631,0.51655,0.736722,0.75088,0,0,0,0,0,0,0,0,0,0,0,0,0,0,0,0,0,0,0.638598,0.306719,0.747446,0.380308,0.566559,0.295843,0.810294,0.470247
0.715258,0.432042,0.640143,0.581946,0.471512,0.418463,0.442376,0.478424,0.554295,0.464779,0.80264,0.718184,0,0,0,0,0,0,0,0,0,0,0,0,0,0,0,0,0,0,0.680014,0.314912,0.785789,0.402072,0.592623,0.265853,0.840973,0.489317
0.721388,0.437548,0.644739,0.587401,0.47918,0.410285,0.437781,0.489298,0.565028,0.475679,0.794976,0.750883,0,0,0,0,0,0,0,0,0,0,0,0,0,0,0,0,0,0,0.681554,0.317673,0.790383,0.402122,0.591076,0.274032,0.840977,0.50018
