0.372595,0.442114,0.498216,0.744564,0.322064,0.736388,0.199521,0.85355,0.0831104,0.820856,0.692749,0.728216,0,0,0,0,0,0,0,0,0,0,0,0,0,0,0,0,0,0,0.341977,0.398501,0.441529,0.354882,0,0,0.587046,0.425804
0.374127,0.439405,0.496682,0.73912,0.325125,0.744569,0.204115,0.864462,0.0877066,0.801791,0.68356,0.725491,0,0,0,0,0,0,0,0,0,0,0,0,0,0,0,0,0,0,0.341983,0.398519,0.440006,0.354912,0,0,0.585531,0.428495
0.372613,0.439388,0.495149,0.739119,0.337379,0.747287,0.217899,0.880808,0.112213,0.799059,0.674368,0.681898,0,0,0,0,0,0,0,0,0,0,0,0,0,0,0,0,0,0,0.341971,0.398485,0.438471,0.352202,0,0,0.583989,0.428507
0.383343,0.425739,0.479835,0.72276,0.283769,0.665543,0.179608,0.869908,0.136718,0.65193,0.648331,0.714592,0,0,0,0,0,0,0,0,0,0,0,0,0,0,0,0,0,0,0.337387,0.382183,0.433886,0.34127,0,0,0.583997,0.420292
0.360344,0.428456,0.485957,0.72277,0.309804,0.703693,0.148972,0.752741,0.168887,0.463905,0.674369,0.763639,0,0,0,0,0,0,0,0,0,0,0,0,0,0,0,0,0,0,0.331245,0.371225,0.432342,0.33859,0,0,0.582484,0.412156
0.361909,0.420286,0.478298,0.711876,0.322065,0.679166,0.185734,0.711866,0.254662,0.444836,0.626881,0.788162,0,0,0,0,0,0,0,0,0,0,0,0,0,0,0,0,0,0,0.345048,0.308606,0.426213,0.338635,0,0,0.585531,0.417566
0.374133,0.423068,0.499744,0.676448,0.326661,0.700967,0.167361,0.709131,0.271513,0.436658,0.659046,0.646468,0,0,0,0,0,0,0,0,0,0,0,0,0,0,0,0,0,0,0.36955,0.333122,0.444589,0.352208,0,0,0.547232,0.311336
0.386385,0.42572,0.493623,0.673708,0.32513,0.692787,0.173483,0.709154,0.27151,0.436681,0.662111,0.638295,0.780061,0.510232,0.646802,0.352189,0,0,0,0,0,0,0,0,0,0,0,0,0,0,0.375668,0.338544,0.447694,0.352207,0,0,0.524279,0.31408
0.397114,0.4176,0.501276,0.673715,0.331259,0.690065,0.17349,0.700964,0.29295,0.431224,0.660586,0.643746,0,0,0,0,0,0,0,0,0,0,0,0,0,0,0,0,0,0,0.380281,0.314035,0.456877,0.344035,0,0,0.556418,0.281356
0.40478,0.428444,0.507406,0.676437,0.340441,0.679172,0.175018,0.700947,0.296027,0.439381,0.674367,0.630128,0,0,0,0,0,0,0,0,0,0,0,0,0,0,0,0,0,0,0.380271,0.322225,0.484447,0.352218,0,0,0.565613,0.297698
0.403241,0.425744,0.498221,0.662834,0.335853,0.665563,0.175002,0.706408,0.299088,0.442117,0.674371,0.638297,0.780064,0.472081,0.645261,0.314052,0,0,0,0,0,0,0,0,0,0,0,0,0,0,0.375652,0.316813,0.484438,0.352181,0,0,0.570211,0.308593
0.409371,0.403975,0.510464,0.692786,0.349638,0.662834,0.21483,0.785437,0.317473,0.447553,0.677428,0.6819,0,0,0,0,0,0,0,0,0,0,0,0,0,0,0,0,0,0,0.375655,0.338584,0.481345,0.344044,0.328203,0.357618,0.61614,0.423053
0.421634,0.40393,0.519656,0.692796,0.357286,0.662833,0.220964,0.788176,0.33125,0.433925,0.677428,0.692792,0,0,0,0,0,0,0,0,0,0,0,0,0,0,0,0,0,0,0.395605,0.316782,0.493613,0.346717,0,0,0.617689,0.428547
0.424712,0.390321,0.512002,0.687356,0.36495,0.64375,0.216368,0.799084,0.306745,0.46392,0.668243,0.722759,0,0,0,0,0,0,0,0,0,0,0,0,0,0,0,0,0,0,0.40477,0.311291,0.496717,0.341269,0,0,0.616151,0.433963
0.423147,0.401213,0.493619,0.700974,0.335844,0.670995,0.199519,0.872633,0.243945,0.600153,0.663648,0.717321,0,0,0,0,0,0,0,0,0,0,0,0,0,0,0,0,0,0,0.38485,0.344047,0.498207,0.344065,0.346546,0.379495,0.611553,0.44481
0.41857,0.423035,0.481366,0.698239,0.337379,0.651923,0.181144,0.888984,0.240872,0.624681,0.669771,0.700969,0,0,0,0,0,0,0,0,0,0,0,0,0,0,0,0,0,0,0.384834,0.346726,0.499749,0.349476,0.326648,0.387619,0.613093,0.447555
0.42317,0.423049,0.475242,0.700968,0.331254,0.679171,0.187269,0.894432,0.219429,0.662823,0.654457,0.692795,0,0,0,0,0,0,0,0,0,0,0,0,0,0,0,0,0,0,0.384848,0.34944,0.499755,0.349478,0.337386,0.401254,0.610018,0.450271
0.424708,0.417596,0.476773,0.695521,0.322062,0.665556,0.17042,0.90805,0.204118,0.695511,0.655986,0.679173,0,0,0,0,0,0,0,0,0,0,0,0,0,0,0,0,0,0,0.384839,0.346747,0.498223,0.346774,0.335817,0.406688,0.610018,0.447559
0.423178,0.406672,0.464519,0.703682,0.302149,0.67644,0.159705,0.918954,0.193389,0.730954,0.649859,0.695522,0,0,0,0,0,0,0,0,0,0,0,0,0,0,0,0,0,0,0.381813,0.346743,0.496701,0.349436,0.326642,0.401243,0.610018,0.442111
0.424677,0.414855,0.479836,0.700973,0.325125,0.673715,0.187266,0.927125,0.19033,0.750021,0.662111,0.695522,0,0,0,0,0,0,0,0,0,0,0,0,0,0,0,0,0,0,0.38331,0.346735,0.498198,0.349456,0.326642,0.401202,0.608514,0.444831
0.426227,0.404018,0.492084,0.725483,0.325123,0.703699,0.176542,0.935295,0.190331,0.76909,0.68202,0.725504,0,0,0,0,0,0,0,0,0,0,0,0,0,0,0,0,0,0,0.384868,0.346718,0.501278,0.352217,0.325111,0.401272,0.611577,0.450281
0.430806,0.406662,0.49056,0.72005,0.308275,0.709139,0.170415,0.932571,0.191857,0.785438,0.688152,0.722751,0,0,0,0,0,0,0,0,0,0,0,0,0,0,0,0,0,0,0.389472,0.343985,0.505863,0.354922,0.329735,0.401214,0.613082,0.45298
0.446158,0.41215,0.472175,0.720043,0.315934,0.700969,0.190329,0.9462,0.194927,0.777263,0.639137,0.700966,0,0,0,0,0,0,0,0,0,0,0,0,0,0,0,0,0,0,0.401704,0.341351,0.521169,0.363078,0.340433,0.403939,0.600845,0.447546
