0.466328,0.332913,0.377777,0.581811,0.0715096,0.573525,0,0,0,0,0.66561,0.603942,0.857507,0.601192,0.58812,0.313567,0,0,0,0,0,0,0,0,0,0,0,0,0,0,0.344595,0.241667,0.484791,0.225059,0.167425,0.247182,0.577032,0.153157
0.488467,0.313568,0.410996,0.570763,0.0862628,0.55416,0.0235537,0.595649,0.196969,0.349497,0.720942,0.581829,0.883307,0.615009,0.621302,0.310794,0,0,0,0,0,0,0,0,0,0,0,0,0,0,0.377793,0.216763,0.518008,0.205692,0.215383,0.247181,0.610263,0.144855
0.514295,0.313557,0.403613,0.545859,0,0,0,0,0,0,0.728337,0.570752,0.905451,0.609464,0.647124,0.302486,0,0,0,0,0,0,0,0,0,0,0,0,0,0,0.403607,0.208454,0.543823,0.244417,0.204335,0.227819,0.698808,0.241654
0.503235,0.255479,0.41837,0.504384,0.0641272,0.468433,0,0,0,0,0.768924,0.534804,0.938669,0.662026,0.691441,0.324633,0,0,0,0,0,0,0,0,0,0,0,0,0,0,0.444186,0.208456,0.580724,0.128268,0.211719,0.208465,0.658222,0.144854
0.540141,0.360568,0.35195,0.570759,0.030923,0.523739,0,0,0,0,0.728339,0.617773,0.923905,0.697975,0.698816,0.3578,0,0,0,0,0,0,0,0,0,0,0,0,0,0,0.447895,0.236114,0.573349,0.150382,0.208032,0.20293,0,0
0.521681,0.357803,0.359326,0.565224,0.0272219,0.512679,0,0,0,0,0.73571,0.634367,0.916538,0.711796,0.691426,0.363316,0,0,0,0,0,0,0,0,0,0,0,0,0,0,0.433128,0.252715,0.595492,0.324621,0.200656,0.352276,0,0
0.525354,0.385444,0.351954,0.579059,0.0272288,0.518207,0,0,0,0,0.746784,0.628836,0.953429,0.725639,0.695145,0.385446,0,0,0,0,0,0,0,0,0,0,0,0,0,0,0.46265,0.288662,0.565959,0.3274,0.208047,0.18635,0,0
0.525349,0.385457,0.355635,0.57352,0.0309084,0.509914,0,0,0,0,0.750467,0.623307,0.946052,0.72564,0.6988,0.382704,0,0,0,0,0,0,0,0,0,0,0,0,0,0,0.466334,0.28866,0.562308,0.332906,0.215413,0.194633,0,0
0.440506,0.432482,0.311355,0.667552,0.045675,0.628838,0,0,0,0,0.610243,0.758813,0.872247,0.792002,0.650835,0.440784,0,0,0,0,0,0,0,0,0,0,0,0,0,0,0.340875,0.355044,0.503236,0.377166,0.137924,0.366101,0,0
0.440503,0.429718,0.311354,0.664792,0.0456732,0.628834,0,0,0,0,0.610244,0.756055,0.868559,0.797533,0.650824,0.44077,0,0,0,0,0,0,0,0,0,0,0,0,0,0,0.340872,0.355036,0.506931,0.371636,0.126853,0.360577,0,0
0.403612,0.43247,0.28921,0.678616,0.0419768,0.648197,0,0,0,0,0.632384,0.747754,0.864858,0.836252,0.636068,0.451845,0,0,0,0,0,0,0,0,0,0,0,0,0,0,0.333487,0.341209,0.477405,0.352273,0,0,0,0
0.407308,0.332911,0.348253,0.634371,0.0382935,0.573523,0.0419821,0.465661,0.101024,0.285902,0.672982,0.66755,0,0,0,0,0,0,0,0,0,0,0,0,0,0,0,0,0,0,0.344567,0.255482,0.543832,0.294195,0,0,0.636079,0.377171
0.407317,0.299729,0.351954,0.584592,0.0309166,0.543109,0,0,0,0,0.717265,0.639906,0.992174,0.631597,0.665592,0.186344,0,0,0,0,0,0,0,0,0,0,0,0,0,0,0.337183,0.175282,0.551211,0.252715,0.152689,0.172515,0.676665,0.338442
0.414692,0.288675,0.3704,0.59012,0.0272313,0.543108,0,0,0,0,0.720942,0.645436,0.99217,0.581816,0.669282,0.158683,0,0,0,0,0,0,0,0,0,0,0,0,0,0,0.344549,0.191869,0.554898,0.238887,0.16375,0.252716,0.665588,0.341217
0.429441,0.285909,0.381476,0.587358,0.038294,0.529282,0,0,0,0,0.720955,0.653721,0,0,0,0,0,0,0,0,0,0,0,0,0,0,0,0,0,0,0.333499,0.186336,0.577039,0.233366,0.152672,0.277601,0.684043,0.355038
0.43682,0.288653,0.39253,0.587351,0.0382816,0.529284,0.0383039,0.341212,0.163748,0.205697,0.728322,0.639902,0,0,0,0,0,0,0,0,0,0,0,0,0,0,0,0,0,0,0.340863,0.183566,0.584412,0.236138,0.123167,0.269307,0.687754,0.352283
0.447895,0.294168,0.399931,0.584579,0.0456689,0.537579,0.0382999,0.355044,0.115793,0.23889,0.73939,0.642661,0,0,0,0,0,0,0,0,0,0,0,0,0,0,0,0,0,0,0.355621,0.200167,0.584403,0.236137,0.20066,0.338445,0.713553,0.352283
0.455281,0.296945,0.407298,0.590127,0.0678088,0.53758,0.0419805,0.357807,0.123165,0.24442,0.739409,0.653723,0,0,0,0,0,0,0,0,0,0,0,0,0,0,0,0,0,0,0.355637,0.208474,0.591805,0.25272,0.219099,0.321844,0.709887,0.357806
0.462673,0.29973,0.418372,0.595645,0.0604443,0.532034,0.0419793,0.360571,0.160063,0.23059,0.757849,0.66756,0,0,0,0,0,0,0,0,0,0,0,0,0,0,0,0,0,0,0.38514,0.211245,0.599172,0.261009,0.222783,0.332916,0.728323,0.357819
0.462627,0.305248,0.425746,0.592879,0.0493639,0.52927,0.030936,0.410359,0.0973232,0.244411,0.772606,0.670324,0,0,0,0,0,0,0,0,0,0,0,0,0,0,0,0,0,0,0.344555,0.238887,0.59915,0.252714,0.208028,0.330148,0.720956,0.355042
0.451571,0.30252,0.429434,0.587342,0.0493532,0.523743,0,0,0,0,0.779983,0.662022,0.949735,0.482257,0.709873,0.13933,0,0,0,0,0,0,0,0,0,0,0,0,0,0,0.34089,0.252707,0.595474,0.249941,0.204338,0.352275,0.706177,0.343972
0.436817,0.305238,0.407317,0.587345,0.0346013,0.520975,0,0,0,0,0.772628,0.650958,0.923897,0.443544,0.728299,0.158675,0,0,0,0,0,0,0,0,0,0,0,0,0,0,0.344561,0.258232,0.56966,0.252689,0.182211,0.343978,0.684041,0.355028
0.444226,0.305245,0.410984,0.58734,0.0346001,0.518214,0,0,0,0,0.772598,0.65096,0.931283,0.443544,0.724617,0.158679,0,0,0,0,0,0,0,0,0,0,0,0,0,0,0.348251,0.258248,0.565983,0.252728,0.204338,0.355052,0.691415,0.363341
0.51799,0.305249,0.444184,0.59013,0.0936422,0.529272,0.0198451,0.266545,0.119471,0.214016,0.76524,0.67308,0,0,0,0,0,0,0,0,0,0,0,0,0,0,0,0,0,0,0.399939,0.26656,0.599156,0.26377,0.215422,0.368865,0.68406,0.388229
0.529084,0.302493,0.462635,0.592883,0.115789,0.529269,0.0124614,0.263775,0.13423,0.208465,0.77261,0.675852,0,0,0,0,0,0,0,0,0,0,0,0,0,0,0,0,0,0,0.399938,0.263771,0.602902,0.266514,0,0,0.691438,0.388229
0.565955,0.280366,0.473732,0.59841,0.148989,0.523735,0.0309126,0.382695,0.189577,0.208453,0.783684,0.681381,0.942355,0.473965,0.754167,0.194641,0,0,0,0,0,0,0,0,0,0,0,0,0,0,0.444203,0.222293,0.617637,0.252718,0.270757,0.355032,0,0
0.588098,0.266529,0.466326,0.590121,0.10471,0.520972,0,0,0,0,0.78736,0.686917,0.949733,0.501619,0.772582,0.197406,0,0,0,0,0,0,0,0,0,0,0,0,0,0,0.447884,0.186336,0.606574,0.214,0.178516,0.252706,0,0
0.333504,0.335685,0.329805,0.609476,0.0493612,0.56799,0,0,0,0,0.672981,0.650964,0.864872,0.656487,0.588115,0.247187,0,0,0,0,0,0,0,0,0,0,0,0,0,0,0.263379,0.258247,0.425752,0.299731,0.0493539,0.249942,0.613937,0.341215
0.340858,0.302502,0.318741,0.60671,0.0456799,0.567988,0,0,0,0,0.661909,0.648191,0.86119,0.662014,0.595469,0.252715,0,0,0,0,0,0,0,0,0,0,0,0,0,0,0.255996,0.236116,0.422071,0.247195,0.0530477,0.249944,0.625012,0.343977
0.337205,0.305274,0.344556,0.592891,0.0272217,0.562466,0,0,0,0,0.687744,0.637137,0.861165,0.681393,0.606546,0.263768,0,0,0,0,0,0,0,0,0,0,0,0,0,0,0.263386,0.24718,0.444204,0.261016,0.0161515,0.272078,0.66929,0.335682
0.333499,0.313556,0.348247,0.587346,0.0272186,0.562466,0,0,0,0,0.706189,0.601181,0.857474,0.695208,0.610249,0.285901,0,0,0,0,0,0,0,0,0,0,0,0,0,0,0.226484,0.261002,0.433126,0.263781,0,0,0.665597,0.338444
0.21912,0.355045,0.315057,0.639904,0,0,0,0,0,0,0.791053,0.609477,0.820586,0.758813,0.647132,0.360575,0,0,0,0,0,0,0,0,0,0,0,0,0,0,0.119467,0.280362,0.359353,0.280361,0,0,0.588105,0.346752
0.211752,0.349509,0.363021,0.645425,0.0235313,0.653728,0,0,0,0,0.813204,0.642662,0.901757,0.75606,0.676661,0.36887,0,0,0,0,0,0,0,0,0,0,0,0,0,0,0.14896,0.280365,0.3483,0.294186,0,0,0.547516,0.346736
0.193239,0.360574,0.418359,0.659262,0.041983,0.653722,0,0,0,0,0.7763,0.645427,0.909119,0.747764,0.732019,0.327383,0,0,0,0,0,0,0,0,0,0,0,0,0,0,0.115799,0.305244,0.322416,0.288664,0,0,0.632387,0.31908
0.182194,0.388226,0.436822,0.639904,0.0751959,0.642667,0,0,0,0,0.794752,0.64266,0.994016,0.733927,0.787347,0.355066,0,0,0,0,0,0,0,0,0,0,0,0,0,0,0.10476,0.324607,0.318743,0.305232,0,0,0.6619,0.327376
