0.708052,0.398524,0.655989,0.616494,0.501277,0.605598,0.375674,0.706414,0.288362,0.842646,0.807624,0.616508,0.943958,0.782697,0,0,0,0,0,0,0,0,0,0,0,0,0,0,0,0,0.655986,0.295002,0.770857,0.371243,0.554891,0.33862,0.799973,0.433933
0.695831,0.406668,0.631488,0.608322,0.482891,0.578343,0.351165,0.668284,0.273048,0.796326,0.778526,0.627391,0.942421,0.788158,0,0,0,0,0,0,0,0,0,0,0,0,0,0,0,0,0.64681,0.297708,0.755576,0.384866,0.538057,0.333108,0.780073,0.442103
0.688154,0.420289,0.625338,0.602871,0.476778,0.570181,0.35729,0.641034,0.276111,0.760909,0.767802,0.621946,0.922511,0.763643,0,0,0,0,0,0,0,0,0,0,0,0,0,0,0,0,0.640666,0.308602,0.747891,0.395765,0.530374,0.330386,0.77698,0.444855
0.663641,0.431214,0.602376,0.586529,0.444602,0.559271,0.318997,0.681891,0.369546,0.875355,0.744829,0.591978,0.882688,0.730938,0.898005,0.78271,0,0,0,0,0,0,0,0,0,0,0,0,0,0,0.61463,0.319529,0.726435,0.401228,0.510478,0.330378,0.761664,0.428491
0.648321,0.431201,0.603909,0.646476,0.420094,0.608328,0.343505,0.782709,0.374138,0.913505,0.752488,0.662814,0.9026,0.758193,0.827544,0.714592,0,0,0,0,0,0,0,0,0,0,0,0,0,0,0.602369,0.322242,0.709614,0.398521,0.502809,0.322249,0.74942,0.425736
0.619235,0.423031,0.582462,0.646466,0.42775,0.581083,0.338915,0.684619,0.426228,0.567444,0.755552,0.695523,0,0,0,0,0,0,0,0,0,0,0,0,0,0,0,0,0,0,0.573272,0.314046,0.682033,0.390368,0.482907,0.316807,0.717274,0.428506
0.602369,0.42847,0.570206,0.461186,0.420091,0.34674,0.323588,0.65465,0.456852,0.570166,0.706538,0.58925,0.784653,0.700965,0,0,0.47524,0.989796,0.377205,0.959825,0,0,0,0,0,0,0,0,0,0,0.556411,0.314062,0.669777,0.395797,0.47369,0.314048,0.711131,0.414865
0.54111,0.39849,0.548761,0.439385,0.407843,0.335847,0.309799,0.643748,0.473708,0.548374,0.700408,0.54565,0.775465,0.679167,0.665178,0.507507,0.504342,0.993884,0.392522,0.995247,0,0,0,0,0.631479,0.993886,0,0,0,0,0.51966,0.324931,0.626877,0.357666,0.452256,0.314055,0.660598,0.360353
0.544151,0.371301,0.533446,0.545656,0.389461,0.526581,0.309815,0.627404,0.478303,0.518406,0.655985,0.559279,0.784656,0.6601,0.657523,0.45301,0.582462,0.995247,0,0,0,0,0,0,0.682025,0.993886,0,0,0,0,0.508918,0.34128,0.594709,0.349476,0.441543,0.322249,0.651388,0.376715
0.524251,0.428522,0.53038,0.393065,0.389457,0.327668,0.311334,0.583803,0.478303,0.510237,0.662117,0.447559,0.79844,0.621945,0.682019,0.452999,0.504342,0.993885,0.377205,0.995246,0,0,0,0,0.646796,0.995247,0,0,0,0,0.490557,0.371269,0.561022,0.379453,0.423163,0.338545,0.628427,0.341291
0.522719,0.450265,0.528855,0.390339,0.386395,0.319492,0.309809,0.594699,0.478305,0.515693,0.666711,0.450282,0.809157,0.627392,0.663647,0.436673,0.515065,0.993885,0.392522,0.995247,0,0,0,0,0.649859,0.993886,0,0,0,0,0.481359,0.382147,0.561031,0.393083,0.415495,0.354918,0.628421,0.346759
0.507403,0.442111,0.522721,0.409411,0.383335,0.330401,0.311341,0.611037,0.469116,0.512963,0.65905,0.463908,0.799974,0.63557,0.675904,0.423036,0.512,0.995247,0.369548,0.989796,0,0,0,0,0.657517,0.993885,0,0,0,0,0.461452,0.384867,0.55336,0.390337,0.406317,0.357641,0.628412,0.327673
0.499745,0.428458,0.524256,0.420316,0.387925,0.327669,0.300614,0.602867,0.450731,0.499343,0.680493,0.466633,0.804567,0.673722,0.67437,0.433933,0.498215,0.993885,0.36342,0.993886,0,0,0,0,0.633009,0.993886,0,0,0,0,0.456832,0.376685,0.54265,0.368533,0.403242,0.35764,0.616163,0.319497
0.475236,0.403959,0.527322,0.41214,0.387927,0.311314,0.28836,0.570176,0.430815,0.480272,0.65752,0.477535,0.78772,0.586535,0.657516,0.423034,0.542636,0.993887,0.375673,0.993884,0,0,0,0,0.694281,0.993885,0,0,0,0,0.443059,0.360353,0.521186,0.344036,0.41244,0.319492,0.594733,0.322229
0.489027,0.40942,0.524259,0.507507,0.386393,0.499333,0.27765,0.564741,0.424695,0.472079,0.660581,0.52386,0.796908,0.572893,0.651391,0.431221,0.507404,0.995248,0.384863,0.993886,0,0,0,0,0,0,0,0,0,0,0.443088,0.349486,0.534975,0.357644,0.410913,0.327667,0.626873,0.294967
0.484429,0.387613,0.525787,0.504785,0.372612,0.458462,0.274575,0.545666,0.4201,0.477529,0.663647,0.534754,0.803035,0.586532,0.643733,0.444839,0.539574,0.993886,0.409372,0.993885,0.296022,0.755462,0,0,0.663646,0.993886,0,0,0,0,0.441543,0.346759,0.564072,0.344053,0.412445,0.319494,0.623821,0.341293
0.478302,0.39578,0.52579,0.526579,0.377207,0.480261,0.276098,0.540204,0.418567,0.47481,0.657522,0.553832,0.810692,0.608331,0.642203,0.453014,0,0,0,0,0,0,0,0,0,0,0,0,0,0,0.443076,0.346755,0.576327,0.349476,0.415503,0.316771,0.623823,0.354925
0.48443,0.42304,0.530382,0.507505,0.390989,0.46663,0.285298,0.548376,0.430814,0.480261,0.659051,0.488436,0.818354,0.613766,0.652924,0.453019,0.579399,0.993887,0,0,0,0,0,0,0.697345,0.993885,0,0,0,0,0.449211,0.360381,0.594712,0.357615,0.41856,0.327668,0.628414,0.338567
0.499748,0.398513,0.534978,0.529306,0.380269,0.488429,0.291436,0.548401,0.444603,0.48026,0.665176,0.512956,0.824476,0.613771,0.654456,0.453015,0.571739,0.993886,0,0,0,0,0,0,0.705002,0.993885,0,0,0,0,0.458389,0.363069,0.539576,0.357648,0.424682,0.327667,0,0
0.507411,0.414867,0.544169,0.499334,0.418564,0.303153,0.302145,0.548356,0.461454,0.469366,0.689683,0.504781,0.839794,0.641024,0.680495,0.472089,0.577866,0.993886,0,0,0,0,0,0,0,0,0,0,0,0,0.470649,0.363098,0.551825,0.382167,0.429295,0.32495,0.652921,0.338571
0.50893,0.398514,0.548764,0.510232,0.401715,0.442111,0.306749,0.54839,0.462991,0.46117,0.689683,0.502055,0.836738,0.624666,0.686622,0.480247,0.550294,0.993886,0.424688,0.993884,0,0,0,0,0.697345,0.993886,0,0,0,0,0.476764,0.352202,0,0,0.441536,0.305881,0,0
0.53498,0.412146,0.550291,0.51023,0.423154,0.491158,0.311337,0.534769,0.459914,0.436657,0.697344,0.474813,0.842854,0.616518,0.694281,0.477526,0,0,0,0,0,0,0,0,0,0,0,0,0,0,0.505878,0.341302,0.610029,0.371241,0.449204,0.308597,0.65446,0.349472
0,0,0.547233,0.540202,0.424687,0.482983,0.314409,0.529319,0.464516,0.428476,0,0,0,0,0,0,0,0,0,0,0,0,0,0,0,0,0,0,0,0,0,0,0,0,0,0,0,0
0.551824,0.387609,0.553362,0.556557,0.449195,0.502059,0.320522,0.515663,0.459915,0.384903,0.678962,0.605595,0.853584,0.613764,0.712668,0.453009,0,0,0,0,0,0,0,0,0,0,0,0,0,0,0.522728,0.305886,0.623816,0.341326,0.479836,0.286808,0.654457,0.344022
0.556422,0.36854,0.562549,0.504782,0.469104,0.442111,0.318998,0.507518,0.452268,0.373977,0.695813,0.532032,0.847463,0.621952,0.714189,0.431192,0,0,0,0,0,0,0,0,0,0,0,0,0,0,0.525787,0.286791,0.600838,0.324939,0.48136,0.25956,0.657519,0.303148
0.551827,0.409419,0.562545,0.496611,0.43235,0.526581,0.314406,0.491164,0.446127,0.365823,0.701941,0.526582,0.853577,0.605594,0.717261,0.428472,0,0,0,0,0,0,0,0,0,0,0,0,0,0,0.519662,0.333111,0.59471,0.354921,0.479831,0.346735,0.655992,0.330391
0.54263,0.409413,0.564078,0.488429,0.429286,0.521136,0.309815,0.48847,0.450736,0.346745,0.709597,0.488432,0.844399,0.60287,0.717259,0.420317,0,0,0,0,0,0,0,0,0,0,0,0,0,0,0.512005,0.333115,0.582458,0.346739,0.473712,0.338577,0.649861,0.289521
0.519661,0.406689,0.554888,0.466638,0.390992,0.548375,0.318998,0.79634,0,0,0.708063,0.48026,0.842859,0.589255,0.708076,0.398521,0,0,0,0,0,0,0,0,0,0,0,0,0,0,0.505872,0.308613,0.564079,0.341286,0,0,0.643738,0.281346
0.544167,0.368547,0.548759,0.504782,0.389459,0.553828,0,0,0,0,0.698875,0.512957,0.839802,0.583813,0.706537,0.401227,0,0,0,0,0,0,0,0,0,0,0,0,0,0,0.51047,0.297703,0.582462,0.330398,0.436942,0.24048,0.646793,0.284074
0.510487,0.403976,0.553348,0.485716,0.378737,0.515683,0.318996,0.77726,0.332781,0.861728,0.76321,0.491171,0.821421,0.703687,0.692747,0.431214,0,0,0,0,0,0,0,0,0,0,0,0,0,0,0.478293,0.330386,0.561021,0.338561,0.438476,0.311324,0.628411,0.294954
0.508918,0.412154,0.548761,0.532041,0.364955,0.608324,0.300615,0.984348,0,0,0.723384,0.529307,0.826011,0.75001,0.682029,0.450292,0,0,0,0,0,0,0,0,0,0,0,0,0,0,0.479838,0.357629,0.551829,0.365833,0.424697,0.344018,0.625338,0.341274
0.52885,0.480247,0.547228,0.597426,0.387929,0.602876,0.279177,0.605616,0.41091,0.461207,0.711131,0.56473,0.830602,0.717309,0.689685,0.512948,0,0,0,0,0,0,0,0,0,0,0,0,0,0,0.487502,0.395781,0.568681,0.423038,0.438468,0.398521,0.623826,0.37672
0.522717,0.480244,0.538035,0.589252,0.381801,0.60832,0.276117,0.611064,0.418563,0.463906,0.660583,0.657371,0.82448,0.747291,0.682023,0.518407,0,0,0,0,0,0,0,0,0,0,0,0,0,0,0.479843,0.395789,0.557957,0.4203,0.436944,0.387621,0.619232,0.384906
0.50128,0.491162,0.515064,0.64102,0.374145,0.6492,0.260782,0.632863,0.401721,0.485709,0.648328,0.657372,0.807627,0.728222,0.671301,0.529307,0,0,0,0,0,0,0,0,0,0,0,0,0,0,0.464523,0.42575,0.547232,0.447556,0.423167,0.412144,0.606982,0.403957
0.502807,0.499339,0.51813,0.643747,0.372608,0.649195,0.253136,0.64102,0.394059,0.507516,0.645264,0.670993,0.806094,0.725483,0.662114,0.537474,0,0,0,0,0,0,0,0,0,0,0,0,0,0,0.462982,0.431196,0.548758,0.452998,0.413962,0.42304,0.603904,0.406704
0.502812,0.502054,0.498216,0.657375,0.361888,0.651927,0.240876,0.643753,0.384867,0.515682,0.634544,0.687346,0.792319,0.733658,0.657521,0.534755,0,0,0,0,0,0,0,0,0,0,0,0,0,0,0.462989,0.428495,0.551819,0.43939,0.407832,0.40669,0.603907,0.436669
0.501278,0.491163,0.504337,0.649196,0.368015,0.662814,0.239347,0.635568,0.389456,0.510234,0.636073,0.660087,0.790783,0.73094,0.654462,0.523857,0,0,0,0,0,0,0,0,0,0,0,0,0,0,0.46299,0.425767,0.545697,0.433945,0.407834,0.417584,0.599314,0.412137
0.495145,0.461172,0.49974,0.627397,0.369547,0.616504,0.23169,0.619237,0.377203,0.480271,0.637606,0.66282,0.79231,0.706431,0.652926,0.51567,0,0,0,0,0,0,0,0,0,0,0,0,0,0,0.449198,0.368563,0.542636,0.403973,0.397112,0.360361,0.597785,0.403967
0.498213,0.455722,0.502809,0.630126,0.368012,0.608331,0.23475,0.616491,0.3772,0.472096,0.636072,0.668274,0.795387,0.684618,0.652914,0.518394,0,0,0,0,0,0,0,0,0,0,0,0,0,0,0.449205,0.363082,0.545696,0.403979,0.394052,0.346757,0.599304,0.387625
0.496687,0.436669,0.50127,0.613776,0.354226,0.619222,0.230164,0.6083,0.374144,0.458474,0.633007,0.608326,0.790781,0.673715,0.642193,0.491168,0,0,0,0,0,0,0,0,0,0,0,0,0,0,0.464511,0.360368,0.542633,0.390327,0.400185,0.338566,0.600836,0.387621
0.492086,0.428485,0.505866,0.621942,0.371074,0.627399,0.231691,0.608304,0.374135,0.458475,0.634546,0.62467,0.79385,0.665555,0.646794,0.49662,0,0,0,0,0,0,0,0,0,0,0,0,0,0,0.447663,0.338578,0.525793,0.365848,0.403252,0.32223,0.594709,0.376726
0.493622,0.425772,0.507411,0.608316,0.369544,0.616509,0.233219,0.602888,0.375667,0.450293,0.643733,0.605601,0.792316,0.665535,0.649857,0.482999,0,0,0,0,0,0,0,0,0,0,0,0,0,0,0.455325,0.360368,0.531917,0.363098,0.404777,0.346745,0.594726,0.373991
0.48902,0.423031,0.508933,0.594702,0.371079,0.608324,0.233223,0.600144,0.378744,0.453015,0.640669,0.676445,0.793852,0.649207,0.657529,0.480269,0,0,0,0,0,0,0,0,0,0,0,0,0,0,0.438476,0.333115,0.531916,0.368523,0.40172,0.324949,0.603906,0.373995
0.505869,0.444835,0.504342,0.624676,0.358823,0.630121,0.234745,0.611053,0.377202,0.458444,0.64373,0.657367,0.798433,0.64647,0.66059,0.477551,0,0,0,0,0,0,0,0,0,0,0,0,0,0,0.469111,0.368531,0.55336,0.379448,0,0,0.606971,0.368538
0.515059,0.444844,0.507405,0.613768,0.368014,0.62739,0.236285,0.613769,0.378742,0.458463,0.648325,0.619228,0.803042,0.632851,0.663647,0.469354,0,0,0,0,0,0,0,0,0,0,0,0,0,0,0.476767,0.3658,0.557954,0.376724,0.412439,0.344032,0.608509,0.368537
0.534979,0.447569,0.524258,0.613771,0.375675,0.616502,0.240889,0.616495,0.387931,0.458458,0.655992,0.621948,0.809157,0.627394,0.672832,0.458468,0,0,0,0,0,0,0,0,0,0,0,0,0,0,0.495146,0.360377,0.590118,0.371271,0.421631,0.354917,0.629947,0.373996
0.534974,0.447555,0.528852,0.600144,0.375674,0.608322,0.243956,0.616514,0.394054,0.458467,0.657526,0.621946,0.812221,0.616503,0.674369,0.453016,0,0,0,0,0,0,0,0,0,0,0,0,0,0,0.493625,0.368525,0.57633,0.387613,0.423162,0.341299,0.629952,0.376711
0.542637,0.442119,0.528854,0.559279,0.389462,0.600156,0.251605,0.630109,0.397124,0.463929,0.660582,0.545655,0.809164,0.632856,0.682019,0.461209,0,0,0,0,0,0,0,0,0,0,0,0,0,0,0.501275,0.365833,0.596244,0.379443,0.427754,0.341299,0.642196,0.373989
0.533445,0.442106,0.530385,0.600152,0.403247,0.61649,0.254656,0.635546,0.401716,0.469363,0.659051,0.608323,0.809165,0.624685,0.67743,0.461187,0,0,0,0,0,0,0,0,0,0,0,0,0,0,0.496699,0.365791,0.579397,0.390321,0.423164,0.335859,0.633019,0.3849
0.536511,0.439376,0.531908,0.583797,0.387929,0.608324,0.260791,0.638292,0.410898,0.480277,0.660586,0.60015,0.810694,0.621953,0.67437,0.463896,0.479835,0.993885,0,0,0,0,0,0,0,0,0,0,0,0,0.495153,0.371283,0.579393,0.393054,0.424683,0.346753,0.631485,0.387626
0.524249,0.44483,0.527322,0.578346,0.381803,0.594699,0.259265,0.641049,0.404778,0.474799,0.662117,0.589252,0.812231,0.613792,0.674366,0.463906,0.484429,0.993884,0,0,0,0,0,0,0,0,0,0,0,0,0.489023,0.371289,0.565612,0.39579,0.424704,0.344028,0.628419,0.390341
0.530385,0.444838,0.53191,0.532037,0.387927,0.523857,0.259271,0.671006,0.384862,0.472077,0.662116,0.54021,0.813766,0.583813,0.677424,0.461183,0,0,0,0,0,0,0,0,0,0,0,0,0,0,0.495142,0.379451,0.568678,0.3985,0.421631,0.338555,0.628411,0.376718
0.527329,0.447548,0.539571,0.493893,0.418563,0.472086,0.260783,0.692777,0.372608,0.477524,0.66824,0.540206,0.815287,0.583809,0.682022,0.453019,0,0,0,0,0,0,0,0,0,0,0,0,0,0,0.487486,0.374,0.571735,0.38763,0.424683,0.333132,0.629947,0.365814
0.525773,0.455713,0,0,0.401719,0.316767,0,0,0,0,0.677425,0.510231,0.816828,0.572924,0.677427,0.461182,0,0,0,0,0,0,0,0,0,0,0,0,0,0,0.484423,0.387633,0.571735,0.395793,0.424683,0.341306,0.613095,0.379441
0.525787,0.455713,0.536508,0.523847,0.41703,0.52114,0.260786,0.703678,0.374122,0.488418,0.674366,0.548378,0.819881,0.575611,0.669771,0.458456,0,0,0,0,0,0,0,0,0,0,0,0,0,0,0.484444,0.387642,0.570202,0.395791,0.423171,0.354917,0.622288,0.37399
0.525793,0.461158,0.536502,0.534753,0.407844,0.548382,0.26233,0.706432,0.374146,0.491159,0.67284,0.54293,0.819891,0.570188,0.674371,0.463898,0,0,0,0,0,0,0,0,0,0,0,0,0,0,0.482903,0.395793,0.571739,0.393058,0.423158,0.357635,0.606969,0.376716
0.525781,0.463915,0.536507,0.540202,0.415499,0.551098,0.262337,0.709159,0.374121,0.496609,0.675897,0.556561,0.819879,0.567454,0.668241,0.463932,0,0,0,0,0,0,0,0,0,0,0,0,0,0,0.482875,0.401242,0.573268,0.39033,0.420087,0.371249,0.599312,0.376718
0.521182,0.466588,0.528844,0.553822,0.395586,0.553831,0.260797,0.709172,0.363431,0.496593,0.663648,0.564734,0.813753,0.564722,0.659052,0.461198,0,0,0,0,0,0,0,0,0,0,0,0,0,0,0.478313,0.401254,0.562548,0.393044,0.4063,0.368535,0.600841,0.39034
0.519662,0.466597,0.527321,0.537486,0.398649,0.559281,0.259266,0.714576,0.36189,0.491162,0.672834,0.542927,0.812236,0.56472,0.668234,0.461204,0,0,0,0,0,0,0,0,0,0,0,0,0,0,0.478288,0.401301,0.562551,0.39033,0.406307,0.365851,0.59778,0.379444
0.513526,0.469347,0.524255,0.551099,0.384865,0.570177,0.256191,0.711867,0.355758,0.485692,0.665179,0.57018,0.810686,0.56472,0.654455,0.46936,0,0,0,0,0,0,0,0,0,0,0,0,0,0,0.472158,0.401253,0.559481,0.384905,0.398668,0.365803,0.623813,0.349476
0.511994,0.469339,0.524253,0.556553,0.404775,0.594705,0.253149,0.709117,0.354232,0.485693,0.652923,0.6274,0.807622,0.562016,0.662109,0.469372,0,0,0,0,0,0,0,0,0,0,0,0,0,0,0.462989,0.398539,0.556421,0.390339,0.39558,0.371256,0.602377,0.371271
0.508958,0.469355,0.518125,0.575627,0.403242,0.602875,0.253122,0.706402,0.352706,0.48568,0.654457,0.564732,0.795371,0.575638,0.655984,0.463923,0,0,0,0,0,0,0,0,0,0,0,0,0,0,0.462988,0.393074,0.559472,0.379458,0.392518,0.365815,0.622281,0.349471
0.510472,0.472123,0.521186,0.583806,0.403243,0.60287,0.253132,0.70368,0.354234,0.480263,0.654456,0.602874,0.79844,0.570179,0.652922,0.466622,0,0,0,0,0,0,0,0,0,0,0,0,0,0,0.459936,0.398519,0.559478,0.379419,0.389466,0.365828,0.617694,0.357638
0.508948,0.477535,0.522716,0.583806,0.403242,0.611044,0.254672,0.70642,0.354236,0.480255,0.663645,0.589251,0.807627,0.572909,0.64833,0.46663,0,0,0,0,0,0,0,0,0,0,0,0,0,0,0.461453,0.401231,0.5595,0.376719,0.390987,0.349465,0.628395,0.349456
0.513538,0.480253,0.522716,0.613778,0.404776,0.61377,0.256187,0.70913,0.357287,0.477531,0.64986,0.657376,0.801507,0.572917,0.657527,0.46663,0,0,0,0,0,0,0,0,0,0,0,0,0,0,0.464523,0.401212,0.56101,0.379452,0.390992,0.371268,0.629941,0.352204
0.518118,0.485728,0.525791,0.553827,0.386398,0.523857,0.26384,0.711883,0.361888,0.469352,0.662112,0.5511,0.80457,0.59198,0.654453,0.480245,0,0,0,0,0,0,0,0,0,0,0,0,0,0,0.470643,0.42032,0.565604,0.382174,0.400189,0.390336,0.639133,0.357616
0.521208,0.488442,0.52425,0.542931,0.389459,0.545651,0.263865,0.709162,0.361889,0.469356,0.657521,0.532035,0.80917,0.591972,0.654447,0.474797,0,0,0,0,0,0,0,0,0,0,0,0,0,0,0.475226,0.428456,0.568664,0.384895,0.401716,0.393056,0.636073,0.357605
0.522727,0.491174,0.53039,0.553826,0.407843,0.575626,0.269979,0.71459,0.36496,0.47753,0.671301,0.572901,0.81222,0.602864,0.662112,0.474806,0,0,0,0,0,0,0,0,0,0,0,0,0,0,0.476784,0.433941,0.557956,0.412125,0.423151,0.442116,0.614629,0.371266
0.525772,0.493879,0.536508,0.559284,0.418564,0.589254,0.269984,0.714596,0.371086,0.477531,0.674369,0.551101,0.812222,0.591979,0.668238,0.469366,0,0,0,0,0,0,0,0,0,0,0,0,0,0,0.47983,0.436669,0.559503,0.406707,0.424672,0.442119,0.631477,0.357638
0.525779,0.493919,0.536508,0.56745,0.424683,0.608331,0.273029,0.711858,0.372601,0.480273,0.660586,0.56745,0.815287,0.572886,0.671299,0.477538,0,0,0,0,0,0,0,0,0,0,0,0,0,0,0.481378,0.442102,0.557963,0.423029,0.423149,0.420308,0.623822,0.354919
0.524257,0.493913,0.541098,0.562006,0.423164,0.60286,0.273035,0.711877,0.372618,0.480238,0.675897,0.583804,0.822951,0.575635,0.674364,0.472068,0,0,0,0,0,0,0,0,0,0,0,0,0,0,0.482892,0.442107,0.55642,0.42302,0.42163,0.395798,0.616161,0.360372
0.524271,0.504786,0.542636,0.5729,0.423158,0.613771,0.274583,0.720031,0.374123,0.485693,0.675899,0.540208,0.82141,0.572907,0.677424,0.474796,0,0,0,0,0,0,0,0,0,0,0,0,0,0,0.482918,0.444842,0.559492,0.42304,0.426213,0.436654,0.6085,0.357641
0.525772,0.502075,0.539573,0.562,0.421626,0.61105,0.274586,0.720035,0.374127,0.48027,0.677433,0.532032,0.822943,0.567468,0.67589,0.472083,0,0,0,0,0,0,0,0,0,0,0,0,0,0,0.484437,0.444857,0.559494,0.425765,0.420097,0.398516,0.614628,0.352203
0.525801,0.499328,0.544165,0.611051,0.423159,0.613767,0.276127,0.714587,0.374132,0.477518,0.688154,0.649199,0.822949,0.567436,0.677426,0.472067,0,0,0,0,0,0,0,0,0,0,0,0,0,0,0.485947,0.444826,0.557963,0.423047,0.426208,0.436668,0.606967,0.349481
0.528831,0.496619,0.544173,0.619225,0.427758,0.608318,0.276115,0.709157,0.372607,0.48024,0.657517,0.755467,0,0,0,0,0,0,0,0,0,0,0,0,0,0,0,0,0,0,0.484452,0.444785,0.559496,0.420314,0.424683,0.444809,0.603906,0.344022
0.530386,0.496593,0.547228,0.572899,0.426221,0.619226,0.277643,0.706431,0.372616,0.474815,0.695814,0.502058,0.822954,0.556568,0.682028,0.482984,0.599309,0.993884,0,0,0,0,0,0,0.711132,0.993885,0,0,0,0,0.484436,0.444824,0.562554,0.409408,0.415501,0.412136,0.645261,0.349469
0.530385,0.493898,0.536512,0.56472,0.423151,0.613776,0.285294,0.703695,0.374147,0.469351,0.689683,0.485704,0.824479,0.562006,0.672836,0.482989,0.610034,0.993885,0,0,0,0,0,0,0,0,0,0,0,0,0.484441,0.442116,0.561021,0.414861,0.397124,0.371265,0.652895,0.341326
0.527315,0.491166,0.545699,0.589252,0.424683,0.616508,0.28835,0.703709,0.371088,0.461198,0.680495,0.611048,0.827549,0.556543,0.674365,0.477527,0,0,0,0,0,0,0,0,0,0,0,0,0,0,0.476776,0.431215,0.557966,0.406693,0.413966,0.428499,0.645252,0.338647
0.519653,0.483001,0.534978,0.581079,0.420091,0.608308,0.286838,0.703675,0.374136,0.461186,0.671301,0.578351,0.826017,0.559277,0.675895,0.469369,0,0,0,0,0,0,0,0,0,0,0,0,0,0,0.467579,0.42576,0.550291,0.414868,0.395593,0.376711,0.64066,0.341271
0.498215,0.485712,0.538039,0.586527,0.421622,0.61104,0.280708,0.706415,0.369556,0.461209,0.675897,0.602871,0.813753,0.553819,0.671298,0.46936,0,0,0,0,0,0,0,0,0,0,0,0,0,0,0.459924,0.417603,0.542627,0.417578,0.401717,0.433953,0.637591,0.344021
0.505868,0.493903,0.531914,0.586531,0.404776,0.616509,0.277631,0.709155,0.363417,0.46937,0.662117,0.570186,0.815293,0.556554,0.657517,0.466626,0,0,0,0,0,0,0,0,0,0,0,0,0,0,0.458397,0.423049,0.541096,0.425769,0.392524,0.384899,0.603907,0.360361
0.479833,0.485708,0.53345,0.600146,0.415496,0.613776,0.271526,0.709123,0.36036,0.466634,0.659048,0.616502,0.806103,0.559269,0.655982,0.46118,0,0,0,0,0,0,0,0,0,0,0,0,0,0,0.446143,0.428511,0.522725,0.425758,0.400189,0.436655,0.599313,0.352202
0.495154,0.485707,0.533449,0.600148,0.417033,0.61379,0.271526,0.71187,0.358823,0.472097,0.652927,0.616501,0.807638,0.556566,0.649863,0.466646,0,0,0,0,0,0,0,0,0,0,0,0,0,0,0.449206,0.433925,0.536511,0.414869,0.40019,0.436676,0.594717,0.34675
0.490552,0.507502,0.527316,0.556559,0.394056,0.657375,0.273054,0.695511,0.377201,0.48843,0.668241,0.534754,0.809161,0.564737,0.657517,0.474814,0,0,0,0,0,0,0,0,0,0,0,0,0,0,0.450732,0.447546,0.542637,0.40396,0.395596,0.384892,0.625353,0.352185
0.496689,0.504779,0.536505,0.53203,0.377205,0.491163,0.271505,0.681883,0.390998,0.512932,0.662114,0.556549,0.804575,0.572898,0.649855,0.47482,0,0,0,0,0,0,0,0,0,0,0,0,0,0,0.449205,0.455757,0.539563,0.417594,0.397134,0.354919,0.623799,0.35493
0.498204,0.518447,0.527324,0.564719,0.384865,0.562002,0.265381,0.709135,0.381795,0.542942,0.662115,0.542927,0.80916,0.586524,0.652923,0.477518,0,0,0,0,0,0,0,0,0,0,0,0,0,0,0.443082,0.474839,0.528857,0.436667,0,0,0.585526,0.368535
0.49823,0.521168,0.53038,0.553833,0.389459,0.559281,0.263864,0.717327,0.374138,0.537502,0.669774,0.53203,0.807639,0.581084,0.655991,0.477547,0.597782,0.993885,0,0,0,0,0,0,0,0,0,0,0,0,0.446138,0.474784,0.539561,0.43121,0.390997,0.442111,0.602376,0.363095
0.493606,0.518396,0.522718,0.616497,0.394057,0.643749,0.26078,0.714584,0.368012,0.515701,0.655983,0.594704,0.804572,0.586535,0.637604,0.482988,0,0,0,0,0,0,0,0,0,0,0,0,0,0,0.449206,0.463915,0.525792,0.436651,0.394054,0.414868,0.593188,0.368555
0.475242,0.518393,0.511997,0.597427,0.375672,0.641018,0.257728,0.706404,0.369535,0.502057,0.654457,0.572905,0.803044,0.589249,0.643733,0.493877,0,0,0,0,0,0,0,0,0,0,0,0,0,0,0.443066,0.444836,0.518125,0.436653,0.389457,0.403968,0.597777,0.373994
0.489028,0.510229,0.508942,0.586524,0.377207,0.641019,0.260781,0.695534,0.372612,0.4939,0.642201,0.559274,0.804565,0.58652,0.64067,0.507503,0,0,0,0,0,0,0,0,0,0,0,0,0,0,0.443075,0.45027,0.522719,0.431222,0.404768,0.431204,0.596246,0.368549
0.489026,0.512952,0.50741,0.597428,0.381797,0.646465,0.260807,0.692789,0.375693,0.49117,0.646793,0.564733,0.801501,0.583812,0.640665,0.507515,0,0,0,0,0,0,0,0,0,0,0,0,0,0,0.443053,0.442105,0.524254,0.433924,0.401716,0.425754,0.602374,0.376719
0.49056,0.493884,0.50894,0.600143,0.375674,0.65465,0.263865,0.687361,0.380265,0.496611,0.652919,0.553831,0.806102,0.602864,0.64067,0.502065,0,0,0,0,0,0,0,0,0,0,0,0,0,0,0.446143,0.43666,0.525779,0.428488,0.40477,0.420313,0.617706,0.373981
0.479834,0.48571,0.512,0.594697,0.380267,0.65465,0.263856,0.681876,0.383332,0.491187,0.65139,0.556553,0.804571,0.600157,0.643732,0.499333,0,0,0,0,0,0,0,0,0,0,0,0,0,0,0.44307,0.431212,0.521185,0.428472,0.401718,0.406697,0.583992,0.379437
0.478301,0.477544,0.510472,0.581083,0.378738,0.643751,0.265385,0.681914,0.384867,0.488462,0.651391,0.542934,0.80916,0.608314,0.631475,0.518403,0,0,0,0,0,0,0,0,0,0,0,0,0,0,0.44461,0.425762,0.522722,0.425755,0.403243,0.401233,0.596245,0.371275
0.484425,0.474819,0.521185,0.608327,0.381799,0.662815,0.265404,0.676428,0.386396,0.488429,0.654451,0.559275,0.807636,0.611044,0.637601,0.518422,0,0,0,0,0,0,0,0,0,0,0,0,0,0,0.444603,0.425774,0.525785,0.420313,0.403251,0.417595,0.594721,0.371272
0.485956,0.485715,0.521196,0.611052,0.38333,0.660095,0.262325,0.679169,0.386391,0.493883,0.657517,0.567451,0.801509,0.60286,0.628412,0.534755,0,0,0,0,0,0,0,0,0,0,0,0,0,0,0.444606,0.431202,0.527325,0.431225,0.401712,0.395787,0.617689,0.384907
0.484431,0.482976,0.524255,0.605602,0.384862,0.662817,0.260796,0.679154,0.386388,0.496607,0.657513,0.564728,0.80304,0.605617,0.626882,0.537478,0,0,0,0,0,0,0,0,0,0,0,0,0,0,0.447672,0.428482,0.52426,0.431207,0.401716,0.387611,0.613085,0.382173
0.487491,0.48025,0.521189,0.649198,0.386396,0.665533,0.25772,0.671009,0.389465,0.512934,0.651393,0.619223,0.799967,0.608347,0.639135,0.526566,0,0,0,0,0,0,0,0,0,0,0,0,0,0,0.44614,0.42305,0.525781,0.433944,0.401719,0.379447,0.625339,0.393082
0.498222,0.485699,0.522723,0.654637,0.381799,0.679164,0.256195,0.676459,0.386395,0.515658,0.649861,0.608321,0.79997,0.611061,0.631474,0.526585,0,0,0,0,0,0,0,0,0,0,0,0,0,0,0.458395,0.41487,0.551812,0.420298,0.397105,0.382171,0.626853,0.401183
0.5028,0.512947,0.527324,0.654649,0.406309,0.668283,0.25467,0.695522,0.383333,0.526567,0.654455,0.6274,0.801501,0.613779,0.642202,0.526582,0,0,0,0,0,0,0,0,0,0,0,0,0,0,0.444615,0.403961,0.553338,0.425764,0.397114,0.382144,0.606972,0.398515
0.507414,0.518403,0.522718,0.649201,0.400177,0.668285,0.253122,0.711848,0.374136,0.529301,0.654455,0.638301,0.804558,0.613768,0.642201,0.529317,0,0,0,0,0,0,0,0,0,0,0,0,0,0,0.462982,0.417601,0.56255,0.425768,0.400186,0.379447,0.616156,0.403959
0.505869,0.510244,0.516598,0.621949,0.395585,0.660085,0.251593,0.714593,0.3726,0.529332,0.659052,0.575628,0.80456,0.619239,0.625356,0.542923,0,0,0,0,0,0,0,0,0,0,0,0,0,0,0.464522,0.423024,0.561009,0.428529,0.398663,0.379442,0.616155,0.406689
0.508926,0.510203,0.519657,0.621954,0.392524,0.660088,0.251611,0.709151,0.372627,0.529315,0.659049,0.605594,0.804574,0.621956,0.623828,0.548384,0,0,0,0,0,0,0,0,0,0,0,0,0,0,0.461455,0.417592,0.55949,0.431196,0.397119,0.376722,0.619216,0.395801
0.508943,0.510261,0.522721,0.624682,0.400178,0.662809,0.253138,0.711868,0.37414,0.529275,0.659049,0.58653,0.806107,0.627405,0.629946,0.537487,0,0,0,0,0,0,0,0,0,0,0,0,0,0,0.464508,0.412162,0.565604,0.425781,0.400182,0.379451,0.620755,0.395803
0.510465,0.496619,0.521186,0.608331,0.400182,0.657362,0.253132,0.711857,0.374152,0.526597,0.657517,0.56473,0.806106,0.621931,0.646794,0.526591,0.610035,0.995248,0,0,0,0,0,0,0.705004,0.993883,0.798438,0.993885,0,0,0.466048,0.420319,0.565602,0.425724,0.40172,0.376716,0.628399,0.393066
0.505869,0.507498,0.516598,0.583801,0.39865,0.654647,0.250071,0.700992,0.375682,0.521129,0.657519,0.559278,0.809166,0.61104,0.652917,0.52385,0,0,0,0,0,0,0,0,0,0,0,0,0,0,0.461454,0.42574,0.559487,0.431203,0.400182,0.363095,0.628423,0.393063
0.510472,0.50478,0.516594,0.608319,0.381798,0.657373,0.248542,0.698241,0.375682,0.518422,0.65599,0.570184,0.806098,0.608332,0.633011,0.526585,0,0,0,0,0,0,0,0,0,0,0,0,0,0,0.469113,0.423036,0.573271,0.406687,0.4063,0.371251,0.628423,0.38764
0.504342,0.504779,0.512004,0.578358,0.377207,0.635577,0.248529,0.695529,0.375665,0.521125,0.655982,0.572902,0.809158,0.608331,0.655978,0.504788,0,0,0,0,0,0,0,0,0,0,0,0,0,0,0.459925,0.425761,0.554897,0.431232,0.401717,0.357654,0.617694,0.395793
0.508927,0.507494,0.510473,0.613777,0.378737,0.64102,0.246999,0.698264,0.374129,0.523832,0.65599,0.597425,0.806099,0.605596,0.654457,0.504789,0,0,0,0,0,0,0,0,0,0,0,0,0,0,0.461459,0.428493,0.576304,0.40393,0.40019,0.36854,0.631469,0.387641
0.505863,0.502051,0.512005,0.589249,0.375671,0.6274,0.243958,0.703685,0.372593,0.521128,0.655981,0.570174,0.809164,0.594707,0.649862,0.485716,0,0,0,0,0,0,0,0,0,0,0,0,0,0,0.462989,0.420324,0.551819,0.428495,0.400175,0.368536,0.620755,0.387623
0.499754,0.496627,0.513533,0.5947,0.3818,0.60015,0.243962,0.70913,0.37261,0.518395,0.660585,0.572901,0.80916,0.605604,0.649855,0.482985,0,0,0,0,0,0,0,0,0,0,0,0,0,0,0.452259,0.420297,0.542641,0.431182,0.398665,0.35491,0.603909,0.393067
0.504337,0.496605,0.515067,0.567452,0.387926,0.564731,0.245488,0.709147,0.37107,0.518417,0,0,0,0,0,0,0,0,0,0,0,0,0,0,0,0,0,0,0,0,0.458387,0.420321,0.545699,0.431185,0.400175,0.357646,0.600846,0.387621
0.502819,0.499345,0.510473,0.597426,0.392523,0.562004,0.245486,0.709167,0.369556,0.515694,0.654455,0.649195,0.80304,0.578355,0.660583,0.488435,0,0,0,0,0,0,0,0,0,0,0,0,0,0,0.456856,0.417586,0.534982,0.431228,0.398648,0.360364,0.59931,0.390346
0.504343,0.493893,0.515061,0.556553,0.383335,0.57563,0.245476,0.711865,0.363423,0.512953,0.65599,0.553829,0.807636,0.575623,0.648326,0.480261,0,0,0,0,0,0,0,0,0,0,0,0,0,0,0.456862,0.403963,0.538036,0.428518,0.395584,0.354909,0.596243,0.373988
0.499747,0.488441,0.515063,0.559275,0.380268,0.578354,0.243934,0.711851,0.363417,0.510211,0.654454,0.491163,0.806096,0.570181,0.649857,0.477538,0,0,0,0,0,0,0,0,0,0,0,0,0,0,0.455322,0.403976,0.536515,0.414874,0.395588,0.346755,0.602373,0.365818
0.492075,0.485675,0.513532,0.534757,0.369545,0.63557,0.240866,0.711896,0.360358,0.502045,0.657522,0.532032,0.798438,0.564724,0.613096,0.474811,0,0,0,0,0,0,0,0,0,0,0,0,0,0,0.443082,0.395781,0.527327,0.412126,0.39404,0.338578,0.599315,0.354924
0.493586,0.482958,0.501278,0.53748,0.372612,0.540208,0.239343,0.709138,0.357288,0.496593,0.643735,0.46936,0.793853,0.570169,0.654452,0.461203,0.536509,0.993885,0.420095,0.993886,0,0,0,0,0.654453,0.993885,0,0,0,0,0.443067,0.393056,0.524244,0.412126,0.389457,0.33855,0.59165,0.36309
0.492061,0.474831,0.495153,0.556555,0.378735,0.57018,0.239325,0.700963,0.352702,0.491164,0.642198,0.477534,0.795377,0.553822,0.634538,0.466636,0,0,0,0,0,0,0,0,0,0,0,0,0,0,0.44153,0.39032,0.525786,0.40125,0.383323,0.344021,0.585524,0.354919
0.49359,0.469365,0.496678,0.561996,0.369545,0.553827,0.237811,0.700989,0.351164,0.488416,0.651387,0.493884,0.798437,0.548372,0.640669,0.463912,0.557953,0.993884,0.444603,0.995247,0,0,0,0,0.671304,0.995247,0,0,0,0,0.444597,0.384872,0.52273,0.39579,0.381804,0.341296,0.579398,0.349467
0.4936,0.463901,0.501284,0.556556,0.386392,0.532024,0.236289,0.700949,0.349627,0.488401,0.652921,0.570178,0.795382,0.537474,0.633007,0.461179,0,0,0,0,0,0,0,0,0,0,0,0,0,0,0.444593,0.379423,0.527332,0.395758,0.387926,0.34129,0.587057,0.349479
0.493602,0.461187,0.505872,0.540206,0.383329,0.529301,0.237803,0.698233,0.349638,0.488431,0.655982,0.532031,0.799969,0.537485,0.629946,0.455726,0.544167,0.993885,0.426221,0.993885,0,0,0,0,0.666709,0.995246,0,0,0,0,0.444586,0.371263,0.536505,0.390328,0.383335,0.338581,0.60084,0.346753
0.493637,0.461163,0.505871,0.534755,0.381801,0.529301,0.239324,0.700954,0.349622,0.488449,0.654453,0.504781,0.804566,0.537479,0.62229,0.453019,0.54723,0.993885,0.436945,0.993885,0,0,0,0,0,0,0,0,0,0,0.446119,0.36857,0.533453,0.390349,0.384874,0.335852,0.577869,0.352199
0.495133,0.461153,0.507398,0.532036,0.378737,0.521133,0.239327,0.695546,0.34962,0.488462,0.654452,0.48571,0.806101,0.537473,0.628417,0.450284,0.547231,0.993885,0.441539,0.993885,0,0,0,0,0.655989,0.993885,0,0,0,0,0.444606,0.371268,0.533437,0.387637,0.38333,0.338544,0.5794,0.352192
0.493598,0.469413,0.507401,0.493882,0.369548,0.534758,0.237807,0.706407,0.352698,0.491193,0.651391,0.469364,0.801504,0.548386,0.639135,0.472096,0.539572,0.993885,0,0,0,0,0,0,0,0,0,0,0,0,0.446116,0.387629,0.524266,0.398534,0.386412,0.341302,0.600838,0.349465
0.493594,0.472109,0.504338,0.442116,0.372609,0.463911,0.237821,0.711879,0.351171,0.502045,0.648328,0.466632,0.799976,0.54838,0.637601,0.466633,0.512001,0.993885,0.421626,0.993885,0,0,0,0,0.602375,0.993885,0,0,0,0,0.441532,0.390339,0.527316,0.401237,0.383339,0.349474,0.610032,0.354926
0.493629,0.477543,0.498212,0.472086,0.371075,0.553835,0.237812,0.722745,0.349643,0.510219,0.642199,0.466631,0.79537,0.553817,0.640671,0.4612,0.587056,0.993885,0.485959,0.995247,0,0,0,0,0.692749,0.995246,0,0,0,0,0.444591,0.395796,0.533446,0.398505,0.384874,0.349462,0.61768,0.34128
0.485962,0.482955,0.507407,0.548381,0.380268,0.627398,0.237801,0.722771,0.349647,0.507523,0.65752,0.523859,0.795373,0.551108,0.639138,0.469352,0,0,0,0,0,0,0,0,0,0,0,0,0,0,0.443053,0.395794,0.527325,0.403974,0.38334,0.346755,0.616146,0.338574
0.485963,0.485703,0.499744,0.559275,0.372614,0.567458,0.231696,0.72824,0.348101,0.512972,0.655982,0.51568,0.793846,0.556551,0.623814,0.482993,0,0,0,0,0,0,0,0,0,0,0,0,0,0,0.443076,0.401249,0.528852,0.409412,0.381804,0.352193,0.614616,0.341288
0.484445,0.485723,0.50587,0.53203,0.371079,0.578353,0.233224,0.733674,0.346561,0.521104,0.655982,0.523853,0.79385,0.559289,0.617693,0.482983,0,0,0,0,0,0,0,0,0,0,0,0,0,0,0.438483,0.401231,0.525794,0.412138,0.378739,0.357655,0.610025,0.343999
0.4829,0.491197,0.504339,0.559274,0.372609,0.583798,0.231685,0.744555,0.340447,0.526566,0.652923,0.515685,0.787719,0.559282,0.606969,0.485714,0,0,0,0,0,0,0,0,0,0,0,0,0,0,0.433879,0.414856,0.521198,0.42304,0.37415,0.373989,0.602377,0.341295
0.479838,0.488458,0.50128,0.562008,0.37108,0.570177,0.228642,0.747272,0.338907,0.529291,0.655985,0.551102,0.787712,0.564739,0.622283,0.488427,0,0,0,0,0,0,0,0,0,0,0,0,0,0,0.429285,0.409407,0.513532,0.420299,0.374138,0.374002,0.605438,0.349452
0.476768,0.493886,0.50128,0.553831,0.372609,0.578358,0.23015,0.752728,0.335841,0.534737,0.652922,0.526579,0.78466,0.567457,0.617691,0.49115,0,0,0,0,0,0,0,0,0,0,0,0,0,0,0.424708,0.423026,0.508934,0.425737,0.372599,0.363097,0.605422,0.344044
0.47523,0.493878,0.501282,0.551107,0.369549,0.581076,0.228634,0.752748,0.334321,0.53475,0.649863,0.534753,0.789247,0.561993,0.623816,0.482994,0,0,0,0,0,0,0,0,0,0,0,0,0,0,0.427751,0.420307,0.505876,0.425772,0.372595,0.38216,0.603885,0.341293
0.473704,0.482998,0.504341,0.548381,0.37874,0.570181,0.227107,0.75821,0.325106,0.548349,0.655985,0.50751,0.787722,0.551121,0.597786,0.507504,0,0,0,0,0,0,0,0,0,0,0,0,0,0,0.424691,0.428465,0.501283,0.423032,0.366473,0.387622,0.605428,0.341298
0.475249,0.491199,0.505866,0.537481,0.374146,0.581079,0.227094,0.771805,0.314392,0.553819,0.657514,0.518407,0.79231,0.553837,0.602375,0.491161,0.587058,0.993885,0,0,0,0,0,0,0,0,0,0,0,0,0.424702,0.431236,0.522724,0.425767,0.357292,0.398516,0.606977,0.341321
0.482891,0.49116,0.504344,0.578357,0.371077,0.564742,0.225577,0.785457,0.285306,0.553826,0.666706,0.526583,0.793844,0.556544,0.620754,0.496605,0,0,0,0,0,0,0,0,0,0,0,0,0,0,0.424703,0.428447,0.525801,0.417599,0.375675,0.425788,0.610042,0.338569
0.487495,0.491163,0.512005,0.559292,0.37107,0.572903,0.228633,0.785417,0.283767,0.540217,0.669775,0.542935,0.801507,0.559279,0.651387,0.48027,0,0,0,0,0,0,0,0,0,0,0,0,0,0,0.429285,0.428456,0.525802,0.420304,0.38334,0.433949,0.608506,0.341279
0.482907,0.510203,0.502809,0.583797,0.374139,0.570175,0.230159,0.78543,0.292943,0.540221,0.662116,0.559283,0.796916,0.562009,0.631476,0.499329,0,0,0,0,0,0,0,0,0,0,0,0,0,0,0.432341,0.436678,0.52272,0.436668,0.375675,0.38762,0.606977,0.349477
0.484433,0.51296,0.510469,0.532041,0.369546,0.564729,0.230154,0.78814,0.300624,0.551084,0.662116,0.515678,0.799972,0.57017,0.637606,0.491159,0.587056,0.993885,0.479833,0.993886,0,0,0,0,0.695813,0.993884,0,0,0,0,0.43389,0.442116,0.524263,0.439374,0.374141,0.365819,0.608494,0.344015
0.49055,0.521153,0.518125,0.523851,0.368012,0.578356,0.234755,0.782723,0.30981,0.556565,0.660583,0.515683,0.806098,0.570192,0.622294,0.526571,0.556421,0.992521,0.427756,0.993887,0.317468,0.875359,0,0,0.663644,0.992521,0,0,0,0,0.432341,0.45304,0.527314,0.447538,0.371074,0.37672,0.603908,0.349474
0.476772,0.540185,0.522722,0.529318,0.3772,0.532034,0.233225,0.777267,0.306749,0.553825,0.669773,0.540201,0.807637,0.572902,0.636074,0.499329,0,0,0,0,0,0,0,0,0,0,0,0,0,0,0.432344,0.461176,0.524257,0.461188,0.369542,0.365815,0.606974,0.360369
0.467584,0.548397,0.507411,0.553828,0.368016,0.545654,0.228639,0.788183,0.296025,0.564723,0.663647,0.52658,0.803039,0.586521,0.6422,0.526587,0.551827,0.992521,0.472174,0.993885,0,0,0,0,0.654455,0.993885,0,0,0,0,0.423169,0.469344,0.519664,0.472082,0.361891,0.371268,0.599316,0.371272
0.455324,0.567462,0.516596,0.548383,0.363415,0.521128,0.228621,0.790869,0.292946,0.567459,0.663646,0.53748,0.806096,0.594696,0.628415,0.534761,0.541104,0.984348,0,0,0,0,0,0,0,0,0,0,0,0,0.423156,0.474811,0.507406,0.482977,0.364953,0.368543,0.596255,0.346763
0.46451,0.564719,0.505874,0.575615,0.357297,0.54021,0.230157,0.793627,0.2899,0.572873,0.659052,0.54838,0.795372,0.597432,0.602379,0.556558,0,0,0,0,0,0,0,0,0,0,0,0,0,0,0.420099,0.483001,0.508944,0.482992,0.357292,0.382169,0.596245,0.357635
0.456857,0.572873,0.510467,0.575615,0.361892,0.586523,0.228633,0.790912,0.29142,0.57291,0.655986,0.545657,0.79844,0.605605,0.617694,0.54565,0,0,0,0,0,0,0,0,0,0,0,0,0,0,0.420087,0.488444,0.501289,0.488426,0.36342,0.357644,0.596256,0.365809
0.447662,0.581092,0.510467,0.578352,0,0,0,0,0,0,0.669776,0.575622,0.793842,0.611056,0.619225,0.559283,0,0,0,0,0,0,0,0,0,0,0,0,0,0,0.420076,0.502044,0.496683,0.504775,0.358825,0.354913,0.597776,0.387621
0.446124,0.597424,0.512002,0.58381,0.361892,0.6056,0.227107,0.782704,0.297544,0.578363,0.662115,0.575619,0.796912,0.613782,0.603909,0.564723,0,0,0,0,0,0,0,0,0,0,0,0,0,0,0.421608,0.51025,0.50128,0.515671,0.345037,0.376725,0.603893,0.363088
0.464515,0.602862,0.519661,0.605595,0.363417,0.621947,0.228625,0.774556,0.303688,0.581099,0.666709,0.562,0.8061,0.619218,0.625355,0.570166,0,0,0,0,0,0,0,0,0,0,0,0,0,0,0.421627,0.521158,0.505874,0.521121,0.331255,0.42303,0.60391,0.376716
0.478295,0.597425,0.515064,0.583804,0.371078,0.581072,0.234742,0.774537,0.308284,0.605592,0.659049,0.551102,0.806103,0.624675,0.631478,0.570183,0,0,0,0,0,0,0,0,0,0,0,0,0,0,0.426213,0.529329,0.510465,0.518401,0.325157,0.447552,0.605436,0.373998
0.470653,0.605603,0.521194,0.624668,0.374148,0.619224,0.230161,0.779974,0.326659,0.630122,0.675899,0.578356,0.806099,0.635584,0.637607,0.578351,0,0,0,0,0,0,0,0,0,0,0,0,0,0,0.423156,0.534758,0.511995,0.52931,0.375658,0.526586,0.611572,0.376728
0.466048,0.602877,0.522728,0.63012,0.38027,0.630117,0.23016,0.782718,0.326656,0.641035,0.669771,0.56745,0.806107,0.643737,0.628414,0.57562,0,0,0,0,0,0,0,0,0,0,0,0,0,0,0.420104,0.532051,0.501288,0.526555,0,0,0.611572,0.384879
0.456851,0.594693,0.524246,0.619232,0.381803,0.6165,0.23015,0.77454,0.323599,0.630118,0.671302,0.5838,0.80457,0.643732,0.642199,0.548376,0,0,0,0,0,0,0,0,0,0,0,0,0,0,0.413973,0.531991,0.496685,0.521115,0,0,0.610039,0.382179
0.459919,0.58106,0.525785,0.630113,0.384859,0.621951,0.231694,0.774522,0.329711,0.624673,0.671305,0.578363,0.807623,0.638308,0.631479,0.559284,0,0,0,0,0,0,0,0,0,0,0,0,0,0,0.413969,0.529323,0.49208,0.507496,0,0,0.605445,0.382164
0.461449,0.586538,0.521187,0.608327,0.369549,0.597425,0.239358,0.771814,0.340442,0.621972,0.663642,0.556554,0.806101,0.635563,0.600843,0.586525,0,0,0,0,0,0,0,0,0,0,0,0,0,0,0.412428,0.526602,0.511998,0.521111,0.343513,0.428528,0.614631,0.368549
0.459911,0.578395,0.50894,0.616497,0.375676,0.627396,0.242422,0.769068,0.341975,0.619227,0.662115,0.559283,0.807624,0.630126,0.600841,0.583803,0,0,0,0,0,0,0,0,0,0,0,0,0,0,0.410918,0.521141,0.508945,0.507519,0.337423,0.450332,0.617702,0.3631
0.360369,0.542924,0.521189,0.605594,0.375676,0.586529,0.248542,0.763631,0.337373,0.605601,0.663644,0.553828,0.812222,0.619224,0.603903,0.578363,0,0,0,0,0,0,0,0,0,0,0,0,0,0,0.35423,0.436669,0.427753,0.493896,0,0,0.539576,0.453007
0.368018,0.53203,0.519661,0.589249,0.387927,0.55111,0.248533,0.766353,0.325138,0.600165,0.663646,0.548382,0.812222,0.613773,0.59625,0.578351,0,0,0,0,0,0,0,0,0,0,0,0,0,0,0.349636,0.433945,0.427751,0.496603,0,0,0.533445,0.442109
0.377207,0.529306,0.53651,0.605601,0.390994,0.553826,0.247014,0.758192,0.317463,0.602871,0.688154,0.55382,0.809159,0.61923,0.597778,0.57017,0,0,0,0,0,0,0,0,0,0,0,0,0,0,0.345039,0.447554,0.420092,0.485693,0,0,0.528852,0.450281
0.455322,0.559281,0.52579,0.624673,0.387926,0.660101,0.245477,0.760912,0.31135,0.613771,0.678964,0.537483,0.806098,0.621951,0.599307,0.572895,0,0,0,0,0,0,0,0,0,0,0,0,0,0,0.341995,0.455748,0.492077,0.458452,0,0,0.613097,0.333136
0.430812,0.586531,0.513534,0.605598,0.374145,0.575623,0.242405,0.769084,0.30982,0.61922,0.660584,0.537479,0.795378,0.632848,0.579399,0.602872,0,0,0,0,0,0,0,0,0,0,0,0,0,0,0.386395,0.51023,0,0,0,0,0.614611,0.349478
0.435417,0.605622,0.504342,0.559276,0.369545,0.591973,0.23936,0.777253,0.305206,0.624665,0.646798,0.447561,0.789249,0.651916,0.565613,0.611042,0,0,0,0,0,0,0,0,0,0,0,0,0,0,0.361892,0.521132,0.48443,0.48844,0,0,0.611564,0.352179
0.397122,0.632839,0.522721,0.690073,0.372607,0.676444,0.230168,0.785418,0.291427,0.641011,0.714192,0.600151,0.786192,0.668264,0.574802,0.619238,0,0,0,0,0,0,0,0,0,0,0,0,0,0,0,0,0.492078,0.499333,0,0,0.610016,0.349473
0.427754,0.611039,0.516595,0.681899,0.37108,0.643746,0.22558,0.788136,0.285302,0.646477,0.65752,0.572902,0.792311,0.673726,0.568676,0.63558,0,0,0,0,0,0,0,0,0,0,0,0,0,0,0.369552,0.534763,0.489018,0.510233,0,0,0.610044,0.363084
0.421625,0.613784,0.515064,0.668269,0.369548,0.725491,0.219439,0.785441,0.271517,0.662825,0.65599,0.562003,0.795379,0.679173,0.547232,0.660102,0,0,0,0,0,0,0,0,0,0,0,0,0,0,0.374148,0.542928,0.490558,0.515693,0,0,0.611568,0.346738
0.387926,0.619224,0.521192,0.662821,0.366481,0.709142,0.214848,0.78544,0.266919,0.662811,0.663645,0.572901,0.803038,0.692794,0.561016,0.657363,0,0,0,0,0,0,0,0,0,0,0,0,0,0,0.355754,0.545666,0.395588,0.5293,0,0,0.611556,0.344002
0.415499,0.605603,0.518125,0.611049,0.357291,0.619225,0.211784,0.774535,0.26079,0.638297,0.671306,0.567456,0.796907,0.695514,0.556421,0.660091,0,0,0,0,0,0,0,0,0,0,0,0,0,0,0.372609,0.523853,0.4783,0.51568,0,0,0.61768,0.354921
0.409372,0.597426,0.502811,0.583799,0.358822,0.670995,0.211783,0.774544,0.251598,0.63284,0.662115,0.542927,0.796907,0.706415,0.553359,0.662808,0,0,0,0,0,0,0,0,0,0,0,0,0,0,0.369545,0.518405,0,0,0,0,0.620758,0.346744
0.427757,0.583803,0.504341,0.559283,0.360356,0.572902,0.207178,0.760923,0.251595,0.602873,0.666709,0.51568,0.809157,0.706417,0.554891,0.662808,0,0,0,0,0,0,0,0,0,0,0,0,0,0,0.395586,0.515689,0.492083,0.502059,0,0,0.626869,0.338589
0.436947,0.5729,0.501279,0.548382,0.360355,0.56473,0.207178,0.758185,0.253125,0.578337,0.659052,0.493883,0.80916,0.717318,0.556422,0.662816,0,0,0,0,0,0,0,0,0,0,0,0,0,0,0.397121,0.515664,0.482897,0.480264,0,0,0.629959,0.335804
0.433884,0.575633,0.522722,0.545655,0.363422,0.567454,0.201048,0.747298,0.248544,0.567461,0.677435,0.502062,0.809164,0.728215,0.56255,0.665535,0,0,0,0,0,0,0,0,0,0,0,0,0,0,0.395584,0.510237,0.490553,0.482985,0,0,0.631499,0.338525
0.413965,0.589249,0.501279,0.567449,0.351165,0.570179,0.193397,0.730944,0.243951,0.556547,0.678963,0.523856,0.810701,0.741843,0.574801,0.665548,0,0,0,0,0,0,0,0,0,0,0,0,0,0,0.372598,0.488454,0.498212,0.480263,0.311345,0.439393,0.643748,0.333115
0.424692,0.575622,0.519659,0.562007,0.349634,0.551109,0.187263,0.66555,0.240873,0.540205,0.706531,0.548378,0.822948,0.763638,0.599311,0.66827,0,0,0,0,0,0,0,0,0,0,0,0,0,0,0.368019,0.463912,0.489023,0.477538,0,0,0.654454,0.327683
0.426221,0.583805,0.530382,0.559279,0.355761,0.542932,0.182669,0.662824,0.23628,0.526601,0.717257,0.575625,0.819885,0.796329,0.600839,0.668277,0,0,0,0,0,0,0,0,0,0,0,0,0,0,0.377204,0.474812,0.495149,0.482982,0,0,0.662112,0.324945
0.440009,0.583798,0.518128,0.545653,0.341973,0.551103,0.176544,0.654651,0.239343,0.523865,0.711131,0.532043,0.829076,0.804508,0.60237,0.679177,0,0,0,0,0,0,0,0,0,0,0,0,0,0,0.389461,0.482979,0.524255,0.474808,0,0,0.678966,0.32224
0.443071,0.602874,0.508936,0.553828,0.349634,0.54293,0.175014,0.665546,0.240874,0.518408,0.706534,0.534752,0.833664,0.799053,0.603904,0.684616,0,0,0,0,0,0,0,0,0,0,0,0,0,0,0.410908,0.515655,0.525788,0.488431,0,0,0.6759,0.349469
0.458392,0.602867,0.524257,0.545651,0.354229,0.526583,0.168885,0.665551,0.24242,0.4966,0.720319,0.551103,0.835211,0.818136,0.603908,0.706406,0,0,0,0,0,0,0,0,0,0,0,0,0,0,0.423158,0.518389,0.533447,0.529306,0,0,0.69428,0.333122
0.466047,0.60015,0.524252,0.54021,0.348101,0.526582,0.165826,0.66828,0.243938,0.491142,0.718792,0.534761,0.845924,0.809961,0.605435,0.709132,0,0,0,0,0,0,0,0,0,0,0,0,0,0,0.423152,0.521131,0.54876,0.515683,0,0,0.692743,0.319488
0.482898,0.58382,0.524253,0.548382,0.345039,0.534755,0.159694,0.654651,0.240874,0.477529,0.711132,0.542937,0.838271,0.839936,0.593186,0.717314,0,0,0,0,0,0,0,0,0,0,0,0,0,0,0.426217,0.542924,0.542636,0.537476,0,0,0.697351,0.3195
0.48137,0.602854,0.524259,0.542931,0.351165,0.529305,0.150508,0.654649,0.234755,0.472098,0.70807,0.540202,0.836742,0.856284,0.599313,0.741835,0,0,0,0,0,0,0,0,0,0,0,0,0,0,0.423162,0.556556,0.551829,0.564719,0,0,0.700413,0.314057
