0.385658,0.470256,0.410189,0.677313,0.312074,0.576498,0.221632,0.827176,0.238488,0.674597,0.531299,0.786305,0,0,0,0,0,0,0,0,0,0,0,0,0,0,0,0,0,0,0.373422,0.404878,0.439317,0.448443,0,0,0.522112,0.522032
0.390259,0.472945,0.413255,0.693658,0.307483,0.584666,0.235424,0.832628,0.240005,0.690919,0.535906,0.786285,0,0,0,0,0,0,0,0,0,0,0,0,0,0,0,0,0,0,0.374952,0.404889,0.443926,0.45387,0,0,0.523654,0.521992
0.425548,0.434781,0.430123,0.663681,0.309017,0.532899,0.210907,0.603757,0.301346,0.415735,0.545096,0.731811,0,0,0,0,0,0,0,0,0,0,0,0,0,0,0,0,0,0,0.410184,0.35847,0.485326,0.41845,0.374927,0.347609,0.560447,0.494788
0.434693,0.429353,0.422446,0.573791,0.318207,0.497485,0.212439,0.592843,0.302873,0.402113,0.5313,0.671859,0,0,0,0,0,0,0,0,0,0,0,0,0,0,0,0,0,0,0.413265,0.350375,0.494496,0.410292,0.374935,0.342137,0.560447,0.48925
0.445436,0.426693,0.428596,0.590129,0.322816,0.500198,0.229291,0.590129,0.315139,0.410297,0.53437,0.701838,0,0,0,0,0,0,0,0,0,0,0,0,0,0,0,0,0,0,0.42552,0.355742,0.500647,0.4076,0.384142,0.336719,0.57882,0.472936
0.473033,0.423865,0.474579,0.622827,0.358071,0.55472,0.259967,0.587393,0.33354,0.423906,0.600285,0.70729,0,0,0,0,0,0,0,0,0,0,0,0,0,0,0,0,0,0,0.447007,0.344898,0.525148,0.399397,0.399453,0.347617,0.594172,0.434836
0.482258,0.407577,0.477645,0.601018,0.362666,0.527466,0.264559,0.598306,0.344266,0.429348,0.586488,0.677316,0,0,0,0,0,0,0,0,0,0,0,0,0,0,0,0,0,0,0.457729,0.336759,0.534374,0.385766,0.404074,0.339431,0.603363,0.434826
0.497576,0.385806,0.483769,0.571057,0.365738,0.494747,0.266088,0.611925,0.358055,0.399391,0.614082,0.641901,0,0,0,0,0,0,0,0,0,0,0,0,0,0,0,0,0,0,0.473039,0.314937,0.548187,0.36398,0.416323,0.306753,0.618683,0.413014
0.506757,0.383036,0.4853,0.562885,0.367267,0.489291,0.269153,0.617354,0.361153,0.393966,0.617145,0.628279,0,0,0,0,0,0,0,0,0,0,0,0,0,0,0,0,0,0,0.476138,0.31214,0.557343,0.358549,0.422452,0.2986,0.618686,0.421188
0.509872,0.369417,0.476113,0.568327,0.364201,0.472968,0.28296,0.581953,0.370324,0.36668,0.604882,0.655519,0,0,0,0,0,0,0,0,0,0,0,0,0,0,0,0,0,0,0.4853,0.295897,0.56656,0.347602,0.423982,0.29314,0.627878,0.418464
0.509843,0.364013,0.47918,0.571045,0.361142,0.459331,0.287546,0.562873,0.374914,0.3449,0.601814,0.66915,0,0,0,0,0,0,0,0,0,0,0,0,0,0,0,0,0,0,0.485296,0.293163,0.566559,0.34216,0.425505,0.293112,0.629396,0.421169
0.508331,0.35852,0.48377,0.56832,0.368804,0.456598,0.287557,0.521986,0.374917,0.331279,0.597219,0.655517,0,0,0,0,0,0,0,0,0,0,0,0,0,0,0,0,0,0,0.482261,0.287681,0.563504,0.339391,0.428578,0.284961,0.629389,0.421162
0.508326,0.358509,0.482246,0.573782,0.371864,0.456607,0.284483,0.494756,0.371864,0.314953,0.604875,0.699111,0,0,0,0,0.330477,0.99476,0.258425,0.996119,0,0,0,0,0,0,0,0,0,0,0.48378,0.284974,0.566553,0.339481,0.428583,0.276782,0.629389,0.426656
0.512907,0.363977,0.48837,0.551974,0.379535,0.448422,0.287558,0.464796,0.373414,0.30129,0.600283,0.639166,0,0,0,0,0.328941,0.996121,0.264556,0.996119,0,0,0,0,0,0,0,0,0,0,0.489915,0.290351,0.571172,0.347586,0.436247,0.271306,0.630961,0.429348
0.522086,0.366706,0.486844,0.568324,0.379528,0.448435,0.289078,0.467513,0.376482,0.298564,0.606411,0.644615,0,0,0,0,0.324344,0.994762,0.255359,0.994757,0,0,0,0,0,0,0,0,0,0,0.496052,0.290384,0.577306,0.353061,0.43931,0.271304,0.637077,0.429347
0.537443,0.383053,0.494507,0.53835,0.384135,0.429355,0.293677,0.48113,0.384126,0.293152,0.60948,0.636444,0,0,0,0,0.344273,0.996121,0.26916,0.994756,0,0,0,0,0,0,0,0,0,0,0.51137,0.301314,0.592613,0.377565,0.450066,0.271311,0.6432,0.445704
0.548175,0.396642,0.494511,0.541071,0.388727,0.426636,0.29981,0.475679,0.38874,0.295825,0.606414,0.628275,0,0,0,0,0.34734,0.994761,0.273754,0.994756,0,0,0,0,0.417857,0.994761,0,0,0,0,0.525149,0.309478,0.603346,0.385774,0.457717,0.263132,0.644753,0.456634
0.571174,0.426611,0.500639,0.554704,0.393326,0.440259,0.302888,0.470224,0.397929,0.290412,0.612549,0.650071,0,0,0,0,0.353473,0.99612,0.282952,0.996118,0,0,0,0,0.42552,0.994759,0,0,0,0,0.546622,0.339411,0.621744,0.40757,0.469974,0.29038,0.657017,0.486582
0.578831,0.429368,0.508302,0.538358,0.40559,0.426628,0.307477,0.478404,0.399473,0.293134,0.618677,0.639174,0.661587,0.933442,0,0,0.355006,0.99612,0.282954,0.922549,0,0,0,0,0.423988,0.994761,0,0,0,0,0.552754,0.342143,0.627897,0.423946,0.476115,0.284964,0.655486,0.502934
0.584952,0.442989,0.511372,0.546523,0.402526,0.432088,0.321268,0.497483,0.410204,0.298575,0.621743,0.636447,0.672336,0.731822,0,0,0.358067,0.996121,0.278357,0.938896,0,0,0,0,0.422456,0.996122,0,0,0,0,0.558903,0.350365,0.632496,0.429351,0.47919,0.290384,0.66008,0.502937
0.586504,0.442984,0.520566,0.532906,0.416326,0.410286,0.325868,0.519273,0.422441,0.309479,0.624812,0.628271,0,0,0,0,0.353472,0.994759,0.278356,0.922549,0,0,0,0,0.422458,0.996124,0,0,0,0,0.560424,0.353049,0.634014,0.426691,0.483768,0.29312,0.663117,0.494776
0.589553,0.44023,0.522092,0.543801,0.410189,0.434824,0.325876,0.543808,0.427052,0.339434,0.638611,0.633723,0,0,0,0,0,0,0,0,0,0,0,0,0,0,0,0,0,0,0.56502,0.347634,0.641673,0.426659,0.483782,0.274038,0.672325,0.489303
0.592602,0.440255,0.515966,0.554689,0.404058,0.448448,0.327422,0.543805,0.430113,0.35578,0.640142,0.682771,0,0,0,0,0,0,0,0,0,0,0,0,0,0,0,0,0,0,0.569604,0.353031,0.64318,0.426664,0.474588,0.255012,0.673872,0.489317
0.594125,0.442999,0.526697,0.551971,0.420929,0.456621,0.3458,0.554705,0.439307,0.369403,0.647808,0.663686,0,0,0,0,0,0,0,0,0,0,0,0,0,0,0,0,0,0,0.571136,0.353064,0.644732,0.426669,0.47919,0.271309,0.679976,0.486551
0.595667,0.445681,0.531294,0.560159,0.419392,0.462063,0.341201,0.568318,0.442385,0.385745,0.657003,0.66369,0,0,0,0,0,0,0,0,0,0,0,0,0,0,0,0,0,0,0.571157,0.355752,0.646283,0.426689,0.48684,0.276769,0.68002,0.483819
0.598737,0.448403,0.529761,0.557439,0.413256,0.459324,0.342728,0.579226,0.450062,0.393933,0.652403,0.660968,0,0,0,0,0,0,0,0,0,0,0,0,0,0,0,0,0,0,0.572694,0.355795,0.649348,0.426692,0.496019,0.284962,0.683074,0.48383
0.597229,0.445678,0.528231,0.557435,0.402532,0.459316,0.351934,0.573776,0.454659,0.396651,0.681535,0.633727,0,0,0,0,0,0,0,0,0,0,0,0,0,0,0,0,0,0,0.572693,0.35576,0.649336,0.426615,0.496032,0.282206,0.684602,0.478376
0.595688,0.440263,0.531304,0.554706,0.416326,0.44843,0.355004,0.568321,0.460796,0.402107,0.652405,0.650069,0,0,0,0,0,0,0,0,0,0,0,0,0,0,0,0,0,0,0.571165,0.350314,0.646301,0.423863,0.496044,0.279506,0.690742,0.467496
0.594151,0.437538,0.534364,0.549242,0.404062,0.448429,0.361134,0.568323,0.459259,0.407588,0.669271,0.633723,0,0,0,0,0,0,0,0,0,0,0,0,0,0,0,0,0,0,0.56657,0.344871,0.646281,0.421207,0.494514,0.254972,0.690741,0.462037
0.581913,0.432137,0.538968,0.557422,0.425517,0.483853,0.356545,0.587392,0.459261,0.421149,0.670803,0.633721,0,0,0,0,0,0,0,0,0,0,0,0,0,0,0,0,0,0,0.557362,0.342155,0.634026,0.41302,0.49451,0.290405,0.681559,0.464728
0.575761,0.434782,0.540497,0.560146,0.40713,0.459339,0.350413,0.6092,0.457695,0.423942,0.675404,0.614646,0,0,0,0,0,0,0,0,0,0,0,0,0,0,0,0,0,0,0.54818,0.342166,0.629385,0.413011,0.491436,0.2931,0.684604,0.46755
0.565031,0.432121,0.551219,0.595579,0.434719,0.527436,0.361148,0.560133,0.45466,0.423938,0.690724,0.693663,0,0,0,0,0,0,0,0,0,0,0,0,0,0,0,0,0,0,0.540502,0.342227,0.620213,0.415747,0.480722,0.298585,0.683064,0.483806
0.54968,0.434771,0.53284,0.573773,0.423992,0.505651,0.347327,0.620091,0.446969,0.429364,0,0,0,0,0,0,0,0,0,0,0,0,0,0,0,0,0,0,0,0,0.526686,0.342225,0.604895,0.415717,0.47459,0.29855,0.669282,0.486526
0.546633,0.442936,0.531299,0.57652,0.397929,0.483858,0.327409,0.630991,0.436241,0.437525,0.661606,0.660971,0,0,0,0,0,0,0,0,0,0,0,0,0,0,0,0,0,0,0.522125,0.347631,0.601817,0.423918,0.46998,0.303994,0.667751,0.483845
0.546632,0.445691,0.538959,0.58195,0.427057,0.519282,0.345806,0.628261,0.434734,0.43751,0.676933,0.680042,0,0,0,0,0,0,0,0,0,0,0,0,0,0,0,0,0,0,0.522107,0.353037,0.603366,0.426613,0.468441,0.30674,0.669289,0.486532
0.546649,0.445696,0.546629,0.606464,0.436255,0.54925,0.333549,0.614627,0.431655,0.434796,0.679992,0.696384,0,0,0,0,0,0,0,0,0,0,0,0,0,0,0,0,0,0,0.52208,0.353078,0.60335,0.426626,0.466911,0.306742,0.667715,0.486536
0.54511,0.442948,0.542039,0.625541,0.41939,0.535633,0.328937,0.6092,0.428599,0.42935,0,0,0,0,0,0,0,0,0,0,0,0,0,0,0,0,0,0,0,0,0.517507,0.347613,0.601809,0.426609,0.462318,0.304029,0.664668,0.489294
0.543552,0.437501,0.520565,0.592845,0.400984,0.519307,0.332012,0.568333,0.42398,0.407535,0.649344,0.693658,0,0,0,0,0,0,0,0,0,0,0,0,0,0,0,0,0,0,0.511363,0.342128,0.597225,0.421192,0.459234,0.298539,0.663128,0.489263
0.542043,0.434777,0.522107,0.595563,0.400985,0.51928,0.332001,0.557449,0.417846,0.402111,0.652406,0.696395,0,0,0,0,0,0,0,0,0,0,0,0,0,0,0,0,0,0,0.509863,0.339443,0.597202,0.41576,0.45771,0.298586,0.663142,0.47569
0.540488,0.429363,0.511373,0.590132,0.390267,0.505648,0.324362,0.530192,0.413262,0.385779,0.649337,0.704559,0,0,0,0,0,0,0,0,0,0,0,0,0,0,0,0,0,0,0.511354,0.336681,0.597208,0.407591,0.459244,0.279526,0.664673,0.453852
0.538957,0.426686,0.517501,0.579208,0.3918,0.489302,0.324358,0.532893,0.411735,0.377612,0.653938,0.682762,0.640148,0.944346,0.666193,0.843504,0,0,0,0,0,0,0,0,0,0,0,0,0,0,0.509828,0.333988,0.595719,0.407548,0.46079,0.282213,0.669249,0.442983
0.543559,0.426586,0.509847,0.571037,0.397933,0.472958,0.316683,0.489296,0.410177,0.347604,0.666203,0.655518,0,0,0,0,0,0,0,0,0,0,0,0,0,0,0,0,0,0,0.517512,0.333982,0.600289,0.404817,0.473031,0.29041,0.673877,0.442986
0.546651,0.421196,0.512903,0.565603,0.397926,0.448421,0.305951,0.475703,0.408662,0.331241,0.655473,0.658245,0.641685,0.936173,0.68,0.767244,0,0,0,0,0,0,0,0,0,0,0,0,0,0,0.52366,0.331274,0.604893,0.402075,0.474561,0.298552,0.67694,0.445722
0.563494,0.42669,0.506772,0.527447,0.393328,0.404845,0.304413,0.483855,0.411745,0.295852,0.629411,0.647341,0.64168,0.93071,0.681539,0.7645,0.32128,0.99612,0.247694,0.971595,0,0,0,0,0,0,0,0,0,0,0.537419,0.339412,0.620222,0.402171,0.474586,0.284945,0.676944,0.442987
0.574223,0.429421,0.517498,0.530161,0.400991,0.404836,0.309021,0.464787,0.413256,0.282222,0.637078,0.644616,0,0,0,0,0,0,0,0,0,0,0,0,0,0,0,0,0,0,0.545113,0.342148,0.6294,0.404804,0.477632,0.279466,0.679986,0.44298
0.595663,0.445751,0.514431,0.524737,0.407123,0.402125,0.321274,0.478406,0.423965,0.279502,0.644742,0.617368,0,0,0,0,0.355006,0.99612,0.270688,0.993393,0,0,0,0,0,0,0,0,0,0,0.558906,0.35581,0.644738,0.421201,0.482241,0.282236,0.69226,0.432115
0.603351,0.453871,0.52517,0.516553,0.416325,0.402107,0.325877,0.478417,0.423999,0.287673,0.663136,0.614643,0,0,0,0,0.361137,0.99612,0.272224,0.993394,0,0,0,0,0,0,0,0,0,0,0.568086,0.363967,0.652402,0.426621,0.485321,0.287663,0.699919,0.44572
0.607925,0.459362,0.529763,0.521992,0.417861,0.415726,0.332005,0.492026,0.4286,0.295813,0.6708,0.617373,0,0,0,0,0,0,0,0,0,0,0,0,0,0,0,0,0,0,0.574207,0.369416,0.655472,0.429317,0.491432,0.293095,0.693801,0.448448
0.60643,0.462021,0.52517,0.527455,0.411728,0.423908,0.330478,0.497483,0.43012,0.298548,0.6662,0.620095,0,0,0,0,0,0,0,0,0,0,0,0,0,0,0,0,0,0,0.574224,0.369448,0.655448,0.429325,0.488375,0.298572,0.695333,0.453896
0.606392,0.462092,0.526708,0.527448,0.417854,0.426625,0.332004,0.500214,0.430115,0.301273,0.660074,0.620099,0.65701,0.919821,0,0,0.371866,0.994756,0.298283,0.941623,0,0,0,0,0,0,0,0,0,0,0.571154,0.372116,0.65242,0.429382,0.486843,0.304018,0.692268,0.453903
0.606411,0.462073,0.529761,0.524717,0.419386,0.426628,0.330471,0.511095,0.427053,0.309441,0.661606,0.617375,0.652416,0.93344,0.681546,0.79177,0.368803,0.994756,0.298283,0.925272,0,0,0,0,0.43012,0.994758,0,0,0,0,0.571157,0.372126,0.653926,0.429401,0.48683,0.309456,0.69381,0.459343
0.607947,0.462049,0.529769,0.52744,0.419393,0.429348,0.32895,0.511101,0.433177,0.309447,0.663133,0.622818,0.653926,0.933433,0.689193,0.778133,0.365737,0.994756,0.295216,0.996119,0,0,0,0,0,0,0,0,0,0,0.574209,0.366705,0.655483,0.429356,0.489899,0.306721,0.695351,0.453892
0.607952,0.459327,0.531295,0.521994,0.419387,0.421194,0.330481,0.513832,0.434729,0.306761,0.663139,0.61464,0.650879,0.933467,0.686142,0.79448,0.368803,0.994756,0.30135,0.996118,0,0,0,0,0,0,0,0,0,0,0.575754,0.364004,0.65698,0.426659,0.488386,0.306738,0.699919,0.445722
0.606427,0.453912,0.531305,0.516547,0.417854,0.42118,0.3412,0.519287,0.437795,0.309486,0.669269,0.606472,0.65394,0.92255,0.689208,0.794476,0.367269,0.994756,0.29675,0.996119,0,0,0,0,0,0,0,0,0,0,0.574225,0.361214,0.655476,0.4239,0.489916,0.301278,0.696868,0.44844
0.604875,0.451143,0.529774,0.516553,0.414795,0.432083,0.342731,0.524736,0.442383,0.312195,0.667735,0.609195,0.652416,0.933435,0.689186,0.799959,0,0,0,0,0,0,0,0,0,0,0,0,0,0,0.571176,0.355783,0.655458,0.421149,0.488367,0.29313,0.695341,0.445741
0.594177,0.429406,0.534364,0.530191,0.417856,0.453877,0.342733,0.519291,0.451574,0.317649,0.660074,0.611918,0.653924,0.930738,0.684597,0.802637,0,0,0,0,0,0,0,0,0,0,0,0,0,0,0.563482,0.342147,0.647803,0.40208,0.485313,0.287668,0.686136,0.451171
0.592627,0.429354,0.526699,0.541088,0.413264,0.462051,0.341201,0.516562,0.448535,0.333976,0.646275,0.647345,0.650878,0.936166,0.683055,0.799952,0,0,0,0,0,0,0,0,0,0,0,0,0,0,0.560416,0.339418,0.644762,0.399342,0.485309,0.257689,0.684609,0.445703
0.581877,0.423887,0.520562,0.557441,0.38413,0.464799,0.335074,0.530181,0.454638,0.402117,0.652404,0.658242,0.646278,0.933437,0.675383,0.810845,0,0,0,0,0,0,0,0,0,0,0,0,0,0,0.551222,0.339475,0.637068,0.39667,0.477637,0.279498,0.678483,0.464795
0.577296,0.423861,0.515974,0.568313,0.385663,0.470238,0.332012,0.551977,0.445444,0.413002,0.646274,0.660969,0.646288,0.930736,0.673864,0.813547,0,0,0,0,0,0,0,0,0,0,0,0,0,0,0.546654,0.339434,0.630956,0.39666,0.485317,0.295837,0.678438,0.464755
0.571174,0.418476,0.540489,0.568309,0.413261,0.497484,0.333542,0.530176,0.443916,0.415723,0.666202,0.628273,0.647798,0.927978,0.672339,0.802673,0,0,0,0,0,0,0,0,0,0,0,0,0,0,0.543568,0.3394,0.626332,0.393916,0.480714,0.30129,0.683058,0.448435
0.569616,0.413002,0.538965,0.565599,0.417856,0.508381,0.332013,0.524747,0.445443,0.418448,0.6708,0.611931,0.653928,0.895324,0.669266,0.78633,0,0,0,0,0,0,0,0,0,0,0,0,0,0,0.54204,0.339418,0.623297,0.388465,0.480708,0.309462,0.681548,0.445687
0.561968,0.407584,0.532842,0.56289,0.40406,0.486583,0.327415,0.521997,0.448523,0.407546,0.678468,0.639171,0.649339,0.938898,0.663129,0.789009,0,0,0,0,0,0,0,0,0,0,0,0,0,0,0.534343,0.334004,0.6187,0.383005,0.468446,0.304029,0.686142,0.426641
0.560428,0.407556,0.532841,0.573769,0.405587,0.494771,0.328953,0.516546,0.44853,0.402114,0.676929,0.625543,0.647808,0.933473,0.660094,0.783588,0,0,0,0,0,0,0,0,0,0,0,0,0,0,0.531313,0.328547,0.618682,0.380368,0.479171,0.301316,0.681554,0.440235
0.560436,0.404842,0.5267,0.54379,0.408661,0.475663,0.324337,0.492035,0.430133,0.380311,0.678458,0.617369,0.647818,0.944354,0.660102,0.780849,0,0,0,0,0,0,0,0,0,0,0,0,0,0,0.529757,0.320354,0.618684,0.380359,0.47765,0.29314,0.681541,0.445706
0.560448,0.404853,0.529765,0.543813,0.417854,0.464782,0.290617,0.492014,0.430129,0.347624,0.679999,0.641893,0,0,0,0,0,0,0,0,0,0,0,0,0,0,0,0,0,0,0.529766,0.320419,0.620204,0.383001,0.476113,0.30404,0.683057,0.440263
0.563483,0.407575,0.528232,0.524725,0.410187,0.4103,0.272217,0.456606,0.404055,0.304036,0.664667,0.58468,0,0,0,0,0,0,0,0,0,0,0,0,0,0,0,0,0,0,0.534347,0.336722,0.620192,0.383063,0.476103,0.309491,0.680016,0.44842
0.561972,0.407599,0.528224,0.519274,0.405595,0.402112,0.24157,0.442998,0.397946,0.2986,0.672332,0.630994,0.650876,0.947058,0.658531,0.78086,0,0,0,0,0,0,0,0,0,0,0,0,0,0,0.532823,0.334019,0.620196,0.383059,0.474571,0.30944,0.680012,0.445678
0.563486,0.407586,0.532826,0.519284,0.407128,0.396665,0.249225,0.442988,0.396385,0.301272,0.664668,0.62827,0.652408,0.952518,0.660061,0.789046,0,0,0,0,0,0,0,0,0,0,0,0,0,0,0.532809,0.33397,0.621733,0.383026,0.473055,0.30946,0.681546,0.448453
0.56503,0.407583,0.531302,0.516559,0.410196,0.399384,0.256897,0.448443,0.396381,0.301303,0.65854,0.630996,0.649337,0.933451,0.658547,0.797197,0,0,0,0,0,0,0,0,0,0,0,0,0,0,0.532835,0.331284,0.623275,0.383012,0.473035,0.309433,0.681528,0.44843
0.560424,0.399384,0.528239,0.530175,0.408663,0.421178,0.259958,0.486592,0.396395,0.317638,0.658535,0.65552,0.653934,0.966159,0.658526,0.816291,0,0,0,0,0,0,0,0,0,0,0,0,0,0,0.529751,0.317669,0.620191,0.372149,0.474587,0.301284,0.680014,0.432087
0.557359,0.380333,0.523629,0.551975,0.404062,0.440264,0.281417,0.470221,0.397918,0.320372,0.647809,0.66369,0.646272,0.94706,0.658537,0.846271,0,0,0,0,0,0,0,0,0,0,0,0,0,0,0.526707,0.306717,0.61255,0.355819,0.473042,0.295848,0.676942,0.426614
0.546634,0.342137,0.517503,0.543798,0.402527,0.445707,0.298283,0.527452,0.401,0.336712,0.621743,0.622822,0,0,0,0,0.351939,0.996119,0,0,0,0,0,0,0.420924,0.994758,0,0,0,0,0.517506,0.271305,0.606437,0.32038,0.462307,0.27134,0.666208,0.399377
0.542033,0.325816,0.514433,0.55198,0.407125,0.448435,0.30135,0.505653,0.396392,0.339441,0.620213,0.620098,0,0,0,0,0.364204,0.99612,0.296751,0.881674,0,0,0,0,0.427056,0.994758,0,0,0,0,0.509862,0.252308,0.603349,0.309456,0.459245,0.2686,0.664663,0.391204
0.531285,0.298592,0.509838,0.535625,0.394861,0.44026,0.284486,0.527463,0.393316,0.339447,0.62788,0.622823,0,0,0,0,0.351937,0.99612,0.275287,0.933445,0,0,0,0,0.420923,0.994759,0,0,0,0,0.505237,0.233183,0.592626,0.28766,0.451578,0.254977,0.656997,0.383001
0.526724,0.290412,0.506768,0.541068,0.385665,0.440265,0.270686,0.557424,0.377998,0.361247,0.626343,0.620106,0,0,0,0,0.339675,0.99612,0.269155,0.881674,0,0,0,0,0.393328,0.99476,0,0,0,0,0.500648,0.225041,0.588023,0.276791,0.451592,0.246766,0.655482,0.377608
0.523631,0.27406,0.506778,0.530172,0.393332,0.434815,0.267626,0.5547,0.371868,0.372157,0.624812,0.603744,0.667746,0.601003,0.744386,0.560144,0.342739,0.996119,0.269158,0.878952,0,0,0,0,0.391795,0.99476,0,0,0,0,0.497584,0.211359,0.583424,0.265883,0.454643,0.246826,0.65087,0.377578
0.523646,0.271354,0.503713,0.524733,0.391797,0.429357,0.261497,0.551975,0.365734,0.377589,0.624812,0.603742,0,0,0,0,0.341209,0.99612,0,0,0,0,0,0,0,0,0,0,0,0,0.497596,0.208631,0.583428,0.263144,0.453106,0.244053,0.649329,0.380269
0.52515,0.271347,0.503706,0.522004,0.397927,0.429348,0.255357,0.562875,0.368807,0.3667,0.618683,0.584673,0.686133,0.611924,0.739787,0.565602,0.344275,0.996121,0.269154,0.9389,0,0,0,0,0.393328,0.99476,0,0,0,0,0.497601,0.208644,0.583439,0.263119,0.451591,0.241346,0.649336,0.377611
0.525185,0.271336,0.502182,0.521995,0.396402,0.426636,0.258428,0.554697,0.367269,0.372148,0.618677,0.581948,0,0,0,0,0.345806,0.996122,0.272223,0.941619,0,0,0,0,0.397927,0.994763,0,0,0,0,0.499119,0.208665,0.584955,0.263138,0.456171,0.238635,0.649354,0.377611
0.525182,0.27408,0.509836,0.527447,0.40406,0.43482,0.253828,0.549251,0.368806,0.38031,0.621738,0.598291,0,0,0,0,0.345804,0.996121,0.272222,0.903472,0,0,0,0,0.396398,0.994761,0,0,0,0,0.502166,0.211369,0.59109,0.268605,0.448509,0.25496,0.652403,0.380354
0.52515,0.276808,0.508302,0.527467,0.405591,0.434821,0.255357,0.543796,0.368798,0.388481,0.615613,0.603737,0,0,0,0,0.344271,0.996121,0.270691,0.898023,0.258428,0.541082,0,0,0.391798,0.99476,0,0,0,0,0.502171,0.214096,0.589556,0.271331,0.446989,0.252235,0.652413,0.382997
0.515975,0.293073,0.508294,0.527462,0.407122,0.440255,0.258427,0.527461,0.371859,0.388487,0.617147,0.598308,0,0,0,0,0.342737,0.996121,0.272224,0.914373,0,0,0,0,0.391794,0.99612,0,0,0,0,0.49605,0.225013,0.581869,0.284912,0.451591,0.24409,0.646293,0.388467
0.509829,0.298551,0.500646,0.530187,0.405597,0.442977,0.259954,0.532905,0.368796,0.393913,0.604888,0.603742,0,0,0,0,0.341204,0.996121,0.267626,0.927995,0,0,0,0,0.391796,0.996121,0,0,0,0,0.494489,0.227745,0.575772,0.290359,0.45006,0.241334,0.643225,0.396686
0.500626,0.306762,0.497582,0.53292,0.404065,0.451164,0.259953,0.522006,0.361131,0.396673,0.603356,0.59829,0,0,0,0,0.339675,0.996122,0.270693,0.933445,0,0,0,0,0.390262,0.996121,0,0,0,0,0.486841,0.23316,0.569611,0.295876,0.443909,0.254972,0.641683,0.399412
0.499101,0.312145,0.49451,0.54108,0.396394,0.451175,0.259959,0.524729,0.353462,0.402109,0.60028,0.60648,0,0,0,0,0.335074,0.996122,0.267626,0.933448,0,0,0,0,0.379533,0.99612,0,0,0,0,0.485336,0.233179,0.569603,0.301286,0.451575,0.227739,0.637081,0.404859
0.502166,0.314935,0.492979,0.543786,0.394862,0.445696,0.255365,0.549253,0.344287,0.404856,0.594157,0.622813,0,0,0,0,0.336609,0.996121,0.267624,0.93072,0,0,0,0,0.390261,0.996121,0,0,0,0,0.488387,0.241348,0.571144,0.309437,0.450053,0.246782,0.640126,0.404869
0.505232,0.317623,0.496042,0.53564,0.393337,0.445707,0.258429,0.549258,0.339677,0.421198,0.603351,0.611913,0,0,0,0,0.330476,0.996121,0.264552,0.927992,0,0,0,0,0.382599,0.99612,0,0,0,0,0.489924,0.2441,0.571162,0.312149,0.451576,0.249548,0.640124,0.404877
0.508289,0.325806,0.497581,0.543803,0.391795,0.453869,0.30595,0.472954,0.342732,0.426618,0.609481,0.62283,0.630954,0.949794,0.657008,0.857134,0.301349,0.876231,0.253826,0.821732,0,0,0,0,0.328943,0.99612,0,0,0,0,0.491453,0.249522,0.574214,0.314932,0.451581,0.249497,0.641654,0.407577
0.508312,0.331242,0.499103,0.546523,0.393326,0.456608,0.25536,0.554702,0,0,0.611021,0.625548,0.630957,0.949809,0.658543,0.846253,0.301348,0.889852,0,0,0,0,0,0,0.327412,0.99612,0,0,0,0,0.492957,0.249542,0.574222,0.317608,0.448532,0.246812,0.640151,0.410273
0.508309,0.334008,0.497564,0.541072,0.388731,0.451168,0.247698,0.56287,0.341212,0.429384,0.61715,0.6201,0.630929,0.95797,0.653931,0.868062,0.318214,0.996122,0.261494,0.933453,0,0,0,0,0.330477,0.996119,0,0,0,0,0.492957,0.252196,0.574215,0.317667,0.450064,0.246797,0.640153,0.410272
0.508289,0.33396,0.492985,0.546513,0.388726,0.456617,0.247692,0.565601,0.339686,0.432077,0.606416,0.62554,0.630932,0.957981,0.647805,0.878956,0.321282,0.996123,0.264557,0.936169,0,0,0,0,0.325876,0.99612,0,0,0,0,0.489925,0.249568,0.572701,0.317658,0.450039,0.24952,0.640133,0.410301
0.505229,0.331247,0.489913,0.541085,0.388731,0.448444,0.252299,0.51928,0,0,0.600289,0.625554,0.62941,0.955245,0.649347,0.8735,0.327411,0.996124,0.264561,0.92255,0,0,0,0,0.355004,0.996119,0,0,0,0,0.488378,0.249526,0.571148,0.317632,0.450067,0.246798,0.637066,0.413008
0.502166,0.328552,0.489916,0.543794,0.387197,0.451155,0.252291,0.519281,0.33815,0.426627,0.598753,0.62555,0.627867,0.947085,0.650874,0.86806,0.332011,0.996124,0.267619,0.922552,0,0,0,0,0.373401,0.99612,0,0,0,0,0.486831,0.249535,0.5696,0.317621,0.448525,0.246784,0.63554,0.415715
0.496059,0.331281,0.488374,0.538352,0.384135,0.445707,0.24923,0.535624,0.333553,0.429344,0.597216,0.620089,0,0,0,0,0.318216,0.996123,0.252294,0.930726,0,0,0,0,0.322811,0.99612,0,0,0,0,0.483793,0.249527,0.563504,0.320358,0.450037,0.23862,0.632472,0.421195
0.496036,0.334011,0.486836,0.538359,0.379537,0.44842,0.250762,0.54108,0.328943,0.429336,0.595683,0.620088,0,0,0,0,0.310549,0.996123,0.246159,0.933442,0,0,0,0,0.316681,0.99612,0,0,0,0,0.483786,0.249569,0.561965,0.323085,0.446993,0.244072,0.632469,0.421197
0.497561,0.339471,0.485299,0.541061,0.377996,0.451152,0.295218,0.486584,0.313618,0.434815,0.592616,0.622829,0,0,0,0,0.298283,0.876229,0.255357,0.917095,0,0,0,0,0,0,0,0,0,0,0.485288,0.252268,0.566548,0.334016,0.445435,0.246774,0.630937,0.426636
0.499103,0.342177,0.483778,0.543793,0.376473,0.456601,0.238496,0.598294,0.29214,0.432089,0.595688,0.622832,0,0,0,0,0,0,0,0,0,0,0,0,0,0,0,0,0,0,0.486827,0.252322,0.56961,0.336736,0.448518,0.244082,0.630934,0.429321
