0.468448,0.532885,0.503705,0.669161,0.32588,0.685491,0.243092,0.994757,0.410195,0.994756,0.68766,0.66641,0.778116,0.881676,0.535895,0.848986,0,0,0,0,0,0,0,0,0,0,0,0,0,0,0.414797,0.459335,0.531305,0.459348,0.355009,0.456626,0.655473,0.448446
0.47152,0.535645,0.502184,0.669148,0.321281,0.707288,0.261487,0.919822,0.400994,0.982494,0.686125,0.658244,0.767388,0.87623,0.519038,0.819018,0,0,0,0,0,0,0,0,0,0,0,0,0,0,0.417867,0.459345,0.534361,0.462035,0.362661,0.448447,0.656996,0.44845
0.473042,0.538366,0.503706,0.680043,0.319753,0.723642,0.278357,0.994758,0.434721,0.996119,0.68767,0.666402,0.75819,0.89529,0.520564,0.799925,0,0,0,0,0,0,0,0,0,0,0,0,0,0,0.42091,0.462045,0.53438,0.462088,0.364207,0.451149,0.658518,0.453888
0.466926,0.549271,0.500643,0.674599,0.32894,0.671869,0.272229,0.941615,0.420926,0.786312,0.68306,0.669141,0.74132,0.889858,0.503704,0.780853,0,0,0,0,0,0,0,0,0,0,0,0,0,0,0.411751,0.467507,0.535887,0.47566,0.361117,0.467515,0.655461,0.470215
0.473042,0.56016,0.509843,0.680038,0.345808,0.669136,0.259957,0.870772,0.393323,0.671863,0.686125,0.669122,0.745918,0.887125,0.494508,0.756328,0,0,0,0,0,0,0,0,0,0,0,0,0,0,0.408668,0.467459,0.535896,0.472981,0.361129,0.4675,0.655472,0.470244
0.505233,0.541092,0.500642,0.712735,0.355002,0.745438,0.269162,0.829897,0.396394,0.611926,0.684595,0.663677,0.753592,0.878939,0.505233,0.707298,0,0,0,0,0,0,0,0,0,0,0,0,0,0,0.45619,0.459339,0.548169,0.472974,0.376474,0.429353,0.65547,0.470263
0.519028,0.53016,0.519036,0.690939,0.370335,0.737261,0.275292,0.799945,0.411721,0.5329,0.68,0.655529,0.759722,0.846246,0.542034,0.647332,0,0,0,0,0,0,0,0,0,0,0,0,0,0,0.480708,0.399368,0.551233,0.475663,0.381068,0.429374,0.657003,0.467525
0.509836,0.500203,0.506773,0.748162,0.361134,0.745433,0.286016,0.791756,0.446985,0.451158,0.661604,0.731809,0.761246,0.789039,0.543568,0.573775,0,0,0,0,0,0,0,0,0,0,0,0,0,0,0.404068,0.399385,0.565018,0.434829,0,0,0.660066,0.451178
0.523633,0.426636,0.542027,0.677315,0.379531,0.690939,0.287559,0.77814,0.443931,0.404827,0.681529,0.685495,0.78425,0.704567,0.560425,0.513824,0,0,0,0,0,0,0,0,0,0,0,0,0,0,0,0,0.574222,0.391214,0,0,0.663133,0.42117
0.522098,0.432086,0.545096,0.707285,0.381065,0.712745,0.289084,0.799938,0.443917,0.415731,0.684601,0.707294,0.785767,0.67731,0.57269,0.500196,0,0,0,0,0,0,0,0,0,0,0,0,0,0,0.488376,0.312185,0.574224,0.377603,0,0,0.661609,0.388482
0.506771,0.432081,0.542024,0.688218,0.377998,0.693666,0.292155,0.819014,0.433178,0.426625,0.68613,0.707295,0.782701,0.666427,0.569625,0.489322,0,0,0,0,0,0,0,0,0,0,0,0,0,0,0.486841,0.309461,0.560435,0.377582,0.405592,0.385763,0.660078,0.388498
0.520573,0.467493,0.540498,0.682767,0.374933,0.666419,0.296745,0.838089,0.422463,0.432087,0.687665,0.723635,0.779639,0.666434,0.565023,0.492028,0,0,0,0,0,0,0,0,0,0,0,0,0,0,0.485316,0.470233,0.546614,0.372156,0,0,0.65701,0.372147
0.499108,0.538347,0.538966,0.699111,0.385664,0.669142,0.287549,0.83809,0.408673,0.442964,0.679999,0.737258,0.775039,0.669136,0.557357,0.49204,0,0,0,0,0,0,0,0,0,0,0,0,0,0,0.45925,0.459336,0.546634,0.377605,0.416326,0.393936,0.655473,0.404844
0.494517,0.532892,0.525169,0.658247,0.373404,0.652793,0.275283,0.840783,0.39487,0.437523,0.67693,0.69639,0.771985,0.650065,0.554295,0.481136,0,0,0,0,0,0,0,0,0,0,0,0,0,0,0.446985,0.347614,0.554281,0.374881,0,0,0.646275,0.391207
0.494497,0.53016,0.525163,0.663689,0.3734,0.655516,0.273759,0.840788,0.388722,0.434803,0.675398,0.696395,0.773507,0.636435,0.555831,0.470233,0,0,0,0,0,0,0,0,0,0,0,0,0,0,0.446991,0.426619,0.551219,0.372151,0,0,0.64474,0.391205
0.482247,0.483841,0.526696,0.663691,0.371866,0.655519,0.270694,0.840817,0.382604,0.440279,0.6754,0.696386,0.771983,0.625555,0.552766,0.462066,0,0,0,0,0,0,0,0,0,0,0,0,0,0,0.445452,0.344895,0.545102,0.366667,0.377998,0.263158,0.647808,0.385759
0.485303,0.42118,0.526702,0.67187,0.371866,0.663689,0.267633,0.838092,0.376465,0.442973,0.686129,0.707289,0.775044,0.620104,0.560425,0.442991,0,0,0,0,0,0,0,0,0,0,0,0,0,0,0.450046,0.314905,0.549702,0.355788,0.368807,0.279495,0.640142,0.383042
0.488369,0.475683,0.52977,0.680043,0.370337,0.677316,0.266082,0.840803,0.374934,0.445738,0.686132,0.710018,0.787311,0.606485,0.578817,0.429374,0,0,0,0,0,0,0,0,0,0,0,0,0,0,0.448519,0.391208,0.555828,0.342149,0.399456,0.366687,0.632479,0.402114
0.506758,0.464788,0.532829,0.680044,0.3734,0.660973,0.263033,0.846239,0.374931,0.453885,0.699926,0.710013,0.804163,0.603754,0.603355,0.418471,0,0,0,0,0,0,0,0,0,0,0,0,0,0,0.468442,0.383023,0.574214,0.333987,0.376472,0.312188,0.637077,0.383048
0.517493,0.464765,0.534365,0.704556,0.370333,0.682765,0.264564,0.857139,0.370336,0.464776,0.698398,0.720915,0.810297,0.614652,0.607944,0.418467,0,0,0,0,0,0,0,0,0,0,0,0,0,0,0.471506,0.377581,0.574231,0.342156,0.396388,0.377585,0.64321,0.396666
0.517498,0.472945,0.529763,0.696388,0.364202,0.677315,0.276819,0.887121,0.373417,0.486564,0.690731,0.704567,0.813362,0.630982,0.611022,0.432069,0,0,0,0,0,0,0,0,0,0,0,0,0,0,0.477639,0.383017,0.566555,0.388499,0.379542,0.317632,0.643211,0.423915
0.515962,0.472959,0.529765,0.696388,0.371864,0.696388,0.287554,0.900731,0.373403,0.494779,0.692267,0.712739,0.813383,0.620094,0.611017,0.437545,0,0,0,0,0,0,0,0,0,0,0,0,0,0,0.47151,0.38305,0.565025,0.393947,0.388743,0.339465,0.640145,0.426638
0.512906,0.478401,0.53283,0.688213,0.371863,0.690939,0.289086,0.900751,0.37339,0.500212,0.695327,0.70184,0.817968,0.62554,0.621741,0.437544,0,0,0,0,0,0,0,0,0,0,0,0,0,0,0.454657,0.380327,0.565021,0.396671,0.39333,0.372137,0.647805,0.43209
0.526696,0.475685,0.523635,0.66369,0.35347,0.647351,0.278354,0.898034,0.358069,0.489315,0.698394,0.688219,0.82716,0.625542,0.621747,0.42663,0,0,0,0,0,0,0,0,0,0,0,0,0,0,0.465388,0.350353,0.583423,0.415738,0.396388,0.344879,0.652402,0.432082
0.506771,0.451159,0.526706,0.680041,0.364201,0.674597,0.275292,0.898026,0.338153,0.481133,0.698395,0.696386,0.837887,0.628281,0.637075,0.413011,0,0,0,0,0,0,0,0,0,0,0,0,0,0,0.439315,0.369427,0.546629,0.350335,0.371874,0.372147,0.653937,0.407564
0.505247,0.467489,0.525162,0.693663,0.353469,0.677313,0.269162,0.862607,0.313606,0.464758,0.701462,0.704563,0.845564,0.628255,0.657,0.423916,0,0,0,0,0,0,0,0,0,0,0,0,0,0,0.439312,0.402052,0.546629,0.34217,0.367268,0.383044,0.652407,0.402115
0.509835,0.467487,0.52363,0.685487,0.353475,0.666421,0.25229,0.843516,0.310535,0.448437,0.693801,0.696389,0.842501,0.639178,0.663142,0.429332,0,0,0,0,0,0,0,0,0,0,0,0,0,0,0.442389,0.396661,0.558891,0.347598,0.3642,0.410274,0.66007,0.426635
0.509846,0.467471,0.52517,0.688209,0.358075,0.674596,0.263031,0.851714,0.319748,0.451161,0.695333,0.696399,0.844032,0.647333,0.661611,0.429372,0,0,0,0,0,0,0,0,0,0,0,0,0,0,0.4424,0.388474,0.560437,0.347634,0.36726,0.393926,0.657,0.41301
0.50985,0.470225,0.52516,0.696389,0.356541,0.666419,0.263026,0.87351,0.321275,0.470221,0.696866,0.712736,0.851692,0.660981,0.661602,0.451149,0,0,0,0,0,0,0,0,0,0,0,0,0,0,0.442393,0.388479,0.577283,0.344886,0.370334,0.404828,0.65854,0.423911
0.503699,0.470248,0.525171,0.688214,0.362665,0.663697,0.261488,0.876215,0.319744,0.472955,0.698398,0.710013,0.84404,0.66914,0.658533,0.456621,0,0,0,0,0,0,0,0,0,0,0,0,0,0,0.440847,0.38849,0.565035,0.36124,0.370331,0.407548,0.660069,0.423912
0.499101,0.472966,0.522099,0.69639,0.36114,0.663695,0.261489,0.878952,0.321271,0.46753,0.692267,0.715461,0.847087,0.671855,0.652403,0.459335,0,0,0,0,0,0,0,0,0,0,0,0,0,0,0.436258,0.391228,0.557357,0.374844,0.370347,0.404858,0,0
0.497565,0.478388,0.520569,0.701844,0.356535,0.666423,0.259954,0.878946,0.322799,0.472954,0.692264,0.723638,0.842496,0.67186,0.640143,0.470226,0,0,0,0,0,0,0,0,0,0,0,0,0,0,0.434718,0.391236,0.569623,0.347616,0.368813,0.402136,0.663139,0.391211
0.492976,0.478424,0.5221,0.715465,0.358072,0.69366,0.259956,0.870788,0.328944,0.478415,0.690731,0.731808,0.845571,0.67731,0.629407,0.467496,0,0,0,0,0,0,0,0,0,0,0,0,0,0,0.431641,0.393948,0.560428,0.361249,0.364198,0.418445,0.657011,0.385777
0.489916,0.483823,0.514435,0.704572,0.356537,0.671873,0.25843,0.843544,0.336617,0.462036,0.687664,0.729078,0.850166,0.660972,0.629421,0.481116,0,0,0,0,0,0,0,0,0,0,0,0,0,0,0.430127,0.391198,0.555832,0.374864,0.36726,0.396654,0.660064,0.391224
0.492987,0.475683,0.514436,0.69367,0.351937,0.663702,0.247688,0.832638,0.336608,0.453864,0.690736,0.704575,0.863959,0.65823,0.643203,0.481127,0,0,0,0,0,0,0,0,0,0,0,0,0,0,0.433189,0.385781,0.561967,0.377579,0.364215,0.391233,0.660077,0.388486
0.500634,0.470228,0.515968,0.696394,0.348873,0.677316,0.236964,0.813576,0.32436,0.442989,0.69533,0.701837,0.88848,0.660959,0.663135,0.500211,0,0,0,0,0,0,0,0,0,0,0,0,0,0,0.437787,0.3858,0.580347,0.383069,0.367278,0.380288,0.672333,0.380325
0.506768,0.470266,0.526698,0.699115,0.362668,0.68822,0.221633,0.802658,0.315141,0.445711,0.699931,0.70729,0.905354,0.671862,0.693804,0.494755,0,0,0,0,0,0,0,0,0,0,0,0,0,0,0.443924,0.388465,0.560427,0.383079,0.37493,0.380334,0.643203,0.41029
0.517504,0.470205,0.537431,0.707304,0.367268,0.699109,0.206313,0.802642,0.305943,0.445691,0.712191,0.742706,0.91609,0.750869,0.730582,0.527448,0,0,0,0,0,0,0,0,0,0,0,0,0,0,0.44851,0.385799,0.583437,0.380322,0.362676,0.383045,0.678465,0.418454
0.497586,0.464801,0.538963,0.712739,0.376465,0.70183,0.209381,0.79719,0.298297,0.451146,0.707589,0.734532,0.909959,0.884399,0.788837,0.579216,0,0,0,0,0,0,0,0,0,0,0,0,0,0,0.436272,0.38308,0.558881,0.369388,0.371868,0.40484,0.675388,0.399392
0.491454,0.467519,0.532838,0.710027,0.378004,0.701843,0.210897,0.799918,0.299819,0.448414,0.702999,0.734528,0.903818,0.868052,0.776577,0.565595,0,0,0,0,0,0,0,0,0,0,0,0,0,0,0.43012,0.393918,0.546651,0.377585,0.370335,0.426652,0.676931,0.388473
0.492963,0.470242,0.529768,0.70184,0.376464,0.701854,0.206305,0.805399,0.295229,0.448414,0.695329,0.70457,0.899216,0.854418,0.758171,0.538353,0,0,0,0,0,0,0,0,0,0,0,0,0,0,0.430134,0.391232,0.54818,0.377614,0.368799,0.426633,0.672341,0.421203
0.494499,0.467525,0.526699,0.688214,0.373396,0.682765,0.203242,0.805372,0.289087,0.432107,0.693801,0.693658,0.890007,0.854408,0.799577,0.61462,0,0,0,0,0,0,0,0,0,0,0,0,0,0,0.431657,0.388473,0.549701,0.374893,0.371862,0.421179,0.672351,0.410291
0.492963,0.467477,0.52671,0.685486,0.373401,0.682768,0.20476,0.80538,0.281416,0.426614,0.695327,0.690938,0.890008,0.848972,0.755115,0.519283,0,0,0,0,0,0,0,0,0,0,0,0,0,0,0.430127,0.385798,0.546656,0.377553,0.367272,0.426649,0.675388,0.410299
0.477646,0.481136,0.523642,0.677319,0.367272,0.669136,0.210902,0.832627,0.266093,0.426652,0.69686,0.688226,0.893086,0.851707,0.753584,0.546506,0,0,0,0,0,0,0,0,0,0,0,0,0,0,0.42398,0.399357,0.537428,0.388492,0.365749,0.426604,0.666197,0.426671
0.47304,0.486559,0.5221,0.669152,0.358069,0.652785,0.212444,0.857158,0.256889,0.43752,0.698394,0.69639,0.891555,0.862591,0.758171,0.549253,0,0,0,0,0,0,0,0,0,0,0,0,0,0,0.422432,0.399382,0.532838,0.393942,0.365734,0.407564,0.664674,0.432109
0.473029,0.48661,0.52057,0.66643,0.353471,0.641899,0.21703,0.878964,0.223166,0.442987,0.695337,0.701845,0.891554,0.865334,0.759713,0.551952,0,0,0,0,0,0,0,0,0,0,0,0,0,0,0.422436,0.399409,0.532838,0.399349,0.370327,0.413017,0.661604,0.440262
0.47305,0.489262,0.517506,0.663685,0.344278,0.633724,0.221631,0.903492,0.207831,0.486569,0.692269,0.696386,0.890032,0.87348,0.762774,0.554702,0,0,0,0,0,0,0,0,0,0,0,0,0,0,0.422464,0.399391,0.53438,0.399392,0.373385,0.418456,0.663129,0.442979
0.476102,0.489256,0.523625,0.660978,0.344268,0.620099,0.229298,0.922553,0.207831,0.538346,0.696859,0.701852,0.888499,0.876208,0.767393,0.557441,0,0,0,0,0,0,0,0,0,0,0,0,0,0,0.425502,0.399365,0.538953,0.399378,0.37185,0.421182,0.663151,0.440258
0.476134,0.489268,0.529762,0.701842,0.371863,0.660973,0.24003,0.996121,0.223164,0.769956,0.704524,0.723641,0.893077,0.895311,0.77658,0.590135,0,0,0,0,0,0,0,0,0,0,0,0,0,0,0.427047,0.399417,0.540498,0.402065,0.373422,0.418468,0.673856,0.429334
0.479179,0.486608,0.528237,0.69638,0.365737,0.644626,0.227764,0.994758,0.21397,0.873499,0.706066,0.731814,0.891558,0.900725,0.785781,0.609183,0,0,0,0,0,0,0,0,0,0,0,0,0,0,0.427062,0.399401,0.543549,0.402065,0.37646,0.421164,0.676929,0.429332
0.479194,0.489257,0.531293,0.704554,0.364203,0.660963,0.194038,0.994757,0,0,0.707584,0.742719,0.902283,0.90074,0.793433,0.628282,0,0,0,0,0,0,0,0,0,0,0,0,0,0,0.427079,0.399419,0.545079,0.402091,0.378005,0.421172,0.675402,0.426641
0.480715,0.489278,0.523633,0.726362,0.365733,0.663688,0.178713,0.936176,0.206302,0.990668,0.707592,0.767229,0.905347,0.91165,0.794982,0.655517,0,0,0,0,0,0,0,0,0,0,0,0,0,0,0.428605,0.402082,0.545102,0.402132,0.37646,0.413016,0.679994,0.429375
0.482249,0.489312,0.538964,0.715456,0.358072,0.663701,0.187907,0.994755,0,0,0.710663,0.753619,0.916076,0.930715,0.788844,0.663682,0,0,0,0,0,0,0,0,0,0,0,0,0,0,0.430125,0.402124,0.546618,0.402156,0.376486,0.41573,0.678466,0.429397
0.485292,0.489275,0.54663,0.699118,0.358069,0.680044,0.200172,0.99476,0,0,0.733658,0.682764,0.934485,0.925277,0.811837,0.821739,0,0,0,0,0,0,0,0,0,0,0,0,0,0,0.43317,0.402122,0.548149,0.402143,0.376479,0.423899,0.680005,0.429342
0.485328,0.489284,0.552763,0.701841,0.356539,0.682769,0.217032,0.996122,0,0,0.765848,0.701831,0.937541,0.917104,0.807233,0.878959,0,0,0,0,0,0,0,0,0,0,0,0,0,0,0.434699,0.402139,0.549697,0.402143,0.37648,0.426634,0.681517,0.429342
0.488371,0.489275,0.549689,0.704573,0.3688,0.67459,0.217039,0.996122,0,0,0.753583,0.699109,0.925275,0.906199,0.764313,0.911638,0,0,0,0,0,0,0,0,0,0,0,0,0,0,0.43472,0.402141,0.549702,0.402156,0.376477,0.426638,0.68154,0.423914
0.488364,0.489325,0.538965,0.707296,0.365738,0.677322,0.236966,0.99612,0.400995,0.994758,0.745918,0.688215,0.893095,0.889858,0.635543,0.889858,0,0,0,0,0,0,0,0,0,0,0,0,0,0,0.434722,0.402167,0.551236,0.404822,0.376471,0.42936,0.683053,0.426645
0.489918,0.489349,0.529768,0.688213,0.367267,0.666418,0.246167,0.99612,0.485311,0.851713,0.722918,0.663698,0.863955,0.854441,0.594146,0.786332,0,0,0,0,0,0,0,0,0,0,0,0,0,0,0.434732,0.404879,0.554281,0.410268,0.376466,0.44024,0.681542,0.429395
0.491436,0.527427,0.554292,0.663696,0.381065,0.647349,0.275296,0.944349,0.428595,0.696389,0.716792,0.677314,0.80877,0.707275,0.59722,0.538345,0,0,0,0,0,0,0,0,0,0,0,0,0,0,0.431648,0.41848,0.566569,0.40481,0.374944,0.442964,0.686135,0.421191
0.466916,0.481111,0,0,0,0,0,0,0,0,0.707597,0.677313,0.807238,0.647338,0.561962,0.478405,0,0,0,0,0,0,0,0,0,0,0,0,0,0,0.425502,0.41575,0.555825,0.36669,0.374898,0.426642,0.683067,0.385782
0.468438,0.483845,0.545096,0.63099,0.365741,0.617382,0.272231,0.966134,0.394878,0.666407,0.709129,0.655523,0.804179,0.639154,0.557359,0.467495,0,0,0,0,0,0,0,0,0,0,0,0,0,0,0.423991,0.40482,0.555827,0.361233,0.370336,0.429352,0.681523,0.385779
0.468453,0.472951,0.5451,0.669144,0.370335,0.628274,0.279882,0.985223,0.391798,0.669175,0.710658,0.696392,0.798044,0.652795,0.558888,0.486564,0,0,0,0,0,0,0,0,0,0,0,0,0,0,0.425518,0.404824,0.55582,0.374871,0.371872,0.391211,0.684608,0.396665
0.479182,0.483845,0.546628,0.723643,0.379532,0.71274,0.284491,0.994756,0.384132,0.671882,0.710661,0.726367,0.802643,0.669143,0.557361,0.50838,0,0,0,0,0,0,0,0,0,0,0,0,0,0,0.423975,0.404828,0.558917,0.402068,0.373417,0.380304,0.684609,0.399405
0.486843,0.432096,0.549689,0.701833,0.390261,0.680045,0.287548,0.996123,0.370323,0.614632,0.718327,0.712734,0.8149,0.633708,0.563495,0.492028,0,0,0,0,0,0,0,0,0,0,0,0,0,0,0.425529,0.366685,0.561967,0.388505,0.367268,0.413005,0.687658,0.383073
0.48531,0.404841,0.548167,0.699109,0.381067,0.682766,0.281417,0.98522,0.368795,0.581951,0.715256,0.699113,0.822564,0.606457,0.57576,0.481117,0,0,0,0,0,0,0,0,0,0,0,0,0,0,0.425511,0.358535,0.571166,0.361203,0.378003,0.434844,0.687652,0.374872
0.477645,0.399418,0.549698,0.704555,0.407128,0.718192,0.2707,0.938902,0.362677,0.579242,0.713726,0.693664,0.828696,0.573775,0.58189,0.470231,0,0,0,0,0,0,0,0,0,0,0,0,0,0,0.423996,0.353064,0.569618,0.353042,0.377995,0.432114,0.686129,0.361274
0.474572,0.402125,0.548166,0.688212,0.402527,0.712735,0.261487,0.93343,0.355014,0.581947,0.713722,0.674597,0.828699,0.568331,0.586481,0.453879,0,0,0,0,0,0,0,0,0,0,0,0,0,0,0.423972,0.347614,0.571151,0.344875,0.377994,0.432072,0.684609,0.353055
0.47918,0.402123,0.549689,0.680044,0.400994,0.701838,0.249226,0.917099,0.359604,0.59012,0.715257,0.671869,0.833293,0.560157,0.592623,0.448438,0,0,0,0,0,0,0,0,0,0,0,0,0,0,0.422464,0.350337,0.566563,0.331285,0.377998,0.434813,0.684588,0.339472
0.459237,0.434818,0.549689,0.669137,0.391799,0.699115,0.238495,0.898023,0.359602,0.592854,0.71526,0.655511,0.831762,0.530189,0.607959,0.41573,0,0,0,0,0,0,0,0,0,0,0,0,0,0,0.425529,0.374866,0.565015,0.306767,0.385662,0.434805,0.676942,0.312199
0.460788,0.426614,0.546624,0.663694,0.39486,0.699116,0.230836,0.88986,0.356537,0.595552,0.716792,0.647338,0.828708,0.516547,0.604877,0.393941,0,0,0,0,0,0,0,0,0,0,0,0,0,0,0.425502,0.374824,0.555824,0.28767,0.379531,0.429359,0.670796,0.290388
0.46077,0.421166,0.548164,0.660976,0.394864,0.674587,0.229306,0.895301,0.348864,0.590123,0.716789,0.650069,0.817968,0.500212,0.604872,0.372135,0,0,0,0,0,0,0,0,0,0,0,0,0,0,0.422459,0.366693,0.554275,0.263145,0.376475,0.442983,0.66161,0.279493
0.463844,0.339429,0.548161,0.647342,0.393326,0.66097,0.226216,0.900762,0.347346,0.603726,0.712193,0.639173,0.807239,0.494757,0.58342,0.353061,0,0,0,0,0,0,0,0,0,0,0,0,0,0,0,0,0.5359,0.252255,0,0,0.657011,0.25227
0.440853,0.388478,0.548162,0.666419,0.396398,0.677321,0.217038,0.906212,0.327412,0.601025,0.709128,0.650072,0.793436,0.492028,0.557364,0.353067,0,0,0,0,0,0,0,0,0,0,0,0,0,0,0.410221,0.361222,0.522099,0.249477,0.374948,0.393942,0.655473,0.246807
0.423987,0.31763,0.532835,0.614647,0.373395,0.663688,0.206297,0.911648,0.29828,0.579223,0.701464,0.601019,0.788849,0.481129,0.554295,0.347609,0,0,0,0,0,0,0,0,0,0,0,0,0,0,0.388738,0.276771,0.486845,0.227736,0,0,0.637071,0.235907
0.424012,0.350332,0.531296,0.64734,0.373397,0.707285,0.195573,0.933452,0.30135,0.571058,0.704524,0.584673,0.810307,0.451163,0.568089,0.333983,0,0,0,0,0,0,0,0,0,0,0,0,0,0,0.38566,0.276754,0.480716,0.21684,0,0,0.626349,0.20866
0.42704,0.374855,0.525165,0.650062,0.361136,0.731807,0.200167,0.936182,0.27069,0.606478,0.689199,0.579221,0.844032,0.472959,0.578824,0.33945,0,0,0,0,0,0,0,0,0,0,0,0,0,0,0.38413,0.33401,0.476119,0.26587,0,0,0.61408,0.225004
0.410185,0.374862,0.525162,0.647349,0.35348,0.726374,0.200166,0.938899,0.256895,0.617381,0.692263,0.57377,0.916079,0.571065,0.627881,0.339444,0,0,0,0,0,0,0,0,0,0,0,0,0,0,0.373416,0.331266,0.460798,0.254962,0,0,0.611021,0.222278
0.388734,0.38031,0.534362,0.660962,0.3596,0.73726,0.21244,0.947077,0.255361,0.631006,0.709127,0.584675,0.934479,0.748154,0.739786,0.328547,0,0,0,0,0,0,0,0,0,0,0,0,0,0,0.359609,0.336685,0.433179,0.257717,0,0,0.620231,0.284936
0.407121,0.410296,0.549694,0.660961,0.384128,0.712733,0.24155,0.97161,0.253827,0.644632,0.715262,0.576502,0.886948,0.900738,0.822568,0.513827,0,0,0,0,0,0,0,0,0,0,0,0,0,0,0.373391,0.347628,0.45007,0.290401,0,0,0.630958,0.334001
0.427067,0.426667,0.554299,0.677319,0.394858,0.737257,0.243096,0.977048,0.240029,0.66098,0.715259,0.6201,0.908423,0.881679,0.814899,0.516568,0,0,0,0,0,0,0,0,0,0,0,0,0,0,0.391802,0.358505,0.483755,0.314944,0,0,0.655467,0.372151
0.445457,0.432058,0.546635,0.688209,0.387198,0.739982,0.253821,0.996129,0.224696,0.720919,0.713727,0.622815,0.925283,0.876232,0.824098,0.505655,0,0,0,0,0,0,0,0,0,0,0,0,0,0,0.407137,0.361268,0.506755,0.336688,0,0,0.669261,0.385763
0.454647,0.42938,0.549689,0.663693,0.391792,0.693659,0.246161,0.996124,0.20937,0.786305,0.724454,0.620105,0.934481,0.889857,0.854758,0.508384,0,0,0,0,0,0,0,0,0,0,0,0,0,0,0.41325,0.355801,0.52209,0.33672,0,0,0.678468,0.385761
0.460796,0.426641,0.554291,0.666405,0.393326,0.704571,0.25076,0.996124,0.200171,0.78086,0.732118,0.620105,0.93294,0.908922,0.876221,0.549248,0,0,0,0,0,0,0,0,0,0,0,0,0,0,0.422447,0.347638,0.531292,0.333998,0,0,0.681543,0.383057
0.473027,0.429396,0.545094,0.671877,0.353469,0.65008,0.252288,0.996127,0,0,0.727526,0.652787,0.916084,0.944351,0.873154,0.671875,0,0,0,0,0,0,0,0,0,0,0,0,0,0,0.425545,0.355749,0.543552,0.34222,0.38261,0.388472,0.692238,0.383058
0.46997,0.437533,0.543564,0.680038,0.347343,0.65551,0.250773,0.996127,0,0,0.732121,0.663693,0.883891,0.994761,0.883889,0.77541,0,0,0,0,0,0,0,0,0,0,0,0,0,0,0.423999,0.361203,0.54202,0.353088,0.374945,0.402052,0.687667,0.396655
0.463838,0.442953,0.546628,0.701832,0.339672,0.663696,0.247693,0.996134,0.144985,0.892575,0.742851,0.688215,0.92988,0.994756,0.920679,0.994758,0,0,0,0,0,0,0,0,0,0,0,0,0,0,0.42093,0.361254,0.537426,0.35854,0.373379,0.402088,0.684604,0.402087
0.460791,0.445734,0.542029,0.699102,0.333543,0.650072,0.238499,0.996121,0.166444,0.898029,0.738254,0.696383,0.92528,0.994756,0.899218,0.979769,0,0,0,0,0,0,0,0,0,0,0,0,0,0,0.417854,0.363992,0.534373,0.36125,0.368791,0.393955,0.681551,0.40759
0.463854,0.451191,0.546629,0.701849,0.32895,0.652791,0.220102,0.990671,0.172579,0.938897,0.771976,0.720912,0.919147,0.993394,0,0,0,0,0,0,0,0,0,0,0,0,0,0,0,0,0.420934,0.369404,0.537433,0.369422,0.373381,0.402069,0.687661,0.407601
0.476124,0.464756,0.545091,0.715471,0.336609,0.68549,0.247694,0.985219,0.177176,0.870782,0.744389,0.710018,0.902285,0.993395,0,0,0,0,0,0,0,0,0,0,0,0,0,0,0,0,0.431653,0.380305,0.555817,0.383015,0.374911,0.423877,0.695324,0.426642
0.485303,0.46205,0.551225,0.731811,0.347344,0.69094,0.172583,0.955251,0.115856,0.994757,0.761247,0.734538,0.894618,0.993394,0,0,0,0,0,0,0,0,0,0,0,0,0,0,0,0,0.437773,0.377558,0.560446,0.382999,0.377987,0.415713,0.706074,0.413006
0.489913,0.462069,0.552763,0.750887,0.350407,0.699116,0.181777,0.952519,0.106659,0.99476,0.76738,0.756339,0.893089,0.985224,0,0,0,0,0,0,0,0,0,0,0,0,0,0,0,0,0.440847,0.374886,0.569619,0.38305,0.379536,0.421176,0.709116,0.426614
0.491434,0.472929,0.560424,0.759056,0.348875,0.704568,0.157248,0.966151,0.0974597,0.996121,0.770449,0.769961,0.891552,0.993394,0,0,0,0,0,0,0,0,0,0,0,0,0,0,0,0,0.442373,0.383028,0.572684,0.393946,0.376495,0.429354,0.709139,0.440283
0.485323,0.486589,0.555831,0.769955,0.342744,0.718188,0.183308,0.95797,0.102061,0.996123,0.77198,0.789034,0.890022,0.994757,0,0,0,0,0,0,0,0,0,0,0,0,0,0,0,0,0.436273,0.399341,0.56962,0.404887,0.374938,0.442997,0.710672,0.45933
0.474603,0.513839,0.558891,0.791756,0.333544,0.739983,0,0,0,0,0.765848,0.797206,0.902285,0.993394,0,0,0,0,0,0,0,0,0,0,0,0,0,0,0,0,0.425538,0.421163,0.55889,0.432117,0.373368,0.462026,0.710657,0.486596
0.474573,0.524729,0.555826,0.805384,0.327413,0.745445,0.161846,0.996121,0.117387,0.996123,0.767383,0.813556,0.896153,0.993393,0,0,0,0,0,0,0,0,0,0,0,0,0,0,0,0,0.424003,0.429361,0.557363,0.445711,0.364189,0.472974,0.710649,0.494736
0.476106,0.543794,0.554294,0.827177,0.325873,0.75361,0.146513,0.996127,0.114323,0.996127,0.778112,0.862597,0.879291,0.993393,0,0,0,0,0,0,0,0,0,0,0,0,0,0,0,0,0.422464,0.445678,0.560433,0.464812,0.359594,0.470259,0.71219,0.500211
0.482248,0.565606,0.549699,0.838079,0.318211,0.761784,0.152649,0.996121,0,0,0.805704,0.887125,0,0,0,0,0,0,0,0,0,0,0,0,0,0,0,0,0,0,0.425509,0.472948,0.569618,0.492067,0.361146,0.467523,0.709132,0.519307
0.494515,0.606473,0.549694,0.846243,0.313619,0.775407,0.160315,0.994763,0,0,0.810307,0.887125,0,0,0,0,0,0,0,0,0,0,0,0,0,0,0,0,0,0,0.437771,0.519297,0.586478,0.54106,0.367279,0.48933,0.713716,0.530176
0.522107,0.690935,0.549697,0.843522,0.305949,0.786305,0.17871,0.996125,0,0,0.781179,0.857153,0.925279,0.993394,0,0,0,0,0,0,0,0,0,0,0,0,0,0,0,0,0.44853,0.587381,0.606396,0.622796,0.37034,0.524728,0.725983,0.560141
0.520577,0.729052,0.543561,0.84625,0.313612,0.789033,0,0,0,0,0.775043,0.846259,0.903817,0.994761,0,0,0,0,0,0,0,0,0,0,0,0,0,0,0,0,0.446998,0.617338,0.601818,0.655535,0.370335,0.551975,0.72599,0.557433
0.509827,0.761798,0.549694,0.848975,0.319746,0.764515,0,0,0,0,0.778113,0.843528,0.931412,0.993394,0,0,0,0,0,0,0,0,0,0,0,0,0,0,0,0,0.468438,0.61738,0.594175,0.696399,0.384127,0.551984,0.71526,0.601023
0.511366,0.759058,0.578823,0.843526,0.361136,0.780859,0.197101,0.97978,0.312082,0.70458,0.824102,0.854428,0,0,0,0,0,0,0,0,0,0,0,0,0,0,0,0,0,0,0.457704,0.617382,0.598742,0.69639,0.405594,0.494762,0.727525,0.606474
0.531301,0.759057,0.583419,0.794485,0.367269,0.767232,0.218566,0.994761,0.318216,0.707294,0.819504,0.759061,0,0,0,0,0,0,0,0,0,0,0,0,0,0,0,0,0,0,0.460786,0.59284,0.60489,0.663708,0.42246,0.486605,0.742854,0.573774
0.581885,0.669172,0.58802,0.878947,0.361135,0.767237,0.281424,0.996123,0.381064,0.663678,0.781178,0.968867,0,0,0,0,0,0,0,0,0,0,0,0,0,0,0,0,0,0,0.505229,0.5438,0.65854,0.568339,0.427052,0.46477,0.784244,0.554702
0.606416,0.565604,0.644742,0.854429,0.460782,0.840804,0.330475,0.974324,0.404062,0.595575,0.793444,0.922543,0,0,0,0,0,0,0,0,0,0,0,0,0,0,0,0,0,0,0.537432,0.44026,0.689199,0.47295,0.450047,0.44298,0.796506,0.456612
0.630947,0.519278,0.606413,0.802655,0.411723,0.693666,0.365733,0.994761,0.425522,0.568315,0.814903,0.870777,0,0,0,0,0,0,0,0,0,0,0,0,0,0,0,0,0,0,0.55737,0.383024,0.713731,0.43207,0.460785,0.393939,0.814903,0.456609
0.655468,0.418454,0.630943,0.789033,0.417856,0.70729,0.384133,0.996121,0.462314,0.55743,0.833298,0.862601,0.94674,0.993395,0.871625,0.647344,0,0,0,0,0,0,0,0,0,0,0,0,0,0,0.589555,0.306736,0.744398,0.350346,0.48225,0.369421,0.825636,0.456604
0.65853,0.396634,0.63401,0.769961,0.399461,0.650072,0.376468,0.996121,0.476108,0.551981,0.845564,0.843529,0.951341,0.994756,0.880821,0.658239,0,0,0,0,0,0,0,0,0,0,0,0,0,0,0.604872,0.287666,0.753582,0.317658,0.494503,0.347628,0.822566,0.380316
0.656994,0.385768,0.643206,0.769962,0.39946,0.647341,0.370335,0.996121,0.476112,0.546527,0.860893,0.846256,0.954407,0.993393,0.885418,0.647352,0,0,0,0,0,0,0,0,0,0,0,0,0,0,0.592621,0.279515,0.742863,0.301287,0.479181,0.342165,0.828696,0.361244
0.637076,0.374842,0.65087,0.756336,0.397928,0.655516,0.373399,0.994763,0.453112,0.530174,0.850161,0.764512,0.940612,0.994757,0.839434,0.603743,0,0,0,0,0,0,0,0,0,0,0,0,0,0,0.578805,0.274033,0.729057,0.287669,0.465381,0.347617,0.828694,0.372134
0.607953,0.377587,0.626345,0.764509,0.377999,0.663699,0.358068,0.996122,0.42705,0.541081,0.842497,0.799935,0.925282,0.994758,0.811839,0.609194,0,0,0,0,0,0,0,0,0,0,0,0,0,0,0.542034,0.282232,0.706069,0.290376,0,0,0.804173,0.342176
0.552769,0.391212,0.580354,0.67732,0,0,0,0,0,0,0.799573,0.682767,0.925279,0.99476,0.719861,0.715472,0,0,0,0,0,0,0,0,0,0,0,0,0,0,0.480708,0.293134,0.634026,0.304019,0,0,0.768915,0.339454
0.525167,0.402157,0.586487,0.775411,0.350406,0.729086,0,0,0,0,0.828698,0.797209,0.89002,0.99476,0.681539,0.750894,0,0,0,0,0,0,0,0,0,0,0,0,0,0,0.437795,0.293111,0.611032,0.317643,0.344277,0.366693,0.752055,0.325829
0.509831,0.412996,0.58802,0.753609,0.342741,0.704567,0,0,0,0,0.805703,0.745435,0.886955,0.99476,0.664668,0.756341,0,0,0,0,0,0,0,0,0,0,0,0,0,0,0.423994,0.298565,0.597238,0.331277,0.324328,0.383069,0.741332,0.342196
0.502171,0.429382,0.551231,0.729085,0.318214,0.701838,0,0,0,0,0.773512,0.696387,0.886951,0.994758,0.658542,0.783584,0,0,0,0,0,0,0,0,0,0,0,0,0,0,0.446991,0.344896,0.591094,0.339432,0.370341,0.339436,0.73365,0.355777
0.499114,0.434825,0.552762,0.720914,0.318214,0.704562,0,0,0,0,0.775044,0.701841,0.896156,0.994756,0.6616,0.789035,0,0,0,0,0,0,0,0,0,0,0,0,0,0,0.443922,0.33399,0.588031,0.344866,0.345814,0.312183,0.732122,0.355802
0.509861,0.440285,0.55429,0.712737,0.332011,0.715461,0,0,0,0,0.775048,0.69639,0.902286,0.99476,0.678466,0.794486,0,0,0,0,0,0,0,0,0,0,0,0,0,0,0.446983,0.344887,0.600291,0.344915,0.36267,0.342172,0.738258,0.3558
0.520558,0.442969,0.552757,0.707284,0.330476,0.693666,0,0,0,0,0.768915,0.682771,0.908417,0.993397,0.675401,0.797197,0,0,0,0,0,0,0,0,0,0,0,0,0,0,0.459247,0.342179,0.607948,0.342219,0.365731,0.336719,0.741334,0.350337
0.526695,0.434821,0.555827,0.701835,0.338142,0.677317,0,0,0,0,0.768911,0.690942,0.902287,0.993397,0.663133,0.805372,0,0,0,0,0,0,0,0,0,0,0,0,0,0,0.439321,0.306736,0.61409,0.342174,0.370332,0.306746,0.744381,0.342221
0.535917,0.434841,0.574226,0.720914,0.355004,0.699114,0,0,0,0,0.775048,0.718184,0.905351,0.994763,0.652401,0.810834,0,0,0,0,0,0,0,0,0,0,0,0,0,0,0.448516,0.342184,0.62022,0.342189,0.374933,0.293118,0.748979,0.363973
0.546634,0.442954,0.561961,0.710023,0.367269,0.712737,0.295214,0.994762,0.37034,0.592842,0.76585,0.707284,0.909946,0.971598,0.601819,0.848986,0,0,0,0,0,0,0,0,0,0,0,0,0,0,0.450061,0.372113,0.627876,0.34761,0.3826,0.312192,0.750528,0.363981
0.546648,0.448461,0.549696,0.712745,0.361138,0.66915,0,0,0,0,0.764317,0.745432,0.882354,0.994758,0.588021,0.911654,0,0,0,0,0,0,0,0,0,0,0,0,0,0,0.468445,0.369412,0.626353,0.35032,0.388727,0.393934,0.744382,0.363956
0.535895,0.451162,0.542033,0.74543,0.316678,0.704567,0.266093,0.994761,0.347336,0.571048,0.755116,0.753619,0.876223,0.994758,0.592618,0.930721,0,0,0,0,0,0,0,0,0,0,0,0,0,0,0.460791,0.374861,0.614091,0.358481,0.376463,0.393941,0.739774,0.366703
0.525175,0.459337,0.531299,0.731812,0.321277,0.737266,0.255356,0.994764,0.359608,0.481128,0.735189,0.720917,0.865494,0.994763,0.606413,0.941617,0,0,0,0,0,0,0,0,0,0,0,0,0,0,0.447001,0.388486,0.603349,0.361272,0.374939,0.429359,0.727533,0.369398
0.511361,0.464816,0.537431,0.75633,0.355005,0.731809,0.244631,0.996123,0.325879,0.587401,0.742852,0.761791,0.871624,0.993394,0.606418,0.994757,0,0,0,0,0,0,0,0,0,0,0,0,0,0,0.442381,0.391198,0.595677,0.36941,0.376462,0.434812,0.718324,0.380301
0.509824,0.472971,0.532827,0.756343,0.376468,0.756329,0.247697,0.996122,0.373403,0.442992,0.733652,0.742709,0.863964,0.994761,0.603349,0.99612,0,0,0,0,0,0,0,0,0,0,0,0,0,0,0.443904,0.402067,0.594143,0.374865,0.362677,0.42663,0.71067,0.377596
0.52976,0.49475,0.520567,0.723638,0.322811,0.71275,0.24003,0.996123,0.335076,0.598293,0.715256,0.720919,0.857831,0.979771,0.580354,0.906206,0,0,0,0,0,0,0,0,0,0,0,0,0,0,0.460771,0.350361,0.604886,0.396666,0.368807,0.342172,0.709141,0.402125
0.529759,0.478406,0.515972,0.710025,0.322813,0.70184,0.232364,0.996121,0.338139,0.5765,0.716789,0.712742,0.863962,0.947079,0.583416,0.898037,0,0,0,0,0,0,0,0,0,0,0,0,0,0,0.469976,0.3422,0.607966,0.402108,0.371877,0.331272,0.710663,0.413007
0.526694,0.464796,0.525163,0.712741,0.325878,0.70184,0.223167,0.996125,0.333538,0.562867,0.71679,0.71274,0.87622,0.949798,0.600286,0.88985,0,0,0,0,0,0,0,0,0,0,0,0,0,0,0.471504,0.347611,0.607946,0.402088,0.37954,0.317632,0.710658,0.413009
0.526695,0.502912,0.525162,0.712744,0.324343,0.693664,0.224698,0.996128,0.325891,0.56015,0.719862,0.707298,0.88695,0.966143,0.606409,0.889841,0,0,0,0,0,0,0,0,0,0,0,0,0,0,0.466919,0.366685,0.607934,0.402093,0.382602,0.383039,0.710656,0.413003
0.522096,0.505646,0.528226,0.720912,0.335076,0.707283,0.236966,0.99613,0.327405,0.565608,0.724453,0.718189,0.883893,0.96341,0.607955,0.892583,0,0,0,0,0,0,0,0,0,0,0,0,0,0,0.460784,0.369402,0.604894,0.407552,0.381069,0.325829,0.710663,0.418455
0.525156,0.505665,0.538967,0.731809,0.355005,0.718184,0,0,0,0,0.729055,0.729087,0.880829,0.968858,0.603355,0.884394,0,0,0,0,0,0,0,0,0,0,0,0,0,0,0.474573,0.380325,0.606431,0.423932,0.390263,0.388497,0.710662,0.44571
0.520557,0.502941,0.538964,0.72636,0.347342,0.707289,0,0,0,0,0.730591,0.731821,0.88695,0.968862,0.603346,0.878947,0,0,0,0,0,0,0,0,0,0,0,0,0,0,0.47305,0.377611,0.60948,0.42393,0.393336,0.38849,0.715263,0.434788
0.529769,0.516536,0.540496,0.720916,0.351939,0.699119,0,0,0,0,0.73059,0.734529,0.883883,0.968867,0.607943,0.876246,0,0,0,0,0,0,0,0,0,0,0,0,0,0,0.469969,0.377579,0.607934,0.41302,0.390262,0.380317,0.715267,0.440252
0.523651,0.489323,0.532831,0.718194,0.345805,0.704566,0.243097,0.996125,0.356538,0.516557,0.73059,0.726359,0.888487,0.971614,0.614076,0.884383,0,0,0,0,0,0,0,0,0,0,0,0,0,0,0.457721,0.353054,0.606431,0.404864,0.396383,0.347626,0.715258,0.434835
0.515973,0.478385,0.538964,0.726361,0.353471,0.710015,0.241563,0.996128,0.350407,0.494758,0.730588,0.737265,0.888493,0.971608,0.626339,0.889853,0,0,0,0,0,0,0,0,0,0,0,0,0,0,0.465374,0.383055,0.600295,0.402107,0.373396,0.445712,0.71067,0.445697
0.509833,0.489283,0.53743,0.756332,0.358071,0.750878,0.240026,0.996124,0.318205,0.538354,0.73212,0.748162,0.890014,0.977059,0.64474,0.903467,0,0,0,0,0,0,0,0,0,0,0,0,0,0,0.451579,0.380271,0.60028,0.402121,0.373415,0.385768,0.707607,0.462034
0.508319,0.497473,0.538963,0.756346,0.365737,0.750892,0.244635,0.996125,0.318209,0.527458,0.73365,0.750878,0.888491,0.979776,0.641668,0.906193,0,0,0,0,0,0,0,0,0,0,0,0,0,0,0.451576,0.383032,0.600276,0.404847,0.381061,0.402125,0.706077,0.470234
0.511382,0.505647,0.531298,0.753602,0.356538,0.742707,0.249232,0.994763,0.321269,0.54652,0.73059,0.753618,0.885419,0.971603,0.637072,0.906196,0,0,0,0,0,0,0,0,0,0,0,0,0,0,0.460779,0.396626,0.601817,0.407583,0.374931,0.407575,0.707604,0.475693
0.52058,0.511079,0.531297,0.753608,0.3642,0.739984,0.252292,0.996122,0.325887,0.551969,0.73059,0.753623,0.885426,0.974311,0.638605,0.906216,0,0,0,0,0,0,0,0,0,0,0,0,0,0,0.468434,0.402083,0.604872,0.415758,0.374935,0.413029,0.709123,0.470237
0.526689,0.513817,0.534368,0.756347,0.348871,0.748157,0.261491,0.996122,0.34274,0.562883,0.732122,0.759048,0.883895,0.971623,0.644747,0.90892,0,0,0,0,0,0,0,0,0,0,0,0,0,0,0.47307,0.404805,0.607949,0.42389,0.381054,0.423907,0.71218,0.470241
0.546623,0.522019,0.545093,0.753621,0.344271,0.726367,0.290616,0.994763,0.35194,0.595578,0.741316,0.753613,0.886947,0.985224,0.649335,0.900741,0,0,0,0,0,0,0,0,0,0,0,0,0,0,0.48838,0.421165,0.623276,0.426681,0.417854,0.478407,0.721398,0.464801
0.554302,0.524702,0.548167,0.756334,0.356538,0.745441,0.286022,0.994765,0.350407,0.592843,0.744387,0.753597,0.888483,0.982495,0.650878,0.88985,0,0,0,0,0,0,0,0,0,0,0,0,0,0,0.496041,0.42119,0.630923,0.432063,0.407123,0.475676,0.727511,0.47021
0.557344,0.524722,0.551232,0.756338,0.3688,0.750888,0.278355,0.996126,0.345806,0.601016,0.744385,0.750891,0.885421,0.987946,0.655476,0.887138,0,0,0,0,0,0,0,0,0,0,0,0,0,0,0.4991,0.423937,0.632472,0.432082,0.410192,0.467509,0.729039,0.47022
0.554297,0.527438,0.551222,0.756338,0.367267,0.753606,0.28142,0.996126,0.34428,0.603734,0.74285,0.750874,0.880825,0.990673,0.655462,0.892574,0,0,0,0,0,0,0,0,0,0,0,0,0,0,0.496054,0.429352,0.630944,0.434831,0.411726,0.475682,0.726002,0.467535
0.549699,0.532876,0.54816,0.759071,0.36727,0.761786,0.289087,0.996127,0.344274,0.622807,0.739785,0.750885,0.880827,0.996122,0.649338,0.895305,0,0,0,0,0,0,0,0,0,0,0,0,0,0,0.492984,0.437567,0.626334,0.445692,0.410198,0.502938,0.7214,0.478422
0.546646,0.554704,0.552756,0.794486,0.376467,0.783585,0.290621,0.996121,0.342742,0.63644,0.748983,0.775409,0.86856,0.994762,0.644734,0.900767,0,0,0,0,0,0,0,0,0,0,0,0,0,0,0.489912,0.462031,0.621739,0.46747,0.410184,0.52474,0.718331,0.483853
0.545093,0.562862,0.546627,0.797206,0.382598,0.786308,0.293682,0.996121,0.341199,0.663698,0.744385,0.783584,0.859357,0.994761,0.643216,0.903456,0,0,0,0,0,0,0,0,0,0,0,0,0,0,0.488373,0.467543,0.618663,0.472966,0.410188,0.532906,0.713728,0.516534
0.542026,0.565624,0.546633,0.802652,0.384132,0.797206,0.281423,0.996122,0.342742,0.671868,0.742852,0.783583,0.85936,0.994763,0.649336,0.903466,0,0,0,0,0,0,0,0,0,0,0,0,0,0,0.485317,0.472956,0.61254,0.47838,0.391792,0.554696,0.712186,0.508372
0.534375,0.568331,0.540501,0.802663,0.374935,0.799932,0.278357,0.996123,0.342744,0.688207,0.736722,0.775411,0.857822,0.996124,0.652406,0.911641,0,0,0,0,0,0,0,0,0,0,0,0,0,0,0.480722,0.475683,0.607949,0.478427,0.400998,0.546517,0.709142,0.505655
0.53283,0.565606,0.542027,0.799925,0.373403,0.797208,0.269152,0.996122,0.342747,0.696396,0.732124,0.769969,0.851699,0.996123,0.646274,0.908934,0,0,0,0,0,0,0,0,0,0,0,0,0,0,0.477646,0.478395,0.604888,0.481119,0.397927,0.538357,0.706049,0.513829
0.525152,0.565575,0.5359,0.802655,0.370337,0.799933,0,0,0,0,0.727517,0.772689,0.837896,0.994763,0.637081,0.911639,0,0,0,0,0,0,0,0,0,0,0,0,0,0,0.471525,0.475708,0.595672,0.478415,0.399474,0.519313,0.695325,0.519299
0.519029,0.560184,0.535893,0.805387,0.370334,0.802663,0,0,0,0,0.725984,0.778129,0.831773,0.996124,0.629411,0.919815,0,0,0,0,0,0,0,0,0,0,0,0,0,0,0.468433,0.475659,0.5926,0.475695,0.397927,0.524719,0.690736,0.527435
0.511382,0.560176,0.528243,0.799932,0.361135,0.797217,0,0,0,0,0.721387,0.778143,0.828706,0.996125,0.626352,0.92254,0,0,0,0,0,0,0,0,0,0,0,0,0,0,0.460776,0.475691,0.584973,0.475705,0.393329,0.522019,0.684608,0.524732
0.50983,0.560152,0.526694,0.797213,0.358068,0.802655,0,0,0,0,0.712188,0.77814,0.819507,0.996129,0.624819,0.922539,0,0,0,0,0,0,0,0,0,0,0,0,0,0,0.457712,0.472983,0.581874,0.475681,0.385661,0.532919,0.681533,0.522003
0.508292,0.55742,0.523635,0.799941,0.359602,0.808104,0.213971,0.996121,0.304417,0.726374,0.710661,0.775407,0.814904,0.996127,0.620215,0.911663,0,0,0,0,0,0,0,0,0,0,0,0,0,0,0.454656,0.472967,0.577296,0.472981,0.376485,0.543819,0.679988,0.513839
0.506781,0.551947,0.522105,0.802663,0.350406,0.819008,0.189444,0.996121,0.26609,0.756338,0.706058,0.767225,0,0,0,0,0,0,0,0,0,0,0,0,0,0,0,0,0,0,0.451591,0.464804,0.577278,0.467507,0.381062,0.54107,0.673862,0.5138
0.506757,0.546508,0.522103,0.799939,0.347338,0.802661,0.175644,0.994763,0.269147,0.772684,0.706058,0.767232,0.819501,0.996125,0.626348,0.90891,0,0,0,0,0,0,0,0,0,0,0,0,0,0,0.45006,0.462021,0.577288,0.464749,0.379526,0.5329,0.669259,0.516583
0.506754,0.535639,0.51597,0.791748,0.339673,0.794483,0.16951,0.994762,0.269154,0.791746,0.699934,0.764512,0.816437,0.996124,0.629406,0.919821,0,0,0,0,0,0,0,0,0,0,0,0,0,0,0.448536,0.451148,0.575751,0.453897,0.376485,0.527451,0.66621,0.513819
0.502186,0.530201,0.508306,0.783591,0.332011,0.794474,0.169512,0.996124,0.263022,0.797192,0.6938,0.764504,0.816438,0.996123,0.626344,0.930711,0,0,0,0,0,0,0,0,0,0,0,0,0,0,0.446976,0.445744,0.572695,0.448439,0.371863,0.52199,0.661592,0.51112
0.497585,0.53016,0.503703,0.767236,0.319747,0.761778,0.160311,0.996123,0.261481,0.813564,0.692259,0.767224,0.811836,0.99613,0.630943,0.941632,0,0,0,0,0,0,0,0,0,0,0,0,0,0,0.443923,0.443002,0.569627,0.448393,0.361135,0.489296,0.657025,0.513821
0.491436,0.527464,0.486845,0.767244,0.298282,0.756334,0.14805,0.996126,0.252303,0.865328,0.678462,0.767236,0.805708,0.996129,0.626344,0.994758,0,0,0,0,0,0,0,0,0,0,0,0,0,0,0.434702,0.442947,0.558868,0.445689,0.35041,0.478435,0.647808,0.51384
0.485316,0.524704,0.479186,0.764523,0.293688,0.75089,0.148049,0.996125,0.29521,0.843526,0.675398,0.769955,0.81337,0.996124,0,0,0,0,0,0,0,0,0,0,0,0,0,0,0,0,0.43011,0.43485,0.555833,0.442989,0.348883,0.470276,0.644763,0.508397
0.483771,0.524724,0.47917,0.772687,0.290615,0.75634,0.143449,0.996124,0.263017,0.88984,0.6754,0.775408,0.799575,0.996128,0,0,0,0,0,0,0,0,0,0,0,0,0,0,0,0,0.42704,0.437531,0.552759,0.442968,0.348861,0.470236,0.644724,0.5002
0.480718,0.527466,0.480702,0.78357,0.289088,0.759074,0.141916,0.996127,0.261498,0.895302,0.67694,0.780852,0.801106,0.99476,0,0,0,0,0,0,0,0,0,0,0,0,0,0,0,0,0.42552,0.440287,0.549693,0.4457,0.347329,0.475702,0.643219,0.500216
0.482235,0.532902,0.480711,0.786306,0.292148,0.759079,0,0,0,0,0.680001,0.789037,0.801108,0.99476,0,0,0,0,0,0,0,0,0,0,0,0,0,0,0,0,0.425512,0.445712,0.549694,0.44845,0.345814,0.478423,0.643216,0.502939
0.483787,0.538362,0.491446,0.789046,0.29675,0.7645,0.143449,0.996124,0.273758,0.906214,0.681526,0.794489,0.80264,0.994758,0,0,0,0,0,0,0,0,0,0,0,0,0,0,0,0,0.431638,0.451185,0.554291,0.459313,0.351947,0.478406,0.644741,0.516532
0.486836,0.549242,0.492974,0.79721,0.30135,0.77269,0.158779,0.996121,0.279883,0.922543,0.684593,0.799927,0.810304,0.994758,0,0,0,0,0,0,0,0,0,0,0,0,0,0,0,0,0.434707,0.45934,0.555827,0.464779,0.353487,0.486592,0.646276,0.519281
0.488382,0.551998,0.497575,0.802669,0.302887,0.780853,0.160312,0.996121,0.281419,0.933438,0.684604,0.799939,0.81797,0.994756,0,0,0,0,0,0,0,0,0,0,0,0,0,0,0,0,0.436242,0.464774,0.557366,0.467532,0.359588,0.492035,0.64933,0.519292
0.492973,0.554683,0.499107,0.808094,0.302881,0.789029,0.169512,0.996122,0.286018,0.938909,0.690729,0.805374,0.814905,0.994756,0,0,0,0,0,0,0,0,0,0,0,0,0,0,0,0,0.439313,0.467472,0.558922,0.470264,0.361118,0.494737,0.652412,0.519276
0.49452,0.554676,0.503707,0.810832,0.302886,0.794487,0.160318,0.996127,0.292162,0.952532,0.695333,0.808104,0.819503,0.994756,0,0,0,0,0,0,0,0,0,0,0,0,0,0,0,0,0.442386,0.467467,0.561964,0.472955,0.364204,0.49477,0.655489,0.519311
0.502178,0.554687,0.505229,0.813542,0.31208,0.797203,0.169516,0.99612,0.315148,0.971589,0.696864,0.805387,0.819503,0.994757,0,0,0,0,0,0,0,0,0,0,0,0,0,0,0,0,0.448521,0.464796,0.571175,0.472976,0.368799,0.49478,0.658542,0.522003
0.505245,0.554678,0.505248,0.810813,0.313609,0.794468,0.167975,0.996119,0.316675,0.96886,0.695331,0.799933,0.813372,0.994759,0,0,0,0,0,0,0,0,0,0,0,0,0,0,0,0,0.450056,0.462068,0.57421,0.475654,0.370345,0.492043,0.660069,0.519262
0.508303,0.551973,0.508307,0.808094,0.31515,0.789036,0.167979,0.996122,0.322804,0.966168,0.696861,0.794483,0.816436,0.994759,0,0,0,0,0,0,0,0,0,0,0,0,0,0,0,0,0.453119,0.459348,0.574243,0.47294,0.37188,0.489305,0.663139,0.508378
0.511382,0.549232,0.508311,0.802669,0.316679,0.789041,0.167983,0.994756,0.324346,0.966153,0.702995,0.799935,0.816439,0.994759,0,0,0,0,0,0,0,0,0,0,0,0,0,0,0,0,0.45769,0.453907,0.577302,0.470202,0.374915,0.48929,0.66315,0.516568
0.514432,0.546513,0.508301,0.805373,0.31361,0.794477,0.172575,0.996119,0.332014,0.968861,0.69993,0.794485,0.821033,0.994759,0,0,0,0,0,0,0,0,0,0,0,0,0,0,0,0,0.457728,0.451184,0.58035,0.467499,0.374934,0.486578,0.664678,0.516521
0.511384,0.543823,0.506766,0.805376,0.313615,0.797219,0.181779,0.994758,0.342735,0.968886,0.701461,0.797204,0.825632,0.996121,0,0,0,0,0,0,0,0,0,0,0,0,0,0,0,0,0.457721,0.45114,0.580341,0.46747,0.374913,0.489297,0.664658,0.516528
0.511384,0.546512,0.506765,0.802653,0.315143,0.802652,0.187907,0.994761,0.345799,0.971602,0.696865,0.794485,0.827171,0.994762,0,0,0,0,0,0,0,0,0,0,0,0,0,0,0,0,0.457692,0.45115,0.57884,0.467479,0.37341,0.491999,0.661621,0.519286
0.51138,0.549228,0.503714,0.802666,0.315147,0.797217,0.189442,0.996122,0.351935,0.971619,0.692263,0.79448,0.825637,0.99476,0,0,0,0,0,0,0,0,0,0,0,0,0,0,0,0,0.456182,0.451182,0.580336,0.467497,0.373387,0.492031,0.661611,0.516578
