0.276124,0.183279,0.325127,0.401262,0.250071,0.529305,0.201052,0.714581,0.104545,0.845369,0.395586,0.292254,0.489024,0.335826,0.438483,0.205051,0.576338,0.662824,0.524252,0.744565,0.544169,0.891714,0.706533,0.993884,0.625353,0.572901,0.767809,0.485689,0.798436,0.804506,0.230153,0.199622,0.288361,0.153309,0.185731,0.349476,0,0
0.282239,0.18325,0.325133,0.403955,0.250062,0.529305,0.201059,0.711867,0.106079,0.839936,0.394061,0.294989,0.490549,0.319497,0.432353,0.19417,0.576337,0.662835,0.524257,0.747285,0.541103,0.89171,0.706532,0.993885,0.623821,0.572908,0.764749,0.482995,0.798435,0.809968,0.234751,0.196868,0.28988,0.150565,0.185723,0.344034,0,0
0.288355,0.175089,0.320532,0.401255,0.245482,0.529311,0.194931,0.714587,0.0953611,0.842649,0.384863,0.300427,0.482896,0.305872,0.426228,0.185967,0.568677,0.660103,0.513533,0.736386,0.534978,0.888991,0.70807,0.993889,0.61463,0.57017,0.761675,0.480246,0.792316,0.804511,0.240863,0.185973,0.289893,0.142428,0.179612,0.33309,0,0
0.292948,0.166911,0.320525,0.401237,0.245473,0.523869,0.193401,0.711874,0.0922979,0.837201,0.381805,0.294964,0.479836,0.305869,0.413962,0.188686,0.570209,0.65465,0.510471,0.717315,0.531908,0.888984,0.705003,0.993892,0.616158,0.562015,0.760146,0.477542,0.790783,0.804512,0.243938,0.169665,0.296023,0.142375,0.178107,0.314039,0,0
0.30522,0.161439,0.319001,0.395787,0.240886,0.510236,0.193398,0.703701,0.0907697,0.820854,0.390991,0.30314,0.476784,0.305868,0.407833,0.188711,0.557954,0.657359,0.501282,0.720041,0.528856,0.886251,0.70194,0.99525,0.605443,0.567458,0.755557,0.474795,0.789253,0.801795,0.262327,0.158687,0.308271,0.134233,0.188803,0.284101,0,0
0.312886,0.15875,0.320529,0.393079,0.243947,0.499333,0.196458,0.700961,0.0938299,0.823584,0.394055,0.303157,0.476761,0.30043,0.401711,0.188718,0.554893,0.657376,0.501278,0.728215,0.528858,0.886255,0.705004,0.99525,0.606969,0.570174,0.75555,0.474812,0.786188,0.801782,0.273037,0.150538,0.312865,0.131518,0.191871,0.273168,0,0
0.323579,0.153287,0.323585,0.390335,0.248535,0.502052,0.194921,0.709143,0.0877091,0.82359,0.39099,0.300408,0.476757,0.294976,0.398664,0.185995,0.556419,0.660097,0.499749,0.730942,0.531911,0.888976,0.698878,0.995249,0.606969,0.570188,0.75249,0.474815,0.786189,0.801792,0.282247,0.142421,0.312863,0.12332,0.199503,0.264983,0,0
0.323566,0.153287,0.323589,0.387611,0.248533,0.499332,0.191859,0.722769,0.0938333,0.842642,0.38946,0.294984,0.476762,0.292261,0.398657,0.188675,0.556423,0.660086,0.501281,0.730943,0.53191,0.888987,0.698875,0.995249,0.606968,0.57017,0.752487,0.474805,0.787723,0.80178,0.282234,0.14242,0.312881,0.126032,0.199515,0.270406,0,0
0.312862,0.153293,0.317463,0.387627,0.243934,0.502057,0.208705,0.706417,0.113748,0.845375,0.378734,0.297693,0.475221,0.281338,0.384865,0.180528,0.557955,0.657378,0.501283,0.722763,0.528856,0.886241,0.703467,0.99525,0.605439,0.570173,0.754019,0.474809,0.787723,0.799072,0.273036,0.147859,0.305219,0.123294,0.193402,0.275926,0,0
0.308276,0.156007,0.318993,0.390339,0.242418,0.507511,0.205651,0.711871,0.116814,0.850835,0.377207,0.297694,0.472179,0.27318,0.386392,0.177801,0.556423,0.657359,0.501275,0.722767,0.53191,0.886255,0.697343,0.99389,0.603908,0.564735,0.755544,0.474818,0.787722,0.79906,0.266933,0.153288,0.300612,0.123313,0.19188,0.281384,0,0
0.30521,0.15871,0.315937,0.390347,0.242403,0.507502,0.210249,0.703689,0.136724,0.848123,0.375667,0.29498,0.470639,0.267733,0.372618,0.175075,0.557956,0.657371,0.50281,0.730937,0.530377,0.886253,0.700408,0.993891,0.603912,0.56745,0.755547,0.474806,0.789251,0.799053,0.263861,0.156034,0.297555,0.126052,0.191847,0.292252,0,0
0.302157,0.161396,0.318989,0.38763,0.243944,0.504787,0.210248,0.706422,0.139772,0.853557,0.375677,0.297704,0.47217,0.273196,0.371074,0.175094,0.562548,0.660108,0.505874,0.739116,0.528844,0.888968,0.70194,0.995249,0.608501,0.570189,0.755547,0.474799,0.79078,0.799055,0.26386,0.158737,0.297561,0.12878,0.19185,0.29493,0,0
0.305225,0.15875,0.323591,0.382155,0.245475,0.499339,0.208713,0.725497,0.141324,0.864452,0.389457,0.284084,0.473696,0.270452,0.364957,0.172364,0.565612,0.660108,0.505876,0.736387,0.528855,0.891701,0.703474,0.995249,0.610037,0.572898,0.755554,0.472077,0.792308,0.799054,0.265381,0.161398,0.29757,0.12878,0.194912,0.297704,0,0
0.306756,0.158741,0.323591,0.382164,0.248535,0.504778,0.217897,0.71731,0.15357,0.869902,0.387931,0.281358,0.47372,0.27317,0.366487,0.169648,0.565613,0.662816,0.508938,0.739117,0.528849,0.891706,0.705008,0.995249,0.610034,0.572906,0.755553,0.472097,0.790777,0.801794,0.26539,0.161434,0.29756,0.128745,0.196469,0.300411,0,0
0.300633,0.161479,0.323595,0.38218,0.247011,0.493885,0.217898,0.733666,0.175007,0.872641,0.383337,0.292237,0.469114,0.25682,0.357294,0.169628,0.562546,0.6601,0.507407,0.736393,0.528856,0.883527,0.708067,0.99525,0.608506,0.5729,0.755553,0.47209,0.790778,0.799063,0.262313,0.164138,0.294479,0.134193,0.196468,0.308615,0,0
0.297568,0.161452,0.323603,0.374008,0.248533,0.491155,0.220962,0.72277,0.187272,0.864458,0.394052,0.278629,0.469106,0.251392,0.357292,0.166933,0.568676,0.660107,0.508939,0.730941,0.528857,0.875362,0.709599,0.99525,0.610032,0.570188,0.757078,0.474797,0.787722,0.799071,0.259267,0.164188,0.289906,0.134172,0.196455,0.313994,0,0
0.292964,0.164231,0.325121,0.365836,0.248537,0.482996,0.233215,0.690066,0.193401,0.842658,0.392526,0.270443,0.466045,0.243202,0.354232,0.158734,0.565611,0.657372,0.508935,0.728215,0.530386,0.88354,0.712664,0.995249,0.611564,0.567456,0.757089,0.472082,0.790781,0.801778,0.254651,0.169615,0.288369,0.136914,0.194942,0.322221,0,0
0.2899,0.16422,0.323583,0.360369,0.250066,0.482996,0.236278,0.681899,0.191866,0.83448,0.387925,0.259549,0.467584,0.240484,0.351175,0.156018,0.568675,0.660084,0.510471,0.730941,0.531911,0.883519,0.714191,0.995248,0.6131,0.567446,0.758615,0.469368,0.78925,0.796341,0.250055,0.175081,0.285286,0.134217,0.194926,0.333106,0,0
0.28224,0.183217,0.323588,0.363097,0.248546,0.482996,0.240869,0.670986,0.18879,0.809963,0.390988,0.259553,0.455331,0.221386,0.340452,0.158708,0.56561,0.657378,0.507406,0.728219,0.533447,0.880796,0.714195,0.995249,0.613097,0.564738,0.758609,0.474793,0.787715,0.793607,0.240874,0.188736,0.277636,0.142354,0.193378,0.341281,0,0
0.276139,0.185987,0.322056,0.360384,0.248536,0.485702,0.240885,0.66828,0.179606,0.790897,0.394054,0.254117,0.450724,0.207803,0.334311,0.158733,0.568676,0.660084,0.508939,0.725491,0.538042,0.878074,0.712666,0.993889,0.616159,0.567445,0.758608,0.472085,0.787719,0.793615,0.237826,0.194167,0.274601,0.14512,0.19338,0.346755,0,0
0.276106,0.194155,0.322053,0.365808,0.248529,0.491146,0.245472,0.668266,0.168888,0.750021,0.389462,0.254093,0.449192,0.196905,0.328189,0.161433,0.56255,0.657367,0.505877,0.722766,0.544164,0.869898,0.712663,0.993889,0.613099,0.567447,0.755543,0.472078,0.787717,0.796336,0.23168,0.210527,0.273057,0.153277,0.193379,0.357634,0,0
0.276099,0.199576,0.322067,0.365803,0.24701,0.491162,0.243942,0.670997,0.159702,0.725481,0.392523,0.254092,0.44766,0.194157,0.325121,0.161465,0.564079,0.657375,0.505875,0.725493,0.545702,0.864462,0.717256,0.993889,0.613099,0.56745,0.749423,0.46936,0.786193,0.790881,0.230156,0.21596,0.273018,0.156002,0.193406,0.360378,0,0
0.274564,0.202336,0.317475,0.360375,0.246996,0.488444,0.248538,0.662814,0.161219,0.698259,0.387924,0.245922,0.447675,0.188716,0.325131,0.16143,0.556424,0.646467,0.505874,0.709148,0.553362,0.872624,0.715725,0.993887,0.606967,0.562004,0.738702,0.461176,0.781589,0.771818,0.231682,0.221385,0.269997,0.161408,0.194937,0.365808,0,0
0.274582,0.20506,0.31747,0.360373,0.245481,0.491171,0.254664,0.662821,0.170423,0.695531,0.386398,0.248639,0.44919,0.188729,0.326649,0.161454,0.554892,0.646471,0.504341,0.709144,0.557958,0.867183,0.712662,0.993886,0.603907,0.559285,0.732567,0.447569,0.778526,0.755464,0.231697,0.224086,0.271505,0.161438,0.194936,0.363126,0,0
0.274554,0.20501,0.31899,0.368545,0.243946,0.499335,0.259256,0.66556,0.20718,0.703686,0.389464,0.25409,0.446149,0.18601,0.323606,0.161491,0.553355,0.643741,0.501283,0.709141,0.559485,0.861722,0.709595,0.993885,0.600845,0.559273,0.724916,0.433938,0.769339,0.744561,0.233219,0.218685,0.269978,0.161437,0.194912,0.363109,0,0
0.274558,0.205044,0.31899,0.371249,0.24393,0.504768,0.260798,0.662834,0.214841,0.703692,0.389459,0.2541,0.44461,0.185977,0.323604,0.164172,0.554891,0.646473,0.502811,0.714588,0.554888,0.859003,0.705001,0.993885,0.602379,0.559283,0.720321,0.436659,0.766279,0.744572,0.233214,0.21868,0.269976,0.161456,0.193411,0.36309,0,0
0.274578,0.20506,0.320538,0.371286,0.245472,0.496615,0.2516,0.662811,0.207179,0.722774,0.395581,0.259556,0.443082,0.188688,0.323602,0.164207,0.556424,0.657359,0.502815,0.728215,0.551822,0.886247,0.657519,0.993884,0.606966,0.567448,0.720323,0.439402,0.763215,0.752726,0.234745,0.218682,0.271512,0.161499,0.191873,0.363102,0,0
0.276088,0.205045,0.322052,0.371265,0.247001,0.499329,0.254657,0.66281,0.196458,0.71731,0.395584,0.259545,0.444612,0.185971,0.325131,0.166893,0.554889,0.654645,0.501282,0.725495,0.541108,0.880814,0.657517,0.992523,0.603905,0.564719,0.720316,0.450285,0.763205,0.750015,0.234757,0.218669,0.273034,0.164137,0.191869,0.36309,0,0
0.277663,0.205077,0.322051,0.3876,0.245465,0.515666,0.251599,0.676434,0.164288,0.722765,0.392523,0.28134,0.446144,0.194147,0.326665,0.166918,0.553362,0.665545,0.499747,0.750014,0.531917,0.927122,0.662115,0.993886,0.602377,0.575632,0.714198,0.447573,0.760144,0.744565,0.237824,0.215975,0.274604,0.164155,0.190358,0.365844,0,0
0.286841,0.205021,0.323589,0.395787,0.245468,0.523836,0.24241,0.687349,0.136727,0.706407,0.398656,0.284078,0.447675,0.194175,0.332792,0.166901,0.554892,0.681891,0.49975,0.763632,0.527316,0.938026,0.649857,0.993884,0.603904,0.58925,0.708067,0.439401,0.760156,0.733666,0.240858,0.218667,0.277645,0.161508,0.19184,0.368553,0,0
0.289893,0.202345,0.323605,0.398533,0.248534,0.523847,0.213303,0.651911,0.10455,0.611065,0.397114,0.286795,0.441549,0.191443,0.329719,0.166893,0.554892,0.670995,0.499747,0.755466,0.52119,0.940758,0,0,0.59931,0.575623,0.688152,0.428475,0.770868,0.671,0.24086,0.221398,0.279182,0.161474,0.19187,0.373959,0,0
0.286827,0.205019,0.319003,0.406692,0.24241,0.532036,0.193392,0.616497,0.0892354,0.551106,0.390998,0.294983,0.439997,0.19142,0.325133,0.166905,0.551831,0.668271,0.498216,0.755462,0.521187,0.938014,0,0,0.600845,0.581073,0.678961,0.406707,0.778526,0.638307,0.237827,0.221421,0.276123,0.161494,0.19033,0.374016,0,0
0.274585,0.207813,0.31288,0.3767,0.247005,0.472087,0.161224,0.482991,0.185737,0.387612,0.377201,0.289514,0.429291,0.194181,0.323595,0.185991,0.550293,0.657373,0.49515,0.747291,0.522723,0.918951,0,0,0.593187,0.570171,0.659054,0.40396,0.781592,0.559276,0.225569,0.226829,0.269992,0.164224,0.18267,0.360351,0,0
0.271493,0.207819,0.315932,0.36854,0.262322,0.45028,0.197992,0.548381,0.202588,0.368546,0.372614,0.289527,0.427747,0.19689,0.319001,0.185998,0.550297,0.657371,0.496683,0.744562,0.52119,0.918951,0,0,0.593187,0.564728,0.652923,0.390338,0.778525,0.521137,0.22556,0.224168,0.265399,0.166899,0.19185,0.322216,0,0
0.268454,0.205063,0.294493,0.3958,0.220964,0.518389,0.268444,0.591976,0.271513,0.428497,0.360357,0.292243,0.42621,0.202334,0.317465,0.177807,0.545702,0.638296,0.495149,0.722766,0.519659,0.935308,0.648328,0.993884,0.591651,0.5511,0.640671,0.373986,0.758619,0.453015,0.224024,0.218653,0.260802,0.164181,0.175032,0.363114,0,0
0.273033,0.202294,0.29449,0.390331,0.222487,0.515678,0.280704,0.611031,0.30521,0.50751,0.363415,0.289514,0.426227,0.202329,0.317467,0.166906,0.547231,0.632853,0.496684,0.714594,0.516593,0.929849,0,0,0.591655,0.548381,0.629953,0.365823,0.757082,0.439384,0.225566,0.210522,0.26233,0.161421,0.176521,0.360373,0,0
0.271508,0.199608,0.303677,0.390323,0.224033,0.507493,0.245467,0.611058,0.288369,0.616501,0.374141,0.289504,0.42624,0.196897,0.315938,0.166901,0.547232,0.630129,0.498211,0.714586,0.513532,0.938011,0,0,0.591652,0.542926,0.634541,0.363085,0.757075,0.433943,0.225574,0.210537,0.260803,0.161427,0.17656,0.360373,0,0
0.269976,0.19963,0.302144,0.3849,0.22402,0.507508,0.247002,0.62467,0.276117,0.621957,0.372613,0.281354,0.42776,0.196865,0.312868,0.164196,0.544167,0.630122,0.49362,0.714593,0.508939,0.935295,0,0,0.588589,0.540213,0.637602,0.357637,0.758619,0.436655,0.225555,0.213214,0.25925,0.16144,0.176551,0.360379,0,0
0.259277,0.207807,0.302145,0.38762,0.225549,0.504767,0.24394,0.649194,0.273049,0.643754,0.375673,0.281349,0.424684,0.191428,0.308272,0.172368,0.550298,0.632852,0.499741,0.717311,0.50434,0.929853,0,0,0.594713,0.551101,0.634543,0.357649,0.760141,0.439387,0.216379,0.224126,0.254657,0.166897,0.176535,0.371253,0,0
0.256207,0.215951,0.300631,0.390326,0.22402,0.510238,0.247001,0.654645,0.273054,0.638295,0.374147,0.278634,0.421612,0.185995,0.305206,0.172355,0.54723,0.627397,0.495152,0.709151,0.505877,0.932582,0,0,0.591649,0.54021,0.637605,0.357644,0.758619,0.436667,0.213285,0.229541,0.250081,0.172334,0.17503,0.37401,0,0
0.243954,0.226818,0.297563,0.38487,0.222495,0.521141,0.260798,0.687335,0.276104,0.651914,0.372602,0.262283,0.412436,0.164183,0.2945,0.172359,0.550291,0.624667,0.499746,0.709139,0.519657,0.902604,0,0,0.591655,0.53476,0.637598,0.360363,0.760142,0.425769,0.201056,0.248618,0.240858,0.183212,0.175016,0.387614,0,0
0.240867,0.229571,0.297565,0.384873,0.222497,0.523838,0.256202,0.676441,0.277641,0.643758,0.371077,0.265001,0.404779,0.161446,0.291432,0.180516,0.551826,0.632851,0.499746,0.717315,0.524249,0.894438,0,0,0.597778,0.540199,0.636069,0.36037,0.761679,0.417591,0.194926,0.251387,0.239333,0.183254,0.174984,0.393085,0,0
0.236284,0.237771,0.296021,0.390333,0.22096,0.529309,0.266921,0.690087,0.269972,0.638261,0.368015,0.270458,0.400181,0.158727,0.282231,0.188682,0.551826,0.649202,0.499741,0.720042,0.530382,0.886255,0,0,0.599313,0.556547,0.634545,0.365825,0.763216,0.425753,0.190333,0.262256,0.234742,0.188677,0.17347,0.401215,0,0
0.23168,0.245911,0.294492,0.390331,0.222501,0.521143,0.248534,0.692797,0.262328,0.641028,0.371074,0.273182,0.397122,0.158738,0.280698,0.188696,0.551824,0.654646,0.499742,0.736394,0.539575,0.883537,0,0,0.59931,0.55927,0.636069,0.3631,0.764743,0.433925,0.18882,0.265004,0.230149,0.191425,0.173468,0.403965,0.254668,0.16691
0.225588,0.248629,0.294493,0.390332,0.224038,0.518407,0.247002,0.703689,0.256191,0.670993,0.372614,0.278634,0.39866,0.161438,0.28071,0.18599,0.550296,0.657365,0.496683,0.739115,0.541102,0.850833,0.685091,0.993886,0.597776,0.559282,0.642199,0.35765,0.76781,0.436676,0.187252,0.270411,0.225562,0.196875,0.173466,0.406687,0.247,0.164228
0.225568,0.248612,0.294498,0.382162,0.228627,0.499337,0.224025,0.583809,0,0,0.368019,0.275894,0.397128,0.161459,0.285304,0.188736,0.548765,0.651929,0.498217,0.736393,0.542636,0.845391,0.686622,0.993885,0.596247,0.556548,0.642199,0.363093,0.778528,0.433954,0.184205,0.270454,0.225545,0.194143,0.173462,0.406729,0.245483,0.164175
0.224045,0.248654,0.292968,0.376729,0.225571,0.499327,0.225568,0.570182,0.253137,0.684613,0.368011,0.273176,0.409366,0.155998,0.283765,0.213236,0.550298,0.657365,0.496683,0.736393,0.548759,0.845385,0.695812,0.993886,0.599309,0.562007,0.648334,0.365831,0.792317,0.433925,0.178106,0.275889,0.225575,0.199599,0.17195,0.409433,0.251595,0.177814
0.224011,0.251348,0.292971,0.376707,0.224032,0.499339,0.227098,0.583802,0.247013,0.679171,0.363423,0.26772,0.400185,0.161445,0.286829,0.221396,0.547234,0.657367,0.49209,0.733665,0.551825,0.845383,0.698876,0.993886,0.596247,0.561997,0.655987,0.368527,0.80916,0.423029,0.178105,0.2759,0.225546,0.205029,0.170413,0.409395,0.250069,0.183287
0.222505,0.248685,0.289902,0.384877,0.220969,0.518395,0.237819,0.635572,0.262333,0.739104,0.364947,0.27589,0.398652,0.164184,0.285293,0.226849,0.541108,0.646466,0.485959,0.720049,0.551834,0.839925,0.700408,0.993886,0.590118,0.551112,0.674362,0.379448,0.833668,0.423027,0.178072,0.275886,0.225569,0.196894,0.168893,0.40944,0.253123,0.180542
0.22401,0.24866,0.289897,0.382146,0.222484,0.51295,0.227099,0.602873,0.260793,0.725501,0.361888,0.273167,0.400185,0.164167,0.28224,0.224127,0.541104,0.643745,0.487493,0.722763,0.551821,0.834485,0.701941,0.993886,0.590119,0.551098,0.677437,0.382152,0.838265,0.436673,0.178083,0.273209,0.225583,0.196863,0.168883,0.406722,0.251614,0.169653
0.224026,0.248677,0.292949,0.382147,0.222502,0.502051,0.225563,0.594703,0.256197,0.717307,0.36036,0.275908,0.39711,0.164201,0.279178,0.226874,0.539569,0.635577,0.484428,0.714595,0.553365,0.83993,0.705004,0.993885,0.587058,0.54293,0.689686,0.393078,0.832148,0.507505,0.178081,0.273176,0.227078,0.196865,0.167361,0.406671,0.253136,0.177817
0.224027,0.251328,0.289894,0.374013,0.224023,0.499323,0.22403,0.586525,0.25313,0.706418,0.360356,0.275899,0.397119,0.164205,0.276113,0.226869,0.539574,0.64374,0.485962,0.717324,0.553361,0.831765,0.706534,0.993885,0.587058,0.551099,0.691224,0.395794,0.826016,0.567436,0.178076,0.273165,0.227088,0.196898,0.167348,0.403985,0.254654,0.18596
0.222498,0.248639,0.288353,0.368561,0.220961,0.491165,0.22556,0.5838,0.250066,0.690068,0.358824,0.259547,0.397103,0.161458,0.276108,0.218684,0.536505,0.630131,0.484426,0.706422,0.550297,0.837214,0.700407,0.993887,0.585522,0.545651,0.692745,0.393078,0.77393,0.657373,0.176567,0.267716,0.224036,0.194164,0.165839,0.4012,0.248543,0.175082
0.217914,0.243179,0.282236,0.363075,0.217893,0.485712,0.224031,0.581071,0.250061,0.692796,0.35117,0.251367,0.392521,0.158736,0.273042,0.207798,0.531913,0.630116,0.479833,0.706427,0.547231,0.842654,0.70194,0.993886,0.580931,0.540213,0.689686,0.39034,0.754018,0.662833,0.175022,0.256842,0.220975,0.185974,0.164294,0.395783,0.243948,0.166902
0.204127,0.221409,0.265393,0.344043,0.201062,0.480252,0.220959,0.611046,0.251598,0.725493,0.329723,0.232295,0.387936,0.145131,0.271523,0.194185,0.524251,0.613774,0.470639,0.690076,0.528855,0.809954,0.694281,0.993885,0.570208,0.523868,0.668243,0.371255,0.743301,0.638295,0.16276,0.245927,0.205647,0.164236,0.152023,0.376718,0.230149,0.150557
0.199517,0.210519,0.260782,0.338594,0.194933,0.466645,0.214832,0.600153,0.237808,0.684618,0.325118,0.226856,0.378732,0.139674,0.262317,0.188698,0.510469,0.594697,0.456859,0.668279,0.527319,0.801778,0.683558,0.99389,0.556423,0.507501,0.662116,0.352182,0.747891,0.613762,0.155113,0.235013,0.201065,0.161446,0.144366,0.368552,0.227077,0.14512
0.191876,0.194125,0.25772,0.333105,0.191869,0.450286,0.208702,0.57563,0.240866,0.673728,0.32513,0.218678,0.377203,0.136959,0.25467,0.166899,0.507405,0.572911,0.456855,0.660092,0.522724,0.779989,0.695814,0.993891,0.551831,0.482978,0.657517,0.341272,0.755546,0.567461,0.15049,0.224137,0.193409,0.142403,0.141313,0.36034,0.220975,0.126029
0.193385,0.194135,0.257721,0.333125,0.191854,0.458465,0.216369,0.605595,0.248526,0.681886,0.323591,0.213243,0.381791,0.139631,0.256198,0.164197,0.507406,0.572905,0.458388,0.66009,0.522725,0.779987,0.69428,0.993891,0.551826,0.480261,0.659054,0.341268,0.75709,0.575626,0.150485,0.224138,0.197985,0.142402,0.141307,0.360351,0.222498,0.126017
0.193392,0.194166,0.256206,0.338534,0.191851,0.463914,0.220958,0.61105,0.257728,0.687357,0.320528,0.221398,0.386414,0.145117,0.263852,0.169652,0.501281,0.570171,0.452266,0.657362,0.515066,0.777265,0.683557,0.993888,0.550293,0.477534,0.665178,0.344024,0.755543,0.616497,0.150513,0.224148,0.199515,0.145082,0.141305,0.36034,0.22555,0.131463
0.194918,0.196888,0.259248,0.338542,0.19185,0.466638,0.222499,0.619215,0.25774,0.690047,0.322067,0.224125,0.387921,0.145119,0.265388,0.172353,0.50281,0.570173,0.455323,0.657361,0.513537,0.782711,0.677433,0.993885,0.550293,0.480251,0.672838,0.349478,0.743291,0.649202,0.152012,0.22416,0.20106,0.145148,0.141331,0.360388,0.227103,0.131508
0.193396,0.194153,0.256188,0.338553,0.190327,0.469363,0.222486,0.621957,0.254665,0.690057,0.319004,0.218683,0.389463,0.150544,0.265381,0.177794,0.504341,0.572906,0.455327,0.657367,0.507406,0.779991,0.700408,0.993888,0.55336,0.485715,0.692743,0.384898,0.731039,0.703688,0.150515,0.224095,0.201055,0.145093,0.141285,0.357661,0.227108,0.13419
0.193396,0.191465,0.253137,0.33855,0.190322,0.469363,0.2225,0.624671,0.254673,0.690091,0.315933,0.224126,0.390982,0.147852,0.266922,0.172354,0.505873,0.575631,0.456854,0.660091,0.505878,0.779984,0.695812,0.993887,0.556418,0.491155,0.698873,0.393055,0.738701,0.709137,0.15201,0.221392,0.202565,0.142386,0.141285,0.357609,0.228621,0.131505
0.193408,0.19417,0.256198,0.338551,0.190339,0.472095,0.225566,0.641017,0.25774,0.709114,0.317465,0.218678,0.390998,0.150564,0.26998,0.175073,0.510471,0.575633,0.461455,0.660091,0.505873,0.779989,0.695814,0.993884,0.564083,0.496602,0.706537,0.401256,0.746361,0.706416,0.150514,0.224082,0.201056,0.14509,0.141302,0.357634,0.227109,0.131482
0.193414,0.196867,0.256193,0.338549,0.190342,0.474791,0.225576,0.643741,0.259267,0.720033,0.31593,0.21323,0.392508,0.15598,0.269979,0.183254,0.505872,0.575621,0.456857,0.660084,0.504349,0.78543,0.694278,0.993889,0.559484,0.491161,0.706529,0.401256,0.747888,0.709135,0.15202,0.224106,0.202569,0.145146,0.141298,0.357663,0.22864,0.134224
0.196451,0.202309,0.251604,0.338606,0.188811,0.477537,0.224041,0.646464,0.257742,0.714579,0.314399,0.215952,0.386407,0.15603,0.263858,0.188716,0.504343,0.572915,0.455323,0.660082,0.504339,0.777256,0.678963,0.993884,0.556425,0.491162,0.705,0.403954,0.741767,0.70915,0.152007,0.226817,0.201065,0.153271,0.138256,0.357649,0.227104,0.136946
0.196453,0.202353,0.251616,0.341339,0.188802,0.480265,0.222501,0.643743,0.256185,0.706397,0.315939,0.229591,0.383345,0.158723,0.262334,0.188727,0.502807,0.575625,0.452262,0.660097,0.501285,0.774543,0.680495,0.989797,0.55336,0.493879,0.703474,0.401244,0.740238,0.71186,0.150509,0.226827,0.202579,0.155993,0.138242,0.357665,0.227095,0.14237
0.202597,0.202301,0.251595,0.341309,0.188784,0.472073,0.210236,0.602876,0.254666,0.679172,0.314407,0.232318,0.375678,0.156029,0.257731,0.188693,0.496682,0.57018,0.447671,0.6492,0.505873,0.777269,0.66977,0.98435,0.548758,0.482983,0.701946,0.401255,0.740233,0.711858,0.153584,0.221357,0.205657,0.150539,0.135184,0.349461,0.23321,0.139643
0.204122,0.196904,0.253125,0.341298,0.187268,0.474806,0.210237,0.608325,0.257728,0.665541,0.317462,0.232305,0.372618,0.156018,0.259261,0.194153,0.49821,0.570167,0.447669,0.651918,0.508938,0.777263,0.663646,0.992522,0.54876,0.482974,0.703467,0.401247,0.7387,0.711871,0.156616,0.213212,0.205645,0.145105,0.135186,0.343993,0.233221,0.13692
0.207177,0.185965,0.248538,0.338541,0.187262,0.466656,0.217902,0.632843,0,0,0.309803,0.194159,0.374141,0.147839,0.266916,0.166904,0.495154,0.567452,0.44766,0.643746,0.501283,0.758199,0.662114,0.992523,0.545702,0.48025,0.700406,0.395801,0.737169,0.711873,0.161218,0.199634,0.208705,0.134223,0.133647,0.335828,0.234745,0.120557
0.20872,0.175084,0.248547,0.338535,0.185739,0.463916,0.250069,0.681884,0.253131,0.621957,0.312869,0.213238,0.37413,0.14785,0.262319,0.175083,0.493623,0.559275,0.444603,0.6274,0.499746,0.752741,0.663642,0.993887,0.54264,0.474801,0.698882,0.395804,0.735634,0.706419,0.162773,0.19413,0.211765,0.128753,0.133663,0.327682,0,0
0.211767,0.161478,0.251594,0.31407,0.188785,0.439395,0.196468,0.581069,0.242422,0.58109,0.312869,0.185989,0.374135,0.134208,0.262325,0.158729,0.490557,0.545654,0.443071,0.616485,0.501276,0.750013,0.675896,0.94621,0.541108,0.469352,0.697343,0.384904,0.735636,0.687346,0.165844,0.175082,0.21332,0.115128,0.133666,0.308554,0.239345,0.104198
0.214829,0.153282,0.253123,0.308591,0.185738,0.436656,0.197985,0.578344,0.239356,0.572879,0.315939,0.188693,0.372607,0.126039,0.262327,0.158723,0.489023,0.537485,0.440011,0.611052,0.49822,0.730933,0.678964,0.9571,0.541102,0.463905,0.694283,0.376721,0.734111,0.671004,0.168894,0.161484,0.216356,0.101526,0.135178,0.297679,0.239349,0.0960164
0.217916,0.136941,0.254662,0.300404,0.188803,0.425772,0.224024,0.605596,0.24087,0.551093,0.317468,0.172356,0.375666,0.117862,0.269983,0.134209,0.489025,0.52659,0.440003,0.597427,0.498218,0.720045,0.680496,0.938008,0.542637,0.45301,0.688152,0.363089,0.735635,0.668269,0.178065,0.142354,0.220955,0.0879024,0.135176,0.275924,0,0
0.22249,0.134243,0.254658,0.292244,0.188804,0.420302,0.224019,0.602875,0.237818,0.534755,0.318996,0.15873,0.375688,0.120593,0.262325,0.136945,0.490558,0.526585,0.441535,0.594706,0.496679,0.71188,0.680494,0.935286,0.54264,0.450288,0.689681,0.363102,0.732583,0.665551,0.181154,0.136923,0.22404,0.0851764,0.136713,0.270425,0,0
0.228628,0.126062,0.254675,0.289506,0.1888,0.409426,0.219432,0.583791,0.231695,0.491145,0.320533,0.161452,0.374151,0.120588,0.263852,0.134203,0.492092,0.523861,0.441542,0.589249,0.498209,0.714582,0.678962,0.935299,0.54417,0.450293,0.688153,0.371249,0.732567,0.665558,0.190354,0.131488,0.225573,0.0797418,0.139796,0.264994,0,0
0.230145,0.123336,0.2562,0.292251,0.187268,0.423032,0.225572,0.5838,0.230163,0.469398,0.323593,0.180533,0.374134,0.120569,0.257726,0.136923,0.490554,0.529299,0.441542,0.597423,0.496683,0.717313,0.68049,0.938037,0.542635,0.455744,0.68815,0.371277,0.731051,0.66556,0.191885,0.131473,0.225549,0.0824458,0.141292,0.264987,0,0
0.234744,0.134197,0.260793,0.289534,0.187275,0.436664,0.227094,0.575652,0.233222,0.414872,0.325123,0.156005,0.377208,0.117854,0.274582,0.153285,0.495148,0.551102,0.443068,0.611046,0.498207,0.725482,0.677426,0.948923,0.545699,0.46936,0.691209,0.387599,0.729514,0.684619,0.193405,0.142418,0.224038,0.101526,0.142845,0.281311,0,0
0.234745,0.145105,0.25773,0.305882,0.190342,0.447564,0.231682,0.572887,0.228616,0.376714,0.322055,0.188696,0.375687,0.126015,0.271514,0.158722,0.49209,0.551101,0.443071,0.611058,0.49821,0.733675,0.677426,0.959825,0.544167,0.46936,0.688158,0.387633,0.731038,0.690074,0.193415,0.153309,0.227085,0.106971,0.142873,0.292203,0,0
0.233212,0.164194,0.259258,0.338576,0.193397,0.458456,0.231682,0.559296,0.227085,0.341297,0.320526,0.221411,0.374153,0.131467,0.260789,0.15874,0.495153,0.559278,0.444598,0.613784,0.495151,0.736386,0.677427,0.993885,0.544168,0.472092,0.68815,0.393074,0.729509,0.692799,0.196449,0.164222,0.230153,0.128757,0.14745,0.308616,0,0
0.231691,0.166935,0.257727,0.335863,0.193396,0.461165,0.23168,0.559276,0.233213,0.341307,0.31594,0.221406,0.37567,0.128745,0.260797,0.161437,0.492091,0.556559,0.443072,0.61922,0.496687,0.739116,0.67743,0.992521,0.541105,0.472092,0.688152,0.395789,0.729507,0.698236,0.197998,0.169654,0.230169,0.134209,0.148967,0.31401,0,0
0.231686,0.164218,0.266919,0.346737,0.199514,0.46389,0.242396,0.545642,0.236279,0.316775,0.328192,0.240467,0.377211,0.131488,0.245488,0.158749,0.498215,0.559278,0.447669,0.619216,0.49515,0.736388,0.67437,0.951649,0.547228,0.474809,0.686628,0.393051,0.729513,0.684618,0.199507,0.172351,0.23629,0.131523,0.152036,0.314025,0,0
0.230159,0.164167,0.265378,0.3413,0.201062,0.45573,0.240882,0.532038,0.228621,0.30042,0.326651,0.240465,0.377203,0.128764,0.259257,0.156018,0.498217,0.559269,0.4492,0.616496,0.496682,0.736392,0.677426,0.943484,0.545699,0.4748,0.688147,0.387604,0.729508,0.676443,0.201054,0.166904,0.234745,0.131485,0.152048,0.311336,0,0
0.230163,0.16144,0.265394,0.32768,0.197993,0.452999,0.237813,0.51842,0.222496,0.289534,0.323598,0.218683,0.380267,0.131485,0.260783,0.153283,0.499749,0.556555,0.4492,0.611058,0.490553,0.725486,0.678956,0.938037,0.547229,0.472093,0.685087,0.384893,0.727976,0.670996,0.204107,0.166922,0.228628,0.126034,0.155097,0.311341,0,0
0.228633,0.177804,0.262329,0.324941,0.197997,0.444855,0.234755,0.521137,0.214843,0.294974,0.323597,0.213222,0.378729,0.131499,0.259252,0.153265,0.49515,0.540211,0.447661,0.608331,0.490552,0.72821,0.680496,0.940754,0.54264,0.466628,0.682033,0.384891,0.726448,0.668264,0.204126,0.188709,0.227107,0.153268,0.156613,0.313992,0,0
0.22556,0.175084,0.265387,0.319501,0.196449,0.450278,0.236282,0.518418,0.213299,0.286799,0.326657,0.20777,0.381803,0.136941,0.271517,0.150557,0.49821,0.556548,0.447663,0.611041,0.487495,0.720037,0.67896,0.938028,0.547228,0.472093,0.682028,0.382178,0.724914,0.66827,0.204105,0.188695,0.214854,0.158724,0.156654,0.316763,0.219439,0.136924
0.233224,0.196871,0.265382,0.316771,0.196462,0.444821,0.234741,0.521128,0.213314,0.30586,0.323597,0.194155,0.38485,0.136907,0.268446,0.155974,0.496682,0.553822,0.446138,0.613763,0.485964,0.717311,0.67896,0.940759,0.54723,0.474806,0.678962,0.382178,0.723378,0.668266,0.204134,0.213218,0.22097,0.158731,0.158151,0.319472,0,0
0.228625,0.199603,0.266924,0.322225,0.196461,0.444819,0.230151,0.5184,0.213297,0.292237,0.332785,0.210505,0.383323,0.136929,0.268441,0.158698,0.496682,0.553825,0.446134,0.613767,0.487489,0.733675,0.674369,0.938034,0.547233,0.472082,0.675889,0.382159,0.717261,0.665529,0.202586,0.215958,0.217902,0.158739,0.159718,0.335782,0.222487,0.12876
0.228616,0.196884,0.265393,0.319499,0.196455,0.444832,0.227089,0.521118,0.211785,0.294962,0.329722,0.202329,0.380281,0.13963,0.269984,0.158738,0.498218,0.551102,0.447665,0.611051,0.484429,0.730948,0.668242,0.935301,0.545698,0.469367,0.674365,0.382156,0.712671,0.662833,0.201053,0.215963,0.219435,0.158743,0.159696,0.338506,0.224035,0.139663
0.224034,0.1887,0.266923,0.314051,0.193404,0.444856,0.225572,0.515668,0.210252,0.281342,0.331251,0.177805,0.380275,0.142384,0.265392,0.158688,0.495152,0.548379,0.446132,0.611043,0.484434,0.73912,0.668236,0.932581,0.545696,0.466636,0.671302,0.376709,0.706542,0.660095,0.194935,0.221412,0.214837,0.158736,0.158165,0.341324,0.219439,0.134207
0.219433,0.18053,0.266918,0.308596,0.196456,0.439392,0.224038,0.512969,0.211769,0.278635,0.32666,0.188709,0.377213,0.13968,0.26693,0.158724,0.490555,0.534754,0.443068,0.6056,0.487494,0.744556,0.675894,0.940749,0.542639,0.461186,0.666712,0.376713,0.706533,0.657364,0.191868,0.243203,0.208716,0.156011,0.158178,0.349439,0.21637,0.139648
0.217898,0.136933,0.266921,0.314049,0.193402,0.452997,0.22403,0.512968,0.211776,0.281349,0.322066,0.166907,0.378731,0.14512,0.266924,0.147825,0.493618,0.537486,0.443073,0.605604,0.481361,0.728219,0.663642,0.929851,0.541107,0.463911,0.660588,0.379439,0.706526,0.654648,0.194919,0.21868,0.208713,0.131493,0.156643,0.349447,0.214842,0.11786
0.228618,0.191437,0.263856,0.316771,0.194924,0.455726,0.225558,0.515684,0.210248,0.300415,0.323592,0.177804,0.375673,0.142378,0.268438,0.142411,0.489022,0.537475,0.438473,0.60288,0.479835,0.722775,0.671302,0.938014,0.53804,0.463903,0.659052,0.382162,0.70501,0.654653,0.196452,0.224132,0.216373,0.169633,0.156625,0.349465,0.21639,0.120654
0.222485,0.183254,0.265391,0.344021,0.193397,0.461169,0.225563,0.512969,0.211784,0.28136,0.329721,0.245919,0.375666,0.139679,0.263868,0.134192,0.485958,0.540211,0.438475,0.611047,0.478312,0.722764,0.66058,0.932573,0.533447,0.466629,0.659044,0.384876,0.705003,0.657366,0.188797,0.207796,0.211779,0.153277,0.155119,0.349451,0,0
0.224013,0.188682,0.265387,0.344032,0.193406,0.461187,0.228619,0.515674,0.214841,0.281358,0.331253,0.237749,0.374156,0.136964,0.260786,0.134187,0.485964,0.542934,0.440007,0.611049,0.478305,0.717324,0.662112,0.935301,0.534974,0.46935,0.659044,0.384875,0.705,0.657374,0.185736,0.215968,0.211765,0.153287,0.155117,0.349464,0,0
0.21943,0.188724,0.266913,0.341299,0.194927,0.461187,0.227097,0.507499,0.219442,0.281362,0.32819,0.226848,0.371067,0.136931,0.259268,0.131461,0.485959,0.54838,0.441541,0.616488,0.478303,0.717319,0.665174,0.935295,0.531915,0.469369,0.65752,0.384876,0.705002,0.657376,0.179597,0.218673,0.20872,0.158719,0.155111,0.349444,0,0
0.216367,0.188726,0.265392,0.33313,0.194931,0.453023,0.234746,0.507508,0.216378,0.270455,0.325131,0.213226,0.371084,0.131497,0.257722,0.134188,0.482895,0.54021,0.438473,0.611051,0.476781,0.714591,0.662113,0.924407,0.534974,0.466628,0.657527,0.384876,0.704998,0.657363,0.176569,0.224125,0.207179,0.158736,0.155113,0.346749,0,0
0.213308,0.19417,0.257733,0.335856,0.193393,0.447566,0.23629,0.496611,0.217922,0.24866,0.320524,0.221409,0.36955,0.134192,0.256197,0.134228,0.482899,0.534753,0.436945,0.608318,0.478305,0.717321,0.663643,0.924402,0.531913,0.461178,0.657527,0.384876,0.705002,0.654647,0.181136,0.213221,0.207172,0.158747,0.155084,0.344049,0,0
0.216364,0.194152,0.260789,0.338566,0.193408,0.452992,0.23475,0.488434,0.222502,0.251382,0.320532,0.226852,0.371072,0.1315,0.254662,0.134221,0.481363,0.52931,0.433882,0.60288,0.47984,0.720044,0.660585,0.924398,0.53191,0.455739,0.65905,0.382154,0.704996,0.654637,0.181152,0.210532,0.207183,0.158716,0.153589,0.341328,0,0
0.216378,0.199619,0.260797,0.341294,0.19341,0.455755,0.236277,0.485716,0.225544,0.254144,0.323597,0.229581,0.368008,0.131504,0.256195,0.131489,0.484425,0.534757,0.438476,0.611044,0.482898,0.725486,0.65905,0.924403,0.534976,0.461184,0.659047,0.384881,0.705003,0.654643,0.185743,0.210544,0.210243,0.16418,0.155081,0.34128,0,0
0.219445,0.199583,0.259256,0.338555,0.19492,0.455747,0.240879,0.502052,0.225588,0.262261,0.319003,0.221408,0.368007,0.134237,0.256196,0.131517,0.487496,0.537485,0.441537,0.611043,0.479842,0.720047,0.660581,0.929843,0.539575,0.463903,0.659059,0.3876,0.705006,0.65736,0.187271,0.210544,0.211778,0.161457,0.155086,0.338622,0,0
0.224013,0.194181,0.259258,0.335846,0.196464,0.455752,0.239349,0.507503,0.228638,0.270423,0.317465,0.218684,0.368025,0.136938,0.256209,0.134183,0.492085,0.548383,0.444605,0.613775,0.482897,0.728221,0.660584,0.932566,0.538037,0.469351,0.662119,0.387632,0.706529,0.660098,0.190337,0.213226,0.214824,0.16418,0.156653,0.341326,0,0
0.224022,0.194185,0.260794,0.338545,0.196469,0.458445,0.239345,0.510244,0.234739,0.270434,0.320525,0.221403,0.372616,0.136958,0.259257,0.134223,0.490558,0.551103,0.444599,0.613779,0.484426,0.733667,0.668236,0.935308,0.534976,0.472076,0.66212,0.390344,0.706542,0.662826,0.190348,0.215943,0.213303,0.16147,0.15816,0.341346,0,0
0.227109,0.199593,0.26538,0.341282,0.199518,0.466612,0.236288,0.493879,0.23169,0.27044,0.322057,0.213229,0.375671,0.139664,0.26385,0.136923,0.49362,0.553828,0.447662,0.616504,0.489023,0.736383,0.666705,0.938035,0.539572,0.472079,0.665174,0.393072,0.70806,0.665536,0.191857,0.221373,0.214847,0.161445,0.159694,0.344028,0,0
0.22862,0.194181,0.263856,0.341299,0.199517,0.466615,0.240876,0.504779,0.230159,0.273151,0.320534,0.224139,0.375668,0.147846,0.262317,0.136929,0.498211,0.559285,0.449201,0.621947,0.489027,0.73367,0.669769,0.94074,0.544168,0.477523,0.666705,0.398505,0.706542,0.665555,0.191879,0.221389,0.213316,0.161446,0.161221,0.346727,0,0
0.227101,0.19961,0.265391,0.349461,0.20105,0.472095,0.236282,0.526568,0.227108,0.284082,0.323596,0.240476,0.440009,0.188698,0,0,0.495152,0.564725,0.447667,0.630119,0.493622,0.74184,0.669774,0.943484,0.542639,0.477543,0.668241,0.398517,0.709594,0.668275,0.19187,0.226833,0.213311,0.164186,0.164281,0.352213,0,0
0.225547,0.205033,0.268443,0.349463,0.201052,0.474791,0.231681,0.532052,0.227092,0.297717,0.33125,0.232297,0.435412,0.180525,0,0,0.495148,0.559278,0.447661,0.621944,0.493625,0.747282,0.669773,0.943482,0.542636,0.474818,0.66977,0.401239,0.709599,0.670996,0.191853,0.22961,0.211777,0.166902,0.164311,0.357588,0,0
0.225558,0.213247,0.269981,0.344036,0.204117,0.466653,0.227099,0.55381,0.230166,0.324937,0.33278,0.243193,0.378737,0.158734,0.268452,0.158706,0.496683,0.56473,0.44767,0.630127,0.493618,0.744565,0.665173,0.93803,0.545698,0.480262,0.668243,0.403963,0.709605,0.670994,0.191849,0.240458,0.214842,0.172347,0.16585,0.360344,0,0
0.2271,0.218689,0.273046,0.354923,0.205648,0.474802,0.228625,0.553823,0.230165,0.324934,0.338913,0.248666,0.374131,0.158721,0.266909,0.158717,0.496679,0.564729,0.447669,0.63012,0.493622,0.74185,0.669774,0.940744,0.5457,0.480259,0.668244,0.403962,0.711131,0.673715,0.191844,0.245908,0.217897,0.180512,0.167362,0.363114,0,0
0.228625,0.22688,0.269985,0.360368,0.20411,0.480256,0.23322,0.556573,0.228621,0.319513,0.335848,0.24866,0.375688,0.158707,0.265395,0.161428,0.498217,0.567443,0.449199,0.635569,0.495157,0.750001,0.672838,0.938034,0.54723,0.482984,0.674364,0.409424,0.714189,0.673718,0.191841,0.251385,0.220948,0.188681,0.168877,0.371254,0.23475,0.14783
0.22863,0.229585,0.266926,0.36308,0.20412,0.483001,0.237817,0.564733,0.228628,0.333105,0.323595,0.256819,0.377203,0.158748,0.269973,0.161481,0.498215,0.56744,0.450727,0.638292,0.496686,0.744559,0.672836,0.940744,0.547231,0.482992,0.674366,0.412138,0.715722,0.673715,0.191855,0.254074,0.220951,0.188732,0.167369,0.371282,0.23781,0.147834
0.228622,0.23231,0.271508,0.352193,0.205643,0.482986,0.236271,0.570196,0.230155,0.338598,0.331251,0.24866,0.377212,0.164166,0.265396,0.161486,0.498211,0.567456,0.449196,0.635572,0.499749,0.750007,0.674364,0.940762,0.547233,0.485708,0.674366,0.41759,0.715727,0.673729,0.19035,0.254091,0.220961,0.191416,0.167357,0.371263,0,0
0.230145,0.23233,0.266918,0.344042,0.204111,0.482972,0.236269,0.5729,0.228624,0.341276,0.32819,0.248642,0.377209,0.161487,0.265393,0.161492,0.495155,0.564735,0.44767,0.627405,0.498218,0.747289,0.674362,0.943469,0.545698,0.4857,0.675898,0.420315,0.717256,0.676448,0.191843,0.254099,0.220966,0.19142,0.167353,0.371277,0.230151,0.142384
0.227083,0.229607,0.273039,0.354926,0.207176,0.485708,0.23782,0.570188,0.231683,0.341327,0.328189,0.251379,0.377215,0.164194,0.268453,0.16415,0.499743,0.567461,0.450734,0.638296,0.498219,0.747284,0.674362,0.938036,0.547226,0.485718,0.674373,0.420308,0.71726,0.676449,0.191839,0.251371,0.220963,0.186013,0.167371,0.373965,0,0
0.227088,0.232334,0.273049,0.354921,0.207173,0.485689,0.236291,0.572874,0.23322,0.346758,0.328188,0.251395,0.377204,0.164185,0.269983,0.161491,0.499744,0.567464,0.450733,0.641016,0.498211,0.74728,0.675893,0.940744,0.547234,0.485713,0.674365,0.414871,0.720319,0.676444,0.190357,0.251363,0.220971,0.188698,0.1704,0.373991,0.237808,0.150542
0.225568,0.226894,0.276106,0.349477,0.20718,0.482992,0.237806,0.567466,0.234743,0.349467,0.335844,0.248645,0.377211,0.161447,0.271501,0.161459,0.501284,0.570164,0.452265,0.638297,0.498208,0.739127,0.671303,0.935303,0.550296,0.488425,0.675898,0.414869,0.71879,0.67372,0.19034,0.248637,0.219436,0.186002,0.170406,0.371288,0.245465,0.14784
0.225556,0.226869,0.274579,0.346742,0.205653,0.482959,0.236285,0.572895,0.234744,0.34946,0.331255,0.243201,0.378733,0.161469,0.269986,0.158758,0.499749,0.564736,0.452264,0.635567,0.499742,0.736388,0.669769,0.932582,0.548759,0.482994,0.675897,0.414854,0.718787,0.673714,0.190337,0.248622,0.21944,0.185986,0.168885,0.371234,0.248538,0.147841
0.224043,0.229585,0.274572,0.34674,0.208704,0.480242,0.236281,0.575598,0.236281,0.352193,0.328193,0.240471,0.377222,0.161486,0.268459,0.158742,0.501277,0.567448,0.452263,0.630128,0.499751,0.741839,0.671307,0.932575,0.54723,0.485699,0.675899,0.412148,0.720317,0.671003,0.190327,0.248611,0.220973,0.185997,0.170417,0.371234,0.233217,0.145113
0.224036,0.229606,0.273051,0.344014,0.207185,0.480251,0.23934,0.575657,0.236286,0.354897,0.328191,0.237755,0.377218,0.161487,0.266909,0.158761,0.498217,0.562008,0.449205,0.627393,0.499739,0.741853,0.671303,0.932565,0.545703,0.477543,0.675905,0.41486,0.720317,0.673721,0.190332,0.24862,0.219429,0.188682,0.170403,0.371234,0.236281,0.145125
0.224021,0.235036,0.274572,0.341299,0.207188,0.480269,0.240867,0.578346,0.239332,0.360345,0.33585,0.215959,0.378741,0.158736,0.269979,0.164156,0.499742,0.567441,0.450731,0.630122,0.498222,0.747298,0.674369,0.929855,0.547229,0.482984,0.677426,0.414859,0.721855,0.671004,0.188783,0.25133,0.216386,0.185987,0.167348,0.365823,0.243943,0.145121
0.220961,0.245914,0.274565,0.338583,0.208704,0.480253,0.239354,0.575634,0.237797,0.360376,0.332784,0.218686,0.377211,0.161439,0.266921,0.164194,0.499747,0.56474,0.452263,0.630121,0.498218,0.747297,0.674367,0.929843,0.548758,0.482982,0.677434,0.414868,0.72491,0.673713,0.187262,0.251413,0.216381,0.191438,0.165836,0.365839,0.234754,0.147826
0.219424,0.248615,0.271522,0.333123,0.205653,0.485673,0.24395,0.591979,0.230167,0.376704,0.326654,0.199599,0.384867,0.158734,0.271519,0.169631,0.499753,0.561997,0.452263,0.619235,0.499749,0.741842,0.675904,0.92712,0.548768,0.48025,0.677435,0.409413,0.726442,0.671001,0.182676,0.254093,0.217887,0.188717,0.164267,0.357642,0.239335,0.15873
0.220976,0.248648,0.274579,0.314044,0.210254,0.458461,0.242394,0.600137,0.225574,0.382171,0.32972,0.185976,0.398649,0.15056,0.271513,0.169628,0.499751,0.559285,0.452263,0.619225,0.499755,0.736394,0.677437,0.927129,0.548764,0.477538,0.677437,0.406694,0.726445,0.670994,0.182661,0.254104,0.217907,0.186003,0.164308,0.357678,0.239349,0.158705
0.217913,0.248644,0.268452,0.335849,0.202593,0.485724,0.240871,0.60289,0.225582,0.398501,0.320529,0.20232,0.369541,0.145124,0.265396,0.164163,0.499746,0.55928,0.452265,0.619222,0.501283,0.739122,0.675901,0.916234,0.54876,0.47754,0.675901,0.401239,0.724913,0.665543,0.179601,0.25408,0.216367,0.185958,0.164293,0.354904,0.237811,0.156016
0.214845,0.248643,0.266925,0.330399,0.20106,0.482987,0.237801,0.602875,0.222502,0.398527,0.323596,0.210511,0.372607,0.147843,0.263862,0.166917,0.499745,0.559274,0.450733,0.619219,0.499742,0.739106,0.674362,0.910785,0.548762,0.477522,0.675898,0.401232,0.721855,0.66554,0.178057,0.251409,0.214842,0.186003,0.159713,0.349475,0.239358,0.156022
0.211784,0.24322,0.27151,0.316764,0.204125,0.461186,0.231693,0.600146,0.220955,0.393055,0.325128,0.202325,0.364951,0.139677,0.259257,0.164196,0.495155,0.551111,0.447671,0.613768,0.498212,0.730936,0.675894,0.918947,0.545695,0.474807,0.674365,0.401244,0.718792,0.665538,0.175026,0.251346,0.211788,0.180504,0.161213,0.354896,0.237821,0.150573
0.211765,0.240467,0.265391,0.311331,0.197984,0.472078,0.234737,0.597448,0.220963,0.387613,0.319002,0.185981,0.360353,0.142393,0.257732,0.158712,0.495147,0.551106,0.44614,0.611051,0.49822,0.744572,0.677428,0.924403,0.544167,0.474804,0.674365,0.398521,0.71879,0.662833,0.175004,0.248686,0.210249,0.177782,0.159692,0.352183,0.233223,0.147854
0.21023,0.243182,0.265389,0.31133,0.197989,0.469362,0.228635,0.58927,0.220953,0.38761,0.320528,0.180534,0.361901,0.139646,0.256196,0.156018,0.490556,0.548384,0.443072,0.611046,0.496677,0.728219,0.675902,0.92167,0.539572,0.472075,0.669773,0.390355,0.714191,0.660094,0.17347,0.248665,0.210235,0.175075,0.158159,0.349456,0.237807,0.142371
0.210242,0.235027,0.265389,0.319491,0.199516,0.463895,0.233218,0.589261,0.220976,0.382163,0.326655,0.210502,0.363417,0.139675,0.247008,0.153283,0.495154,0.551101,0.447665,0.611058,0.495155,0.725488,0.675899,0.918946,0.542633,0.472074,0.669772,0.390347,0.711134,0.660089,0.171963,0.24861,0.21176,0.175083,0.155108,0.341327,0.231683,0.145121
0.210239,0.224127,0.260785,0.333118,0.194939,0.472083,0.227104,0.583794,0.224037,0.368525,0.312872,0.218682,0.361883,0.142375,0.254655,0.156,0.492087,0.548385,0.444602,0.611043,0.495152,0.73095,0.680491,0.929851,0.539568,0.472075,0.668238,0.393053,0.709602,0.657372,0.171947,0.243191,0.207189,0.161482,0.155095,0.346745,0.234737,0.139646
0.208706,0.224128,0.260786,0.33039,0.193397,0.472073,0.228625,0.578379,0.224026,0.365811,0.312875,0.213228,0.360362,0.139662,0.251594,0.153296,0.489024,0.542927,0.443071,0.608328,0.492084,0.722763,0.67896,0.924406,0.538039,0.469359,0.666708,0.390328,0.711125,0.657361,0.170423,0.240462,0.207169,0.164199,0.153578,0.349486,0.227092,0.136919
0.20411,0.221411,0.254673,0.338551,0.191857,0.472099,0.228618,0.575645,0.224025,0.349473,0.308279,0.2214,0.360365,0.134213,0.253136,0.156005,0.485957,0.542928,0.438473,0.608324,0.485958,0.714585,0.682029,0.929856,0.534973,0.469354,0.662117,0.387625,0.708067,0.651924,0.165818,0.237736,0.202569,0.164186,0.152048,0.354942,0.233212,0.142392
0.202596,0.21866,0.254666,0.322215,0.191868,0.466627,0.225574,0.575623,0.224022,0.346748,0.30981,0.199608,0.361889,0.131456,0.251607,0.15601,0.485958,0.540204,0.438477,0.605605,0.485958,0.714583,0.685089,0.935306,0.533444,0.469358,0.662111,0.387607,0.708074,0.651917,0.164311,0.235044,0.201038,0.158738,0.152045,0.357621,0.220963,0.136919
0.20564,0.215959,0.256202,0.333112,0.191878,0.461194,0.227104,0.572891,0.225568,0.346739,0.315935,0.210512,0.361901,0.134186,0.253133,0.15058,0.484425,0.534759,0.438475,0.60559,0.490555,0.711884,0.671308,0.905322,0.531918,0.463912,0.660588,0.382174,0.709597,0.646479,0.165812,0.235012,0.202576,0.161436,0.152055,0.352192,0.22096,0.13148
0.207167,0.218694,0.25772,0.324934,0.19339,0.463896,0.230147,0.572906,0.22709,0.346726,0.311336,0.205066,0.363433,0.13149,0.25619,0.147836,0.484434,0.532034,0.44001,0.60559,0.49209,0.714583,0.663649,0.894428,0.533445,0.461191,0.662112,0.382173,0.711128,0.649192,0.165825,0.235027,0.202579,0.161466,0.155093,0.354879,0.219433,0.134207
0.205661,0.218668,0.256199,0.335839,0.193396,0.463889,0.228616,0.572878,0.227081,0.346751,0.314406,0.213222,0.366488,0.128775,0.25466,0.145129,0.487496,0.532032,0.441543,0.60288,0.490559,0.711866,0.665178,0.894436,0.536507,0.461192,0.66211,0.382173,0.711127,0.646475,0.167359,0.232307,0.202589,0.164169,0.155107,0.352205,0.225566,0.131499
0.207172,0.218669,0.256198,0.327662,0.194919,0.453024,0.227083,0.570191,0.227101,0.344049,0.312866,0.213222,0.366476,0.126022,0.254665,0.145115,0.487494,0.529304,0.443066,0.602882,0.492084,0.709161,0.66365,0.894431,0.534978,0.461175,0.662113,0.382173,0.711124,0.646478,0.16736,0.232288,0.204121,0.164162,0.155101,0.35219,0.225563,0.134215
0.205634,0.215948,0.259255,0.327667,0.191884,0.458472,0.225573,0.57016,0.227086,0.341319,0.317464,0.202329,0.364953,0.131498,0.253136,0.145107,0.482897,0.529307,0.435414,0.597428,0.490553,0.717315,0.66518,0.888992,0.533444,0.458468,0.662114,0.382158,0.709604,0.64375,0.165824,0.229595,0.20107,0.164177,0.153578,0.349466,0.2225,0.134192
0.204112,0.210514,0.254657,0.330378,0.191879,0.458452,0.225564,0.567456,0.225558,0.341295,0.308278,0.210499,0.363427,0.128751,0.253133,0.145126,0.487493,0.532022,0.441537,0.602866,0.489024,0.711883,0.666708,0.891712,0.536511,0.458467,0.660579,0.382156,0.709602,0.64374,0.164314,0.22686,0.201067,0.16416,0.152049,0.349448,0.224026,0.139659
0.201065,0.205056,0.253137,0.330394,0.188803,0.461162,0.224039,0.572902,0.224005,0.344008,0.309811,0.207771,0.360359,0.123337,0.248527,0.139694,0.48596,0.529307,0.436947,0.60015,0.484424,0.711877,0.657523,0.886265,0.534977,0.458457,0.659055,0.376726,0.708074,0.635578,0.16123,0.224135,0.19799,0.1587,0.145913,0.341327,0.225554,0.128766
0.199533,0.202326,0.251602,0.330399,0.188802,0.453017,0.222489,0.57019,0.220973,0.344048,0.309809,0.213235,0.36034,0.120599,0.245481,0.136966,0.482901,0.523866,0.433881,0.591969,0.48443,0.70916,0.660581,0.888973,0.533446,0.450279,0.660584,0.376714,0.709592,0.632851,0.159692,0.221417,0.197976,0.156003,0.144387,0.341264,0.231682,0.139657
0.197988,0.199605,0.247008,0.319489,0.190326,0.444847,0.21944,0.572915,0.224024,0.35761,0.306743,0.205065,0.360336,0.123324,0.239351,0.142375,0.485963,0.521137,0.435416,0.583803,0.47678,0.706411,0.67896,0.913508,0.533447,0.444835,0.660581,0.373987,0.708068,0.63012,0.156647,0.221425,0.19494,0.147829,0.142868,0.338592,0.227098,0.139652
0.196453,0.199604,0.250067,0.300423,0.190326,0.442107,0.219428,0.57287,0.222488,0.360388,0.308279,0.194165,0.360378,0.123302,0.246999,0.145115,0.48902,0.523854,0.440007,0.586531,0.476766,0.706407,0.671307,0.897149,0.534974,0.447567,0.660578,0.371273,0.708076,0.630118,0.156631,0.221377,0.196451,0.142407,0.144365,0.341258,0.214834,0.106979
0.193387,0.191454,0.251595,0.305867,0.190316,0.447568,0.222495,0.572888,0.225557,0.376734,0.308277,0.196877,0.371062,0.12605,0.254672,0.142401,0.48749,0.51842,0.438479,0.578361,0.476772,0.69826,0.671301,0.894431,0.531916,0.442121,0.662108,0.368536,0.711134,0.621948,0.155095,0.218643,0.194914,0.142407,0.144362,0.338581,0.213307,0.120597
0.193407,0.188735,0.253129,0.311328,0.190336,0.447577,0.224015,0.572919,0.228624,0.384895,0.315933,0.202337,0.372592,0.131461,0.254669,0.139686,0.489026,0.515682,0.441541,0.578346,0.476779,0.69823,0.662112,0.886247,0.533442,0.436677,0.663644,0.365823,0.712662,0.621952,0.153593,0.218662,0.197971,0.142351,0.144375,0.338569,0.21485,0.120599
0.188809,0.188733,0.248542,0.300426,0.191857,0.439394,0.224025,0.572911,0.236269,0.398489,0.306743,0.194148,0.378748,0.131485,0.266906,0.139625,0.482897,0.507512,0.438474,0.572895,0.478299,0.698246,0.668244,0.888982,0.528847,0.433932,0.663644,0.363093,0.714195,0.616512,0.152021,0.221383,0.190324,0.142421,0.142851,0.338574,0.213316,0.126063
0.188772,0.188747,0.247005,0.305855,0.19034,0.444838,0.225566,0.572906,0.236277,0.401254,0.300617,0.194147,0.381805,0.134218,0.269987,0.136898,0.481367,0.502056,0.436945,0.570179,0.476784,0.700953,0.671308,0.891695,0.528851,0.43121,0.665171,0.363081,0.714198,0.616506,0.14898,0.224115,0.190305,0.142421,0.141325,0.338553,0.214845,0.131495
0.178079,0.199571,0.251611,0.305858,0.191864,0.436662,0.224012,0.575591,0.240865,0.428467,0.308277,0.199595,0.381796,0.139636,0.268452,0.142353,0.482901,0.499334,0.436943,0.567463,0.476766,0.700979,0.66518,0.88081,0.531909,0.431224,0.662116,0.354916,0.71266,0.616499,0.142837,0.229586,0.187267,0.147836,0.141336,0.344002,0.220955,0.142395
0.17502,0.199599,0.25159,0.303124,0.191847,0.428479,0.222486,0.578329,0.24241,0.442135,0.309805,0.191454,0.383344,0.136931,0.269983,0.139652,0.481363,0.496613,0.436945,0.567442,0.476757,0.700956,0.665176,0.880801,0.528851,0.431229,0.660585,0.34947,0.714194,0.616495,0.141307,0.232284,0.184204,0.147826,0.141335,0.346725,0.222478,0.145102
0.16737,0.202299,0.251598,0.31678,0.188797,0.442096,0.222481,0.589263,0.242429,0.474827,0.315938,0.218665,0.384863,0.142404,0.273043,0.134209,0.484429,0.502057,0.440004,0.570189,0.475233,0.703676,0.66212,0.875359,0.531911,0.431229,0.663645,0.354917,0.717252,0.613775,0.139753,0.235018,0.181132,0.145148,0.141335,0.346768,0.227075,0.14786
0.165847,0.202347,0.251604,0.314043,0.190318,0.43393,0.217894,0.589258,0.242419,0.485723,0.315939,0.213217,0.386393,0.142413,0.276101,0.131446,0.482901,0.499333,0.438475,0.570178,0.475233,0.703686,0.665174,0.878068,0.530383,0.43122,0.665173,0.352191,0.714195,0.613773,0.138241,0.235033,0.179607,0.147817,0.141299,0.346766,0.225579,0.147822
0.165812,0.199624,0.256195,0.316757,0.190336,0.433931,0.207178,0.581074,0.245487,0.50206,0.323587,0.21594,0.39098,0.155979,0.279178,0.126026,0.485957,0.496614,0.440013,0.567457,0.473713,0.703677,0.66824,0.880803,0.531912,0.43122,0.663648,0.352206,0.717258,0.613766,0.135193,0.23232,0.181137,0.147814,0.141312,0.349471,0.228621,0.145136
0.165803,0.202288,0.25926,0.31402,0.191846,0.431196,0.204129,0.581057,0.245486,0.496598,0.32666,0.210501,0.392535,0.156006,0.280707,0.123294,0.485958,0.496612,0.441537,0.567452,0.475233,0.703701,0.668237,0.880814,0.531913,0.43122,0.663652,0.352201,0.718785,0.61376,0.135187,0.229608,0.181138,0.145157,0.141342,0.349481,0.234752,0.145098
0.164293,0.199624,0.259262,0.314061,0.190323,0.433934,0.214829,0.59196,0.242434,0.485686,0.325133,0.215954,0.400171,0.161435,0.292967,0.120595,0.48443,0.493893,0.440004,0.567444,0.475245,0.706411,0.671302,0.883523,0.533443,0.431209,0.666705,0.352193,0.715729,0.611059,0.132133,0.229562,0.17962,0.145124,0.141292,0.346749,0.24086,0.147844
0.16428,0.196908,0.259259,0.314052,0.190313,0.433936,0.213302,0.586513,0.242434,0.482971,0.323601,0.221379,0.401727,0.16417,0.300631,0.117887,0.485957,0.496608,0.441534,0.567449,0.47524,0.700992,0.665176,0.878087,0.534976,0.431215,0.665172,0.352191,0.717254,0.608328,0.132117,0.226874,0.181152,0.142429,0.139784,0.34403,0.242419,0.155984
0.162772,0.194139,0.257723,0.308579,0.190317,0.431194,0.213296,0.58108,0.243959,0.480251,0.322052,0.202331,0.412432,0.183229,0.315934,0.109704,0.485964,0.491154,0.441539,0.564721,0.47524,0.700992,0.665178,0.878067,0.534979,0.428491,0.666703,0.349464,0.715727,0.608328,0.130604,0.224124,0.182665,0.139686,0.139804,0.341316,0.243944,0.156023
0.164265,0.191454,0.256204,0.311304,0.188805,0.43121,0.211781,0.581077,0.245484,0.482962,0.320529,0.207786,0.410919,0.180514,0.320522,0.115125,0.485956,0.485722,0.441534,0.562006,0.475244,0.700981,0.665177,0.87807,0.534976,0.423047,0.665173,0.346759,0.715725,0.608321,0.130603,0.224099,0.182665,0.139689,0.139786,0.341282,0.245479,0.158759
0.162741,0.194157,0.259262,0.311324,0.191848,0.428489,0.211773,0.578374,0.247019,0.485692,0.322065,0.210503,0.41398,0.185997,0.328194,0.120559,0.482899,0.48572,0.438477,0.561998,0.476771,0.70641,0.672838,0.883516,0.533446,0.428475,0.665178,0.344038,0.715728,0.608327,0.13059,0.22413,0.182668,0.139696,0.1398,0.341303,0.245473,0.158724
0.162753,0.194187,0.259256,0.308613,0.19185,0.428478,0.211774,0.578356,0.248531,0.485726,0.322066,0.207772,0.418554,0.185994,0.329731,0.120584,0.484426,0.488431,0.440006,0.56201,0.476783,0.711868,0.674363,0.880795,0.531918,0.425751,0.665178,0.346743,0.720316,0.611043,0.130587,0.224142,0.181154,0.14235,0.139799,0.341295,0.245471,0.158733
0.161231,0.199618,0.257729,0.305884,0.191872,0.42848,0.211781,0.578376,0.250057,0.485711,0.319001,0.202335,0.415511,0.188677,0.329728,0.123313,0.487491,0.493877,0.44154,0.564736,0.478293,0.717317,0.66518,0.878089,0.534977,0.428498,0.668243,0.349475,0.718791,0.611053,0.130581,0.229545,0.179623,0.142436,0.1398,0.344026,0.242397,0.153293
0.161224,0.2023,0.259265,0.305886,0.191877,0.428492,0.21331,0.583791,0.250062,0.488404,0.322057,0.20231,0.415504,0.185983,0.32667,0.123305,0.490559,0.496607,0.4446,0.567458,0.476765,0.711869,0.662111,0.87534,0.53804,0.431206,0.668242,0.352183,0.723381,0.613764,0.130579,0.229598,0.17962,0.145129,0.13977,0.343996,0.242414,0.156007
0.161228,0.205064,0.257735,0.303152,0.191863,0.431192,0.210252,0.581088,0.253133,0.488459,0.318997,0.194159,0.421637,0.191418,0.328184,0.13421,0.489024,0.499337,0.441537,0.570184,0.478304,0.717327,0.662116,0.880797,0.538037,0.431216,0.672832,0.357642,0.723381,0.619219,0.130603,0.237767,0.179602,0.153285,0.139763,0.349469,0.239364,0.155997
0.162761,0.210481,0.259252,0.305884,0.191862,0.436648,0.213317,0.583802,0.254675,0.48847,0.320532,0.194163,0.423134,0.194146,0.332787,0.155991,0.493617,0.510229,0.444605,0.575616,0.478301,0.722762,0.660579,0.878069,0.538042,0.433946,0.671308,0.357638,0.721853,0.619232,0.130617,0.245898,0.179614,0.158705,0.141288,0.354904,0.239343,0.156003
0.16428,0.218669,0.262326,0.308599,0.193392,0.436656,0.214849,0.586511,0.257733,0.491189,0.32359,0.199609,0.424679,0.199611,0.337371,0.150583,0.495146,0.510241,0.446129,0.575626,0.487486,0.728196,0.66977,0.883522,0.541105,0.433939,0.674368,0.363106,0.72645,0.619231,0.136718,0.251335,0.179599,0.161471,0.142862,0.352188,0.243941,0.161459
0.164297,0.221418,0.265389,0.311312,0.194936,0.436673,0.21484,0.586522,0.259265,0.491192,0.325132,0.202329,0.427766,0.202351,0.340453,0.153294,0.49974,0.515692,0.449196,0.578351,0.48596,0.717309,0.6713,0.883535,0.545694,0.439386,0.675904,0.365808,0.726446,0.624666,0.138255,0.251422,0.179614,0.164142,0.145897,0.357613,0.246995,0.164164
0.167359,0.229588,0.271518,0.311305,0.204107,0.433923,0.217907,0.5838,0.265375,0.504781,0.32819,0.205056,0.433896,0.207797,0.346575,0.158705,0.498215,0.510233,0.450728,0.57563,0.490549,0.725487,0.674368,0.886241,0.545696,0.433936,0.680495,0.365825,0.731037,0.624676,0.1413,0.264997,0.182681,0.166928,0.150506,0.354926,0.24855,0.161515
0.167372,0.232306,0.273046,0.314049,0.205648,0.439387,0.220974,0.586528,0.265395,0.51023,0.332781,0.210504,0.436947,0.210502,0.351172,0.158714,0.499748,0.51296,0.452266,0.575641,0.493607,0.730928,0.680497,0.888992,0.547233,0.436654,0.68203,0.368549,0.73105,0.627396,0.141322,0.270414,0.184204,0.169652,0.153562,0.357666,0.250083,0.164242
0.171947,0.248599,0.274584,0.319504,0.210235,0.442107,0.219428,0.586534,0.268446,0.523854,0.332788,0.215961,0.438492,0.21325,0.351169,0.158754,0.50281,0.518401,0.456853,0.581083,0.495154,0.741829,0.680499,0.891714,0.550292,0.43667,0.683556,0.37672,0.734108,0.630118,0.142849,0.278604,0.18266,0.185951,0.156638,0.368559,0.251599,0.169605
0.173473,0.248694,0.276114,0.327665,0.208713,0.453007,0.225545,0.594701,0.271505,0.529336,0.335852,0.221411,0.44153,0.221383,0.352696,0.161438,0.504347,0.521129,0.459922,0.589245,0.495149,0.741843,0.680502,0.894441,0.550296,0.442113,0.686624,0.382158,0.734111,0.632854,0.144367,0.281358,0.182664,0.188673,0.15817,0.371235,0.251606,0.169649
0.174991,0.251394,0.279169,0.335856,0.210247,0.458457,0.22403,0.597428,0.274572,0.542919,0.340444,0.226858,0.441526,0.221413,0.357297,0.164184,0.510466,0.526573,0.464517,0.597427,0.495162,0.744554,0.680502,0.899882,0.554892,0.450282,0.686622,0.38488,0.734113,0.641026,0.145906,0.289487,0.182671,0.194136,0.159682,0.373991,0.253143,0.180517
0.174989,0.251426,0.276125,0.333132,0.211784,0.455738,0.222489,0.597416,0.27457,0.545628,0.334316,0.22413,0.443076,0.224152,0.358819,0.16418,0.508944,0.526588,0.466045,0.600154,0.498206,0.747291,0.678971,0.89716,0.556422,0.453019,0.691208,0.390329,0.735637,0.646465,0.145917,0.289511,0.182671,0.194185,0.159685,0.374017,0.254654,0.1832
0.175002,0.251423,0.279173,0.335861,0.211781,0.458449,0.22402,0.600133,0.274582,0.54566,0.338906,0.226867,0.446113,0.229584,0.360362,0.161499,0.511998,0.529298,0.467578,0.605589,0.498223,0.749997,0.683558,0.902596,0.557951,0.458464,0.689678,0.387621,0.7387,0.643737,0.147444,0.289539,0.185736,0.196876,0.161217,0.376701,0.254663,0.183231
0.175023,0.251428,0.279179,0.33857,0.211779,0.458444,0.224018,0.600149,0.274584,0.548359,0.341977,0.22687,0.444622,0.226884,0.36035,0.161471,0.51353,0.53203,0.466051,0.605608,0.498216,0.747287,0.682032,0.905325,0.559489,0.461179,0.692739,0.387631,0.737168,0.651914,0.147448,0.289547,0.187248,0.196877,0.159705,0.376693,0.256178,0.183298
0.176524,0.251446,0.28224,0.341286,0.213306,0.461165,0.224025,0.597407,0.274595,0.548355,0.345046,0.240462,0.446124,0.226893,0.358827,0.161421,0.516594,0.537476,0.470641,0.608311,0.498204,0.750007,0.682029,0.908053,0.559488,0.463926,0.691224,0.390355,0.741764,0.651916,0.148971,0.292258,0.188773,0.196867,0.159697,0.379418,0.256207,0.185948
0.176558,0.254107,0.283765,0.341272,0.214831,0.458459,0.22404,0.597438,0.276104,0.548384,0.345041,0.240469,0.446137,0.229601,0.360348,0.161453,0.516592,0.534767,0.470645,0.60831,0.498205,0.752724,0.683562,0.908059,0.559488,0.463907,0.691224,0.393063,0.741767,0.654641,0.150491,0.292261,0.188796,0.196908,0.161222,0.379416,0.257715,0.185957
0.176569,0.254129,0.286834,0.341296,0.216368,0.46117,0.227096,0.600147,0.276106,0.553795,0.348099,0.237751,0.449186,0.226873,0.361904,0.158724,0.519656,0.537476,0.472173,0.611036,0.499745,0.752732,0.6805,0.910785,0.564081,0.463906,0.695812,0.390348,0.746361,0.657363,0.152021,0.292254,0.188818,0.196904,0.164272,0.382139,0.25774,0.186014
0.178094,0.254126,0.288368,0.33859,0.216372,0.461178,0.227095,0.60286,0.274596,0.553811,0.349629,0.235015,0.449207,0.232322,0.363438,0.156031,0.521192,0.537487,0.4737,0.611056,0.499752,0.752738,0.698873,0.929851,0.567144,0.46391,0.698877,0.390348,0.747894,0.657367,0.153555,0.292277,0.190318,0.196893,0.165817,0.382173,0.259267,0.188668
0.184194,0.254081,0.289893,0.338586,0.216383,0.46392,0.230158,0.602876,0.276099,0.553809,0.351165,0.226846,0.450744,0.23229,0.366488,0.158734,0.521186,0.534757,0.473703,0.611046,0.504343,0.758191,0.695814,0.916223,0.56561,0.461199,0.703478,0.395785,0.752486,0.657373,0.155113,0.289536,0.194929,0.194179,0.165841,0.382154,0.262316,0.185968
0.184202,0.251407,0.289907,0.341266,0.219427,0.463892,0.230166,0.602867,0.27613,0.553823,0.351162,0.232305,0.450733,0.229619,0.36496,0.15872,0.521188,0.534763,0.475231,0.611042,0.507396,0.758214,0.695812,0.913501,0.564079,0.463896,0.705005,0.395782,0.749426,0.65738,0.156621,0.286802,0.196445,0.194167,0.167347,0.382146,0.263849,0.186017
0.187256,0.248697,0.291413,0.341312,0.217904,0.466631,0.234751,0.602871,0.280712,0.553807,0.35117,0.240459,0.450723,0.229577,0.360369,0.158732,0.52272,0.540204,0.475232,0.613779,0.505875,0.758186,0.700408,0.924398,0.564084,0.463915,0.704994,0.3958,0.752482,0.657377,0.158159,0.28134,0.201045,0.191402,0.167348,0.379439,0.268447,0.188737
0.188785,0.248657,0.291415,0.338597,0.220959,0.461179,0.234759,0.602857,0.282246,0.553813,0.351158,0.240461,0.449217,0.229594,0.361869,0.158723,0.519655,0.534764,0.47371,0.61105,0.507404,0.758203,0.701935,0.921679,0.561016,0.461191,0.705007,0.395809,0.752487,0.657366,0.159691,0.278639,0.202586,0.188731,0.165829,0.373989,0.271491,0.191412
0.190315,0.24595,0.29142,0.33586,0.220976,0.461181,0.237803,0.59744,0.28684,0.551125,0.34963,0.224146,0.450743,0.22956,0.358838,0.158722,0.524248,0.542921,0.476765,0.613761,0.507398,0.758186,0.698874,0.918953,0.567142,0.466628,0.706522,0.395808,0.75555,0.654656,0.161214,0.275885,0.204137,0.188684,0.168876,0.376688,0.273013,0.188719
0.19034,0.245922,0.291417,0.3331,0.224023,0.455727,0.234749,0.594709,0.28836,0.5538,0.348107,0.218681,0.452257,0.229566,0.360341,0.158748,0.524252,0.540213,0.476763,0.613774,0.507407,0.758174,0.698877,0.91895,0.568675,0.463919,0.706532,0.395794,0.754022,0.657358,0.16124,0.273186,0.205661,0.186025,0.1689,0.374007,0.27301,0.188671
0.191863,0.245906,0.292956,0.335858,0.225565,0.450282,0.231697,0.591966,0.288346,0.553846,0.35117,0.229582,0.450729,0.226847,0.358828,0.161429,0.524251,0.5402,0.475246,0.613763,0.508947,0.758194,0.703471,0.929846,0.567144,0.461197,0.708058,0.395783,0.75555,0.65464,0.162759,0.273176,0.208703,0.185997,0.170422,0.376735,0.273055,0.188694
0.191874,0.245908,0.292959,0.335856,0.225553,0.453004,0.234748,0.594698,0.288373,0.556558,0.352698,0.226855,0.453808,0.229602,0.361902,0.161493,0.527311,0.542926,0.476767,0.616494,0.510461,0.758211,0.701938,0.924401,0.57174,0.463919,0.70654,0.393081,0.755554,0.654641,0.16277,0.273163,0.208729,0.185992,0.170425,0.376692,0.273057,0.188672
0.193382,0.243208,0.294482,0.338549,0.225551,0.455723,0.234761,0.597411,0.289891,0.561986,0.354221,0.232299,0.455337,0.235021,0.361892,0.161433,0.527319,0.540201,0.476776,0.613763,0.51047,0.758183,0.703469,0.927122,0.573273,0.463913,0.70807,0.393069,0.755557,0.657357,0.164264,0.273142,0.210236,0.185953,0.171953,0.376709,0.274543,0.186015
