0.557341,0.410273,0.557344,0.61737,0.407125,0.557424,0.252297,0.824458,0.307484,0.799937,0.713732,0.663703,0.785775,0.957967,0,0,0,0,0,0,0,0,0,0,0,0,0,0,0,0,0.520549,0.331277,0.623275,0.36399,0.45924,0.333997,0.703005,0.432073
0.557357,0.415743,0.558885,0.622808,0.408655,0.562877,0.255357,0.832624,0.318215,0.808116,0.716793,0.666423,0.787306,0.974323,0,0,0,0,0,0,0,0,0,0,0,0,0,0,0,0,0.520564,0.336753,0.624808,0.37217,0.459235,0.334008,0.704522,0.434823
0.557357,0.421201,0.560436,0.617377,0.410197,0.560156,0.256889,0.827185,0.319742,0.813558,0.721387,0.666417,0.78884,0.968871,0,0,0,0,0,0,0,0,0,0,0,0,0,0,0,0,0.519044,0.342126,0.624798,0.377561,0.460783,0.323119,0.706077,0.43479
0.555833,0.42667,0.561963,0.622832,0.416328,0.565588,0.261496,0.808103,0.319744,0.813556,0.724463,0.669158,0.790373,0.966153,0,0,0,0,0,0,0,0,0,0,0,0,0,0,0,0,0.517512,0.344879,0.624809,0.383017,0.462321,0.32038,0.707597,0.440242
0.557336,0.42935,0.563487,0.622809,0.414793,0.565607,0.26916,0.808109,0.335076,0.813549,0.727517,0.666435,0.790381,0.966145,0,0,0,0,0,0,0,0,0,0,0,0,0,0,0,0,0.517503,0.344913,0.624803,0.380346,0.463841,0.336708,0.70759,0.440249
0.557337,0.429412,0.569617,0.617372,0.420926,0.560142,0.272223,0.819,0.3458,0.805376,0.729052,0.669132,0.7919,0.957961,0,0,0,0,0,0,0,0,0,0,0,0,0,0,0,0,0.517494,0.344895,0.624827,0.380327,0.466908,0.344888,0.707613,0.437562
0.558867,0.434801,0.571162,0.614655,0.423983,0.554705,0.273762,0.816272,0.364198,0.789032,0.727524,0.666413,0.796507,0.949799,0,0,0,0,0,0,0,0,0,0,0,0,0,0,0,0,0.520555,0.35304,0.626345,0.38302,0.466912,0.358509,0.709126,0.445742
0.558875,0.440237,0.572694,0.614668,0.423982,0.557421,0.275276,0.819025,0.370332,0.761772,0.725994,0.666411,0.810317,0.944343,0.676933,0.996128,0,0,0,0,0,0,0,0,0,0,0,0,0,0,0.522093,0.355755,0.629394,0.385736,0.469983,0.358542,0.712198,0.445718
0.565029,0.445672,0.572678,0.633714,0.420925,0.5765,0.278364,0.829917,0.371868,0.663705,0.736718,0.677306,0.837904,0.944341,0.71066,0.903485,0,0,0,0,0,0,0,0,0,0,0,0,0,0,0.526706,0.358471,0.630969,0.385785,0.469976,0.358493,0.715254,0.451151
0.568098,0.445695,0.568085,0.639164,0.420923,0.603739,0.282963,0.824454,0.353473,0.636452,0.733654,0.658256,0.856297,0.919825,0.716788,0.84081,0,0,0,0,0,0,0,0,0,0,0,0,0,0,0.52823,0.358482,0.634003,0.385799,0.466921,0.344898,0.715269,0.445725
0.569605,0.445711,0.566564,0.630989,0.420919,0.59829,0.292155,0.819019,0.356532,0.581955,0.730589,0.650063,0.856291,0.911657,0.684594,0.737266,0,0,0,0,0,0,0,0,0,0,0,0,0,0,0.52824,0.35847,0.634005,0.385755,0.462314,0.37213,0.716777,0.442993
0.569616,0.448411,0.575766,0.617384,0.422456,0.58468,0.292162,0.810818,0.355004,0.549245,0.736715,0.641908,0.847095,0.892573,0.678464,0.666409,0,0,0,0,0,0,0,0,0,0,0,0,0,0,0.528245,0.355815,0.633999,0.38579,0.466917,0.353074,0.715264,0.44297
0.566565,0.44574,0.555819,0.614651,0.404064,0.581951,0.289093,0.805382,0.348861,0.516582,0.730589,0.636432,0.834829,0.859861,0.667732,0.620099,0,0,0,0,0,0,0,0,0,0,0,0,0,0,0.529754,0.355801,0.630948,0.385783,0.469979,0.34219,0.71678,0.437515
0.563501,0.44299,0.551223,0.611923,0.391793,0.554701,0.29675,0.835348,0.253825,0.571053,0.712194,0.660972,0.836367,0.802664,0.675399,0.571064,0,0,0,0,0,0,0,0,0,0,0,0,0,0,0.525159,0.353078,0.627866,0.383016,0.469964,0.353064,0.715264,0.429333
0.569628,0.434795,0.546626,0.614629,0.39487,0.562885,0.284491,0.848991,0.221633,0.647346,0.706062,0.666412,0.848624,0.76723,0.687673,0.535637,0,0,0,0,0,0,0,0,0,0,0,0,0,0,0.528225,0.344896,0.621758,0.369427,0.473041,0.353072,0.718335,0.413008
0.575737,0.432105,0.54969,0.628263,0.400997,0.571044,0.287558,0.857155,0.210898,0.666398,0.699925,0.701835,0.859347,0.740003,0.704522,0.508375,0,0,0,0,0,0,0,0,0,0,0,0,0,0,0.532828,0.342217,0.61868,0.369387,0.474576,0.353049,0.725976,0.396666
0.577301,0.440263,0.555823,0.633714,0.407125,0.57379,0.290609,0.848976,0.220098,0.669143,0.707588,0.696397,0.867025,0.72908,0.719858,0.500203,0,0,0,0,0,0,0,0,0,0,0,0,0,0,0.537433,0.347644,0.626346,0.380301,0.476133,0.347626,0.729053,0.402114
0.583413,0.445683,0.561967,0.639179,0.413258,0.571058,0.290628,0.843523,0.217034,0.666435,0.710654,0.701839,0.877743,0.707294,0.72753,0.492056,0,0,0,0,0,0,0,0,0,0,0,0,0,0,0.542041,0.35575,0.643213,0.383064,0.477656,0.353075,0.730593,0.410297
0.594144,0.434824,0.569631,0.62826,0.419393,0.557443,0.298275,0.816264,0.197098,0.663689,0.712199,0.693669,0.88236,0.669143,0.730582,0.462083,0,0,0,0,0,0,0,0,0,0,0,0,0,0,0.549707,0.347637,0.6524,0.363967,0.48683,0.342223,0.729054,0.40211
0.59416,0.429343,0.575768,0.617366,0.42092,0.554697,0.29675,0.797221,0.175641,0.663683,0.722925,0.669128,0.882365,0.660963,0.732115,0.432106,0,0,0,0,0,0,0,0,0,0,0,0,0,0,0.551229,0.347615,0.655478,0.342234,0.491444,0.33128,0.730587,0.402117
0.606395,0.423909,0.578817,0.611915,0.419396,0.549256,0.292155,0.783567,0.140384,0.660968,0.729064,0.655531,0.867021,0.636435,0.736721,0.38304,0,0,0,0,0,0,0,0,0,0,0,0,0,0,0.55888,0.344902,0.672334,0.287674,0.496032,0.320377,0.739784,0.369422
0.609503,0.404853,0.581898,0.609175,0.422458,0.546527,0.284489,0.761774,0.102064,0.67186,0.732129,0.65007,0.874688,0.614648,0.741307,0.355779,0,0,0,0,0,0,0,0,0,0,0,0,0,0,0.565032,0.32311,0.672337,0.279508,0.497565,0.30676,0.738254,0.374866
0.617143,0.399382,0.581883,0.598293,0.422455,0.538361,0.276827,0.753596,0.0867314,0.685485,0.735188,0.64462,0.87469,0.611924,0.750516,0.3558,0,0,0,0,0,0,0,0,0,0,0,0,0,0,0.571176,0.314932,0.669262,0.282225,0.499124,0.301283,0.744388,0.358511
0.629401,0.399396,0.581888,0.606479,0.425515,0.541076,0.270686,0.737253,0.0729329,0.718194,0.739788,0.660971,0.885431,0.628257,0.759716,0.363952,0,0,0,0,0,0,0,0,0,0,0,0,0,0,0.578808,0.309453,0.673869,0.287694,0.502177,0.295831,0.750516,0.385763
0.630964,0.399413,0.588018,0.606466,0.42705,0.535624,0.270682,0.731802,0.0744616,0.712748,0.744392,0.660967,0.89463,0.644611,0.762775,0.372155,0,0,0,0,0,0,0,0,0,0,0,0,0,0,0.581886,0.309432,0.68001,0.295839,0.506774,0.290399,0.752047,0.380321
0.634004,0.399341,0.59415,0.609198,0.428581,0.541071,0.270683,0.726372,0.0729302,0.710006,0.752046,0.663709,0.909949,0.66096,0.767392,0.380331,0,0,0,0,0,0,0,0,0,0,0,0,0,0,0.586491,0.309446,0.687671,0.314941,0.511364,0.293106,0.756648,0.39394
0.635553,0.399343,0.60334,0.606476,0.431649,0.535619,0.272216,0.72363,0.0729233,0.701835,0.761253,0.660973,0.923738,0.660949,0.76584,0.399408,0,0,0,0,0,0,0,0,0,0,0,0,0,0,0.589567,0.309454,0.693808,0.323115,0.512896,0.293096,0.756646,0.399393
0.64166,0.402084,0.603357,0.609208,0.433189,0.535615,0.27376,0.72365,0.0805974,0.696391,0.761243,0.666412,0.92988,0.660971,0.764318,0.418468,0,0,0,0,0,0,0,0,0,0,0,0,0,0,0.594125,0.312161,0.693818,0.34214,0.51751,0.284942,0.759715,0.393934
0.643194,0.402112,0.604879,0.609191,0.443924,0.524724,0.29522,0.726362,0.0913236,0.641903,0.759714,0.669155,0.934483,0.66096,0.765857,0.437551,0,0,0,0,0,0,0,0,0,0,0,0,0,0,0.592628,0.314905,0.696865,0.358501,0.520581,0.295849,0.767388,0.383038
0.644724,0.402079,0.606421,0.60103,0.44546,0.51926,0.299808,0.729112,0.103588,0.614656,0.761249,0.666409,0.940607,0.660973,0.767378,0.442978,0,0,0,0,0,0,0,0,0,0,0,0,0,0,0.594135,0.314912,0.707595,0.344881,0.522125,0.293107,0.773516,0.393928
0.647802,0.399339,0.612546,0.598292,0.45005,0.516559,0.31975,0.742719,0.200165,0.65551,0.768917,0.663692,0.948277,0.658235,0.776592,0.448419,0,0,0,0,0,0,0,0,0,0,0,0,0,0,0.59571,0.314938,0.707606,0.366666,0.528225,0.284943,0.77811,0.393937
0.657,0.399409,0.624813,0.60374,0.45772,0.519287,0.324335,0.745446,0.160321,0.546531,0.781179,0.663691,0.954401,0.669129,0.787301,0.453876,0,0,0,0,0,0,0,0,0,0,0,0,0,0,0.60795,0.317661,0.718326,0.374879,0.535896,0.276759,0.788846,0.391211
0.661607,0.404832,0.630945,0.609179,0.465381,0.524733,0.330473,0.750879,0.18177,0.522007,0.785775,0.669143,0.968201,0.680047,0.796502,0.462052,0,0,0,0,0,0,0,0,0,0,0,0,0,0,0.617138,0.328528,0.721394,0.339416,0.542023,0.284943,0.802634,0.380314
0.683077,0.423891,0.652398,0.62282,0.477645,0.541088,0.347329,0.764524,0.226242,0.489303,0.813376,0.693669,0.995794,0.704555,0.822566,0.478393,0,0,0,0,0,0,0,0,0,0,0,0,0,0,0.635553,0.342166,0.72905,0.342133,0.557363,0.287683,0.811834,0.358522
0.695345,0.426667,0.658539,0.633718,0.488372,0.543807,0.356544,0.778135,0.247693,0.483846,0.82104,0.701844,0,0,0,0,0,0,0,0,0,0,0,0,0,0,0,0,0,0,0.646298,0.347587,0.748983,0.34221,0.565029,0.309462,0.827161,0.380324
0.707617,0.432082,0.670795,0.636445,0.496036,0.543802,0.370325,0.789029,0.263017,0.483873,0.836359,0.71275,0,0,0,0,0,0,0,0,0,0,0,0,0,0,0,0,0,0,0.658543,0.350335,0.762775,0.353054,0.577303,0.295846,0.83177,0.402099
0.718336,0.434841,0.67386,0.647343,0.494508,0.546534,0.367272,0.794474,0.272217,0.481143,0.837899,0.729084,0,0,0,0,0,0,0,0,0,0,0,0,0,0,0,0,0,0,0.66774,0.355784,0.776572,0.361232,0.581906,0.295867,0.842494,0.415733
0.721401,0.434825,0.672328,0.641886,0.497568,0.538347,0.368797,0.794496,0.276827,0.470249,0.834832,0.729081,0,0,0,0,0,0,0,0,0,0,0,0,0,0,0,0,0,0,0.67082,0.353025,0.776558,0.361226,0.58342,0.293115,0.845566,0.418461
0.725979,0.423904,0.666198,0.622817,0.499103,0.519288,0.367262,0.789032,0.295204,0.451165,0.83177,0.718189,0,0,0,0,0,0,0,0,0,0,0,0,0,0,0,0,0,0,0.673878,0.336754,0.782708,0.342165,0.583428,0.293128,0.842505,0.423902
0.722928,0.40487,0.669268,0.617363,0.496047,0.513836,0.362662,0.778137,0.296761,0.437518,0.831763,0.712736,0,0,0,0,0,0,0,0,0,0,0,0,0,0,0,0,0,0,0.675403,0.323073,0.788845,0.333978,0.591073,0.260433,0.853224,0.396674
0.727533,0.40213,0.663133,0.617363,0.494513,0.508387,0.35808,0.772666,0.295224,0.432102,0.830234,0.707289,0,0,0,0,0,0,0,0,0,0,0,0,0,0,0,0,0,0,0.680008,0.312225,0.791908,0.320384,0.589547,0.252285,0.84863,0.37487
0.733664,0.399368,0.663141,0.601012,0.492981,0.494751,0.361122,0.769949,0.295214,0.426646,0.837899,0.685485,0,0,0,0,0,0,0,0,0,0,0,0,0,0,0,0,0,0,0.689192,0.304017,0.802651,0.304025,0.58955,0.249555,0.853225,0.377582
0.742864,0.385784,0.679993,0.598296,0.499112,0.492031,0.362663,0.767235,0.296743,0.423894,0.851695,0.674601,0,0,0,0,0,0,0,0,0,0,0,0,0,0,0,0,0,0,0.695323,0.295888,0.810321,0.295845,0.594168,0.252233,0.865491,0.369418
0.752048,0.3885,0.683075,0.595569,0.506771,0.494755,0.373389,0.786285,0.309003,0.421177,0.85783,0.66915,0,0,0,0,0,0,0,0,0,0,0,0,0,0,0,0,0,0,0.704505,0.298551,0.816435,0.304029,0.600286,0.271313,0.873161,0.38032
0.745912,0.388471,0.683069,0.590118,0.503706,0.497476,0.373391,0.783584,0.310555,0.415746,0.85783,0.663691,0,0,0,0,0,0,0,0,0,0,0,0,0,0,0,0,0,0,0.70145,0.295846,0.796515,0.350335,0.600275,0.257718,0.863957,0.445701
0.741307,0.396634,0.678463,0.595577,0.500646,0.502936,0.373388,0.786324,0.312093,0.413029,0.850166,0.663702,0,0,0,0,0,0,0,0,0,0,0,0,0,0,0,0,0,0,0.693781,0.295867,0.811838,0.339442,0.594166,0.254965,0.863961,0.383046
0.727529,0.393938,0.673872,0.595569,0.49757,0.500198,0.368802,0.789029,0.307488,0.410273,0.842494,0.663701,0,0,0,0,0,0,0,0,0,0,0,0,0,0,0,0,0,0,0.681537,0.293154,0.808771,0.342137,0.588024,0.252268,0.860891,0.404837
0.715249,0.393949,0.661602,0.584678,0.48378,0.500197,0.359612,0.78632,0.304417,0.407549,0.833295,0.663697,0,0,0,0,0,0,0,0,0,0,0,0,0,0,0,0,0,0,0.670817,0.293158,0.790375,0.342157,0.578836,0.254956,0.839432,0.410289
0.692267,0.393925,0.649338,0.595581,0.476108,0.500212,0.348876,0.791737,0.29062,0.407553,0.813373,0.671873,0.998868,0.682763,0.840965,0.429373,0,0,0,0,0,0,0,0,0,0,0,0,0,0,0.646279,0.295808,0.759713,0.333994,0.560418,0.260437,0.81797,0.410288
0.67846,0.399353,0.643204,0.611933,0.466913,0.513832,0.342739,0.794475,0.279894,0.415749,0.811834,0.688213,1.00193,0.674587,0.834833,0.442976,0,0,0,0,0,0,0,0,0,0,0,0,0,0,0.630942,0.303996,0.742853,0.301314,0.548183,0.274087,0.811839,0.410285
0.660084,0.402114,0.627888,0.611917,0.453113,0.519269,0.335072,0.802656,0.273761,0.421169,0.802641,0.685487,0.988129,0.682763,0.8195,0.451153,0,0,0,0,0,0,0,0,0,0,0,0,0,0,0.612546,0.312142,0.727517,0.320376,0.54049,0.27682,0.801105,0.402117
0.64473,0.404838,0.623282,0.625551,0.44392,0.532915,0.324334,0.810831,0.264547,0.426646,0.78884,0.693664,0.966667,0.70729,0.807235,0.462048,0,0,0,0,0,0,0,0,0,0,0,0,0,0,0.595684,0.314864,0.712189,0.328553,0.528225,0.290399,0.788843,0.423909
0.629397,0.412995,0.607947,0.633724,0.434724,0.541068,0.312066,0.827173,0.246168,0.43753,0.776581,0.701847,0.943676,0.71275,0.779657,0.46476,0,0,0,0,0,0,0,0,0,0,0,0,0,0,0.580338,0.314889,0.699931,0.355788,0.519038,0.295888,0.77658,0.429357
0.601816,0.426669,0.583422,0.647334,0.419388,0.560149,0.293688,0.859886,0.223157,0.475682,0.753585,0.712731,0.916078,0.734549,0.752055,0.483862,0,0,0,0,0,0,0,0,0,0,0,0,0,0,0.552757,0.320389,0.675394,0.377588,0.496048,0.333976,0.756653,0.451167
0.594167,0.434836,0.580353,0.652797,0.416321,0.562873,0.286028,0.876236,0.218566,0.489293,0.748986,0.720913,0.911486,0.756321,0.741318,0.500207,0,0,0,0,0,0,0,0,0,0,0,0,0,0,0.545101,0.336666,0.672332,0.39668,0.491439,0.339422,0.75205,0.462057
0.589557,0.448424,0.577293,0.660978,0.410198,0.573775,0.276829,0.887116,0.213974,0.502931,0.739786,0.734539,0.909937,0.775424,0.73979,0.519309,0,0,0,0,0,0,0,0,0,0,0,0,0,0,0.540507,0.342135,0.657001,0.385768,0.486835,0.350348,0.74592,0.475676
0.584945,0.462072,0.566562,0.669157,0.402534,0.581955,0.273748,0.895299,0.204765,0.519288,0.732118,0.750879,0.900747,0.79174,0.73366,0.532902,0,0,0,0,0,0,0,0,0,0,0,0,0,0,0.53437,0.350322,0.652411,0.388499,0.479187,0.363953,0.733657,0.486572
0.580369,0.46752,0.56042,0.682754,0.394871,0.598295,0.267629,0.898035,0.19864,0.527439,0.727526,0.753601,0.899213,0.799917,0.730592,0.543815,0,0,0,0,0,0,0,0,0,0,0,0,0,0,0.531307,0.358535,0.644748,0.393938,0.47306,0.374846,0.729057,0.486584
0.574219,0.475687,0.554292,0.690936,0.391796,0.606475,0.261495,0.911651,0.194032,0.5438,0.725988,0.759051,0.897681,0.794483,0.729055,0.546509,0,0,0,0,0,0,0,0,0,0,0,0,0,0,0.526705,0.372147,0.632483,0.413005,0.469969,0.383031,0.719856,0.486576
0.571138,0.489263,0.552764,0.680041,0.391795,0.609192,0.261497,0.911643,0.194036,0.546527,0.725989,0.753603,0.890008,0.786314,0.725978,0.532909,0,0,0,0,0,0,0,0,0,0,0,0,0,0,0.523658,0.377565,0.637085,0.418457,0.465392,0.385751,0.733657,0.486582
0.560412,0.489287,0.552758,0.677319,0.39026,0.614658,0.264551,0.91165,0.195579,0.549257,0.725985,0.748153,0.877761,0.772697,0.709132,0.51655,0,0,0,0,0,0,0,0,0,0,0,0,0,0,0.519039,0.380296,0.63093,0.41028,0.460772,0.3885,0.727519,0.472948
0.548173,0.49204,0.552761,0.674585,0.384131,0.614654,0.266085,0.914373,0.203237,0.546538,0.724455,0.748164,0.857834,0.750903,0.684603,0.492056,0,0,0,0,0,0,0,0,0,0,0,0,0,0,0.509836,0.380347,0.635545,0.410274,0.457705,0.38849,0.721393,0.459335
0.532824,0.4893,0.548164,0.674588,0.378002,0.614649,0.263033,0.917106,0.203242,0.546512,0.718325,0.739984,0.845557,0.742711,0.667734,0.48114,0,0,0,0,0,0,0,0,0,0,0,0,0,0,0.503697,0.380321,0.629409,0.402112,0.450074,0.383023,0.712198,0.4566
0.532842,0.486575,0.549689,0.669128,0.376469,0.606477,0.261501,0.922556,0.201716,0.541094,0.715257,0.737258,0.848623,0.75088,0.661605,0.478407,0,0,0,0,0,0,0,0,0,0,0,0,0,0,0.496033,0.377583,0.627886,0.388507,0.445445,0.391211,0.713723,0.440253
0.531296,0.481139,0.546634,0.666415,0.374929,0.6092,0.259967,0.922554,0.201706,0.541088,0.716791,0.739992,0.856299,0.74816,0.666206,0.489324,0,0,0,0,0,0,0,0,0,0,0,0,0,0,0.496055,0.374896,0.627875,0.38579,0.442406,0.388467,0.715256,0.440269
0.5405,0.47025,0.549702,0.669139,0.373407,0.609185,0.259969,0.922558,0.200169,0.541094,0.719857,0.745433,0.882349,0.761782,0.683066,0.500217,0,0,0,0,0,0,0,0,0,0,0,0,0,0,0.497576,0.374882,0.609473,0.369438,0.446964,0.391231,0.713725,0.448431
0.546632,0.470263,0.55123,0.682762,0.373406,0.603748,0.258423,0.925262,0.198631,0.541091,0.722924,0.759068,0.903814,0.789027,0.713729,0.524716,0,0,0,0,0,0,0,0,0,0,0,0,0,0,0.500632,0.377621,0.604893,0.385759,0.446982,0.399348,0.709136,0.442983
0.546654,0.4757,0.554298,0.690937,0.374939,0.598288,0.253837,0.925271,0.198625,0.541082,0.722919,0.767235,0.899218,0.846244,0.742853,0.562864,0,0,0,0,0,0,0,0,0,0,0,0,0,0,0.502169,0.380298,0.609475,0.415718,0.446993,0.388503,0.721388,0.46479
0.552762,0.492016,0.546619,0.707295,0.373397,0.609182,0.255358,0.938871,0.201707,0.549265,0.710666,0.799931,0.900746,0.911653,0.748986,0.622819,0,0,0,0,0,0,0,0,0,0,0,0,0,0,0.506765,0.393922,0.626359,0.448433,0.44546,0.383018,0.721383,0.519275
0.552753,0.492083,0.545094,0.71003,0.374924,0.609199,0.255355,0.938895,0.203244,0.551995,0.709128,0.799937,0.902275,0.91438,0.758174,0.630996,0,0,0,0,0,0,0,0,0,0,0,0,0,0,0.506785,0.399334,0.629416,0.45388,0.446991,0.385781,0.715262,0.51654
0.552771,0.492045,0.54509,0.707288,0.373403,0.606477,0.252301,0.9389,0.206297,0.551992,0.707593,0.797206,0.90076,0.911636,0.75817,0.628275,0,0,0,0,0,0,0,0,0,0,0,0,0,0,0.506783,0.396662,0.630924,0.451149,0.446978,0.38578,0.715255,0.513824
0.552769,0.489289,0.542027,0.701853,0.37186,0.603739,0.255368,0.941603,0.204764,0.551967,0.704532,0.794479,0.897686,0.903459,0.758187,0.62009,0,0,0,0,0,0,0,0,0,0,0,0,0,0,0.5083,0.391186,0.629422,0.445679,0.446963,0.36943,0.715259,0.50837
0.557339,0.48929,0.542021,0.701835,0.370335,0.598307,0.252305,0.938898,0.203237,0.551962,0.704532,0.797201,0.899213,0.900766,0.758187,0.617366,0,0,0,0,0,0,0,0,0,0,0,0,0,0,0.509857,0.388463,0.630929,0.440267,0.445462,0.369449,0.712195,0.500208
0.571147,0.489259,0.543566,0.701856,0.37033,0.59558,0.247693,0.938892,0.200163,0.546533,0.709121,0.799934,0.902285,0.911636,0.759716,0.617395,0,0,0,0,0,0,0,0,0,0,0,0,0,0,0.523624,0.385767,0.641656,0.442987,0.446989,0.366689,0.721387,0.508384
0.577304,0.481154,0.54356,0.701835,0.373409,0.592847,0.247689,0.938899,0.201704,0.549248,0.709124,0.799936,0.905344,0.922552,0.758178,0.625537,0,0,0,0,0,0,0,0,0,0,0,0,0,0,0.531296,0.380314,0.647817,0.434804,0.453116,0.363995,0.719854,0.489304
0.58649,0.472946,0.545094,0.701846,0.374923,0.595569,0.246167,0.936151,0.200174,0.543805,0.709126,0.79994,0.902286,0.930731,0.756649,0.620085,0,0,0,0,0,0,0,0,0,0,0,0,0,0,0.538952,0.369447,0.658529,0.432072,0.456178,0.35035,0.727527,0.516548
0.594139,0.459354,0.546621,0.701827,0.3734,0.584683,0.240022,0.919809,0.197109,0.538364,0.706066,0.791765,0.900752,0.936149,0.755118,0.614636,0,0,0,0,0,0,0,0,0,0,0,0,0,0,0.54357,0.358497,0.664672,0.418441,0.457706,0.339416,0.732118,0.49748
0.59721,0.448411,0.548155,0.693654,0.370329,0.587397,0.240038,0.900745,0.195568,0.530181,0.71066,0.780855,0.893078,0.903486,0.7597,0.609187,0,0,0,0,0,0,0,0,0,0,0,0,0,0,0.545111,0.344922,0.667725,0.4048,0.459268,0.32311,0.730587,0.486586
0.594139,0.429358,0.546631,0.669126,0.365735,0.56559,0.223165,0.878931,0.183303,0.508364,0.712191,0.759063,0.893094,0.851714,0.756642,0.568336,0,0,0,0,0,0,0,0,0,0,0,0,0,0,0.53896,0.336685,0.660057,0.383001,0.451586,0.320383,0.721386,0.462065
0.588017,0.421184,0.543556,0.663679,0.358074,0.568316,0.218572,0.878944,0.180237,0.489305,0.709124,0.753605,0.885429,0.827173,0.748988,0.538362,0,0,0,0,0,0,0,0,0,0,0,0,0,0,0.53283,0.325816,0.653937,0.369403,0.443924,0.317613,0.712192,0.448436
0.580357,0.407571,0.535905,0.650075,0.350399,0.557425,0.21397,0.870769,0.175633,0.481151,0.706064,0.734541,0.880823,0.794508,0.747451,0.527442,0,0,0,0,0,0,0,0,0,0,0,0,0,0,0.523639,0.317612,0.641687,0.347641,0.434713,0.295879,0.710664,0.429369
0.581887,0.396682,0.531303,0.630986,0.344279,0.560148,0.2063,0.854434,0.172567,0.45934,0.706062,0.704573,0.868557,0.761786,0.73979,0.467511,0,0,0,0,0,0,0,0,0,0,0,0,0,0,0.517498,0.312192,0.630964,0.333989,0.424004,0.317622,0.709119,0.380307
0.580351,0.383014,0.535902,0.6201,0.345814,0.560145,0.213973,0.857168,0.17871,0.459314,0.707599,0.682762,0.876223,0.748151,0.741322,0.462058,0,0,0,0,0,0,0,0,0,0,0,0,0,0,0.511366,0.304016,0.627863,0.314868,0.42091,0.317638,0.696861,0.344908
0.575749,0.358551,0.52977,0.592852,0.348876,0.554692,0.224705,0.876237,0.206297,0.464779,0.701461,0.650067,0.87776,0.718193,0.736713,0.432094,0,0,0,0,0,0,0,0,0,0,0,0,0,0,0.50525,0.295838,0.618666,0.2904,0.411726,0.320374,0.687667,0.334005
0.568094,0.347647,0.534369,0.587401,0.347342,0.546516,0.227776,0.870759,0.209374,0.464782,0.707592,0.644616,0.876216,0.701853,0.732121,0.418445,0,0,0,0,0,0,0,0,0,0,0,0,0,0,0.499096,0.287638,0.615609,0.274053,0.408643,0.30948,0.689191,0.298561
0.561969,0.336717,0.529772,0.571052,0.348865,0.530167,0.232365,0.85989,0.212447,0.456596,0.701463,0.628266,0.870087,0.699104,0.726001,0.402107,0,0,0,0,0,0,0,0,0,0,0,0,0,0,0.494508,0.27679,0.615604,0.257724,0.401004,0.298592,0.684595,0.282208
0.558916,0.317686,0.531305,0.573781,0.350403,0.524735,0.230837,0.848979,0.221642,0.442976,0.706063,0.62554,0.865485,0.699109,0.719855,0.388471,0,0,0,0,0,0,0,0,0,0,0,0,0,0,0.492957,0.265883,0.61103,0.252247,0.399448,0.295825,0.683064,0.28223
0.557365,0.312208,0.534367,0.551979,0.351941,0.511104,0.233897,0.829899,0.230834,0.429351,0.706063,0.584673,0.856302,0.701846,0.713735,0.377585,0,0,0,0,0,0,0,0,0,0,0,0,0,0,0.485321,0.257713,0.607954,0.244065,0.397915,0.298597,0.678464,0.263157
0.53438,0.298575,0.537436,0.562879,0.364204,0.546521,0.21091,0.704573,0.289074,0.33126,0.70606,0.562881,0.834835,0.715458,0.699934,0.366691,0,0,0,0,0,0,0,0,0,0,0,0,0,0,0.469976,0.252299,0.591071,0.230459,0.390269,0.28224,0.661613,0.254986
0.522094,0.295815,0.538962,0.576501,0.370334,0.579232,0.215496,0.592838,0.347333,0.246795,0.701465,0.568319,0.825634,0.718183,0.681537,0.372142,0,0,0,0,0,0,0,0,0,0,0,0,0,0,0.456175,0.249554,0.574238,0.230445,0.387197,0.317651,0.653941,0.252248
0.509852,0.287673,0.538967,0.568331,0.368802,0.573787,0.227769,0.546533,0.365734,0.211386,0.702992,0.587398,0.825624,0.718193,0.669264,0.385763,0,0,0,0,0,0,0,0,0,0,0,0,0,0,0.454643,0.235885,0.565023,0.22499,0.397921,0.304031,0.672327,0.252267
0.509831,0.279492,0.540491,0.573766,0.370339,0.560148,0.233897,0.521992,0.367267,0.18686,0.698398,0.576499,0.830243,0.710016,0.664669,0.393915,0,0,0,0,0,0,0,0,0,0,0,0,0,0,0.454651,0.225001,0.568081,0.211389,0.399449,0.309469,0.67694,0.263154
0.512918,0.274051,0.534366,0.573784,0.370338,0.560152,0.23697,0.508366,0.374936,0.173238,0.702993,0.579227,0.840959,0.701827,0.672327,0.383035,0,0,0,0,0,0,0,0,0,0,0,0,0,0,0.460761,0.216829,0.572704,0.208686,0.399472,0.306754,0.683057,0.257717
0.529761,0.257726,0.554291,0.57649,0.381068,0.560153,0.258414,0.49748,0.390263,0.159584,0.71373,0.579225,0.880826,0.641898,0.681534,0.369424,0,0,0,0,0,0,0,0,0,0,0,0,0,0,0.473067,0.197773,0.594149,0.195015,0.420919,0.28221,0.695339,0.249521
0.540484,0.249563,0.565023,0.571061,0.388733,0.562881,0.263018,0.492038,0.397936,0.159586,0.729057,0.571049,0.89922,0.60648,0.707584,0.342181,0,0,0,0,0,0,0,0,0,0,0,0,0,0,0.482232,0.18957,0.603358,0.186811,0.427044,0.282209,0.70605,0.233194
0.549704,0.246814,0.561963,0.571034,0.388729,0.560153,0.267627,0.492039,0.404056,0.154163,0.738254,0.565594,0.917608,0.56832,0.725977,0.314923,0,0,0,0,0,0,0,0,0,0,0,0,0,0,0.491451,0.181407,0.615602,0.170498,0.428601,0.271316,0.712199,0.227713
0.557366,0.238642,0.566556,0.565596,0.390259,0.551981,0.275275,0.492041,0.408653,0.148704,0.753588,0.557427,0.939072,0.543787,0.736722,0.295835,0,0,0,0,0,0,0,0,0,0,0,0,0,0,0.499098,0.173236,0.624795,0.165045,0.436246,0.263147,0.721392,0.203208
0.571146,0.233201,0.578829,0.546533,0.407129,0.538355,0.289081,0.500202,0.416325,0.140524,0.75971,0.54924,0.95747,0.516541,0.755121,0.282218,0,0,0,0,0,0,0,0,0,0,0,0,0,0,0.506749,0.167769,0.629392,0.162279,0.443908,0.260424,0.724449,0.224992
0.595669,0.224986,0.595691,0.535624,0.42552,0.49748,0.315151,0.53018,0.433191,0.159602,0.773508,0.532903,0.980476,0.500207,0.78425,0.254975,0,0,0,0,0,0,0,0,0,0,0,0,0,0,0.526707,0.165067,0.647804,0.151437,0.469973,0.271332,0.727529,0.200478
0.601815,0.225002,0.60488,0.549247,0.427053,0.511108,0.330478,0.557424,0.442374,0.186862,0.781176,0.557417,0.997331,0.511102,0.799568,0.257697,0,0,0,0,0,0,0,0,0,0,0,0,0,0,0.532852,0.165067,0.656991,0.151425,0.477643,0.249514,0.733649,0.197746
0.606423,0.225018,0.609488,0.551978,0.436255,0.524728,0.338147,0.595568,0.433183,0.222269,0.785779,0.554695,0.99733,0.530183,0.810308,0.26588,0,0,0,0,0,0,0,0,0,0,0,0,0,0,0.542038,0.165075,0.666195,0.151408,0.483766,0.233171,0.742861,0.200489
0.617131,0.227721,0.612546,0.546522,0.44545,0.51927,0.332012,0.644621,0.445458,0.2577,0.784243,0.557419,0.99426,0.551981,0.816434,0.290389,0,0,0,0,0,0,0,0,0,0,0,0,0,0,0.552744,0.165097,0.676944,0.154168,0.482239,0.24134,0.748986,0.208648
0.62328,0.227715,0.612546,0.546531,0.442382,0.497478,0.309015,0.658243,0.448512,0.295846,0.78118,0.571043,0.99273,0.606477,0.828702,0.314923,0,0,0,0,0,0,0,0,0,0,0,0,0,0,0.557353,0.165079,0.686136,0.159627,0.471509,0.197765,0.765859,0.227742
0.627866,0.205924,0.609483,0.535635,0.433186,0.508385,0.243109,0.68821,0.396394,0.440261,0.78578,0.562879,0.97434,0.748158,0.937539,0.53291,0,0,0,0,0,0,0,0,0,0,0,0,0,0,0.561967,0.140534,0.693803,0.143238,0.463853,0.249512,0.779634,0.249536
0.61714,0.186897,0.604891,0.502927,0.427051,0.45933,0.240029,0.712729,0.373388,0.524722,0.788846,0.527461,0.972808,0.786307,0.900753,0.39122,0,0,0,0,0,0,0,0,0,0,0,0,0,0,0.555816,0.124222,0.68612,0.12417,0.469983,0.186866,0.767378,0.208656
0.606391,0.186887,0.60489,0.527443,0.427058,0.497479,0.243103,0.737253,0.353467,0.560139,0.794977,0.527449,0.980467,0.786317,0.945208,0.568313,0,0,0,0,0,0,0,0,0,0,0,0,0,0,0.546623,0.126917,0.672349,0.121458,0.468442,0.167814,0.767367,0.2005
0.595695,0.197754,0.60488,0.527442,0.425518,0.497481,0.24769,0.756357,0.341213,0.554693,0.793439,0.527449,0.980473,0.769968,0.943678,0.562865,0,0,0,0,0,0,0,0,0,0,0,0,0,0,0.542038,0.135102,0.66619,0.129631,0.465378,0.184145,0.762767,0.21136
0.597221,0.203188,0.603348,0.519291,0.427058,0.486586,0.244627,0.76724,0.324355,0.543799,0.785778,0.524719,0.965144,0.769959,0.897688,0.383035,0,0,0,0,0,0,0,0,0,0,0,0,0,0,0.542033,0.137807,0.667743,0.135094,0.468443,0.184125,0.764313,0.216811
0.606402,0.230482,0.606418,0.535636,0.42552,0.470235,0.259958,0.813564,0.27989,0.663694,0.8195,0.562869,0.943674,0.857157,0.957474,0.413007,0,0,0,0,0,0,0,0,0,0,0,0,0,0,0.55276,0.162282,0.679997,0.165062,0.476095,0.192324,0.771981,0.235909
0.60949,0.25228,0.611017,0.551976,0.422461,0.483864,0.26149,0.840803,0.287551,0.748151,0.830234,0.57923,0.960539,0.927992,0.969739,0.464779,0,0,0,0,0,0,0,0,0,0,0,0,0,0,0.557345,0.184164,0.68459,0.195027,0.479182,0.211369,0.776579,0.255017
0.611034,0.293103,0.618682,0.576504,0.433189,0.505656,0.255359,0.859883,0.296746,0.797208,0.833297,0.61738,0.946741,0.994756,0.962073,0.45661,0,0,0,0,0,0,0,0,0,0,0,0,0,0,0.558918,0.219574,0.68767,0.227747,0.483771,0.252238,0.779641,0.287663
0.620194,0.336729,0.62787,0.61736,0.443917,0.535629,0.252291,0.914372,0.299817,0.870781,0.836363,0.663699,0.94521,0.994756,0,0,0,0,0,0,0,0,0,0,0,0,0,0,0,0,0.565019,0.257687,0.692254,0.27128,0.488385,0.279524,0.781176,0.323091
0.621735,0.372136,0.627878,0.655509,0.445448,0.568326,0.250763,0.865331,0.305949,0.857155,0.821034,0.682764,0.940607,0.994756,0,0,0,0,0,0,0,0,0,0,0,0,0,0,0,0,0.569611,0.290373,0.692251,0.301299,0.492973,0.31762,0.782712,0.35307
0.621759,0.39942,0.626337,0.66371,0.437784,0.587397,0.272222,0.84353,0.269156,0.868047,0.811836,0.710024,0.954408,0.99612,0,0,0,0,0,0,0,0,0,0,0,0,0,0,0,0,0.568087,0.314923,0.695337,0.33398,0.492968,0.33947,0.781196,0.391193
0.620204,0.407577,0.624801,0.669149,0.430121,0.606472,0.24003,0.957969,0,0,0.810305,0.715473,0.94674,0.996121,0,0,0,0,0,0,0,0,0,0,0,0,0,0,0,0,0.56503,0.320398,0.693789,0.33949,0.491443,0.361214,0.781186,0.399412
0.615605,0.410304,0.62021,0.669147,0.425518,0.609193,0.295216,0.813556,0.267626,0.851702,0.805708,0.712738,0.942149,0.994759,0,0,0,0,0,0,0,0,0,0,0,0,0,0,0,0,0.560425,0.328535,0.692249,0.342182,0.488372,0.353075,0.779636,0.404838
0.611023,0.407572,0.612548,0.669138,0.42552,0.598294,0.293683,0.82446,0.256895,0.952526,0.796506,0.707297,0.936006,0.994757,0,0,0,0,0,0,0,0,0,0,0,0,0,0,0,0,0.557379,0.325829,0.686132,0.342174,0.483783,0.361236,0.776576,0.404811
0.609469,0.404808,0.606412,0.669139,0.420918,0.609191,0.246159,0.955245,0.278353,0.99613,0.790381,0.710014,0.931415,0.996123,0,0,0,0,0,0,0,0,0,0,0,0,0,0,0,0,0.555831,0.320387,0.684598,0.339498,0.479176,0.361245,0.773512,0.404836
0.604881,0.391196,0.598757,0.671875,0.41786,0.601028,0.269153,0.8735,0,0,0.787308,0.726358,0.919149,0.996121,0,0,0,0,0,0,0,0,0,0,0,0,0,0,0,0,0.548165,0.312166,0.678455,0.333993,0.474566,0.342151,0.765831,0.399395
0.598766,0.385754,0.601813,0.671881,0.417857,0.5983,0.272227,0.859884,0,0,0.788841,0.731816,0.913017,0.99476,0,0,0,0,0,0,0,0,0,0,0,0,0,0,0,0,0.546611,0.30401,0.675407,0.320402,0.471525,0.342193,0.764296,0.39396
0.595704,0.383026,0.597219,0.671872,0.413259,0.59557,0.266091,0.851704,0,0,0.791908,0.73726,0.882351,0.994759,0,0,0,0,0,0,0,0,0,0,0,0,0,0,0,0,0.543566,0.298599,0.672326,0.320368,0.46844,0.339417,0.759697,0.402128
0.5926,0.377612,0.588026,0.666424,0.402529,0.590116,0.266086,0.846241,0,0,0.782706,0.718195,0.856295,0.993395,0,0,0,0,0,0,0,0,0,0,0,0,0,0,0,0,0.537442,0.295873,0.66466,0.317635,0.463851,0.339417,0.755117,0.396681
0.583436,0.377552,0.580357,0.663704,0.397927,0.581946,0.259954,0.843528,0,0,0.775044,0.718186,0.831767,0.994757,0,0,0,0,0,0,0,0,0,0,0,0,0,0,0,0,0.532814,0.293077,0.658527,0.314901,0.459255,0.328563,0.744397,0.399399
0.583426,0.383016,0.578829,0.639174,0.394863,0.576494,0.247694,0.878954,0.40406,0.994759,0.765852,0.688216,0.886952,0.941622,0.679995,0.93618,0,0,0,0,0,0,0,0,0,0,0,0,0,0,0.532821,0.295848,0.660061,0.320362,0.459233,0.339409,0.742849,0.402107
0.583442,0.396633,0.578825,0.641888,0.390264,0.579235,0.232366,0.884401,0.361138,0.947074,0.771982,0.696385,0.888489,0.994758,0.683069,0.838082,0,0,0,0,0,0,0,0,0,0,0,0,0,0,0.531301,0.309454,0.65703,0.339387,0.456193,0.342201,0.742838,0.418472
0.572704,0.413034,0.572686,0.663693,0.378001,0.606467,0.223169,0.985224,0.38107,0.797207,0.771982,0.718182,0.86856,0.985219,0.673862,0.734538,0,0,0,0,0,0,0,0,0,0,0,0,0,0,0.520557,0.328547,0.644753,0.35308,0.445439,0.366704,0.72753,0.426612
0.557362,0.432106,0.554286,0.690935,0.370339,0.630999,0.215506,0.982497,0.35194,0.699118,0.73519,0.715473,0.879299,0.900736,0.676925,0.647342,0,0,0,0,0,0,0,0,0,0,0,0,0,0,0.503712,0.344934,0.627892,0.372136,0.427066,0.383035,0.716783,0.426603
0.554282,0.464749,0.522099,0.780861,0.34427,0.742714,0.247699,0.994762,0.301356,0.669145,0.707594,0.827177,0.880827,0.862611,0.69839,0.609212,0,0,0,0,0,0,0,0,0,0,0,0,0,0,0.496043,0.380347,0.617154,0.388472,0.425513,0.399378,0.709117,0.448422
0.548169,0.500192,0.545095,0.769965,0.374928,0.677314,0.287554,0.996122,0.281428,0.581963,0.710662,0.838085,0.880821,0.848974,0.701468,0.617388,0,0,0,0,0,0,0,0,0,0,0,0,0,0,0.497598,0.437565,0.609463,0.4294,0.433196,0.456622,0.709125,0.483856
0.535898,0.511079,0.543559,0.759071,0.367268,0.682761,0.28295,0.996123,0.267626,0.609204,0.707593,0.819003,0.862429,0.848991,0.675402,0.614665,0,0,0,0,0,0,0,0,0,0,0,0,0,0,0.485293,0.448455,0.592612,0.440236,0.423964,0.46477,0.695327,0.478423
0.522116,0.519254,0.529767,0.759067,0.361132,0.696385,0.266094,0.996129,0.256884,0.620108,0.684599,0.808113,0.856301,0.854415,0.660069,0.617378,0,0,0,0,0,0,0,0,0,0,0,0,0,0,0.473027,0.45663,0.577275,0.45114,0.410193,0.470216,0.681525,0.489295
0.515959,0.532898,0.526711,0.769966,0.35347,0.729099,0.26916,0.996123,0.24462,0.647343,0.698395,0.824458,0.853239,0.873493,0.660062,0.630983,0,0,0,0,0,0,0,0,0,0,0,0,0,0,0.462319,0.464805,0.574211,0.464753,0.40714,0.481125,0.680009,0.519248
0.522086,0.538337,0.523636,0.789041,0.348877,0.74817,0.270685,0.996124,0.235436,0.663673,0.687666,0.840802,0.860884,0.85715,0.666204,0.639179,0,0,0,0,0,0,0,0,0,0,0,0,0,0,0.463842,0.467511,0.577274,0.467502,0.40559,0.502935,0.68002,0.519273
0.529779,0.527438,0.526705,0.767237,0.348877,0.745444,0.247697,0.996128,0.218567,0.699102,0.686134,0.810838,0.87622,0.878951,0.69073,0.647345,0,0,0,0,0,0,0,0,0,0,0,0,0,0,0.477639,0.459361,0.5926,0.453872,0.408668,0.508383,0.686141,0.513829
0.545097,0.522015,0.528241,0.775409,0.345813,0.745432,0.229298,0.99612,0.209362,0.71273,0.684603,0.813551,0.888475,0.906204,0.695327,0.669155,0,0,0,0,0,0,0,0,0,0,0,0,0,0,0.485329,0.459294,0.598758,0.445743,0.41174,0.494777,0.690745,0.505656
0.557351,0.527478,0.529773,0.789033,0.355006,0.750875,0.22623,0.99476,0.20017,0.731816,0.686132,0.821736,0.886957,0.936175,0.709122,0.710004,0,0,0,0,0,0,0,0,0,0,0,0,0,0,0.49604,0.462094,0.611001,0.453911,0.420929,0.492056,0.692273,0.516567
0.561962,0.538341,0.528231,0.797207,0.355002,0.753612,0.212441,0.985223,0.194049,0.75362,0.684605,0.835358,0.882351,0.952518,0.706066,0.712733,0,0,0,0,0,0,0,0,0,0,0,0,0,0,0.503697,0.467538,0.615615,0.464741,0.422454,0.489286,0.692263,0.538367
0.568101,0.549214,0.528226,0.805382,0.353471,0.753601,0.210905,0.979774,0.184846,0.75634,0.684597,0.843538,0.871626,0.949806,0.706054,0.707285,0,0,0,0,0,0,0,0,0,0,0,0,0,0,0.506758,0.47838,0.620196,0.467516,0.423991,0.4893,0.692283,0.538369
0.5543,0.554681,0.514431,0.816279,0.341206,0.756331,0.200172,0.994756,0.143449,0.794475,0.667738,0.854436,0.842502,0.990668,0.687662,0.70456,0,0,0,0,0,0,0,0,0,0,0,0,0,0,0.491441,0.489259,0.604862,0.47027,0.41172,0.508385,0.679993,0.543802
0.543552,0.554745,0.502167,0.819001,0.328945,0.76178,0.198636,0.994757,0.128123,0.819001,0.660075,0.854435,0.840963,0.947078,0.681533,0.712726,0,0,0,0,0,0,0,0,0,0,0,0,0,0,0.480701,0.489317,0.589558,0.472932,0.400984,0.519266,0.66775,0.543803
0.532843,0.557431,0.494504,0.827184,0.322816,0.772683,0.137319,0.99612,0.0897981,0.854426,0.655475,0.865325,0.837894,0.960697,0.675397,0.707297,0,0,0,0,0,0,0,0,0,0,0,0,0,0,0.473025,0.492042,0.581877,0.475661,0.393323,0.524736,0.661606,0.541067
0.528243,0.573745,0.499104,0.843532,0.318211,0.786298,0.20324,0.994758,0,0,0.660072,0.876227,0.84096,0.957974,0.661606,0.710015,0,0,0,0,0,0,0,0,0,0,0,0,0,0,0.468444,0.505669,0.577286,0.48657,0.39027,0.546541,0.660083,0.541072
0.52519,0.579263,0.502177,0.846245,0.325877,0.783585,0.201701,0.99612,0,0,0.66314,0.881672,0.837897,0.994757,0.658541,0.715472,0,0,0,0,0,0,0,0,0,0,0,0,0,0,0.463837,0.516529,0.574239,0.492045,0.387189,0.543798,0.660087,0.551988
0.522094,0.592834,0.497579,0.857156,0.32281,0.789039,0.189439,0.996122,0,0,0.657009,0.895306,0.836374,0.993393,0.672333,0.748167,0,0,0,0,0,0,0,0,0,0,0,0,0,0,0.462331,0.524747,0.577305,0.508355,0.38873,0.562891,0.661608,0.576489
0.522097,0.590141,0.49911,0.851714,0.31974,0.789028,0.186378,0.996126,0,0,0.658533,0.889854,0.836375,0.994756,0.672336,0.745421,0,0,0,0,0,0,0,0,0,0,0,0,0,0,0.46079,0.522031,0.577284,0.505664,0.382605,0.562879,0.66313,0.579224
0.522107,0.590139,0.502174,0.854433,0.318214,0.789045,0.183308,0.996124,0,0,0.657003,0.89802,0.837897,0.957977,0.673866,0.748168,0,0,0,0,0,0,0,0,0,0,0,0,0,0,0.460799,0.524714,0.577291,0.505666,0.382604,0.557437,0.660079,0.581948
0.523636,0.590108,0.499112,0.859865,0.316679,0.791755,0.184844,0.996121,0,0,0.657005,0.90075,0.837904,0.971598,0.678466,0.745429,0,0,0,0,0,0,0,0,0,0,0,0,0,0,0.463847,0.522017,0.578839,0.505631,0.387184,0.549261,0.660076,0.581955
0.526719,0.587415,0.494503,0.85987,0.315151,0.794472,0.181776,0.996122,0,0,0.65547,0.900743,0.840965,0.97977,0.678468,0.750882,0,0,0,0,0,0,0,0,0,0,0,0,0,0,0.46998,0.519293,0.583405,0.502923,0.387191,0.538365,0.661606,0.57106
0.525148,0.579274,0.489912,0.843524,0.31821,0.778129,0.190977,0.996122,0,0,0.655472,0.86805,0.822568,0.996121,0.655468,0.767231,0,0,0,0,0,0,0,0,0,0,0,0,0,0,0.462306,0.513847,0.578808,0.492081,0.381063,0.543807,0.663149,0.576487
0.519043,0.579243,0.502168,0.816284,0.319742,0.775406,0.198639,0.996121,0,0,0.676934,0.821733,0.784246,0.994759,0.638613,0.759059,0,0,0,0,0,0,0,0,0,0,0,0,0,0,0.457723,0.511125,0.574207,0.492009,0.377998,0.546526,0.661603,0.549267
0.512913,0.579185,0.499106,0.813567,0.31515,0.778135,0.210901,0.994759,0.0805973,0.994756,0.675403,0.840801,0.764316,0.994762,0.627877,0.767234,0,0,0,0,0,0,0,0,0,0,0,0,0,0,0.45466,0.505669,0.571141,0.489328,0.377989,0.516566,0.658526,0.538371
0.511391,0.576495,0.497575,0.810839,0.313619,0.772692,0.195574,0.994757,0,0,0.679998,0.832626,0.768916,0.994761,0.630938,0.764521,0,0,0,0,0,0,0,0,0,0,0,0,0,0,0.454652,0.502913,0.569628,0.489239,0.376465,0.516575,0.658532,0.538365
0.515973,0.56832,0.500633,0.808118,0.315144,0.767226,0.180242,0.994759,0.0622021,0.772682,0.6846,0.824462,0.782711,0.994759,0.637074,0.772685,0,0,0,0,0,0,0,0,0,0,0,0,0,0,0.456164,0.500209,0.57117,0.483879,0.376464,0.513824,0.658531,0.5411
0.529751,0.576478,0.502175,0.816281,0.318212,0.775413,0.154184,0.994757,0.0851931,0.761798,0.663139,0.838084,0.822567,0.99612,0.666208,0.756342,0,0,0,0,0,0,0,0,0,0,0,0,0,0,0.463846,0.502921,0.581876,0.486584,0.381072,0.51657,0.666207,0.562887
0.535893,0.579188,0.500636,0.819004,0.321278,0.775411,0.15265,0.994755,0.0882683,0.767231,0.663134,0.846252,0.83023,0.994762,0.678473,0.756357,0,0,0,0,0,0,0,0,0,0,0,0,0,0,0.471527,0.505657,0.586482,0.489279,0.388719,0.513813,0.663144,0.554714
0.540494,0.579235,0.502171,0.827176,0.31975,0.783586,0.171043,0.996121,0.091336,0.769967,0.666203,0.846254,0.827167,0.994762,0.678457,0.764506,0,0,0,0,0,0,0,0,0,0,0,0,0,0,0.474558,0.508355,0.592595,0.489287,0.388751,0.50839,0.673871,0.560162
0.542039,0.581942,0.497575,0.835349,0.319743,0.783583,0.181775,0.996121,0.0897964,0.780864,0.658539,0.857149,0.816434,0.994763,0.683067,0.77813,0,0,0,0,0,0,0,0,0,0,0,0,0,0,0.476091,0.50838,0.594145,0.489339,0.391791,0.513837,0.6708,0.571039
0.543568,0.584683,0.499101,0.840799,0.321284,0.78359,0.160314,0.996122,0.0897892,0.780864,0.661607,0.859872,0.807237,0.99476,0.689199,0.802637,0,0,0,0,0,0,0,0,0,0,0,0,0,0,0.477634,0.511078,0.59569,0.49204,0.393323,0.519261,0.672338,0.576516
0.546629,0.603729,0.50371,0.846243,0.324342,0.789037,0.146515,0.996123,0.0867302,0.794481,0.664672,0.868054,0,0,0,0,0,0,0,0,0,0,0,0,0,0,0,0,0,0,0.480704,0.519273,0.600298,0.511077,0.394847,0.519283,0.678457,0.584662
0.548171,0.601033,0.50524,0.851702,0.327414,0.791754,0.143452,0.996121,0.0836665,0.794491,0.670802,0.878952,0,0,0,0,0,0,0,0,0,0,0,0,0,0,0,0,0,0,0.483758,0.519272,0.601819,0.511102,0.396388,0.513866,0.678462,0.579234
0.548167,0.603721,0.5129,0.859883,0.33661,0.786313,0.141914,0.996122,0.0806016,0.797212,0.678464,0.892577,0,0,0,0,0,0,0,0,0,0,0,0,0,0,0,0,0,0,0.483795,0.519303,0.604881,0.513785,0.397943,0.516592,0.681532,0.571043
0.54969,0.60377,0.51137,0.865335,0.345807,0.78631,0.138854,0.996121,0.0836569,0.799929,0.678464,0.903478,0.827167,0.994757,0.738257,0.911645,0,0,0,0,0,0,0,0,0,0,0,0,0,0,0.485333,0.51931,0.606429,0.513788,0.401008,0.52201,0.684595,0.581965
0.555826,0.606443,0.515971,0.862605,0.347345,0.786316,0.143453,0.996121,0.082125,0.816281,0.678467,0.90075,0.827169,0.994758,0.738247,0.925275,0,0,0,0,0,0,0,0,0,0,0,0,0,0,0.489894,0.522026,0.609482,0.513844,0.405592,0.52202,0.687665,0.571051
0.557378,0.606448,0.509842,0.876226,0.34734,0.789031,0.146518,0.994761,0.0729308,0.824456,0.667736,0.930722,0,0,0,0,0,0,0,0,0,0,0,0,0,0,0,0,0,0,0.494498,0.519262,0.614082,0.513816,0.407119,0.543798,0.692257,0.579235
0.558884,0.598308,0.509835,0.876226,0.347339,0.780863,0.143448,0.994762,0.0668007,0.813551,0.673866,0.925273,0.828699,0.994757,0.752046,0.936161,0,0,0,0,0,0,0,0,0,0,0,0,0,0,0.494505,0.513837,0.612563,0.505676,0.407128,0.519303,0.690733,0.579236
0.558874,0.590114,0.51137,0.87351,0.34887,0.789027,0.144984,0.994762,0.063738,0.819002,0.678467,0.903475,0.828699,0.994758,0.755115,0.936177,0,0,0,0,0,0,0,0,0,0,0,0,0,0,0.49451,0.508346,0.614083,0.494791,0.405593,0.522004,0.695332,0.57648
0.558895,0.579228,0.519032,0.865328,0.348874,0.778136,0.172577,0.994759,0.0560699,0.827177,0.693796,0.900753,0,0,0,0,0,0,0,0,0,0,0,0,0,0,0,0,0,0,0.494524,0.492078,0.617129,0.48932,0.407116,0.51653,0.698389,0.571031
0.555833,0.5738,0.512904,0.86533,0.351937,0.767239,0.174111,0.994758,0.060668,0.857153,0.680001,0.892572,0,0,0,0,0,0,0,0,0,0,0,0,0,0,0,0,0,0,0.494518,0.486567,0.617141,0.483843,0.407134,0.494785,0.696854,0.562881
0.534358,0.55198,0.494501,0.843535,0.309015,0.775408,0.158781,0.994758,0.017743,0.846253,0.666204,0.862607,0,0,0,0,0,0,0,0,0,0,0,0,0,0,0,0,0,0,0.47304,0.464787,0.598754,0.456588,0.382606,0.481139,0.676943,0.530172
0.522104,0.543812,0.483772,0.838072,0.305946,0.764511,0.15878,0.99476,0,0,0.657007,0.859884,0.80264,0.994757,0.709126,0.947077,0,0,0,0,0,0,0,0,0,0,0,0,0,0,0.457724,0.456596,0.581867,0.453867,0.370346,0.481142,0.660087,0.530191
0.511391,0.538363,0.479177,0.827178,0.293686,0.756332,0.15418,0.99476,0,0,0.652405,0.865332,0.817971,0.993395,0.707585,0.949797,0,0,0,0,0,0,0,0,0,0,0,0,0,0,0.450046,0.451142,0.57423,0.451158,0.362674,0.475678,0.655489,0.524747
0.509842,0.532917,0.471514,0.813563,0.278353,0.756328,0.137318,0.99476,0,0,0.646275,0.859876,0.817971,0.993394,0.741321,0.996122,0,0,0,0,0,0,0,0,0,0,0,0,0,0,0.448515,0.448412,0.574214,0.451152,0.36114,0.494747,0.657018,0.524729
0.499104,0.527454,0.456182,0.799937,0.266091,0.748156,0.14038,0.996121,0,0,0.62788,0.85171,0.790376,0.99476,0.687668,0.941623,0,0,0,0,0,0,0,0,0,0,0,0,0,0,0.43627,0.44297,0.560414,0.442978,0.347346,0.489308,0.644752,0.516544
0.483783,0.519243,0.445448,0.802658,0.256893,0.720919,0.135788,0.994758,0,0,0.615614,0.862596,0,0,0,0,0,0,0,0,0,0,0,0,0,0,0,0,0,0,0.422442,0.426649,0.545083,0.432075,0.332004,0.448422,0.626339,0.511085
0.479173,0.500195,0.434724,0.764511,0.24616,0.704569,0.105127,0.994759,0,0,0.609482,0.80266,0.767382,0.994757,0.657003,0.903469,0,0,0,0,0,0,0,0,0,0,0,0,0,0,0.413266,0.40217,0.545098,0.404873,0.322812,0.432082,0.617142,0.478398
0.466919,0.475684,0.423991,0.75907,0.229298,0.693662,0.108194,0.994761,0,0,0.594152,0.799932,0.759715,0.99476,0.649339,0.892582,0,0,0,0,0,0,0,0,0,0,0,0,0,0,0.401012,0.38036,0.528251,0.385745,0.313628,0.407559,0.606404,0.453872
0.46537,0.46208,0.422462,0.750876,0.220103,0.680043,0.111255,0.994761,0,0,0.600283,0.786304,0.758185,0.994758,0.650876,0.88985,0,0,0,0,0,0,0,0,0,0,0,0,0,0,0.397923,0.372138,0.526712,0.374873,0.307494,0.415741,0.598745,0.44299
0.4608,0.437546,0.423983,0.750889,0.223167,0.677313,0.120456,0.994757,0,0,0.597221,0.769957,0.762783,0.994758,0.652403,0.884395,0,0,0,0,0,0,0,0,0,0,0,0,0,0,0.397926,0.355766,0.528223,0.358496,0.307474,0.393949,0.604861,0.429336
0.469981,0.432097,0.436254,0.734539,0.238499,0.660976,0.114324,0.994762,0,0,0.606414,0.778129,0.767379,0.994762,0.657002,0.889838,0,0,0,0,0,0,0,0,0,0,0,0,0,0,0.404073,0.342205,0.531316,0.344898,0.313618,0.38848,0.607929,0.426612
0.471497,0.432078,0.436248,0.72637,0.233901,0.666414,0.109723,0.994759,0,0,0.606419,0.761785,0.765845,0.994762,0.653943,0.889864,0,0,0,0,0,0,0,0,0,0,0,0,0,0,0.400994,0.342179,0.531281,0.347631,0.316694,0.388493,0.60796,0.41846
0.37186,0.595585,0.422458,0.718195,0.241565,0.674587,0.12353,0.928004,0.305944,0.846259,0.603353,0.756336,0.669266,0.974315,0.477642,0.994758,0,0,0,0,0,0,0,0,0,0,0,0,0,0,0.313615,0.51654,0.43624,0.519294,0.264542,0.516535,0.548162,0.48928
0.373411,0.614633,0.428589,0.699111,0.255364,0.628266,0.117387,0.908931,0.302884,0.794478,0.603356,0.718192,0.666205,0.966147,0.477639,0.889843,0,0,0,0,0,0,0,0,0,0,0,0,0,0,0.312096,0.519256,0.436247,0.522004,0.264561,0.516549,0.546634,0.486556
0.371859,0.603746,0.427053,0.693663,0.249228,0.6419,0.132721,0.8735,0.29829,0.729099,0.604882,0.704568,0.687662,0.933441,0.48071,0.846246,0,0,0,0,0,0,0,0,0,0,0,0,0,0,0.312098,0.516544,0.440853,0.519311,0.266085,0.511102,0.549692,0.48387
0.384125,0.58196,0.413258,0.669153,0.24769,0.669138,0.141915,0.854439,0.296753,0.658239,0.604882,0.66643,0.709131,0.859881,0.502177,0.761794,0,0,0,0,0,0,0,0,0,0,0,0,0,0,0.304428,0.459328,0.445443,0.516517,0.269166,0.47841,0.555828,0.486562
0.408652,0.609195,0.422451,0.707283,0.253826,0.731808,0.132726,0.794487,0.296754,0.595576,0.601817,0.652791,0.709121,0.821742,0.511366,0.707264,0,0,0,0,0,0,0,0,0,0,0,0,0,0,0.361136,0.497473,0.459254,0.513847,0.279878,0.451148,0.558923,0.483871
0.397921,0.584665,0.425527,0.742709,0.263023,0.729091,0.114318,0.729096,0.250769,0.527462,0.598754,0.669143,0.741315,0.767227,0.552764,0.644618,0,0,0,0,0,0,0,0,0,0,0,0,0,0,0.350402,0.4457,0.482239,0.521989,0.295208,0.350346,0.578818,0.472955
0.400993,0.571061,0.433184,0.690944,0.261492,0.663694,0.109729,0.710032,0.244636,0.492052,0.603347,0.699116,0.745914,0.75632,0.554287,0.617388,0,0,0,0,0,0,0,0,0,0,0,0,0,0,0.355001,0.426628,0.492982,0.489313,0.309004,0.353078,0.57883,0.47294
0.473069,0.478441,0.439322,0.677318,0.270686,0.696389,0.118926,0.70457,0.259956,0.483851,0.603351,0.690944,0.753574,0.761771,0.548165,0.620104,0,0,0,0,0,0,0,0,0,0,0,0,0,0,0.446985,0.418477,0.509826,0.432139,0.322814,0.38303,0.591084,0.45116
0.434724,0.519279,0.443919,0.707283,0.275292,0.688215,0.128111,0.710017,0.270688,0.48929,0.609484,0.750887,0.755108,0.780854,0.545096,0.625544,0,0,0,0,0,0,0,0,0,0,0,0,0,0,0.377994,0.3994,0.506757,0.442992,0.321277,0.380317,0.59876,0.464781
0.450044,0.478406,0.462312,0.688215,0.293683,0.674591,0.128126,0.710035,0.275296,0.489315,0.621746,0.720915,0.753583,0.775418,0.545095,0.587406,0,0,0,0,0,0,0,0,0,0,0,0,0,0,0.365734,0.388495,0.523626,0.426678,0.361137,0.402128,0.604888,0.464777
0.451582,0.434816,0.469977,0.710014,0.31208,0.707289,0.151117,0.756342,0.310541,0.532899,0.62328,0.745434,0.776577,0.756326,0.574229,0.57106,0,0,0,0,0,0,0,0,0,0,0,0,0,0,0.400993,0.383044,0.546629,0.413004,0.347346,0.407562,0.614078,0.459334
0.474579,0.440268,0.476111,0.690945,0.319741,0.669142,0.161857,0.783576,0.324333,0.541077,0.630946,0.726363,0.776577,0.750874,0.586486,0.565611,0,0,0,0,0,0,0,0,0,0,0,0,0,0,0.396397,0.393932,0.557348,0.40214,0.358067,0.402113,0.620216,0.448428
0.446985,0.434808,0.477651,0.699117,0.322812,0.677318,0.174112,0.794494,0.339671,0.546499,0.635544,0.73181,0.781172,0.753613,0.595693,0.549256,0,0,0,0,0,0,0,0,0,0,0,0,0,0,0.39179,0.396672,0.51444,0.377592,0.371855,0.399381,0.609483,0.437545
0.489904,0.467506,0.479174,0.726361,0.327412,0.693662,0.186371,0.813551,0.345816,0.538357,0.637081,0.750885,0.788838,0.756346,0.604883,0.538346,0,0,0,0,0,0,0,0,0,0,0,0,0,0,0.401003,0.402131,0.538964,0.363952,0.344279,0.432098,0.607957,0.385761
0.474579,0.475673,0.482239,0.737263,0.324345,0.693668,0.190982,0.808112,0.35348,0.535643,0.64321,0.759061,0.791918,0.783579,0.629414,0.541089,0,0,0,0,0,0,0,0,0,0,0,0,0,0,0.419395,0.391222,0.560423,0.347621,0.350407,0.432076,0.627874,0.437538
0.47765,0.440254,0.489911,0.707296,0.335077,0.660972,0.206295,0.794496,0.376468,0.519276,0.644744,0.753615,0.781183,0.838071,0.650866,0.551961,0,0,0,0,0,0,0,0,0,0,0,0,0,0,0.428588,0.369429,0.522106,0.391197,0.36574,0.402107,0.638604,0.41846
0.483778,0.421186,0.491436,0.669146,0.322812,0.573781,0.217027,0.791756,0.388727,0.513803,0.649337,0.737266,0.779643,0.854423,0.655465,0.557434,0,0,0,0,0,0,0,0,0,0,0,0,0,0,0.420924,0.336717,0.551232,0.347617,0.367262,0.358522,0.632472,0.421184
0.492973,0.369407,0.488375,0.652796,0.324339,0.551983,0.227776,0.783587,0.394864,0.492042,0.638612,0.71274,0.76738,0.865326,0.643214,0.571035,0,0,0,0,0,0,0,0,0,0,0,0,0,0,0.425516,0.314888,0.557367,0.328555,0.374919,0.317641,0.640139,0.423909
0.485311,0.361227,0.489906,0.617373,0.325878,0.549243,0.233894,0.775412,0.391793,0.470246,0.644744,0.669139,0.762786,0.862598,0.627876,0.565589,0,0,0,0,0,0,0,0,0,0,0,0,0,0,0.454638,0.298564,0.588023,0.312204,0.371865,0.268578,0.643209,0.393944
0.482238,0.312187,0.482244,0.614648,0.325878,0.551968,0.244641,0.769968,0.390268,0.434794,0.626341,0.663696,0.762774,0.835343,0.607933,0.524729,0,0,0,0,0,0,0,0,0,0,0,0,0,0,0.459225,0.225009,0.569612,0.284983,0.376476,0.252246,0.624809,0.366689
0,0,0,0,0,0,0,0,0,0,0.634011,0.64189,0.759723,0.753622,0.583423,0.464767,0,0,0,0,0,0,0,0,0,0,0,0,0,0,0,0,0.571153,0.263143,0,0,0.62942,0.344902
0.479181,0.293121,0.483779,0.5983,0.339673,0.568324,0.258424,0.756345,0.362679,0.363968,0.630942,0.644626,0.753582,0.723653,0.580347,0.448428,0,0,0,0,0,0,0,0,0,0,0,0,0,0,0.43166,0.230446,0.571172,0.282202,0.390256,0.252248,0.634003,0.35033
0.486833,0.276774,0.485306,0.601021,0.339674,0.568322,0.253821,0.764509,0.355003,0.366678,0.637074,0.63917,0.74898,0.704567,0.561955,0.434823,0,0,0,0,0,0,0,0,0,0,0,0,0,0,0.439317,0.23044,0.561959,0.284949,0.38413,0.254984,0.635535,0.347609
0.4899,0.32036,0.488376,0.590123,0.345808,0.565595,0.249218,0.761803,0.353473,0.366697,0.640144,0.644616,0.747447,0.696393,0.557365,0.423903,0,0,0,0,0,0,0,0,0,0,0,0,0,0,0.451579,0.24678,0.558892,0.279488,0.388721,0.230456,0.635545,0.344897
0.503704,0.339437,0.491437,0.557424,0.347338,0.530183,0.246167,0.767234,0.353467,0.37758,0.638611,0.584677,0.75052,0.701838,0.557355,0.432079,0,0,0,0,0,0,0,0,0,0,0,0,0,0,0.453113,0.254981,0.557381,0.274082,0.379539,0.257697,0.638616,0.34215
0.497572,0.312203,0.506767,0.590121,0.35807,0.571057,0.247691,0.761785,0.368799,0.383053,0.657007,0.620104,0.770451,0.759076,0.572694,0.481148,0,0,0,0,0,0,0,0,0,0,0,0,0,0,0.456179,0.252229,0.563499,0.271353,0.393333,0.263142,0.656996,0.328543
0.503707,0.314947,0.523625,0.581961,0.368799,0.541082,0.250751,0.761779,0.374921,0.391228,0.673867,0.630988,0.804175,0.805369,0.601819,0.532892,0,0,0,0,0,0,0,0,0,0,0,0,0,0,0.466913,0.249547,0.584948,0.265882,0.402528,0.2686,0.660058,0.333971
0.508291,0.336699,0.534365,0.606466,0.368799,0.573783,0.244633,0.764499,0.376464,0.404832,0.710659,0.614656,0.830225,0.881672,0.653946,0.641899,0,0,0,0,0,0,0,0,0,0,0,0,0,0,0.474574,0.238632,0.580342,0.25771,0.402526,0.271328,0.66468,0.323099
0.523618,0.32582,0.534366,0.601023,0.362672,0.562879,0.246156,0.780865,0.391799,0.453878,0.716788,0.625548,0.83943,0.878955,0.69533,0.76178,0,0,0,0,0,0,0,0,0,0,0,0,0,0,0.480707,0.238647,0.59107,0.252262,0.408653,0.233186,0.673875,0.312172
0.575753,0.31763,0.546635,0.571032,0.376469,0.492033,0.250757,0.813553,0.423986,0.551963,0.713724,0.614648,0.854767,0.941626,0.719857,0.892582,0,0,0,0,0,0,0,0,0,0,0,0,0,0,0.519048,0.230423,0.633998,0.25225,0.428603,0.24955,0.706084,0.328557
0.57731,0.312186,0.555833,0.571038,0.379528,0.489311,0.256901,0.813539,0.42706,0.592846,0.733647,0.620103,0.859367,0.949797,0.736719,0.889855,0,0,0,0,0,0,0,0,0,0,0,0,0,0,0.525157,0.22497,0.643184,0.249485,0.43625,0.24135,0.71068,0.314959
0.580344,0.309447,0.558901,0.568319,0.387195,0.48113,0.26457,0.819014,0.434729,0.609178,0.727522,0.620095,0.86549,0.944358,0.753587,0.895303,0,0,0,0,0,0,0,0,0,0,0,0,0,0,0.528215,0.222259,0.644719,0.246788,0.442401,0.235919,0.71678,0.314907
0.584941,0.309452,0.571159,0.562876,0.396391,0.48114,0.272225,0.821722,0.445464,0.620115,0.738251,0.620099,0.874687,0.957974,0.755114,0.887129,0,0,0,0,0,0,0,0,0,0,0,0,0,0,0.531285,0.219558,0.647806,0.244069,0.445459,0.233163,0.721396,0.317623
0.591067,0.309499,0.578817,0.568317,0.400992,0.486594,0.275283,0.829918,0.454656,0.639186,0.739788,0.622819,0.883883,0.966145,0.762788,0.889861,0,0,0,0,0,0,0,0,0,0,0,0,0,0,0.535891,0.222291,0.65393,0.249479,0.448532,0.233204,0.729063,0.314953
0.600275,0.325826,0.591091,0.579217,0.413254,0.494751,0.284489,0.846249,0.460799,0.658247,0.770447,0.639174,0.888493,0.938899,0.781174,0.928004,0,0,0,0,0,0,0,0,0,0,0,0,0,0,0.546642,0.23321,0.666209,0.257734,0.460789,0.2468,0.738259,0.339432
0.606401,0.336719,0.597212,0.584677,0.416321,0.505658,0.290612,0.846246,0.468455,0.666394,0.782709,0.655515,0.893091,0.938906,0.778106,0.927992,0,0,0,0,0,0,0,0,0,0,0,0,0,0,0.555833,0.246808,0.673859,0.27132,0.462336,0.25226,0.744373,0.344873
0.606417,0.339405,0.598745,0.584671,0.414796,0.508375,0.290623,0.846277,0.468438,0.660984,0.778117,0.655518,0.88236,0.996121,0.765847,0.941632,0,0,0,0,0,0,0,0,0,0,0,0,0,0,0.555826,0.249552,0.673876,0.276759,0.463867,0.252254,0.744378,0.344896
0.604888,0.339455,0.597219,0.587401,0.413262,0.51384,0.289087,0.848987,0.462329,0.660963,0.778114,0.658244,0.885419,0.996121,0.758186,0.993395,0,0,0,0,0,0,0,0,0,0,0,0,0,0,0.554301,0.252217,0.670822,0.276799,0.463856,0.274007,0.742859,0.353041
0.604889,0.342143,0.600283,0.598298,0.414793,0.519286,0.286015,0.857167,0.459263,0.666403,0.782708,0.663698,0.882359,0.996121,0.764315,0.994761,0,0,0,0,0,0,0,0,0,0,0,0,0,0,0.555803,0.252249,0.67233,0.28219,0.463867,0.27406,0.744382,0.350349
0.604875,0.342141,0.595686,0.587407,0.41479,0.52201,0.273761,0.862607,0.443921,0.696405,0.782712,0.652799,0.88236,0.994762,0,0,0,0,0,0,0,0,0,0,0,0,0,0,0,0,0.552753,0.252191,0.672349,0.276794,0.463852,0.268594,0.745909,0.344888
0.604864,0.339446,0.592622,0.584672,0.411723,0.522005,0.270697,0.868053,0.437795,0.707305,0.781181,0.647349,0.874691,0.99476,0,0,0,0,0,0,0,0,0,0,0,0,0,0,0,0,0.549707,0.249503,0.672342,0.274062,0.462326,0.260417,0.745929,0.342191
0.604867,0.336723,0.591085,0.581939,0.411722,0.519279,0.27375,0.865328,0.43013,0.731797,0.775051,0.63917,0.885426,0.99612,0,0,0,0,0,0,0,0,0,0,0,0,0,0,0,0,0.551232,0.246795,0.673857,0.271293,0.462333,0.25499,0.747455,0.344903
0.606419,0.336706,0.595692,0.579238,0.413258,0.51928,0.272223,0.862606,0.427055,0.745445,0.782709,0.636446,0.891554,0.994758,0,0,0,0,0,0,0,0,0,0,0,0,0,0,0,0,0.555808,0.244072,0.676948,0.26589,0.468434,0.252233,0.753587,0.342144
0.607966,0.336698,0.600285,0.579228,0.414792,0.519283,0.275284,0.865329,0.428584,0.759039,0.787308,0.62828,0.900749,0.982499,0,0,0,0,0,0,0,0,0,0,0,0,0,0,0,0,0.557367,0.244058,0.680011,0.265868,0.469983,0.252277,0.756666,0.339433
0.615614,0.336675,0.604875,0.584669,0.41633,0.519278,0.270693,0.873507,0.431656,0.759075,0.790373,0.63645,0.902284,0.994756,0,0,0,0,0,0,0,0,0,0,0,0,0,0,0,0,0.560448,0.235895,0.687664,0.26045,0.473067,0.246792,0.765847,0.342153
0.620212,0.334008,0.607939,0.581954,0.42092,0.519287,0.272229,0.876226,0.43779,0.761776,0.798043,0.636442,0.906883,0.974324,0,0,0,0,0,0,0,0,0,0,0,0,0,0,0,0,0.568096,0.233209,0.69228,0.263124,0.476131,0.249509,0.768929,0.342198
0.624829,0.333995,0.606419,0.579232,0.422453,0.519282,0.273762,0.876207,0.433186,0.778132,0.801107,0.633721,0.90688,0.987945,0,0,0,0,0,0,0,0,0,0,0,0,0,0,0,0,0.571165,0.230481,0.695321,0.257712,0.47918,0.246788,0.776575,0.344877
0.626359,0.331288,0.609491,0.587389,0.422458,0.519286,0.275287,0.881669,0.430129,0.789035,0.810306,0.64735,0.908417,0.993393,0,0,0,0,0,0,0,0,0,0,0,0,0,0,0,0,0.572684,0.230437,0.698397,0.257697,0.480722,0.241367,0.779647,0.339408
0.627862,0.331275,0.611011,0.587399,0.422461,0.522008,0.275285,0.88439,0.430115,0.799926,0.811835,0.644626,0.913013,0.993393,0,0,0,0,0,0,0,0,0,0,0,0,0,0,0,0,0.572684,0.227747,0.701475,0.25768,0.482245,0.233172,0.779664,0.339465
0.624797,0.328561,0.607957,0.595567,0.417857,0.522001,0.267626,0.895305,0.423991,0.808095,0.810302,0.65007,0.913015,0.994759,0,0,0,0,0,0,0,0,0,0,0,0,0,0,0,0,0.568092,0.227679,0.695346,0.254965,0.477641,0.238651,0.779629,0.328556
0.621737,0.333968,0.607941,0.595578,0.411726,0.530174,0.261487,0.895305,0.419395,0.813543,0.813369,0.655516,0.91302,0.996121,0,0,0,0,0,0,0,0,0,0,0,0,0,0,0,0,0.561974,0.227679,0.693818,0.255017,0.474589,0.24954,0.778126,0.333989
