0.467577,0.311311,0.531915,0.842658,0.352696,0.993884,0,0,0,0,0.73717,0.594702,0.992975,0.758191,0.827547,0.398515,0,0,0,0,0,0,0,0,0,0,0,0,0,0,0.363417,0.314048,0.49974,0.240479,0.245466,0.583804,0,0
0.48749,0.303133,0.533443,0.839935,0.352698,0.993884,0,0,0,0,0.727981,0.619224,0.966933,0.755466,0.829077,0.412138,0,0,0,0,0,0,0,0,0,0,0,0,0,0,0.375685,0.308575,0.519655,0.240475,0.250065,0.578338,0,0
0.513529,0.29496,0.522723,0.848104,0.354229,0.993887,0,0,0,0,0.721853,0.621947,0.939364,0.782711,0.827544,0.433937,0,0,0,0,0,0,0,0,0,0,0,0,0,0,0.401721,0.284063,0.538042,0.23502,0.257722,0.551088,0,0
0.527324,0.286826,0.507405,0.850832,0.357292,0.993885,0,0,0,0,0.715724,0.64375,0.931702,0.760913,0.803035,0.423041,0,0,0,0,0,0,0,0,0,0,0,0,0,0,0.424693,0.262271,0.536514,0.218681,0.260782,0.526603,0,0
0.557958,0.28136,0.490557,0.774535,0.349635,0.987073,0,0,0,0,0.705004,0.608326,0.931702,0.763639,0.767803,0.384893,0,0,0,0,0,0,0,0,0,0,0,0,0,0,0.473708,0.248673,0.548762,0.202342,0.280708,0.48025,0,0
0.565615,0.281362,0.542635,0.799057,0.36495,0.992522,0,0,0,0,0.717257,0.611049,0.930171,0.760913,0.757084,0.390341,0,0,0,0,0,0,0,0,0,0,0,0,0,0,0.485956,0.245925,0.562545,0.213229,0.29448,0.45571,0,0
0.594714,0.286816,0.516597,0.84266,0.36495,0.993885,0,0,0,0,0.701939,0.651919,0.933235,0.760914,0.758613,0.379441,0,0,0,0,0,0,0,0,0,0,0,0,0,0,0.518131,0.237753,0.593183,0.22413,0.311344,0.406709,0,0
0.603905,0.286787,0.499748,0.853557,0.311302,0.523858,0,0,0,0,0.694281,0.6492,0.933234,0.769091,0.76321,0.393065,0,0,0,0,0,0,0,0,0,0,0,0,0,0,0.527318,0.22957,0.599313,0.207775,0.317465,0.40122,0,0
0.602384,0.286786,0.499745,0.859009,0.361888,0.992523,0,0,0,0,0.674369,0.68462,0.922513,0.758189,0.741765,0.406688,0,0,0,0,0,0,0,0,0,0,0,0,0,0,0.527312,0.229589,0.600846,0.213236,0.320531,0.401254,0,0
0.600846,0.29225,0.49515,0.842659,0,0,0,0,0,0,0.680496,0.641025,0.91945,0.771812,0.752488,0.428486,0,0,0,0,0,0,0,0,0,0,0,0,0,0,0.519658,0.232298,0.596246,0.210497,0.312879,0.41488,0,0
0.577882,0.297705,0.49515,0.850829,0.352697,0.993887,0,0,0,0,0.662114,0.668269,0.902601,0.75819,0.74483,0.433938,0,0,0,0,0,0,0,0,0,0,0,0,0,0,0.50434,0.254094,0.57939,0.256804,0.302147,0.439387,0,0
0.577874,0.303146,0.490557,0.864452,0.364947,0.64375,0,0,0,0,0.66671,0.706416,0.89341,0.711866,0.712662,0.409417,0,0,0,0,0,0,0,0,0,0,0,0,0,0,0.50127,0.25409,0.573269,0.229582,0.297548,0.455755,0,0
0.565609,0.300434,0.499747,0.85356,0.300576,0.638275,0.364935,0.758215,0,0,0.674368,0.660095,0.891878,0.668276,0.723384,0.431207,0,0,0,0,0,0,0,0,0,0,0,0,0,0,0.481362,0.256839,0.562547,0.245912,0.294477,0.474803,0,0
0.561027,0.300412,0.496685,0.850831,0.357291,0.992521,0,0,0,0,0.665177,0.657375,0.891876,0.681895,0.720319,0.431215,0,0,0,0,0,0,0,0,0,0,0,0,0,0,0.478306,0.259542,0.55795,0.243211,0.29296,0.482985,0,0
0.55796,0.308595,0.496684,0.86173,0.354231,0.993888,0,0,0,0,0.669772,0.668269,0.888814,0.668276,0.717259,0.43939,0,0,0,0,0,0,0,0,0,0,0,0,0,0,0.47677,0.27045,0.553358,0.248655,0.291435,0.491177,0,0
0.556423,0.311302,0.504341,0.853556,0.360356,0.993888,0,0,0,0,0.672836,0.657377,0.89341,0.668266,0.718791,0.444837,0,0,0,0,0,0,0,0,0,0,0,0,0,0,0.476762,0.275892,0.548763,0.243212,0.29295,0.496609,0,0
0.550303,0.308599,0.501279,0.861729,0.355762,0.993889,0,0,0,0,0.669772,0.670992,0.89494,0.662822,0.698876,0.425767,0,0,0,0,0,0,0,0,0,0,0,0,0,0,0.475229,0.284077,0.541098,0.248646,0.292959,0.518423,0,0
0.542652,0.314028,0.495153,0.861735,0.354229,0.993888,0,0,0,0,0.668241,0.670992,0.891878,0.662821,0.70347,0.433938,0,0,0,0,0,0,0,0,0,0,0,0,0,0,0.472168,0.289553,0.542635,0.254092,0.288369,0.526569,0,0
0.528857,0.311317,0.498216,0.869902,0.364952,0.993888,0,0,0,0,0.649861,0.69007,0.88575,0.649199,0.671306,0.406688,0,0,0,0,0,0,0,0,0,0,0,0,0,0,0.449203,0.300406,0.522723,0.245919,0.277637,0.562005,0,0
0.519665,0.314042,0.507405,0.867184,0.374141,0.993887,0,0,0,0,0.659049,0.662822,0.882686,0.608326,0.66058,0.414864,0,0,0,0,0,0,0,0,0,0,0,0,0,0,0.439997,0.311327,0.508935,0.245911,0.273035,0.583804,0,0
0.487496,0.335839,0.501279,0.867179,0,0,0,0,0,0,0.655986,0.651919,0.873498,0.567456,0.652925,0.387618,0,0,0,0,0,0,0,0,0,0,0,0,0,0,0.404775,0.338544,0.476777,0.251395,0.257729,0.632863,0,0
0.492091,0.333122,0.489025,0.869907,0,0,0,0,0,0,0.648329,0.657373,0.862778,0.564724,0.654455,0.414869,0,0,0,0,0,0,0,0,0,0,0,0,0,0,0.395581,0.346737,0.475238,0.25138,0.254656,0.660108,0,0
0.473701,0.344026,0.48443,0.883529,0,0,0,0,0,0,0.642201,0.681894,0.839798,0.532038,0.626884,0.409414,0,0,0,0,0,0,0,0,0,0,0,0,0,0,0.360359,0.37944,0.452265,0.259543,0.242395,0.681897,0,0
0.476769,0.341301,0.482896,0.875355,0,0,0,0,0,0,0.629946,0.673722,0.835202,0.532034,0.608503,0.390339,0,0,0,0,0,0,0,0,0,0,0,0,0,0,0.349637,0.387625,0.447667,0.270447,0.239349,0.69279,0,0
0.467582,0.346735,0.482894,0.883527,0,0,0,0,0,0,0.640669,0.676445,0.832139,0.526581,0.600846,0.412142,0,0,0,0,0,0,0,0,0,0,0,0,0,0,0.348108,0.398508,0.444603,0.273177,0.240872,0.698232,0,0
0.470647,0.344019,0.484426,0.867181,0,0,0,0,0,0,0.639138,0.657372,0.830611,0.521129,0.605439,0.398517,0,0,0,0,0,0,0,0,0,0,0,0,0,0,0.349634,0.398505,0.446132,0.281353,0.24087,0.698234,0,0
0.462982,0.346732,0.485958,0.859005,0,0,0,0,0,0,0.634542,0.6492,0.847455,0.485714,0.6085,0.387621,0,0,0,0,0,0,0,0,0,0,0,0,0,0,0.358818,0.395791,0.444599,0.275895,0.239345,0.700954,0,0
0.446133,0.354914,0.487493,0.861734,0,0,0,0,0,0,0.645264,0.635575,0.844391,0.469359,0.603908,0.384901,0,0,0,0,0,0,0,0,0,0,0,0,0,0,0.355765,0.393075,0.443065,0.281347,0.240876,0.714581,0,0
0.458389,0.341299,0.490554,0.869902,0,0,0,0,0,0,0.643731,0.651925,0.835202,0.442115,0.577868,0.371262,0,0,0,0,0,0,0,0,0,0,0,0,0,0,0.345046,0.428488,0.427757,0.270443,0.245482,0.744563,0,0
0.455328,0.341288,0.498213,0.864459,0,0,0,0,0,0,0.642201,0.643749,0.829074,0.436665,0.564079,0.360364,0,0,0,0,0,0,0,0,0,0,0,0,0,0,0.349633,0.428479,0.42469,0.278628,0.243954,0.760899,0,0
0.433879,0.382165,0.498216,0.81541,0.394055,0.995248,0,0,0,0,0.622287,0.611049,0.829074,0.409416,0.562547,0.382167,0,0,0,0,0,0,0,0,0,0,0,0,0,0,0.34044,0.463908,0.413965,0.303151,0.247001,0.793607,0,0
0.44307,0.354921,0.490556,0.850829,0.375674,0.987073,0,0,0,0,0.634543,0.649198,0.819886,0.425761,0.550295,0.379433,0,0,0,0,0,0,0,0,0,0,0,0,0,0,0.334315,0.480261,0.410904,0.305881,0.243937,0.804519,0,0
0.426221,0.409418,0.495153,0.864455,0.374141,0.992521,0,0,0,0,0.633011,0.649193,0.82754,0.428489,0.551824,0.379438,0,0,0,0,0,0,0,0,0,0,0,0,0,0,0.335846,0.477523,0.412436,0.324949,0.243937,0.801767,0,0
0.427755,0.428482,0.498216,0.883531,0,0,0,0,0,0,0.639137,0.651918,0.821416,0.412144,0.565613,0.390348,0,0,0,0,0,0,0,0,0,0,0,0,0,0,0.340439,0.477524,0.420088,0.344025,0.251595,0.815421,0,0
0.43694,0.436663,0.501278,0.89443,0,0,0,0,0,0,0.620756,0.657374,0.81682,0.390346,0.542636,0.40669,0,0,0,0,0,0,0,0,0,0,0,0,0,0,0.334319,0.496611,0.42162,0.344034,0.251595,0.831748,0,0
0.420095,0.436668,0.501276,0.856281,0,0,0,0,0,0,0.625352,0.654642,0.80763,0.384896,0.530382,0.376716,0,0,0,0,0,0,0,0,0,0,0,0,0,0,0.312876,0.515677,0.400183,0.346738,0.24241,0.829026,0,0
0.401717,0.474808,0.482896,0.869906,0.338909,0.957102,0,0,0,0,0.633009,0.651919,0.781592,0.414864,0.542638,0.349474,0,0,0,0,0,0,0,0,0,0,0,0,0,0,0.317463,0.485702,0.409372,0.354921,0.239344,0.79904,0,0
0.420093,0.444838,0.482898,0.842658,0.335849,0.987073,0,0,0,0,0.626882,0.570179,0.856648,0.444835,0.611565,0.346743,0,0,0,0,0,0,0,0,0,0,0,0,0,0,0.323583,0.482969,0.418563,0.352189,0.242396,0.788178,0,0
0.421623,0.439393,0.449198,0.807236,0.340441,0.989797,0,0,0,0,0.597781,0.57835,0.891877,0.453006,0.648329,0.363091,0,0,0,0,0,0,0,0,0,0,0,0,0,0,0.325113,0.480256,0.415501,0.344022,0.2424,0.788137,0,0
0.412442,0.436678,0.462984,0.861731,0.332783,0.992521,0,0,0,0,0.571739,0.635572,0.81529,0.450283,0.654455,0.360365,0,0,0,0,0,0,0,0,0,0,0,0,0,0,0.326666,0.477549,0.41243,0.346754,0.242405,0.785457,0,0
0.410909,0.45574,0.426225,0.799063,0.322063,0.987074,0,0,0,0,0.580929,0.608324,0.819887,0.453013,0.652921,0.357644,0,0,0,0,0,0,0,0,0,0,0,0,0,0,0.326652,0.480254,0.40937,0.360369,0.240883,0.785458,0,0
0.397124,0.480256,0.415499,0.771812,0.317462,0.957099,0.427753,0.891708,0.548757,0.444838,0,0,0,0,0,0,0,0,0,0,0,0,0,0,0,0,0,0,0,0,0.320531,0.485693,0.394065,0.376714,0.239347,0.785422,0,0
0.395588,0.469356,0.387926,0.788154,0.308278,0.94621,0.421629,0.853558,0.550286,0.414872,0,0,0,0,0,0,0,0,0,0,0,0,0,0,0,0,0,0,0,0,0.320534,0.491154,0.381802,0.395806,0.239341,0.785435,0,0
0.397123,0.466633,0.392523,0.788166,0.314401,0.946197,0.420096,0.897157,0.556418,0.431205,0,0,0,0,0,0,0,0,0,0,0,0,0,0,0,0,0,0,0,0,0.325115,0.488424,0.39405,0.390329,0.239344,0.785433,0,0
0.397117,0.482981,0.404778,0.793615,0.314402,0.948924,0.421624,0.850827,0.55949,0.433927,0,0,0,0,0,0,0,0,0,0,0,0,0,0,0,0,0,0,0,0,0.32053,0.491179,0.397116,0.39579,0.239351,0.788184,0,0
0.400184,0.474808,0.429286,0.782713,0.318999,0.946197,0.369544,0.993884,0.554892,0.439393,0,0,0,0,0,0,0,0,0,0,0,0,0,0,0,0,0,0,0,0,0.318996,0.504785,0.397117,0.393061,0.239351,0.790877,0,0
0.380268,0.534764,0.429285,0.989796,0.297552,0.992521,0.366483,0.880806,0.421628,0.482984,0.614629,0.673719,0.749421,0.43394,0.481361,0.324958,0,0,0,0,0,0,0,0,0,0,0,0,0,0,0.286839,0.559291,0.371079,0.425754,0.21483,0.815422,0,0
0.374149,0.556559,0.44307,0.897154,0,0,0,0,0,0,0.620757,0.654645,0.7387,0.423038,0.478312,0.314049,0,0,0,0,0,0,0,0,0,0,0,0,0,0,0.279173,0.567441,0.371079,0.420312,0.214837,0.818149,0,0
0.372608,0.540203,0.45992,0.872633,0.29755,0.989798,0.368013,0.932575,0.420092,0.512958,0.616162,0.646472,0.754017,0.436661,0.487489,0.341304,0,0,0,0,0,0,0,0,0,0,0,0,0,0,0.27918,0.567465,0.369548,0.423034,0.217909,0.823579,0,0
0.377209,0.53203,0.458389,0.875355,0.29296,0.978898,0,0,0,0,0.622289,0.62195,0.754021,0.439383,0.489024,0.344012,0,0,0,0,0,0,0,0,0,0,0,0,0,0,0.274575,0.572921,0.372615,0.401243,0.220968,0.837201,0,0
0.378738,0.534753,0.455325,0.875357,0,0,0,0,0,0,0.620755,0.6274,0.757087,0.436663,0.481362,0.344012,0,0,0,0,0,0,0,0,0,0,0,0,0,0,0.273041,0.575595,0.372619,0.398519,0.217907,0.837196,0,0
0.390989,0.526589,0.464515,0.902603,0,0,0,0,0,0,0.622287,0.673722,0.75861,0.439379,0.493616,0.374005,0,0,0,0,0,0,0,0,0,0,0,0,0,0,0.268449,0.575659,0.374142,0.393068,0.222508,0.845365,0,0
0.374146,0.523856,0.475237,0.897154,0,0,0,0,0,0,0.640669,0.670993,0.758612,0.450283,0.493618,0.439389,0,0,0,0,0,0,0,0,0,0,0,0,0,0,0.26692,0.575659,0.369539,0.393067,0.220955,0.842641,0.418559,0.330398
0.349629,0.532023,0.478302,0.978897,0,0,0,0,0,0,0.64986,0.706417,0.754017,0.44483,0.495149,0.442108,0,0,0,0,0,0,0,0,0,0,0,0,0,0,0.259266,0.578384,0.355759,0.409415,0.214826,0.837211,0.42316,0.357639
0.346565,0.534749,0.481365,0.924401,0,0,0,0,0,0,0.639136,0.692792,0.732577,0.447563,0.473707,0.469359,0,0,0,0,0,0,0,0,0,0,0,0,0,0,0.256188,0.581056,0.36342,0.414862,0.211774,0.829039,0.427751,0.390336
0.343502,0.548391,0.438477,0.946201,0,0,0,0,0,0,0.646794,0.747292,0.727979,0.461189,0.438476,0.455734,0,0,0,0,0,0,0,0,0,0,0,0,0,0,0.253141,0.583812,0.355759,0.431221,0.205656,0.831749,0.415505,0.40125
0.352699,0.553843,0.456855,0.908054,0,0,0,0,0,0,0.648329,0.755463,0.747894,0.463919,0.47677,0.474815,0,0,0,0,0,0,0,0,0,0,0,0,0,0,0.254668,0.589238,0.361899,0.43119,0.205659,0.831743,0.423156,0.401239
0.349632,0.548364,0.464515,0.951654,0,0,0,0,0,0,0.652922,0.76909,0.755545,0.493889,0.447668,0.510231,0,0,0,0,0,0,0,0,0,0,0,0,0,0,0.253147,0.589265,0.363416,0.43123,0.204103,0.842666,0.426211,0.409415
0.349636,0.548376,0.456855,0.908052,0,0,0,0,0,0,0.652923,0.77454,0.769333,0.537476,0.499748,0.49661,0,0,0,0,0,0,0,0,0,0,0,0,0,0,0.256195,0.589263,0.374138,0.433959,0.202574,0.845389,0.443072,0.409422
0.355765,0.545659,0.456859,0.894423,0,0,0,0,0,0,0.643731,0.758187,0.769337,0.559281,0.504342,0.510233,0,0,0,0,0,0,0,0,0,0,0,0,0,0,0.259242,0.586526,0.381793,0.444819,0.202578,0.84539,0.447657,0.4067
0.368013,0.551102,0.461451,0.899882,0,0,0,0,0,0,0.620757,0.736389,0.775468,0.564718,0.504342,0.518411,0,0,0,0,0,0,0,0,0,0,0,0,0,0,0.263865,0.578393,0.392514,0.444852,0.20411,0.842633,0.450722,0.406702
0.374137,0.556549,0.467579,0.927124,0,0,0,0,0,0,0.652922,0.750016,0.775465,0.564734,0.515063,0.526578,0,0,0,0,0,0,0,0,0,0,0,0,0,0,0.269985,0.5784,0.395585,0.450284,0.202595,0.839937,0.453786,0.42575
0.377208,0.559274,0.472173,0.932576,0,0,0,0,0,0,0.657518,0.744565,0.775457,0.570173,0.516596,0.532033,0,0,0,0,0,0,0,0,0,0,0,0,0,0,0.274577,0.591953,0.395593,0.455729,0.207176,0.842683,0.452259,0.412134
0.380268,0.559282,0.472174,0.959824,0,0,0,0,0,0,0.663644,0.760912,0.77393,0.572914,0.518127,0.537473,0,0,0,0,0,0,0,0,0,0,0,0,0,0,0.274596,0.591965,0.397119,0.458453,0.205648,0.845387,0.456854,0.431211
0.371088,0.570179,0.449196,0.965274,0,0,0,0,0,0,0.636073,0.774536,0.766271,0.591972,0.518127,0.540207,0,0,0,0,0,0,0,0,0,0,0,0,0,0,0.274585,0.602846,0.389451,0.472071,0.205657,0.856292,0.441541,0.453008
0.375673,0.572883,0.446136,0.970723,0,0,0,0,0,0,0.646797,0.782712,0.763208,0.600152,0.513533,0.548372,0,0,0,0,0,0,0,0,0,0,0,0,0,0,0.273023,0.608294,0.387925,0.472087,0.201041,0.853565,0,0
0.37262,0.570187,0.452265,0.993888,0,0,0,0,0,0,0.646794,0.771815,0.757082,0.594707,0.499749,0.53475,0,0,0,0,0,0,0,0,0,0,0,0,0,0,0.273027,0.611019,0.380276,0.474819,0.201048,0.864441,0,0
0.37261,0.567468,0.444603,0.992521,0,0,0,0,0,0,0.61463,0.75819,0.75861,0.600146,0.510467,0.53203,0,0,0,0,0,0,0,0,0,0,0,0,0,0,0.274582,0.600159,0.387923,0.469353,0.199527,0.861717,0,0
0.389462,0.542926,0.450728,0.959823,0,0,0,0,0,0,0.645263,0.769085,0.760152,0.58653,0.498216,0.521136,0,0,0,0,0,0,0,0,0,0,0,0,0,0,0.291416,0.570187,0.392521,0.455747,0.204112,0.848127,0,0
0.380271,0.52932,0.444603,0.993884,0,0,0,0,0,0,0.646796,0.771815,0.758613,0.5838,0.522726,0.512951,0,0,0,0,0,0,0,0,0,0,0,0,0,0,0.2945,0.559269,0.395579,0.444844,0.207176,0.845349,0,0
0.383335,0.537483,0.470642,0.993887,0,0,0,0,0,0,0.636074,0.790884,0.749424,0.575628,0.513532,0.491159,0,0,0,0,0,0,0,0,0,0,0,0,0,0,0.306744,0.542926,0.392522,0.452999,0.208696,0.829036,0,0
0.395581,0.521136,0.470642,0.993885,0,0,0,0,0,0,0.628415,0.804511,0.750957,0.567447,0.519659,0.463907,0,0,0,0,0,0,0,0,0,0,0,0,0,0,0.315943,0.523855,0.395595,0.439406,0.210235,0.815431,0,0
0.418563,0.521117,0.440006,0.993885,0,0,0,0,0,0,0.594716,0.779985,0.735638,0.562008,0.502811,0.450283,0,0,0,0,0,0,0,0,0,0,0,0,0,0,0.329714,0.52385,0.41397,0.43939,0.214829,0.804494,0,0
0.417031,0.510235,0.435412,0.993887,0,0,0,0,0,0,0.602375,0.790887,0.749423,0.559279,0.527319,0.453014,0,0,0,0,0,0,0,0,0,0,0,0,0,0,0.341975,0.512964,0.40784,0.436667,0.219442,0.790915,0,0
0.439998,0.485704,0.441539,0.993884,0,0,0,0,0,0,0.622287,0.763643,0.758614,0.561998,0.528849,0.40669,0,0,0,0,0,0,0,0,0,0,0,0,0,0,0.358814,0.491187,0.421625,0.428476,0.225549,0.771813,0,0
0.443071,0.482986,0.438474,0.993885,0,0,0,0,0,0,0.611566,0.771814,0.757085,0.562003,0.530383,0.403967,0,0,0,0,0,0,0,0,0,0,0,0,0,0,0.361893,0.488461,0.426217,0.414863,0.227084,0.763611,0,0
0.452261,0.477532,0.432349,0.993886,0,0,0,0,0,0,0.613097,0.769086,0.757083,0.570175,0.539575,0.420307,0,0,0,0,0,0,0,0,0,0,0,0,0,0,0.374149,0.480266,0.435413,0.403956,0.233224,0.75002,0,0
0.456852,0.472101,0.443073,0.959825,0,0,0,0,0,0,0.626884,0.769086,0.754022,0.570183,0.538038,0.409418,0,0,0,0,0,0,0,0,0,0,0,0,0,0,0.378742,0.472086,0.443071,0.401248,0.236282,0.744554,0,0
0.464522,0.472075,0.424689,0.943477,0.296023,0.981625,0,0,0,0,0.597779,0.779988,0.744831,0.578351,0.539571,0.395795,0,0,0,0,0,0,0,0,0,0,0,0,0,0,0.392517,0.463898,0.446137,0.398509,0.240885,0.709128,0,0
0.472177,0.466631,0.420097,0.965273,0,0,0,0,0,0,0.596247,0.80451,0.735641,0.591974,0.541101,0.382169,0,0,0,0,0,0,0,0,0,0,0,0,0,0,0.397126,0.461165,0.452262,0.39308,0.242423,0.695518,0,0
0.476787,0.469374,0.424689,0.984346,0.274578,0.993884,0,0,0,0,0.603908,0.769087,0.721853,0.578357,0.545699,0.376723,0,0,0,0,0,0,0,0,0,0,0,0,0,0,0.41089,0.450299,0.459914,0.406698,0.251599,0.671004,0,0
0.479839,0.46935,0.432346,0.938028,0.277639,0.976175,0,0,0,0,0.608502,0.766365,0.720321,0.570182,0.542634,0.373999,0,0,0,0,0,0,0,0,0,0,0,0,0,0,0.412435,0.450287,0.461453,0.403972,0.257735,0.665505,0,0
0.475228,0.469372,0.426221,0.935298,0.30215,0.973454,0,0,0,0,0.583995,0.766363,0.714198,0.572894,0.538043,0.365816,0,0,0,0,0,0,0,0,0,0,0,0,0,0,0.418572,0.45299,0.456852,0.417568,0.26845,0.662795,0,0
0.473695,0.477515,0.430819,0.905331,0.300615,0.978901,0,0,0,0,0.593182,0.755464,0.7096,0.562,0.530382,0.37127,0,0,0,0,0,0,0,0,0,0,0,0,0,0,0.415493,0.452991,0.449211,0.41757,0.268448,0.662847,0,0
0.455331,0.488392,0.435411,0.880802,0.318998,0.993884,0,0,0,0,0.551826,0.752733,0.686625,0.534751,0.510466,0.373992,0,0,0,0,0,0,0,0,0,0,0,0,0,0,0.401722,0.458475,0.435411,0.403978,0.27305,0.671022,0,0
0.444615,0.488451,0.436945,0.867186,0.318998,0.992521,0.338913,0.995248,0.368016,0.69825,0.551826,0.736392,0.671303,0.5293,0.496687,0.387609,0,0,0,0,0,0,0,0,0,0,0,0,0,0,0.392528,0.469369,0.42469,0.423042,0.274575,0.681893,0,0
0.432337,0.512981,0.444603,0.861726,0.323593,0.993888,0,0,0,0,0.58246,0.679168,0.652918,0.499331,0.478299,0.428484,0,0,0,0,0,0,0,0,0,0,0,0,0,0,0.37873,0.491206,0.415494,0.439391,0.277645,0.698257,0,0
0.424715,0.521104,0.464516,0.81541,0.328187,0.993887,0,0,0,0,0.588587,0.646476,0.646792,0.493885,0.473704,0.431198,0,0,0,0,0,0,0,0,0,0,0,0,0,0,0.368024,0.5102,0.410895,0.439391,0.285306,0.703677,0,0
0.420089,0.531997,0.443068,0.850836,0.318995,0.992522,0,0,0,0,0.57174,0.673716,0.631486,0.504777,0.470647,0.436667,0,0,0,0,0,0,0,0,0,0,0,0,0,0,0.363408,0.532003,0.403245,0.466637,0.289883,0.714605,0,0
0.421621,0.532028,0.447664,0.818138,0.323587,0.970733,0,0,0,0,0.570207,0.654639,0.628421,0.518397,0.473714,0.439375,0,0,0,0,0,0,0,0,0,0,0,0,0,0,0.361909,0.534774,0.403253,0.469361,0.292976,0.709144,0,0
0.423182,0.529273,0.458391,0.80179,0.335846,0.946193,0.361886,0.99525,0.387925,0.747282,0.574807,0.643743,0.623809,0.502061,0.4737,0.444834,0,0,0,0,0,0,0,0,0,0,0,0,0,0,0.369542,0.534777,0.409388,0.463886,0.306735,0.706392,0,0
0.424706,0.531983,0.464515,0.760919,0.341981,0.924404,0.371084,0.99525,0.39558,0.730943,0.576331,0.621942,0.616164,0.504778,0.475236,0.450291,0,0,0,0,0,0,0,0,0,0,0,0,0,0,0.372596,0.537462,0.410914,0.466644,0.311329,0.700979,0,0
0.432344,0.532024,0.470644,0.755462,0.363421,0.894423,0.375675,0.995249,0.403242,0.703691,0.565613,0.619228,0.616162,0.510219,0.478303,0.458443,0,0,0,0,0,0,0,0,0,0,0,0,0,0,0.378736,0.540235,0.42163,0.466625,0.323559,0.692781,0,0
0.430825,0.532045,0.469111,0.755469,0.364953,0.883538,0.374147,0.995252,0.407842,0.703698,0.564082,0.627401,0.608503,0.510236,0.478307,0.461194,0,0,0,0,0,0,0,0,0,0,0,0,0,0,0.383343,0.542922,0.423151,0.469362,0.326642,0.690096,0,0
0.432341,0.542908,0.47064,0.741835,0.369542,0.872634,0.380273,0.9898,0.420098,0.690067,0.554887,0.616509,0.608504,0.512961,0.478305,0.480245,0,0,0,0,0,0,0,0,0,0,0,0,0,0,0.377208,0.553798,0.427756,0.472083,0.335861,0.692794,0,0
0.426217,0.545644,0.467584,0.736383,0.369545,0.856287,0.384864,0.976178,0.423148,0.676451,0.551822,0.616502,0.605439,0.51566,0.482899,0.491165,0,0,0,0,0,0,0,0,0,0,0,0,0,0,0.375666,0.556576,0.424703,0.48297,0.338907,0.695483,0.438489,0.442111
0.426216,0.553792,0.467578,0.722758,0.374139,0.85354,0.395582,0.951656,0.421631,0.706408,0.539573,0.616507,0.599306,0.504775,0.475238,0.540203,0,0,0,0,0,0,0,0,0,0,0,0,0,0,0.366477,0.575593,0.423145,0.493885,0.338898,0.695537,0.441532,0.47209
0.421644,0.553872,0.455327,0.709147,0.371077,0.839946,0.395588,0.970718,0.420083,0.692804,0.536512,0.59743,0.597786,0.488454,0.475228,0.553813,0,0,0,0,0,0,0,0,0,0,0,0,0,0,0.361872,0.578378,0.421597,0.504771,0.334328,0.698261,0.444589,0.48572
0.409351,0.559318,0.45839,0.720046,0.372605,0.845374,0.394048,0.993891,0.413968,0.720027,0.538039,0.613773,0.593195,0.499331,0.464514,0.553828,0,0,0,0,0,0,0,0,0,0,0,0,0,0,0.351179,0.589244,0.407857,0.510244,0.328195,0.706387,0.436939,0.488425
0.398643,0.567428,0.456851,0.728225,0.372605,0.848107,0.395584,0.995253,0.412438,0.717323,0.539574,0.619216,0.593178,0.50479,0.462985,0.553836,0,0,0,0,0,0,0,0,0,0,0,0,0,0,0.348085,0.594668,0.403243,0.512952,0.326652,0.706372,0.433892,0.485711
0.389464,0.570175,0.450729,0.706423,0.371072,0.842665,0.390996,0.995257,0.409367,0.720053,0.53498,0.613772,0.590127,0.51293,0.466048,0.553812,0,0,0,0,0,0,0,0,0,0,0,0,0,0,0.343511,0.59468,0.398636,0.512995,0.325103,0.703688,0.435398,0.491147
0.387948,0.567468,0.446154,0.698252,0.369551,0.831766,0.384868,0.995255,0.410898,0.711886,0.527321,0.600148,0.591636,0.512922,0.469114,0.55112,0,0,0,0,0,0,0,0,0,0,0,0,0,0,0.341993,0.594687,0.397111,0.512938,0.323607,0.703707,0.43234,0.491149
0.386418,0.559282,0.447653,0.706421,0.364959,0.842663,0.384858,0.995253,0.41244,0.725496,0.530378,0.608324,0.591659,0.510227,0.46605,0.551122,0,0,0,0,0,0,0,0,0,0,0,0,0,0,0.340451,0.591948,0.395605,0.510221,0.323568,0.706422,0.432327,0.491123
0.386402,0.559309,0.446139,0.706415,0.364955,0.842671,0.384856,0.995249,0.413978,0.722776,0.530381,0.608313,0.593169,0.510234,0.470648,0.551109,0,0,0,0,0,0,0,0,0,0,0,0,0,0,0.340456,0.589245,0.395579,0.510218,0.32359,0.706436,0.430819,0.49112
0.384853,0.556513,0.446127,0.711859,0.360363,0.848102,0.386398,0.995255,0.41244,0.739112,0.528849,0.605595,0.593167,0.502055,0.467578,0.548397,0,0,0,0,0,0,0,0,0,0,0,0,0,0,0.338913,0.583792,0.395564,0.502056,0.322072,0.703673,0.43233,0.485729
0.383331,0.553872,0.446143,0.711859,0.361887,0.842654,0.383331,0.995254,0.41703,0.730933,0.530386,0.597426,0.593167,0.496601,0.459929,0.548392,0,0,0,0,0,0,0,0,0,0,0,0,0,0,0.337378,0.581065,0.394041,0.496643,0.32204,0.698239,0.4308,0.485704
0.374173,0.540207,0.444603,0.692783,0.3619,0.818146,0.384861,0.99525,0.4201,0.709147,0.534974,0.581084,0.588585,0.477534,0.461448,0.523879,0,0,0,0,0,0,0,0,0,0,0,0,0,0,0.331254,0.570167,0.387939,0.485663,0.320526,0.684594,0.426232,0.472064
0.374126,0.532073,0.44308,0.679174,0.36188,0.809951,0.381797,0.978897,0.418554,0.711881,0.527323,0.572907,0.583993,0.469372,0.459916,0.518415,0.744828,0.99389,0,0,0,0,0,0,0,0,0,0,0,0,0.3282,0.561983,0.386378,0.477506,0.317477,0.673736,0.424694,0.46661
0.37106,0.521119,0.438486,0.654664,0.360353,0.788159,0.377212,0.951651,0.41244,0.70367,0.525781,0.556545,0.582458,0.458463,0.458393,0.510231,0.743295,0.993891,0,0,0,0,0,0,0.781592,0.943478,0.911787,0.842654,0,0,0.325103,0.551113,0.380279,0.463925,0.314408,0.665567,0.421635,0.453037
0.363431,0.521154,0.432349,0.657391,0.354225,0.790887,0.374146,0.948912,0.40632,0.706423,0.518128,0.551111,0.58093,0.455731,0.45686,0.510232,0.743296,0.995248,0,0,0,0,0,0,0.781586,0.943482,0.911789,0.837213,0,0,0.322047,0.551099,0.375689,0.463931,0.31133,0.665588,0.420091,0.455756
0.355767,0.521161,0.423161,0.660111,0.34504,0.793614,0.366493,0.94893,0.398665,0.717318,0.504342,0.553819,0.573266,0.455745,0.443075,0.507505,0.738703,0.993887,0,0,0,0,0,0,0.780061,0.940758,0.904131,0.837202,0,0,0.311337,0.551055,0.371055,0.463943,0.299089,0.665537,0.40937,0.453034
0.351175,0.521133,0.424677,0.654638,0.343502,0.790891,0.363423,0.948931,0.400174,0.741832,0.501278,0.551099,0.568684,0.455737,0.441529,0.507494,0.729513,0.993887,0,0,0,0,0,0,0.776997,0.93803,0.902597,0.834477,0,0,0.308286,0.545664,0.371056,0.463928,0.296008,0.66281,0.407854,0.455714
0.358803,0.5102,0.423167,0.643737,0.345049,0.771814,0.36343,0.946215,0.401712,0.744548,0.496677,0.540206,0.570211,0.450278,0.446134,0.491162,0.737172,0.995248,0,0,0,0,0,0,0.77087,0.938022,0.899539,0.818142,0,0,0.312871,0.521168,0.37415,0.45572,0.292975,0.643717,0.409391,0.450272
0.36189,0.488422,0.42315,0.63285,0.345044,0.760909,0.37414,0.935318,0.400196,0.733669,0.498211,0.521126,0.568684,0.43395,0.444594,0.480253,0.727977,0.993888,0,0,0,0,0,0,0.767803,0.921678,0.9026,0.801773,0,0,0.317473,0.496626,0.377217,0.436677,0.292967,0.619214,0.410912,0.428488
0.371084,0.436638,0.42471,0.583814,0.349644,0.700953,0.369553,0.899846,0.401706,0.703701,0.505868,0.485699,0.57175,0.39849,0.449207,0.428482,0.706533,0.938028,0.660582,0.993885,0.891881,0.763634,0,0,0.75249,0.850826,0.905666,0.758197,0,0,0.325132,0.444849,0.383339,0.390347,0.296005,0.567443,0.417044,0.384867
0.374148,0.425793,0.427766,0.578331,0.349646,0.690074,0.371078,0.891719,0.401708,0.700958,0.50894,0.474821,0.573262,0.393045,0.450726,0.414876,0.701938,0.9244,0.651391,0.993884,0.890347,0.766371,0,0,0.744829,0.842655,0.905658,0.755458,0,0,0.328193,0.431245,0.386398,0.379454,0.299068,0.556523,0.420106,0.373967
0.378743,0.409438,0.427766,0.575612,0.349638,0.695502,0.375664,0.883541,0.406296,0.679168,0.508935,0.474806,0.574796,0.390348,0.458391,0.395807,0.701938,0.894425,0.65139,0.993887,0.893411,0.758178,0,0,0.747893,0.815406,0.907198,0.752735,0,0,0.334322,0.423066,0.392508,0.365821,0.300624,0.548348,0.421632,0.360343
0.378726,0.40671,0.429285,0.570175,0.351159,0.687351,0.374139,0.880784,0.40784,0.668287,0.505875,0.469356,0.576336,0.382187,0.461445,0.39305,0.698874,0.888988,0.648327,0.993884,0.893404,0.755465,0,0,0.74483,0.807233,0.907192,0.750024,0,0,0.334305,0.423013,0.392525,0.365812,0.300633,0.548351,0.42314,0.360347
0.375678,0.404007,0.427764,0.570188,0.351168,0.68734,0.37413,0.872634,0.410902,0.657368,0.502814,0.46937,0.576338,0.382164,0.464522,0.384894,0.685089,0.886253,0.63454,0.992521,0.654458,0.993888,0,0,0.738703,0.801789,0.905664,0.744574,0,0,0.328207,0.422991,0.394072,0.363117,0.300616,0.545676,0.424697,0.368537
0.374149,0.404017,0.427752,0.562009,0.354224,0.670988,0.371088,0.867191,0.409377,0.660106,0.499745,0.466638,0.576332,0.376733,0.459915,0.384896,0.68509,0.880801,0.63454,0.992521,0.655985,0.993886,0,0,0.741766,0.799056,0.905667,0.741837,0,0,0.326659,0.423008,0.394048,0.363107,0.299093,0.545637,0.424681,0.368525
0.37258,0.403962,0.426227,0.55384,0.351159,0.668282,0.37262,0.867197,0.40631,0.668256,0.501281,0.458446,0.577858,0.374005,0.458392,0.37673,0.677432,0.875361,0.628415,0.992522,0.655989,0.993889,0,0,0.732578,0.793611,0.904135,0.736393,0,0,0.325114,0.414886,0.391008,0.360384,0.299068,0.540184,0.424704,0.365797
0.372584,0.401274,0.427749,0.559289,0.348108,0.679168,0.374147,0.867163,0.407843,0.665526,0.507404,0.458446,0.577868,0.374007,0.46146,0.376722,0.672838,0.872627,0.622287,0.973449,0.655982,0.993889,0,0,0.731041,0.788168,0.901069,0.730947,0,0,0.32512,0.412131,0.392531,0.360327,0.297565,0.537473,0.426235,0.371261
0.372608,0.398546,0.427754,0.564741,0.348094,0.681897,0.372621,0.861753,0.409383,0.668296,0.507402,0.461189,0.580933,0.379455,0.467572,0.368536,0.682025,0.878078,0.629946,0.993884,0.655983,0.99389,0,0,0.740232,0.793614,0.904128,0.72821,0,0,0.325126,0.409427,0.392537,0.354941,0.297549,0.532042,0.426221,0.360394
0.374114,0.398537,0.427751,0.570178,0.348102,0.684622,0.374145,0.861753,0.410895,0.668281,0.50587,0.466623,0.582454,0.387597,0.472166,0.365838,0.680496,0.878074,0.628416,0.992522,0.654457,0.993889,0,0,0.740232,0.793613,0.902602,0.7255,0,0,0.325156,0.409402,0.394048,0.354941,0.297571,0.532039,0.427758,0.368522
0.375659,0.398473,0.432345,0.561992,0.351167,0.681886,0.377193,0.864455,0.412448,0.681875,0.501283,0.461168,0.58706,0.384892,0.475235,0.36582,0.669774,0.867185,0.613097,0.951652,0.655985,0.993889,0,0,0.729509,0.785438,0.902598,0.728216,0,0,0.328195,0.406729,0.397109,0.35759,0.300633,0.534759,0.432336,0.376689
0.375683,0.398473,0.432358,0.567459,0.351165,0.684602,0.375672,0.864471,0.412449,0.681905,0.508935,0.466622,0.590119,0.393051,0.478295,0.363086,0.674366,0.872633,0.613098,0.954373,0.657519,0.99389,0,0,0.731047,0.796333,0.901069,0.725491,0,0,0.328202,0.409403,0.398634,0.354946,0.302144,0.534759,0.436956,0.387603
0.375687,0.395794,0.433881,0.567434,0.35116,0.684607,0.377196,0.864454,0.413971,0.684635,0.508941,0.463903,0.593166,0.395767,0.485953,0.363113,0.680492,0.872634,0.622287,0.957097,0.65752,0.99389,0,0,0.741766,0.796338,0.902598,0.725486,0,0,0.331259,0.406687,0.398655,0.354909,0.302165,0.534753,0.438481,0.379463
0.375666,0.393057,0.43541,0.570154,0.349635,0.68462,0.375665,0.864437,0.413973,0.687346,0.511996,0.469374,0.593193,0.393077,0.489019,0.360375,0.682026,0.875354,0.626882,0.965273,0.657516,0.99389,0,0,0.744827,0.799053,0.90413,0.722766,0,0,0.331253,0.404013,0.397135,0.349477,0.303673,0.534732,0.446126,0.398513
0.375673,0.387649,0.432353,0.556569,0.349627,0.681904,0.375665,0.861724,0.413975,0.690069,0.508941,0.455722,0.596246,0.3985,0.492083,0.349478,0.674369,0.867177,0.616161,0.946206,0.657524,0.99389,0,0,0.734106,0.79089,0.901066,0.722774,0,0,0.33277,0.403938,0.397133,0.344047,0.303683,0.532037,0.447667,0.382159
0.374166,0.390318,0.433891,0.556585,0.34964,0.679172,0.375668,0.859022,0.412443,0.692772,0.512002,0.458455,0.594716,0.393079,0.492077,0.346744,0.677433,0.867175,0.619223,0.946202,0.657516,0.99389,0,0,0.737171,0.79088,0.901071,0.717312,0,0,0.331253,0.401298,0.397099,0.344013,0.303676,0.531986,0.449198,0.384879
0.374127,0.382187,0.438483,0.553819,0.351172,0.670987,0.372623,0.858996,0.415504,0.692802,0.522718,0.453006,0.59626,0.38487,0.499743,0.338586,0.682025,0.856288,0.62229,0.943472,0.659055,0.993889,0,0,0.740233,0.769095,0.902602,0.714581,0,0,0.328188,0.398542,0.3956,0.338628,0.30215,0.526578,0.45683,0.379474
0.372629,0.379416,0.440011,0.548384,0.349643,0.665546,0.371079,0.853552,0.4155,0.692787,0.522728,0.444852,0.596264,0.382169,0.505868,0.330388,0.680494,0.853549,0.62535,0.94075,0.663648,0.99389,0,0,0.738703,0.763647,0.902603,0.709137,0.943955,0.99389,0.326674,0.395813,0.395603,0.338509,0.302153,0.523831,0.456871,0.373982
0.369551,0.368539,0.429277,0.52931,0.341987,0.660105,0.366478,0.845378,0.410918,0.692785,0.51201,0.425762,0.600839,0.373988,0.508945,0.308603,0.678959,0.845377,0.622286,0.927127,0.660579,0.993888,0,0,0.735639,0.755456,0.893415,0.698236,0.943959,0.993894,0.32361,0.384912,0.389466,0.327666,0.299085,0.515711,0.446103,0.357648
0.366476,0.365818,0.424707,0.529328,0.34198,0.649207,0.360365,0.83994,0.410921,0.692778,0.510476,0.428467,0.60237,0.376707,0.513539,0.300441,0.683556,0.845371,0.628413,0.921675,0.663643,0.99389,0,0,0.740233,0.758178,0.891884,0.692792,0.942426,0.993894,0.32356,0.382192,0.387937,0.322212,0.29756,0.515681,0.441535,0.357623
0.36187,0.360399,0.426217,0.523876,0.341982,0.638299,0.352699,0.831752,0.409387,0.68735,0.510463,0.425755,0.603904,0.371281,0.519662,0.303138,0.678964,0.839939,0.620755,0.910775,0.662111,0.99389,0,0,0.734108,0.752737,0.890344,0.681891,0.939371,0.99525,0.317481,0.379427,0.384862,0.316783,0.294491,0.512937,0.436942,0.34675
0.360344,0.357659,0.426222,0.523871,0.343509,0.632834,0.349631,0.820861,0.409385,0.68736,0.507408,0.428492,0.600851,0.376688,0.521191,0.303126,0.674367,0.834486,0.613096,0.899878,0.660584,0.99389,0,0,0.731042,0.750009,0.890341,0.687338,0.940902,0.995251,0.314424,0.379398,0.383332,0.314093,0.292974,0.510259,0.432353,0.346722
0.355772,0.354943,0.421629,0.521126,0.338907,0.630117,0.343517,0.815431,0.407847,0.687334,0.502804,0.417598,0.600845,0.376704,0.525783,0.289535,0.66824,0.829039,0.6085,0.894436,0.657521,0.993892,0,0,0.729511,0.750007,0.885753,0.671005,0.942422,0.995251,0.312852,0.376678,0.375678,0.31401,0.291416,0.507528,0.424704,0.338547
0.354232,0.357608,0.423147,0.515685,0.338911,0.627401,0.345033,0.815418,0.407852,0.687369,0.50588,0.406686,0.600851,0.373984,0.525792,0.281354,0.660581,0.834476,0.603904,0.899881,0.657513,0.993888,0,0,0.720322,0.747295,0.885749,0.679161,0.940894,0.995251,0.311353,0.376721,0.374172,0.314018,0.289885,0.510186,0.423173,0.335852
0.349646,0.363081,0.421634,0.523863,0.335845,0.638282,0.337384,0.818118,0.406317,0.692799,0.505878,0.417572,0.597776,0.37672,0.531909,0.281336,0.662114,0.837202,0.605434,0.897163,0.654461,0.993885,0,0,0.723383,0.75273,0.884213,0.690069,0.939367,0.99525,0.308293,0.382148,0.372633,0.316772,0.288361,0.515648,0.421624,0.338579
0.348119,0.363135,0.421613,0.521133,0.337385,0.632861,0.334315,0.815421,0.407846,0.706388,0.502802,0.414854,0.597789,0.382179,0.534982,0.284072,0.662111,0.834484,0.605438,0.897149,0.654454,0.993889,0,0,0.720323,0.750023,0.884211,0.69279,0.939358,0.993892,0.308267,0.382217,0.3726,0.316803,0.286838,0.515699,0.420088,0.341263
0.346587,0.36856,0.418561,0.523853,0.337386,0.635573,0.33278,0.815429,0.41092,0.714592,0.499742,0.420311,0.597774,0.401239,0.544174,0.294983,0.662112,0.837202,0.605434,0.902604,0.651387,0.993887,0,0,0.720322,0.750015,0.882687,0.695521,0.936301,0.993893,0.303697,0.393039,0.371053,0.322244,0.283767,0.518376,0.413966,0.341278
0.346572,0.371286,0.421621,0.523856,0.338911,0.635583,0.329714,0.812692,0.412451,0.720021,0.499751,0.4176,0.602373,0.423012,0.55337,0.300433,0.660581,0.834486,0.603905,0.902598,0.651388,0.993886,0,0,0.718789,0.750015,0.882689,0.698238,0.936291,0.993891,0.305207,0.393066,0.369542,0.327654,0.28377,0.518426,0.415503,0.341293
0.346565,0.374,0.420099,0.523858,0.337386,0.635565,0.328182,0.809957,0.415502,0.730929,0.49974,0.423045,0.605431,0.436646,0.559481,0.308594,0.657517,0.834486,0.600845,0.899882,0.651392,0.993887,0,0,0.714191,0.752729,0.881155,0.698255,0.936294,0.99525,0.303687,0.395767,0.369534,0.330404,0.2853,0.523869,0.412444,0.344021
0.345055,0.373989,0.421619,0.523876,0.338906,0.635572,0.329711,0.809958,0.415505,0.728217,0.50281,0.425762,0.605449,0.442121,0.571738,0.33039,0.655989,0.829033,0.600841,0.897146,0.651392,0.993887,0,0,0.71419,0.750019,0.87963,0.700964,0.934762,0.995253,0.303675,0.395757,0.368002,0.330396,0.285295,0.523863,0.412429,0.344005
