0.494529,0.279525,0.492958,0.467481,0.382597,0.453889,0.313613,0.674575,0.312081,0.617392,0.594161,0.481139,0.660077,0.620121,0.696858,0.710046,0.496046,0.947072,0.425516,0.952525,0.371866,0.987944,0,0,0.568093,0.933451,0.709136,0.878944,0,0,0.462308,0.233217,0.531284,0.249475,0.422434,0.276776,0.581889,0.309469
0.496035,0.282205,0.491445,0.470233,0.378014,0.459322,0.312087,0.671871,0.309015,0.620084,0.597218,0.486551,0.675397,0.650063,0.712196,0.731831,0.499107,0.949805,0.427055,0.949797,0.316677,0.99612,0,0,0.568087,0.938897,0.713731,0.857149,0,0,0.463851,0.235934,0.532818,0.249514,0.422453,0.279483,0.583405,0.309479
0.496049,0.284956,0.49145,0.464806,0.378008,0.4566,0.309015,0.674584,0.31054,0.617373,0.597232,0.481122,0.667744,0.620105,0.713729,0.71547,0.499108,0.94436,0.42705,0.944346,0.304419,0.941634,0,0,0.569623,0.938888,0.710653,0.843513,0,0,0.46539,0.246792,0.532823,0.252261,0.423967,0.276747,0.584959,0.314909
0.49911,0.293094,0.492982,0.467499,0.379531,0.456606,0.310556,0.677308,0.31207,0.622833,0.598751,0.483851,0.679987,0.644625,0.707604,0.701866,0.492969,0.938908,0.422448,0.930717,0.293677,0.898035,0,0,0.561963,0.938889,0.704528,0.816278,0,0,0.469969,0.252302,0.534375,0.263167,0.423966,0.28224,0.586485,0.312167
0.499114,0.29586,0.494491,0.467494,0.379529,0.453874,0.309024,0.669166,0.319745,0.62555,0.601819,0.483854,0.678458,0.65008,0.701458,0.699115,0.491446,0.938907,0.422454,0.933441,0.295212,0.887143,0,0,0.560427,0.936179,0.695323,0.802657,0,0,0.469967,0.257699,0.534373,0.268606,0.424002,0.282237,0.584971,0.314877
0.499097,0.304008,0.496027,0.467515,0.38566,0.45387,0.316677,0.671864,0.318205,0.617367,0.604871,0.486551,0.692259,0.685488,0.692267,0.682755,0.489906,0.938904,0.419391,0.927999,0.296744,0.884398,0,0,0.558901,0.93889,0.695334,0.797215,0,0,0.469967,0.265864,0.534365,0.274046,0.424007,0.28224,0.586486,0.31493
0.496063,0.314883,0.494521,0.467535,0.387196,0.453886,0.312086,0.652776,0.350396,0.573785,0.603343,0.483845,0.683062,0.674606,0.632477,0.554706,0.492978,0.930728,0.422455,0.917102,0.298278,0.878937,0,0,0.561963,0.930715,0.692259,0.789047,0,0,0.466912,0.274039,0.53437,0.282241,0.423992,0.293109,0.584968,0.317623
0.49452,0.325845,0.496046,0.472968,0.385666,0.45934,0.322792,0.64733,0.379532,0.543797,0.604883,0.483871,0.680007,0.663694,0.604878,0.562884,0.494503,0.938893,0.423983,0.930725,0.299819,0.865319,0,0,0.566554,0.930724,0.692251,0.786316,0,0,0.462319,0.284913,0.532813,0.293072,0.420917,0.295868,0.584948,0.317655
0.494484,0.350334,0.497563,0.451187,0.390273,0.445737,0.348857,0.620116,0.430131,0.432082,0.607948,0.46476,0.669281,0.617357,0.525162,0.535653,0.492972,0.925276,0.423987,0.91165,0.298285,0.846279,0,0,0.561961,0.919819,0.689202,0.769967,0,0,0.45926,0.301319,0.528249,0.312198,0.414797,0.312152,0.583428,0.317692
0.492972,0.358506,0.497566,0.44299,0.394864,0.437547,0.36114,0.609219,0.433194,0.404841,0.601809,0.451137,0.655469,0.584671,0.514439,0.524729,0.492976,0.911655,0.423978,0.895302,0.299812,0.843529,0,0,0.563487,0.908925,0.687665,0.756347,0,0,0.46539,0.301288,0.526696,0.317651,0.419394,0.303996,0.583447,0.317635
0.486838,0.361239,0.496049,0.44297,0.391784,0.432103,0.361114,0.609205,0.427054,0.402078,0.600274,0.448431,0.637072,0.573748,0.48378,0.489308,0.491432,0.903477,0.422448,0.889844,0.304411,0.835366,0,0,0.558905,0.898029,0.689199,0.759047,0,0,0.460792,0.298612,0.523633,0.320392,0.419391,0.301287,0.586474,0.320399
0.482223,0.361218,0.494514,0.437534,0.388727,0.432085,0.361129,0.614662,0.420931,0.407574,0.600282,0.442962,0.624817,0.557415,0.492967,0.483858,0.489906,0.898024,0.419389,0.887119,0.302877,0.838076,0,0,0.558886,0.8953,0.684601,0.756331,0,0,0.457713,0.304044,0.520556,0.320365,0.414809,0.304003,0.583428,0.323106
0.474601,0.355756,0.492972,0.434825,0.388721,0.432101,0.361118,0.617382,0.4148,0.404825,0.598748,0.440271,0.621747,0.538361,0.496057,0.459341,0.492966,0.898028,0.422453,0.889848,0.302879,0.835348,0,0,0.560429,0.889847,0.680008,0.756342,0,0,0.448532,0.301289,0.511374,0.317684,0.41021,0.306752,0.580371,0.3258
0.462336,0.374831,0.483783,0.429354,0.382601,0.437527,0.364201,0.620091,0.410205,0.393927,0.589552,0.423917,0.629425,0.492053,0.506769,0.404834,0.491444,0.895301,0.423989,0.889858,0.302878,0.832629,0,0,0.558892,0.8844,0.667737,0.748165,0,0,0.436251,0.298603,0.50524,0.312211,0.400993,0.295888,0.571156,0.309455
0.460795,0.363969,0.477654,0.429383,0.378014,0.437521,0.364221,0.620059,0.410181,0.393928,0.58495,0.42392,0.630959,0.47841,0.503711,0.393958,0.489911,0.884394,0.422461,0.884408,0.307474,0.832639,0,0,0.555835,0.865322,0.660064,0.742706,0,0,0.430124,0.295855,0.502161,0.301288,0.394851,0.314947,0.566568,0.306721
0.460791,0.358522,0.479167,0.432087,0.376475,0.440266,0.362692,0.611923,0.408647,0.39391,0.581885,0.429339,0.630933,0.467521,0.499111,0.383055,0.486835,0.873504,0.422452,0.876231,0.309022,0.816289,0,0,0.549698,0.851714,0.652402,0.731809,0,0,0.422461,0.312228,0.499128,0.293078,0.387209,0.339416,0.560449,0.298557
0.460809,0.3449,0.480698,0.432101,0.376478,0.442975,0.361126,0.601008,0.405597,0.38032,0.580351,0.429338,0.630946,0.470225,0.500632,0.37489,0.477641,0.8735,0.416326,0.870785,0.310552,0.805374,0.376466,0.996122,0.542024,0.854435,0.638604,0.720903,0.555824,0.996124,0.419396,0.295859,0.499097,0.282243,0.384134,0.331257,0.558881,0.293121
0.468443,0.339426,0.479179,0.432064,0.379529,0.437535,0.35501,0.584653,0.40864,0.366678,0.575755,0.429337,0.63249,0.464772,0.502174,0.366696,0.485304,0.878953,0.420927,0.881677,0.310546,0.797204,0.387199,0.996122,0.543571,0.857159,0.627884,0.701863,0.548159,0.996123,0.425541,0.284914,0.500655,0.276808,0.390274,0.306758,0.558877,0.290367
0.477645,0.336678,0.485313,0.43207,0.390258,0.42939,0.353473,0.560172,0.414801,0.342176,0.580361,0.429338,0.643203,0.475671,0.52056,0.37213,0.485313,0.878955,0.42399,0.876221,0.309011,0.789019,0.397931,0.996127,0.546632,0.868048,0.609474,0.701854,0.549689,0.996123,0.445455,0.268591,0.50985,0.274078,0.402519,0.287669,0.561967,0.287651
0.485306,0.339467,0.491428,0.442968,0.394859,0.437526,0.353465,0.549265,0.417867,0.339415,0.583422,0.432109,0.646264,0.489304,0.532829,0.377605,0.483774,0.87622,0.422461,0.868054,0.305954,0.786325,0.397929,0.994762,0.54357,0.857159,0.61714,0.712757,0,0,0.450039,0.254978,0.517488,0.276745,0.410191,0.282222,0.566559,0.290421
0.492959,0.339463,0.494508,0.44299,0.399464,0.44299,0.356522,0.538372,0.423965,0.334002,0.588021,0.434802,0.649341,0.500202,0.535905,0.383023,0.489904,0.859879,0.423989,0.85715,0.302882,0.791748,0,0,0.551229,0.851706,0.615612,0.759049,0,0,0.459243,0.271312,0.523645,0.276749,0.419391,0.293118,0.569624,0.295853
0.503693,0.333979,0.494514,0.443001,0.400998,0.440251,0.359601,0.532921,0.431664,0.328542,0.586488,0.440266,0.653936,0.51926,0.542033,0.385755,0.496044,0.854431,0.427058,0.854425,0.30902,0.783591,0,0,0.560429,0.848984,0.657013,0.868056,0,0,0.469975,0.274046,0.532848,0.271349,0.42551,0.298568,0.572709,0.293119
0.509848,0.304027,0.499097,0.445707,0.410196,0.442979,0.36267,0.527435,0.437801,0.32581,0.588026,0.4457,0.657004,0.53019,0.557345,0.399352,0.497577,0.887127,0.42706,0.887118,0.318215,0.780856,0,0,0.568089,0.876227,0.692264,0.99476,0,0,0.477646,0.257694,0.542047,0.271277,0.43166,0.29582,0.575765,0.301299
0.526696,0.325808,0.50064,0.456623,0.402534,0.440266,0.381069,0.535628,0.465376,0.331247,0.594158,0.475666,0.669284,0.587411,0.584962,0.429331,0.497572,0.8844,0.425525,0.873502,0.316678,0.786308,0,0,0.566562,0.876227,0.689194,0.996126,0,0,0.497566,0.271297,0.558871,0.282211,0.425503,0.312207,0.584959,0.323104
0.543545,0.333963,0.505243,0.467497,0.408656,0.445732,0.385667,0.53565,0.474581,0.342182,0.598748,0.486591,0.6708,0.622806,0.606437,0.448438,0.496041,0.881675,0.425528,0.873498,0.312077,0.786318,0,0,0.563493,0.873504,0.667733,0.996121,0,0,0.509847,0.279514,0.568092,0.287685,0.428588,0.320399,0.595657,0.32583
0.545124,0.320354,0.508286,0.464787,0.408657,0.44027,0.379537,0.549222,0.474589,0.353059,0.604873,0.489281,0.667719,0.660961,0.626356,0.464758,0.49144,0.887129,0.423994,0.873505,0.309005,0.786326,0,0,0.558889,0.881675,0.655474,0.996122,0,0,0.505237,0.271292,0.569624,0.282258,0.430134,0.32036,0.597237,0.320377
0.53591,0.317651,0.502162,0.462075,0.402534,0.437519,0.373391,0.573782,0.469969,0.36939,0.601816,0.483863,0.669275,0.6528,0.626348,0.467491,0.48837,0.89529,0.422453,0.876232,0.309005,0.786326,0,0,0.557364,0.889855,0.655467,0.996122,0,0,0.49603,0.268613,0.560416,0.276765,0.425544,0.314894,0.591075,0.323109
0.525189,0.312201,0.494523,0.467509,0.396402,0.445712,0.359601,0.614667,0.459261,0.423912,0.592615,0.481146,0.669287,0.644648,0.607947,0.470211,0.486838,0.88713,0.419396,0.873506,0.309005,0.797203,0,0,0.557355,0.889845,0.646272,0.985222,0,0,0.489921,0.268605,0.555816,0.276782,0.422433,0.314926,0.584941,0.314963
0.508326,0.314969,0.4945,0.467534,0.391797,0.464811,0.335084,0.663721,0.427057,0.497488,0.594147,0.472939,0.667751,0.663694,0.595691,0.511102,0.480711,0.892567,0.413261,0.881671,0.305942,0.805374,0,0,0.552766,0.892563,0.650869,0.996124,0,0,0.474577,0.271339,0.542014,0.276801,0.411722,0.317608,0.575738,0.314963
0.506768,0.317603,0.494498,0.464802,0.390268,0.462079,0.33354,0.66915,0.401016,0.554664,0.597213,0.467491,0.669288,0.666462,0.609496,0.55745,0.480704,0.884399,0.411732,0.876217,0.304407,0.813574,0,0,0.55276,0.884402,0,0,0,0,0.473031,0.27136,0.537427,0.276813,0.411703,0.314911,0.574229,0.31489
0.506776,0.314937,0.494489,0.464781,0.391787,0.462073,0.336588,0.669173,0.399463,0.554701,0.594165,0.464799,0.672334,0.66914,0.609491,0.576506,0.479175,0.895298,0.413258,0.881669,0.309005,0.838059,0,0,0.549697,0.900756,0.655479,0.996121,0,0,0.473042,0.271355,0.537446,0.276795,0.411729,0.314894,0.574227,0.314921
0.508304,0.314912,0.497569,0.464764,0.39334,0.462059,0.3366,0.671854,0.399478,0.549261,0.601806,0.467513,0.675409,0.671854,0.623265,0.587398,0.488371,0.900749,0.41786,0.889849,0.309014,0.846276,0,0,0.55889,0.898018,0.634016,0.903479,0,0,0.47456,0.27133,0.542008,0.276767,0.41326,0.314885,0.577279,0.314909
0.509823,0.314917,0.497582,0.464771,0.393328,0.464754,0.333548,0.671884,0.396389,0.571068,0.601822,0.464809,0.679976,0.669163,0.635534,0.598273,0.48378,0.892573,0.416329,0.889842,0.310546,0.862612,0,0,0.552758,0.889846,0.641681,0.86261,0,0,0.474599,0.274035,0.542028,0.276812,0.414781,0.31222,0.577307,0.314925
0.509837,0.317645,0.497554,0.459314,0.393326,0.45931,0.327408,0.666417,0.381073,0.617383,0.595698,0.459328,0.678456,0.666433,0.63096,0.600999,0.492969,0.857155,0.420919,0.859874,0.355005,0.99612,0,0,0.560425,0.851704,0.632471,0.82172,0,0,0.476108,0.279482,0.543561,0.282241,0.413275,0.298564,0.578838,0.314918
0.508295,0.320351,0.494497,0.462085,0.39181,0.46206,0.321291,0.666413,0.368796,0.630982,0.595691,0.462079,0.676943,0.663652,0.624801,0.603743,0.492973,0.876218,0.422463,0.884394,0.371869,0.994758,0,0,0.560423,0.859882,0.634016,0.846246,0,0,0.473068,0.282193,0.540499,0.284974,0.413246,0.298583,0.578806,0.314938
0.50371,0.325815,0.489919,0.464792,0.390258,0.462043,0.318207,0.669158,0.358078,0.622846,0.591085,0.467527,0.675399,0.663688,0.615607,0.617362,0.483776,0.881681,0.422455,0.884408,0.379532,0.99476,0,0,0.552762,0.870781,0.634012,0.876233,0,0,0.469979,0.284962,0.535905,0.290345,0.411722,0.309425,0.577275,0.31763
0.497595,0.333971,0.491429,0.470206,0.390252,0.464778,0.316687,0.669129,0.34734,0.647355,0.591084,0.472957,0.675387,0.666412,0.618675,0.628269,0.485308,0.881679,0.422451,0.881671,0.388732,0.994758,0,0,0.555825,0.87351,0.63707,0.906203,0,0,0.463842,0.287689,0.534358,0.290423,0.410195,0.314877,0.575768,0.314952
0.497586,0.328544,0.491431,0.467507,0.390269,0.467481,0.318202,0.677318,0.347346,0.650058,0.592624,0.470235,0.678461,0.666414,0.623277,0.633696,0.485314,0.892584,0.420922,0.889846,0.388729,0.994759,0,0,0.555829,0.889852,0.649342,0.941626,0,0,0.462327,0.284941,0.532822,0.287673,0.410202,0.314911,0.575763,0.314934
0.500643,0.320383,0.492983,0.46476,0.391809,0.462075,0.316674,0.663703,0.338135,0.655504,0.594154,0.464809,0.679988,0.663714,0.623292,0.620096,0.486846,0.892561,0.420918,0.887122,0.390262,0.994757,0,0,0.558891,0.887131,0.65087,0.938896,0,0,0.466903,0.279497,0.535888,0.282201,0.41172,0.314864,0.578811,0.312168
0.502162,0.317701,0.492972,0.46477,0.391808,0.464756,0.313624,0.666424,0.328937,0.663673,0.594161,0.464803,0.681521,0.663687,0.629409,0.622807,0.489901,0.900749,0.422451,0.89531,0.387198,0.993394,0,0,0.558887,0.895308,0.64321,0.941624,0,0,0.466924,0.279501,0.535899,0.282212,0.411721,0.312226,0.578813,0.312183
0.50063,0.320412,0.492964,0.467524,0.390264,0.467494,0.312077,0.671873,0.327408,0.658245,0.597209,0.470249,0.683073,0.666448,0.63555,0.636445,0.482247,0.914375,0.419386,0.903471,0.397927,0.994758,0,0,0.555821,0.906199,0.627881,0.994757,0,0,0.465393,0.282186,0.534376,0.28225,0.411718,0.312202,0.578802,0.312195
0.497599,0.323098,0.491433,0.470216,0.38872,0.464799,0.310549,0.666412,0.322808,0.660972,0.595682,0.475684,0.683076,0.671874,0.640132,0.644653,0.485309,0.928,0.41939,0.908923,0.399464,0.993396,0,0,0.557354,0.922546,0.614081,0.996122,0,0,0.463838,0.282209,0.532843,0.284957,0.410203,0.312231,0.577284,0.312181
0.496064,0.328561,0.491444,0.472989,0.387186,0.472948,0.315139,0.704563,0.319752,0.666414,0.597211,0.481147,0.681546,0.680024,0.634025,0.650068,0.489906,0.922547,0.423994,0.903474,0.393331,0.994757,0,0,0.557361,0.914373,0.614078,0.996122,0,0,0.462301,0.284968,0.531308,0.29035,0.408676,0.317622,0.577268,0.314956
0.496026,0.33667,0.491436,0.483865,0.385666,0.483869,0.316688,0.723631,0.31821,0.674594,0.595679,0.48656,0.679991,0.680052,0.634027,0.652807,0.497568,0.949797,0.423993,0.941617,0.37953,0.996128,0,0,0.56656,0.941628,0.606412,0.996124,0,0,0.460764,0.28767,0.531276,0.290422,0.408654,0.323112,0.575757,0.317659
0.494523,0.336691,0.492964,0.486592,0.387191,0.486561,0.316681,0.715465,0.318214,0.666409,0.597214,0.489288,0.681532,0.690934,0.64166,0.660956,0.496041,0.949796,0.423993,0.938899,0.384134,0.996124,0,0,0.565026,0.941625,0.606422,0.996123,0,0,0.460765,0.290347,0.529769,0.293081,0.408639,0.325811,0.57575,0.320366
0.496014,0.336717,0.492972,0.486583,0.388721,0.483869,0.312077,0.666417,0.319749,0.666422,0.595685,0.486601,0.683066,0.690935,0.643208,0.663653,0.496045,0.947065,0.423994,0.93889,0.379528,0.996123,0,0,0.565026,0.938897,0.606411,0.996124,0,0,0.460761,0.290366,0.529765,0.293104,0.407128,0.331252,0.575737,0.323089
0.494507,0.336712,0.491453,0.486576,0.385661,0.483866,0.312085,0.652802,0.31822,0.660969,0.595684,0.486591,0.683056,0.68823,0.643224,0.663702,0.496034,0.947077,0.423992,0.938899,0.379528,0.996127,0,0,0.563491,0.941621,0.604876,0.996123,0,0,0.459256,0.290372,0.528244,0.293085,0.405599,0.325824,0.57421,0.317685
0.492988,0.336679,0.492954,0.486571,0.385664,0.483834,0.310548,0.644621,0.318213,0.660963,0.594165,0.486591,0.681538,0.685472,0.643219,0.663667,0.492977,0.941622,0.422457,0.936164,0.376464,0.996126,0,0,0.56043,0.938886,0.604887,0.996123,0,0,0.459233,0.290388,0.526723,0.290406,0.405588,0.33398,0.572701,0.320395
0.491428,0.339381,0.488366,0.48929,0.384133,0.489305,0.307479,0.64734,0.319742,0.66916,0.59261,0.489278,0.680016,0.685485,0.641682,0.666458,0.486839,0.938885,0.419391,0.91438,0.374929,0.996125,0,0,0.557361,0.928001,0.604892,0.996125,0,0,0.454653,0.295832,0.525147,0.293111,0.401011,0.333986,0.571153,0.323076
0.488371,0.339417,0.48685,0.489336,0.382589,0.489316,0.302895,0.690935,0.321267,0.671872,0.592613,0.492018,0.679987,0.680044,0.63861,0.677322,0.488373,0.941626,0.420922,0.936163,0,0,0,0,0.557363,0.936173,0.603351,0.996123,0,0,0.451583,0.295885,0.522113,0.293159,0.399475,0.334014,0.5681,0.331244
0.485331,0.339424,0.485298,0.4866,0.379541,0.486574,0.304412,0.652798,0.318212,0.671873,0.588024,0.486604,0.678452,0.682755,0.632481,0.682736,0.485313,0.94162,0.417859,0.933449,0,0,0,0,0.557359,0.936171,0.603347,0.996123,0,0,0.45005,0.295897,0.520578,0.293142,0.397946,0.336752,0.568069,0.325802
0.485316,0.339424,0.485301,0.48656,0.379532,0.486581,0.302885,0.650063,0.319735,0.67732,0.589543,0.483871,0.675396,0.685506,0.627878,0.688224,0.485317,0.941629,0.416325,0.933451,0,0,0,0,0.555834,0.938888,0.601807,0.996123,0,0,0.448536,0.295898,0.520572,0.293146,0.397936,0.336734,0.566551,0.32038
0.485315,0.336717,0.483782,0.483875,0.37953,0.486566,0.301364,0.652793,0.31822,0.677304,0.588022,0.483831,0.672344,0.682782,0.626349,0.690956,0.489904,0.947075,0.419396,0.933452,0.376469,0.99613,0,0,0.557365,0.941614,0.60028,0.996122,0,0,0.448528,0.295829,0.520567,0.293062,0.397919,0.339385,0.566564,0.31763
0.485325,0.33399,0.482251,0.481145,0.376465,0.486555,0.301343,0.64734,0.312085,0.674599,0.586487,0.478396,0.669256,0.682748,0.62482,0.696405,0.483775,0.947071,0.411729,0.941622,0.362668,0.99613,0,0,0.555819,0.941619,0.594147,0.996122,0,0,0.44853,0.293155,0.520559,0.287681,0.396395,0.333962,0.563495,0.312167
0.485315,0.334,0.480704,0.481116,0.374928,0.483843,0.298292,0.658243,0.312079,0.677324,0.58495,0.481107,0.663145,0.68004,0.62022,0.699117,0.480712,0.949796,0.407129,0.941611,0.365734,0.996127,0,0,0.552762,0.94435,0.586486,0.996122,0,0,0.448498,0.295803,0.519048,0.287684,0.394881,0.336689,0.561951,0.312166
0.483767,0.336698,0.47611,0.483827,0.373388,0.483879,0.296763,0.677313,0.309009,0.67459,0.578826,0.481151,0.660081,0.685473,0.615602,0.701838,0.476119,0.949799,0.400992,0.941612,0.361134,0.996126,0,0,0.5451,0.944347,0.584954,0.996121,0,0,0.446969,0.295881,0.51445,0.290382,0.393325,0.336691,0.558904,0.314888
0.482236,0.339434,0.474592,0.486597,0.371857,0.486563,0.298274,0.704559,0.309021,0.674601,0.577302,0.489273,0.658548,0.682774,0.611025,0.704547,0.476113,0.957967,0.39946,0.941625,0.362672,0.996126,0,0,0.545101,0.955244,0,0,0,0,0.44544,0.301331,0.512896,0.293137,0.390274,0.3394,0.558876,0.314959
0.480716,0.34219,0.474591,0.489331,0.371858,0.489301,0.298275,0.641898,0.309017,0.688202,0.577297,0.49205,0.657024,0.688209,0.611014,0.710003,0.474582,0.960689,0.399454,0.947064,0.356539,0.996132,0,0,0.543566,0.957966,0,0,0,0,0.443912,0.309485,0.511366,0.298581,0.390259,0.342154,0.557369,0.323101
0.479192,0.355797,0.474589,0.50291,0.368793,0.500191,0.293681,0.641891,0.30135,0.680051,0.577299,0.508382,0.658551,0.704553,0.617145,0.726382,0.476101,0.99612,0,0,0,0,0,0,0.546624,0.994755,0,0,0,0,0.442378,0.317663,0.511374,0.312185,0.390266,0.358511,0.557381,0.336749
0.477651,0.363936,0.47305,0.51113,0.367266,0.513839,0.292142,0.682764,0.30135,0.707304,0.575764,0.511103,0.658532,0.710005,0.620211,0.745441,0.468446,0.996124,0.391798,0.996125,0,0,0,0,0,0,0,0,0,0,0.44237,0.328539,0.509839,0.314952,0.388713,0.350321,0.55581,0.34218
0.476115,0.369426,0.471528,0.51655,0.364217,0.519262,0.289095,0.680047,0.295215,0.704559,0.575739,0.51927,0.657019,0.712744,0.615619,0.750863,0.473046,0.996125,0.394861,0.996125,0,0,0,0,0,0,0,0,0,0,0.437807,0.336691,0.508308,0.323076,0.387178,0.358474,0.554276,0.353069
0.474593,0.369419,0.471495,0.516573,0.364193,0.519271,0.286013,0.723625,0.299816,0.712749,0.572694,0.519261,0.655457,0.712735,0.617137,0.756357,0.468449,0.996125,0.39486,0.996125,0,0,0,0,0.540493,0.996124,0,0,0,0,0.436261,0.336695,0.508291,0.320393,0.384128,0.358493,0.554287,0.35307
0.473023,0.372166,0.465392,0.521997,0.359598,0.522008,0.276813,0.710006,0.296754,0.715464,0.568099,0.524728,0.649333,0.71274,0.611014,0.759078,0,0,0,0,0,0,0,0,0,0,0,0,0,0,0.433173,0.339394,0.50218,0.328547,0.378012,0.361248,0.546621,0.353061
0.462337,0.383088,0.460767,0.530179,0.355009,0.532921,0.278359,0.715472,0.315152,0.75089,0.563483,0.53015,0.643201,0.723613,0.604885,0.767225,0,0,0,0,0,0,0,0,0,0,0,0,0,0,0.425541,0.344924,0.496053,0.339459,0.374931,0.377594,0.542011,0.361256
0.463859,0.391184,0.459255,0.535654,0.353473,0.541067,0.275298,0.710008,0.319741,0.753597,0.560437,0.532912,0.643198,0.723642,0.606424,0.772679,0.468446,0.996126,0,0,0,0,0,0,0.537432,0.996121,0,0,0,0,0.425541,0.355761,0.49605,0.344893,0.374933,0.383044,0.542011,0.377571
0.465394,0.396689,0.462313,0.538379,0.358078,0.546528,0.284489,0.742705,0.324352,0.753605,0.565013,0.535637,0.644752,0.729072,0.60794,0.778117,0,0,0,0,0,0,0,0,0,0,0,0,0,0,0.428579,0.358523,0.497577,0.347643,0.376458,0.385761,0.543574,0.377564
0.471517,0.396692,0.468452,0.543789,0.361148,0.549222,0.289076,0.739985,0.325877,0.753607,0.571165,0.538362,0.649335,0.729083,0.609488,0.780869,0,0,0,0,0,0,0,0,0,0,0,0,0,0,0.431663,0.361196,0.500637,0.347635,0.379549,0.383029,0.545118,0.374868
0.473044,0.396659,0.471518,0.541078,0.364195,0.546501,0.289088,0.729107,0.328942,0.750902,0.574231,0.541067,0.653944,0.729084,0.61255,0.778163,0,0,0,0,0,0,0,0,0,0,0,0,0,0,0.434707,0.358557,0.503701,0.350319,0.384114,0.383013,0.548177,0.374885
0.471507,0.396666,0.471516,0.538364,0.364203,0.549235,0.289081,0.731832,0.335073,0.753605,0.572698,0.532928,0.653927,0.729097,0.607962,0.775411,0.477649,0.996121,0.407126,0.996122,0,0,0,0,0.548159,0.994757,0,0,0,0,0.433167,0.358549,0.500653,0.347618,0.379532,0.383044,0.548154,0.374882
0.469979,0.399349,0.469983,0.541066,0.362668,0.549243,0.289088,0.742715,0.335078,0.753632,0.572679,0.535657,0.650884,0.731814,0.606412,0.775439,0.476123,0.996126,0,0,0,0,0,0,0.546625,0.99612,0,0,0,0,0.43011,0.361195,0.499113,0.347639,0.376492,0.385741,0.546633,0.380345
0.465382,0.399368,0.466924,0.538381,0.361137,0.549271,0.289087,0.745445,0.336607,0.756314,0.569633,0.535612,0.649335,0.729106,0.606406,0.778149,0.476105,0.996123,0.405591,0.996123,0,0,0,0,0.543567,0.994759,0,0,0,0,0.427058,0.361221,0.49757,0.35034,0.376457,0.383037,0.545119,0.385762
0.463844,0.39938,0.465394,0.538363,0.361135,0.549278,0.290605,0.750867,0.339673,0.756337,0.56809,0.532903,0.647804,0.726369,0.606402,0.778139,0.476108,0.996125,0.407126,0.996124,0,0,0,0,0.545097,0.994758,0,0,0,0,0.427044,0.36125,0.496061,0.350366,0.374953,0.385797,0.5451,0.383048
0.462321,0.399415,0.465387,0.538367,0.361133,0.549258,0.290624,0.753588,0.336605,0.761767,0.568092,0.532911,0.646288,0.726365,0.604869,0.778121,0.477636,0.996127,0.410195,0.996128,0,0,0,0,0.545098,0.99612,0,0,0,0,0.425545,0.361265,0.496041,0.353065,0.374959,0.383065,0.545092,0.388498
0.462329,0.402068,0.46844,0.541075,0.362657,0.549259,0.28909,0.748158,0.335076,0.756351,0.569625,0.535606,0.649333,0.726348,0.606413,0.783581,0.479175,0.996123,0.414787,0.996125,0,0,0,0,0.548162,0.987946,0,0,0,0,0.427049,0.363998,0.496051,0.355794,0.37646,0.377582,0.545105,0.380331
0.462304,0.402118,0.466907,0.543785,0.362661,0.551956,0.290621,0.750888,0.338148,0.756323,0.568084,0.535635,0.649338,0.726344,0.606414,0.780882,0.479169,0.996122,0.414792,0.996125,0,0,0,0,0.546625,0.985225,0,0,0,0,0.427042,0.366673,0.49604,0.358472,0.376455,0.377597,0.54511,0.380285
0.460802,0.402154,0.46692,0.546528,0.362662,0.554669,0.290629,0.753613,0.338152,0.756311,0.568097,0.538351,0.64935,0.729082,0.60642,0.783567,0.477648,0.994755,0.413256,0.99612,0,0,0,0,0.546625,0.98522,0,0,0,0,0.425538,0.369387,0.496026,0.358517,0.37645,0.385788,0.545112,0.380334
0.460808,0.404799,0.468447,0.546525,0.362672,0.554669,0.292141,0.750893,0.339682,0.753621,0.568099,0.535654,0.650863,0.729079,0.606407,0.780857,0.479179,0.99612,0.414795,0.996122,0,0,0,0,0.549697,0.987946,0,0,0,0,0.425528,0.36945,0.496015,0.358556,0.374963,0.393915,0.545102,0.380335
0.460814,0.410277,0.466925,0.549248,0.361145,0.551999,0.29063,0.750894,0.341207,0.750868,0.571161,0.543802,0.649346,0.726376,0.604878,0.780843,0,0,0,0,0,0,0,0,0,0,0,0,0,0,0.42554,0.374885,0.494526,0.363978,0.374969,0.399358,0.545084,0.380356
0.460805,0.421159,0.46996,0.552004,0.362661,0.557442,0.293678,0.756341,0.342739,0.753577,0.572685,0.549225,0.653935,0.729072,0.609486,0.772696,0,0,0,0,0,0,0,0,0,0,0,0,0,0,0.425535,0.380265,0.496016,0.369387,0.374973,0.402158,0.545075,0.385749
0.460813,0.421205,0.469971,0.554667,0.362678,0.560138,0.295214,0.761802,0.345808,0.75361,0.571166,0.549236,0.653946,0.726376,0.609501,0.772675,0,0,0,0,0,0,0,0,0,0,0,0,0,0,0.425538,0.380325,0.496013,0.372102,0.37645,0.40483,0.545076,0.385763
0.46231,0.423894,0.469983,0.554686,0.362678,0.560152,0.296747,0.764521,0.348881,0.753624,0.57117,0.54927,0.653948,0.729119,0.607949,0.778149,0,0,0,0,0,0,0,0,0,0,0,0,0,0,0.425547,0.383014,0.496018,0.374868,0.37496,0.407541,0.545093,0.391201
0.46233,0.426596,0.46998,0.554707,0.364193,0.56289,0.299818,0.772675,0.356541,0.756326,0.57116,0.549275,0.653929,0.73181,0.607945,0.786325,0,0,0,0,0,0,0,0,0,0,0,0,0,0,0.427045,0.385749,0.49604,0.377597,0.37646,0.407573,0.545093,0.39122
0.463856,0.42662,0.473036,0.554731,0.365726,0.56288,0.299834,0.767235,0.36114,0.756325,0.574226,0.551965,0.65395,0.731828,0.609474,0.789053,0,0,0,0,0,0,0,0,0,0,0,0,0,0,0.427072,0.385795,0.497553,0.377593,0.37647,0.407538,0.545102,0.38849
0.469969,0.429381,0.474581,0.557455,0.368811,0.568305,0.301354,0.761777,0.362666,0.759036,0.577292,0.55199,0.65702,0.73454,0.614077,0.79176,0,0,0,0,0,0,0,0,0,0,0,0,0,0,0.431652,0.391244,0.499112,0.380341,0.382591,0.413018,0.546646,0.393933
0.471519,0.429397,0.476104,0.557416,0.37188,0.568314,0.302885,0.759077,0.36727,0.759071,0.578809,0.549276,0.657019,0.731834,0.615615,0.794464,0,0,0,0,0,0,0,0,0,0,0,0,0,0,0.433197,0.393931,0.502174,0.380364,0.385659,0.418477,0.549698,0.393952
0.473033,0.429388,0.476129,0.55741,0.373389,0.565615,0.305957,0.761806,0.370326,0.756376,0.578817,0.551956,0.660065,0.734533,0.617156,0.794514,0.494514,0.996125,0.425516,0.996125,0,0,0,0,0.561955,0.996121,0,0,0,0,0.434733,0.393915,0.505225,0.383016,0.387182,0.413017,0.552753,0.396637
0.473057,0.429402,0.477654,0.557433,0.373395,0.568323,0.305955,0.761799,0.371861,0.759044,0.580344,0.551971,0.65855,0.729075,0.618691,0.797195,0,0,0,0,0,0,0,0,0,0,0,0,0,0,0.436253,0.393931,0.506753,0.383031,0.387202,0.413014,0.555811,0.393917
0.473073,0.432077,0.477629,0.557431,0.373391,0.568335,0.305962,0.761803,0.373388,0.759047,0.580344,0.551951,0.660057,0.726369,0.620223,0.794507,0.496046,0.996123,0.427058,0.996125,0,0,0,0,0.563493,0.996121,0,0,0,0,0.437782,0.396631,0.506774,0.383078,0.387205,0.415742,0.555837,0.396671
0.471522,0.437522,0.47459,0.557443,0.371876,0.571028,0.304418,0.761799,0.385656,0.759063,0.578828,0.551968,0.660081,0.737255,0.618681,0.791755,0.494506,0.996125,0.427053,0.994758,0,0,0,0,0.561964,0.996119,0,0,0,0,0.434714,0.402129,0.502183,0.396642,0.387199,0.426634,0.551226,0.399397
0.473032,0.442969,0.477654,0.560135,0.374938,0.571059,0.309025,0.756332,0.391808,0.734553,0.581893,0.551996,0.666204,0.748174,0.614084,0.797205,0.489902,0.994757,0.422454,0.987948,0,0,0,0,0.55889,0.982505,0,0,0,0,0.436244,0.40484,0.503713,0.39938,0.388717,0.423935,0.555818,0.399364
0.474582,0.445681,0.483768,0.554714,0.378014,0.560145,0.321286,0.75904,0.413268,0.669174,0.588016,0.551969,0.675401,0.742716,0.61254,0.772654,0.482243,0.99612,0.417856,0.985224,0,0,0,0,0.552758,0.982496,0,0,0,0,0.437804,0.404848,0.508317,0.399363,0.393323,0.42391,0.558889,0.399384
0.477657,0.443012,0.486831,0.560157,0.384141,0.565592,0.336616,0.753638,0.434714,0.581938,0.588022,0.554725,0.678475,0.742724,0.607953,0.739981,0.488378,0.996123,0.42399,0.996122,0,0,0,0,0.560426,0.996124,0,0,0,0,0.44239,0.404836,0.511358,0.399342,0.394854,0.426589,0.560434,0.399409
0.482254,0.445674,0.494502,0.554734,0.387209,0.557435,0.347332,0.737246,0.43013,0.546537,0.603342,0.551983,0.68153,0.729115,0.540503,0.674578,0.494504,0.996122,0.427052,0.99612,0,0,0,0,0.571159,0.985222,0,0,0,0,0.445442,0.404845,0.51291,0.399337,0.397928,0.426592,0.566544,0.393959
0.479171,0.44567,0.483787,0.54652,0.379523,0.546539,0.353474,0.701837,0.420913,0.483857,0.594152,0.538355,0.675393,0.699115,0.557335,0.609203,0.497578,0.996124,0.428585,0.996128,0,0,0,0,0.577287,0.996123,0,0,0,0,0.446978,0.402124,0.511366,0.393952,0.401012,0.418457,0.561975,0.399343
0.474586,0.442974,0.479184,0.562876,0.377998,0.576504,0.341198,0.666437,0.410189,0.453889,0.588019,0.5438,0.666201,0.682782,0.542035,0.573741,0.497575,0.994761,0,0,0,0,0,0,0,0,0,0,0,0,0.43472,0.380333,0.508293,0.393963,0.390249,0.402152,0.560431,0.393923
0.460807,0.445662,0.479175,0.551987,0.379536,0.560143,0.325859,0.655522,0.397917,0.448448,0.588019,0.538355,0.657017,0.66916,0.532844,0.54923,0.486839,0.996121,0.425518,0.99612,0,0,0,0,0.561957,0.996122,0,0,0,0,0.425507,0.372137,0.497588,0.399417,0.379537,0.385751,0.557335,0.396642
0.453108,0.432111,0.480705,0.551963,0.387194,0.565597,0.310557,0.625545,0.385675,0.462029,0.578816,0.535602,0.646288,0.647329,0.528235,0.516596,0.479182,0.996122,0.416327,0.996122,0,0,0,0,0.554295,0.996121,0,0,0,0,0.427044,0.372114,0.488395,0.402063,0.374952,0.396661,0.5497,0.391239
0.453121,0.429357,0.477634,0.560169,0.377998,0.568328,0.30902,0.617368,0.385653,0.445689,0.572685,0.554688,0.643214,0.603733,0.522094,0.494743,0.480714,0.994762,0,0,0,0,0,0,0,0,0,0,0,0,0.423986,0.36667,0.486852,0.393949,0.373379,0.391196,0.545095,0.385762
0.466912,0.396688,0.471499,0.53019,0.371871,0.543815,0.312072,0.598279,0.394854,0.418458,0.568087,0.524732,0.632487,0.576491,0.506769,0.451148,0.479172,0.994761,0.411725,0.994761,0,0,0,0,0.551227,0.99612,0,0,0,0,0.442392,0.353064,0.489898,0.361201,0.382601,0.366717,0.53436,0.363962
0.469983,0.393918,0.462316,0.52744,0.368801,0.546535,0.310538,0.598288,0.394864,0.413,0.561962,0.513833,0.630948,0.571038,0.500639,0.437547,0.477652,0.996121,0,0,0,0,0,0,0.554293,0.994757,0,0,0,0,0.443908,0.350349,0.489914,0.353049,0.388729,0.380284,0.531297,0.350362
0.469959,0.385733,0.46231,0.5193,0.370328,0.543802,0.30288,0.590121,0.396401,0.410281,0.561955,0.500215,0.627878,0.557425,0.506763,0.442972,0.474573,0.996121,0.40406,0.996124,0,0,0,0,0.543565,0.990671,0,0,0,0,0.440851,0.34761,0.489915,0.350318,0.385672,0.380282,0.528234,0.353051
0.465384,0.369407,0.454648,0.522026,0.362669,0.543791,0.29676,0.587386,0.396394,0.413007,0.551221,0.513818,0.627875,0.554692,0.500631,0.426621,0.46845,0.996122,0.397934,0.996122,0,0,0,0,0.542028,0.985223,0,0,0,0,0.433198,0.344869,0.48991,0.342159,0.376459,0.396657,0.523629,0.355787
0.446986,0.353081,0.44546,0.519294,0.354998,0.541066,0.290611,0.598271,0.387211,0.421187,0.54356,0.511102,0.620222,0.543802,0.494501,0.426597,0.462314,0.996124,0.396399,0.996126,0,0,0,0,0.53743,0.994757,0,0,0,0,0.417866,0.328555,0.482253,0.342131,0.364208,0.391221,0.515972,0.344882
0.439323,0.361281,0.436243,0.524749,0.341202,0.543811,0.267619,0.606481,0.358065,0.421173,0.535893,0.51927,0.604892,0.51929,0.482231,0.415726,0.454647,0.996122,0,0,0,0,0,0,0.532836,0.996123,0,0,0,0,0.410215,0.331286,0.471528,0.339503,0.358062,0.3776,0.508271,0.361247
0.431646,0.358553,0.423984,0.541073,0.324337,0.562866,0.256899,0.611899,0.34581,0.421179,0.525164,0.521993,0.598746,0.511112,0.476125,0.402114,0.456186,0.99612,0,0,0,0,0,0,0,0,0,0,0,0,0.407105,0.32309,0.468443,0.339499,0.345809,0.366668,0.503695,0.361256
0.423979,0.361256,0.423982,0.541082,0.32128,0.571041,0.252308,0.611918,0.328959,0.426657,0.525167,0.521996,0.591089,0.502938,0.462324,0.391218,0.457713,0.996123,0,0,0,0,0,0,0.532831,0.996121,0,0,0,0,0.393338,0.325824,0.460793,0.342176,0.341222,0.377589,0.494511,0.361211
0.408654,0.36667,0.42398,0.524753,0.32127,0.568323,0.250761,0.614664,0.32433,0.429376,0.52363,0.502931,0.581901,0.502925,0.45617,0.396672,0.448514,0.996124,0,0,0,0,0,0,0.526706,0.996125,0,0,0,0,0.364204,0.31497,0.45617,0.344863,0.33969,0.383018,0.491434,0.34764
0.411738,0.361221,0.414786,0.527459,0.316684,0.565608,0.246161,0.625547,0.319752,0.440247,0.509834,0.513832,0.574222,0.502925,0.456177,0.399355,0,0,0,0,0,0,0,0,0,0,0,0,0,0,0.384128,0.336696,0.445457,0.339466,0.339682,0.380295,0.47765,0.347638
0.393325,0.361244,0.396399,0.579207,0.302881,0.61193,0.227782,0.696371,0.310553,0.500203,0.494505,0.560153,0.549698,0.568318,0.43319,0.407562,0,0,0,0,0,0,0,0,0,0,0,0,0,0,0.355009,0.404836,0.411724,0.377571,0.324355,0.445719,0.457714,0.396651
0.36114,0.494759,0.391804,0.617386,0.293685,0.647333,0.22162,0.739969,0.296767,0.551962,0.488377,0.609201,0.548175,0.633711,0.42858,0.445718,0,0,0,0,0,0,0,0,0,0,0,0,0,0,0.342733,0.456603,0.379534,0.448427,0.312079,0.478411,0.442385,0.440274
0.361137,0.592819,0.384127,0.680049,0.289084,0.696374,0.221646,0.829912,0.293682,0.617368,0.479173,0.680049,0.560431,0.731812,0.446979,0.546526,0,0,0,0,0,0,0,0,0,0,0,0,0,0,0.338139,0.538363,0.374945,0.538339,0.302891,0.560139,0.446984,0.50838
0.384135,0.592819,0.400992,0.75907,0.307479,0.783589,0.221629,0.840812,0.293675,0.669129,0.48838,0.753617,0.558899,0.707295,0.445444,0.592834,0,0,0,0,0,0,0,0,0,0,0,0,0,0,0.373408,0.546535,0.413247,0.573757,0.321263,0.571053,0.459248,0.581959
0.397952,0.579238,0.394862,0.750884,0.301347,0.797212,0.22624,0.840801,0.295222,0.663682,0.489902,0.745431,0.571169,0.742708,0.450042,0.601044,0,0,0,0,0,0,0,0,0,0,0,0,0,0,0.379541,0.54652,0.422456,0.560149,0.325897,0.546543,0.457715,0.579238
0.399447,0.617338,0.400992,0.794491,0.307477,0.816283,0.204782,0.819033,0.302879,0.666397,0.494511,0.780865,0.575748,0.745446,0.454655,0.641911,0,0,0,0,0,0,0,0,0,0,0,0,0,0,0.381054,0.57917,0.424003,0.581931,0.333538,0.557462,0.463838,0.609207
0.394854,0.617388,0.396391,0.791774,0.295216,0.821735,0.200176,0.80265,0.290631,0.641905,0.496037,0.767243,0.575752,0.734548,0.450058,0.639137,0,0,0,0,0,0,0,0,0,0,0,0,0,0,0.371865,0.571072,0.422434,0.568327,0.313616,0.606487,0.466917,0.60647
0.390261,0.571058,0.387201,0.772683,0.289083,0.797198,0.209364,0.783568,0.272213,0.601039,0.486839,0.759064,0.565026,0.71273,0.442381,0.625569,0,0,0,0,0,0,0,0,0,0,0,0,0,0,0.371871,0.527438,0.425513,0.554712,0.324356,0.551986,0.448519,0.58195
0.377996,0.557443,0.394868,0.77268,0.29368,0.79449,0.20785,0.753612,0.270691,0.562875,0.492978,0.761783,0.558902,0.701823,0.437777,0.614656,0,0,0,0,0,0,0,0,0,0,0,0,0,0,0.358068,0.524735,0.4102,0.541088,0.313614,0.611923,0.450056,0.571033
0.371863,0.601021,0.393322,0.769951,0.292148,0.791751,0.207827,0.742725,0.27069,0.557418,0.485313,0.756325,0.560434,0.704545,0.4378,0.606469,0,0,0,0,0,0,0,0,0,0,0,0,0,0,0.34274,0.584663,0.405592,0.543816,0.307477,0.62828,0.450053,0.576482
0.376476,0.625547,0.394859,0.759063,0.292148,0.77542,0.210913,0.731796,0.276839,0.546514,0.494507,0.756317,0.574214,0.767252,0.45924,0.611913,0,0,0,0,0,0,0,0,0,0,0,0,0,0,0.347338,0.576496,0.410177,0.560162,0.307476,0.61463,0.465382,0.573782
0.378022,0.617372,0.39641,0.759044,0.298281,0.761784,0.210911,0.731792,0.276848,0.535663,0.494502,0.756369,0.595689,0.810842,0.486849,0.628283,0,0,0,0,0,0,0,0,0,0,0,0,0,0,0.348862,0.576515,0.422454,0.579207,0.312069,0.614626,0.469989,0.606494
0.376476,0.609181,0.410181,0.761771,0.307487,0.759055,0.213957,0.748134,0.278346,0.546533,0.508302,0.759078,0.627868,0.881667,0.5313,0.666394,0,0,0,0,0,0,0,0,0,0,0,0,0,0,0.34889,0.562889,0.413271,0.571028,0.316687,0.601026,0.482232,0.581947
0.378004,0.603756,0.417851,0.753629,0.315149,0.756338,0.215503,0.772671,0.282944,0.571045,0.520565,0.748172,0.626349,0.906227,0.577282,0.699122,0,0,0,0,0,0,0,0,0,0,0,0,0,0,0.350426,0.557399,0.41632,0.557481,0.316687,0.584681,0.48683,0.587387
0.388738,0.601044,0.428584,0.753606,0.324352,0.764518,0.221628,0.794479,0.287558,0.601013,0.537438,0.737261,0.632468,0.903502,0.607957,0.802651,0,0,0,0,0,0,0,0,0,0,0,0,0,0,0.359611,0.557393,0.423997,0.554737,0.321269,0.590114,0.492985,0.579226
0.399451,0.579208,0.431652,0.745427,0.322807,0.753598,0.220096,0.86805,0.266096,0.688235,0.551221,0.731829,0.649338,0.908931,0.63093,0.876229,0,0,0,0,0,0,0,0,0,0,0,0,0,0,0.365728,0.541067,0.436238,0.535656,0.327402,0.581941,0.500641,0.568339
0.400995,0.573771,0.425519,0.734542,0.319747,0.750869,0.224682,0.8817,0.256886,0.731838,0.5405,0.720917,0.650869,0.906205,0.634011,0.862611,0,0,0,0,0,0,0,0,0,0,0,0,0,0,0.368807,0.532936,0.4378,0.530132,0.327429,0.576506,0.503701,0.562869
0.402535,0.571054,0.425534,0.731798,0.321284,0.75086,0.22471,0.870803,0.264574,0.731848,0.540498,0.712731,0.650873,0.881682,0.640148,0.859882,0,0,0,0,0,0,0,0,0,0,0,0,0,0,0.371857,0.527482,0.44084,0.527445,0.333541,0.560146,0.505244,0.565583
0.404072,0.568305,0.428584,0.726362,0.325881,0.737249,0.227751,0.878962,0.269152,0.731844,0.540499,0.707311,0.601821,0.794478,0.640142,0.857146,0,0,0,0,0,0,0,0,0,0,0,0,0,0,0.371876,0.527423,0.442383,0.524705,0.33506,0.554734,0.508286,0.557402
0.405585,0.557473,0.425524,0.71819,0.321275,0.729095,0.223181,0.873518,0.259955,0.729111,0.540489,0.701853,0.598751,0.780862,0.637082,0.857146,0,0,0,0,0,0,0,0,0,0,0,0,0,0,0.371883,0.516597,0.442383,0.516577,0.332019,0.543825,0.505251,0.551955
0.407139,0.54927,0.423977,0.696405,0.319747,0.704552,0.226234,0.868069,0.258431,0.748175,0.537437,0.685505,0.650869,0.854429,0,0,0,0,0,0,0,0,0,0,0,0,0,0,0,0,0.374902,0.513775,0.445447,0.511109,0.332025,0.532865,0.50828,0.532857
0.411707,0.551931,0.42401,0.688213,0.321271,0.690933,0.238483,0.876212,0.258423,0.753625,0.535905,0.677335,0.614081,0.786301,0.652401,0.846224,0,0,0,0,0,0,0,0,0,0,0,0,0,0,0.376482,0.508382,0.448524,0.508399,0.338149,0.530163,0.509841,0.521984
0.413278,0.543779,0.423984,0.671878,0.312081,0.671872,0.233905,0.865333,0.263031,0.753631,0.537424,0.671848,0.620207,0.789039,0.658532,0.835344,0,0,0,0,0,0,0,0,0,0,0,0,0,0,0.379546,0.50018,0.451588,0.50019,0.339689,0.51931,0.512893,0.516518
0.41479,0.541071,0.423965,0.663689,0.30902,0.660964,0.230843,0.859886,0.259967,0.761774,0.532841,0.666395,0.626353,0.789016,0.666201,0.835361,0,0,0,0,0,0,0,0,0,0,0,0,0,0,0.382582,0.494747,0.453107,0.497459,0.341208,0.516553,0.511383,0.513808
