0.65292,0.256851,0,0,0.400185,0.654637,0.279171,0.750006,0.254659,0.758169,0.957738,0.575584,0,0,0,0,0,0,0,0,0,0,0,0,0,0,0,0,0,0,0.585519,0.224134,0.706547,0.26226,0.472159,0.45571,0.764736,0.349471
0.654453,0.264978,0.591655,0.676448,0.407838,0.660086,0.282232,0.741836,0.251599,0.758187,0.775465,0.709147,0,0,0,0,0,0,0,0,0,0,0,0,0,0,0,0,0,0,0.583997,0.226814,0.704987,0.256811,0.472185,0.461143,0.758607,0.34947
0.645271,0.267713,0.596245,0.679172,0.40325,0.657376,0.280707,0.741841,0.253133,0.758196,0.776993,0.703693,0.99604,0.815409,0.815292,0.472088,0,0,0,0,0,0,0,0,0,0,0,0,0,0,0.582444,0.226881,0.692756,0.237745,0.472174,0.461207,0.758632,0.316769
0.642182,0.267731,0.597778,0.665548,0.407842,0.657364,0.280704,0.739115,0.254665,0.75818,0.773934,0.687343,0.971531,0.763641,0.793844,0.458457,0,0,0,0,0,0,0,0,0,0,0,0,0,0,0.58093,0.229546,0.689691,0.24047,0.470652,0.463905,0.747888,0.308598
0.634532,0.26502,0.591653,0.665545,0.404777,0.65192,0.280701,0.736395,0.251595,0.758212,0.770867,0.681899,0.979189,0.752742,0.776997,0.453006,0,0,0,0,0,0,0,0,0,0,0,0,0,0,0.576324,0.232283,0.678977,0.24049,0.46912,0.466613,0.734118,0.305861
0.628417,0.2786,0.594713,0.660096,0.400186,0.654645,0.279172,0.736395,0.247008,0.758208,0.764741,0.673721,0.943961,0.725489,0.770867,0.433935,0,0,0,0,0,0,0,0,0,0,0,0,0,0,0.571763,0.232316,0.675887,0.235034,0.467576,0.466636,0.734115,0.289529
0.626893,0.305895,0.579403,0.665545,0.401717,0.660099,0.277641,0.739112,0.24548,0.758183,0.761678,0.673719,0.937829,0.681894,0.766276,0.393067,0,0,0,0,0,0,0,0,0,0,0,0,0,0,0.570198,0.259536,0.663639,0.25957,0.464521,0.463885,0.732575,0.431211
0.628422,0.314022,0.585528,0.665555,0.398653,0.660095,0.277649,0.736403,0.245478,0.758186,0.766271,0.662816,0.939365,0.673723,0.773929,0.384886,0,0,0,0,0,0,0,0,0,0,0,0,0,0,0.57021,0.270446,0.660583,0.254106,0.466051,0.461171,0.734106,0.439384
0.642215,0.352208,0.582462,0.673723,0.400183,0.665536,0.276108,0.741836,0.250066,0.75546,0.77393,0.676455,0.917919,0.673722,0.778532,0.333118,0,0,0,0,0,0,0,0,0,0,0,0,0,0,0.574816,0.289548,0.686627,0.31677,0.47063,0.463875,0.750953,0.423054
0.645255,0.368549,0.580935,0.687341,0.400181,0.665548,0.279171,0.739118,0.253126,0.75544,0.760146,0.700975,0.924045,0.654647,0.778531,0.338564,0,0,0,0,0,0,0,0,0,0,0,0,0,0,0.580908,0.300423,0.686629,0.319486,0.472171,0.455736,0.75402,0.439389
0.652932,0.393037,0.582466,0.687345,0.401719,0.668261,0.28836,0.750008,0.262323,0.755471,0.76015,0.709144,0.925576,0.662824,0.781594,0.354919,0,0,0,0,0,0,0,0,0,0,0,0,0,0,0.58399,0.316821,0.694286,0.354893,0.47369,0.466649,0.758631,0.442119
0.655981,0.395771,0.585529,0.687347,0.401718,0.66827,0.288367,0.74729,0.260787,0.755475,0.767805,0.709152,0.936301,0.660106,0.780054,0.349467,0,0,0,0,0,0,0,0,0,0,0,0,0,0,0.585514,0.327686,0.694282,0.352191,0.473707,0.480231,0.758612,0.453011
0.65751,0.387637,0.591653,0.700966,0.404777,0.670999,0.308278,0.744564,0.269977,0.75274,0.770866,0.720046,0.940892,0.660089,0.775457,0.344031,0,0,0,0,0,0,0,0,0,0,0,0,0,0,0.582445,0.324955,0.69428,0.344032,0.470652,0.485711,0.760137,0.458468
0.65138,0.379437,0.588586,0.703691,0.400185,0.679163,0.311336,0.752735,0.269983,0.75002,0.770867,0.711874,0.940899,0.668269,0.775465,0.346747,0,0,0,0,0,0,0,0,0,0,0,0,0,0,0.574799,0.31951,0.683556,0.333119,0.462987,0.488396,0.75555,0.453017
0.631494,0.363121,0.579397,0.711869,0.390989,0.703695,0.305211,0.818136,0.26845,0.755465,0.755546,0.703684,0.939361,0.67645,0.766273,0.346747,0,0,0,0,0,0,0,0,0,0,0,0,0,0,0.559498,0.314097,0.659047,0.294987,0.447667,0.493896,0.740238,0.442112
0.628414,0.365838,0.577861,0.717312,0.392524,0.711862,0.296022,0.799061,0.268449,0.75545,0.755555,0.698252,0.939362,0.673727,0.761675,0.341299,0,0,0,0,0,0,0,0,0,0,0,0,0,0,0.556397,0.314082,0.65139,0.286816,0.441539,0.504765,0.726457,0.447558
0.619227,0.373989,0.57327,0.717312,0.381799,0.722766,0.299085,0.779985,0.266916,0.755457,0.747895,0.676453,0.937833,0.684622,0.758623,0.357649,0,0,0,0,0,0,0,0,0,0,0,0,0,0,0.53651,0.319489,0.633003,0.289507,0.424712,0.515692,0.718795,0.433941
0.608506,0.373998,0.559487,0.71459,0.372607,0.720034,0.207179,0.924403,0,0,0.741761,0.665545,0.940892,0.668276,0.761678,0.382159,0,0,0,0,0,0,0,0,0,0,0,0,0,0,0.524265,0.327665,0.625345,0.284063,0.421618,0.521147,0,0
0.576335,0.390355,0.556426,0.733671,0.371077,0.755469,0.329719,0.763642,0.273051,0.752735,0.741762,0.665551,0.930174,0.66554,0.75096,0.379444,0,0,0,0,0,0,0,0,0,0,0,0,0,0,0.495161,0.352193,0.600841,0.297692,0.40782,0.548363,0,0
0.565609,0.403936,0.553362,0.736388,0.369551,0.75546,0.320531,0.760914,0.268454,0.752746,0.729514,0.668266,0.922514,0.662821,0.737166,0.373994,0,0,0,0,0,0,0,0,0,0,0,0,0,0,0.481356,0.3658,0.588595,0.305882,0.397115,0.548395,0.701941,0.428487
0.544183,0.423053,0.545703,0.741834,0.363423,0.758183,0.31287,0.779987,0.26079,0.758191,0.714197,0.668273,0.91332,0.657373,0.72492,0.379447,0,0,0,0,0,0,0,0,0,0,0,0,0,0,0.456863,0.384922,0.56103,0.319521,0.387921,0.567439,0.651392,0.357649
0.539563,0.428478,0.538039,0.752728,0.35576,0.760918,0.312871,0.790888,0.254666,0.76092,0.7096,0.690074,0.908729,0.65465,0.724914,0.393059,0,0,0,0,0,0,0,0,0,0,0,0,0,0,0.446137,0.395777,0.557953,0.322207,0.377211,0.564727,0,0
0.534973,0.428459,0.528851,0.73911,0.349636,0.755473,0.296023,0.785434,0.243944,0.760918,0.70347,0.681894,0.893411,0.635575,0.717258,0.393069,0,0,0,0,0,0,0,0,0,0,0,0,0,0,0.436957,0.398483,0.544162,0.316763,0.372616,0.575624,0,0
0.531923,0.425768,0.524255,0.733666,0.345039,0.758184,0.297555,0.801783,0.240882,0.766364,0.706534,0.673724,0.910261,0.64647,0.718789,0.39306,0,0,0,0,0,0,0,0,0,0,0,0,0,0,0.43542,0.395799,0.539585,0.311324,0.371059,0.575605,0,0
0.531924,0.412157,0.524253,0.728219,0.335844,0.758181,0.302152,0.842658,0.230158,0.763641,0.697348,0.673725,0.893409,0.627394,0.711126,0.390351,0,0,0,0,0,0,0,0,0,0,0,0,0,0,0.435423,0.384872,0.542633,0.303158,0.361892,0.572889,0,0
0.539559,0.403982,0.524258,0.733671,0.340445,0.769089,0.299085,0.845384,0.23169,0.77726,0.700408,0.665539,0.887283,0.624674,0.708066,0.387608,0,0,0,0,0,0,0,0,0,0,0,0,0,0,0.435398,0.382168,0.539581,0.297705,0.36038,0.575589,0,0
0.51353,0.420312,0.507405,0.722774,0.326656,0.752742,0.322061,0.853556,0.254661,0.793608,0.678963,0.668274,0.881157,0.559276,0.662111,0.36854,0,0,0,0,0,0,0,0,0,0,0,0,0,0,0.426239,0.387621,0.525784,0.31406,0.354222,0.575623,0,0
0.501269,0.431189,0.521192,0.720042,0.343505,0.769085,0.273046,0.86446,0.257729,0.788163,0.701939,0.66555,0.83367,0.553828,0.645266,0.382166,0,0,0,0,0,0,0,0,0,0,0,0,0,0,0.412452,0.401239,0.513534,0.311314,0.348084,0.578332,0.628417,0.357641
0.470636,0.444847,0.484429,0.717318,0.317469,0.730937,0.239346,0.989797,0.220969,0.859006,0.663645,0.657377,0.813758,0.515684,0.608496,0.578353,0,0,0,0,0,0,0,0,0,0,0,0,0,0,0.390988,0.417606,0.499741,0.338549,0.331256,0.575656,0.593187,0.368538
0.461444,0.444864,0.493616,0.741841,0.325128,0.801783,0.247003,0.97345,0.228626,0.850833,0.665176,0.657375,0.812223,0.499329,0.643732,0.433927,0,0,0,0,0,0,0,0,0,0,0,0,0,0,0.383321,0.423007,0.481364,0.341276,0.325156,0.581103,0.528854,0.289531
0.456864,0.444822,0.490553,0.755461,0.328187,0.826314,0.227093,0.984347,0.231689,0.829034,0.655989,0.6601,0.786184,0.482982,0.591653,0.36582,0,0,0,0,0,0,0,0,0,0,0,0,0,0,0.3772,0.423027,0.478304,0.344034,0.325119,0.591977,0.587057,0.382162
0.45072,0.436672,0.479839,0.752741,0.314403,0.834483,0.208712,0.993884,0.217897,0.79361,0.657517,0.654644,0.773935,0.455741,0.541106,0.324948,0,0,0,0,0,0,0,0,0,0,0,0,0,0,0.372628,0.423064,0.464522,0.352181,0.320522,0.60834,0.571739,0.395793
0.439994,0.439382,0.4829,0.760907,0.332783,0.861733,0.188799,0.981622,0.19799,0.730935,0.652921,0.643752,0.764742,0.433929,0.547232,0.335848,0,0,0,0,0,0,0,0,0,0,0,0,0,0,0.361882,0.428517,0.462983,0.349457,0.308266,0.61649,0.547231,0.373986
0.432346,0.444829,0.481367,0.747291,0.322064,0.820863,0.125996,0.973448,0.199523,0.698248,0.646796,0.646474,0.772396,0.43394,0.52885,0.333123,0,0,0,0,0,0,0,0,0,0,0,0,0,0,0.354227,0.431248,0.456851,0.346732,0.305204,0.570177,0.541104,0.357647
0.421621,0.442072,0.479836,0.75002,0.318995,0.839935,0.0999542,0.946198,0.191859,0.700965,0.645264,0.651919,0.767805,0.433943,0.561017,0.346753,0,0,0,0,0,0,0,0,0,0,0,0,0,0,0.338908,0.423034,0.44153,0.341274,0.288375,0.548363,0.53191,0.357645
0.417041,0.431201,0.475235,0.758193,0.317467,0.859002,0.0877014,0.968,0.193395,0.673714,0.626884,0.627402,0.778531,0.439396,0.568673,0.346738,0,0,0,0,0,0,0,0,0,0,0,0,0,0,0.337376,0.414851,0.436947,0.333114,0.288357,0.545637,0.533448,0.363088
0.412431,0.425783,0.462982,0.717313,0.29602,0.801783,0.0570681,0.932571,0.208713,0.657374,0.614628,0.611047,0.770867,0.444833,0.548757,0.349465,0,0,0,0,0,0,0,0,0,0,0,0,0,0,0.325126,0.409428,0.420095,0.33038,0.265381,0.529298,0.528852,0.34946
0.407842,0.425758,0.443069,0.692797,0.285301,0.823586,0.0402239,0.92713,0.216375,0.66282,0.602375,0.591976,0.772402,0.433937,0.556423,0.390335,0,0,0,0,0,0,0,0,0,0,0,0,0,0,0.325145,0.403957,0.413965,0.316781,0.266914,0.521136,0.479833,0.264997
0.32819,0.518419,0,0,0,0,0,0,0,0,0,0,0,0,0,0,0,0,0,0,0,0,0,0,0,0,0,0,0,0,0.289894,0.450295,0.372616,0.480234,0.24701,0.537478,0,0
0.315932,0.461192,0.386394,0.720038,0.245473,0.839935,0.0080602,0.951655,0.162759,0.649202,0.557953,0.567456,0.64986,0.349472,0.424688,0.352189,0,0,0,0,0,0,0,0,0,0,0,0,0,0,0.240878,0.458459,0.319,0.373998,0.191868,0.442114,0.470634,0.466636
0.291416,0.474797,0.39099,0.758186,0.257727,0.848105,0,0,0,0,0.550294,0.61105,0.649861,0.354923,0.444601,0.341293,0,0,0,0,0,0,0,0,0,0,0,0,0,0,0.251597,0.406683,0.343512,0.379447,0.193391,0.562004,0.466045,0.482986
0.303685,0.477532,0.398649,0.747287,0.253131,0.785443,0,0,0,0,0.585526,0.641018,0.662115,0.376717,0.479832,0.333123,0,0,0,0,0,0,0,0,0,0,0,0,0,0,0.24547,0.436662,0.349641,0.371283,0.188799,0.572898,0.464522,0.466651
0.314412,0.472083,0.392523,0.747285,0.210243,0.856284,0.00957457,0.94076,0.147441,0.597429,0.582463,0.627402,0.677432,0.382169,0.479835,0.335845,0,0,0,0,0,0,0,0,0,0,0,0,0,0,0.259259,0.436655,0.35423,0.360379,0.194927,0.54565,0.470637,0.466588
0.326647,0.466621,0.395585,0.711866,0.236281,0.763637,0.00421985,0.913498,0.170414,0.542923,0.582461,0.616498,0.689683,0.403971,0.498216,0.338577,0,0,0,0,0,0,0,0,0,0,0,0,0,0,0.263862,0.401231,0.358818,0.352202,0.214836,0.480257,0.476754,0.469325
0.332787,0.472102,0.400179,0.709138,0.216371,0.796336,0.0356127,0.872629,0.188797,0.52657,0.557953,0.600149,0.692749,0.40941,0.496682,0.341284,0,0,0,0,0,0,0,0,0,0,0,0,0,0,0.280703,0.403966,0.372604,0.360379,0.224025,0.48571,0.481354,0.466665
0.340446,0.458439,0.394058,0.700966,0.219435,0.760914,0.0371624,0.807233,0.185734,0.482987,0.568677,0.616499,0.706529,0.425772,0.508939,0.335856,0,0,0,0,0,0,0,0,0,0,0,0,0,0,0.296022,0.431202,0.378734,0.352199,0.219433,0.542934,0.484452,0.463929
0.33892,0.447563,0.403244,0.711873,0.247005,0.779987,0.0386908,0.796332,0.190332,0.48299,0.571739,0.613775,0.698878,0.425768,0.499743,0.333114,0,0,0,0,0,0,0,0,0,0,0,0,0,0,0.294488,0.41486,0.386399,0.346759,0.220965,0.548382,0.490557,0.466583
0.328195,0.450308,0.401713,0.71732,0.239344,0.763638,0.0356263,0.807234,0.191864,0.480262,0.573271,0.591977,0.698875,0.431213,0.479834,0.341298,0,0,0,0,0,0,0,0,0,0,0,0,0,0,0.28683,0.428479,0.380265,0.354924,0.222497,0.532031,0.489035,0.477534
0.325137,0.444842,0.40018,0.733669,0.236282,0.77726,0.031024,0.799062,0.185734,0.477542,0.585525,0.624674,0.67743,0.417591,0.481365,0.35492,0,0,0,0,0,0,0,0,0,0,0,0,0,0,0.279172,0.382171,0.380267,0.357646,0.21484,0.537479,0.487485,0.474845
0.315946,0.439383,0.403248,0.733661,0.242409,0.796334,0.0294964,0.793615,0.168883,0.485704,0.582463,0.649196,0.671305,0.401242,0.495149,0.338567,0,0,0,0,0,0,0,0,0,0,0,0,0,0,0.269984,0.384899,0.378739,0.360367,0.21484,0.600151,0.478318,0.480231
0.305221,0.442135,0.400183,0.728212,0.243941,0.78816,0.0340823,0.807241,0.165825,0.482992,0.576335,0.654642,0.669774,0.398515,0.456858,0.352191,0,0,0,0,0,0,0,0,0,0,0,0,0,0,0.260782,0.439392,0.371085,0.354905,0.21024,0.570175,0.475257,0.480272
0.296015,0.43937,0.384863,0.750016,0.237816,0.774533,0.0141767,0.848096,0.145905,0.502056,0.550296,0.660091,0,0,0,0,0,0,0,0,0,0,0,0,0,0,0,0,0,0,0.250065,0.428495,0.349629,0.349472,0.196453,0.564728,0.470644,0.480244
0.294491,0.439412,0.375675,0.758188,0.23322,0.771816,0.029496,0.859006,0.14285,0.518397,0.539572,0.67644,0,0,0,0,0,0,0,0,0,0,0,0,0,0,0,0,0,0,0.247011,0.433938,0.345042,0.354907,0.194922,0.570177,0.469116,0.474819
0.300615,0.43118,0.380266,0.739119,0.21484,0.790887,0.00958262,0.845374,0.11987,0.515677,0.553359,0.638298,0.654454,0.376719,0.429287,0.344021,0,0,0,0,0,0,0,0,0,0,0,0,0,0,0.242419,0.423027,0.351171,0.349468,0.19186,0.605601,0.472185,0.466606
0.302143,0.428506,0.380269,0.714597,0.219435,0.782711,0.0187713,0.861734,0.139777,0.521134,0.551827,0.632848,0.655987,0.387609,0.469111,0.314047,0,0,0,0,0,0,0,0,0,0,0,0,0,0,0.245477,0.398513,0.355759,0.346733,0.193396,0.578352,0.473696,0.46117
0.317462,0.42573,0.375678,0.741842,0.204114,0.801778,0.0111112,0.861723,0.136715,0.515679,0.565613,0.643747,0.659051,0.387613,0.427752,0.281347,0,0,0,0,0,0,0,0,0,0,0,0,0,0,0.256196,0.390334,0.372608,0.335851,0.197986,0.564728,0.481356,0.466661
0.323594,0.428459,0.380266,0.730944,0.211772,0.799056,0.00957868,0.845399,0.144381,0.507511,0.579397,0.643742,0.666708,0.387619,0.45073,0.284076,0,0,0,0,0,0,0,0,0,0,0,0,0,0,0.266919,0.360373,0.377214,0.349481,0.199522,0.534756,0.479839,0.463908
0.334319,0.423043,0.395583,0.741845,0.224029,0.77454,0.00958362,0.831751,0.170414,0.504779,0.600845,0.684617,0.685092,0.993893,0,0,0,0,0,0,0,0,0,0,0,0,0,0,0,0,0.276116,0.35219,0.383332,0.357645,0.216366,0.488432,0.484422,0.453004
0.335843,0.423032,0.38946,0.730935,0.219434,0.788161,0.00958511,0.809962,0.170417,0.504785,0.582461,0.654642,0.678959,0.395795,0.492084,0.297703,0,0,0,0,0,0,0,0,0,0,0,0,0,0,0.277637,0.352191,0.390996,0.354933,0.217898,0.485708,0.489023,0.45847
0.33279,0.425738,0.387929,0.725489,0.224031,0.763634,0.00958115,0.845375,0.170414,0.521124,0.583995,0.649196,0.683558,0.409417,0.505873,0.335849,0,0,0,0,0,0,0,0,0,0,0,0,0,0,0.268448,0.360369,0.392519,0.357644,0.217903,0.472086,0.490552,0.463918
0.332786,0.428491,0.383332,0.752731,0.217905,0.760911,0.00958915,0.82358,0.164294,0.523859,0.590119,0.657373,0.691219,0.423036,0.495149,0.344026,0,0,0,0,0,0,0,0,0,0,0,0,0,0,0.268453,0.368538,0.381804,0.352186,0.214842,0.474811,0.484433,0.455728
0.323589,0.431221,0.378736,0.728217,0.214835,0.760919,0.00958232,0.842652,0.16123,0.52385,0.588588,0.654646,0.686617,0.423033,0.50128,0.346746,0,0,0,0,0,0,0,0,0,0,0,0,0,0,0.257731,0.373996,0.375669,0.349479,0.20718,0.477536,0.47524,0.439383
0.319004,0.436649,0.374147,0.725488,0.217904,0.76909,0.00958755,0.85083,0.159689,0.526568,0.557952,0.635572,0.685093,0.414867,0.479834,0.344003,0,0,0,0,0,0,0,0,0,0,0,0,0,0,0.253129,0.379448,0.364955,0.354915,0.197985,0.493877,0.475239,0.43938
0.308274,0.450272,0.372611,0.758197,0.208711,0.779988,0.0111222,0.869904,0.136716,0.532039,0.665166,0.714587,0,0,0,0,0,0,0,0,0,0,0,0,0,0,0,0,0,0,0.242417,0.398524,0.352698,0.357634,0.190334,0.537476,0.464516,0.431216
0.303681,0.452993,0.380268,0.739115,0.207181,0.801786,0.0111066,0.880806,0.127524,0.545656,0.568676,0.621948,0.668237,0.417585,0.429285,0.352197,0,0,0,0,0,0,0,0,0,0,0,0,0,0,0.22862,0.409414,0.352697,0.363088,0.188794,0.564728,0.4492,0.406689
0.299089,0.461217,0.371078,0.763644,0.19799,0.801784,0.009579,0.946204,0.118341,0.564728,0.665171,0.698244,0,0,0,0,0,0,0,0,0,0,0,0,0,0,0,0,0,0,0.234749,0.417594,0.348109,0.379456,0.18727,0.529317,0.459919,0.442116
0.294503,0.463899,0.36495,0.758183,0.196457,0.804507,0.00958396,0.910773,0.116805,0.567448,0.541107,0.635572,0.659051,0.414865,0.417032,0.357638,0,0,0,0,0,0,0,0,0,0,0,0,0,0,0.231686,0.409423,0.343502,0.382173,0.187266,0.534753,0.453791,0.43121
0.296012,0.469387,0.369545,0.76364,0.19799,0.801787,0.00958595,0.921673,0.11528,0.570181,0.5457,0.643745,0.669772,0.409418,0.424689,0.354923,0,0,0,0,0,0,0,0,0,0,0,0,0,0,0.231688,0.425771,0.343511,0.379437,0.187267,0.537482,0.456855,0.455726
0.297544,0.477525,0.371081,0.766357,0.199523,0.807236,0.0095787,0.940749,0.116799,0.570168,0.551826,0.638297,0.668243,0.41214,0.433881,0.354917,0,0,0,0,0,0,0,0,0,0,0,0,0,0,0.23169,0.433919,0.341977,0.38216,0.18879,0.526596,0.450729,0.425761
0.299079,0.477523,0.36955,0.760918,0.194928,0.818133,0.0111081,0.897154,0.119867,0.564733,0.55489,0.651918,0.669774,0.412137,0.436944,0.365822,0,0,0,0,0,0,0,0,0,0,0,0,0,0,0.23935,0.42303,0.343498,0.37671,0.185737,0.461173,0.450734,0.412138
0.294491,0.485677,0.371075,0.763641,0.191864,0.807232,0.0111159,0.940755,0.115269,0.570185,0.587058,0.668269,0.659049,0.401241,0.481365,0.357642,0,0,0,0,0,0,0,0,0,0,0,0,0,0,0.234748,0.431219,0.341966,0.384893,0.188803,0.491162,0.440013,0.398513
0.292961,0.491175,0.369549,0.758192,0.201053,0.788165,0.00804818,0.935298,0.112214,0.575614,0.527324,0.700963,0,0,0,0,0,0,0,0,0,0,0,0,0,0,0,0,0,0,0.233213,0.436678,0.326657,0.384891,0.191849,0.504799,0.433886,0.401251
0.286834,0.512956,0.377207,0.771816,0.197987,0.848095,0,0,0,0,0.548764,0.594701,0.654457,0.387616,0.4492,0.354925,0,0,0,0,0,0,0,0,0,0,0,0,0,0,0.220969,0.47208,0.314393,0.382148,0.178083,0.545647,0.424688,0.393069
0.262313,0.510234,0.364948,0.782718,0.181137,0.848114,0.0111107,0.992521,0.0739219,0.651928,0.542638,0.613777,0.652925,0.36854,0.418562,0.360364,0,0,0,0,0,0,0,0,0,0,0,0,0,0,0.202572,0.463916,0.305204,0.390345,0.165819,0.564735,0.441545,0.444835
0.2562,0.512969,0.363418,0.779984,0.176544,0.850838,0.011114,0.992522,0.0739169,0.654645,0.550294,0.624671,0.652926,0.368542,0.42316,0.346742,0,0,0,0,0,0,0,0,0,0,0,0,0,0,0.194922,0.461201,0.305212,0.384888,0.158156,0.575636,0.438474,0.466647
0.259258,0.507489,0.366484,0.777265,0.185734,0.850824,0.011118,0.989796,0.0800366,0.638291,0.556421,0.638298,0.649859,0.368542,0.427755,0.354924,0,0,0,0,0,0,0,0,0,0,0,0,0,0,0.194936,0.4503,0.311344,0.365822,0.168886,0.621955,0.441547,0.47481
0.263859,0.496607,0.369546,0.76364,0.193392,0.850835,0,0,0,0,0.553358,0.594702,0.655985,0.373996,0.438474,0.360368,0,0,0,0,0,0,0,0,0,0,0,0,0,0,0.211773,0.461185,0.318994,0.376726,0.17348,0.62195,0.446145,0.477535
0.26998,0.482983,0.380272,0.755463,0.208708,0.84265,0.00805637,0.938029,0.110684,0.608314,0.556423,0.6165,0.663642,0.387625,0.498214,0.333121,0,0,0,0,0,0,0,0,0,0,0,0,0,0,0.219433,0.425753,0.332787,0.38762,0.175015,0.575627,0.447666,0.474826
0.273038,0.474823,0.384862,0.760912,0.20871,0.837203,0.00805714,0.94074,0.107612,0.613785,0.580929,0.646471,0.682012,0.995256,0,0,0,0,0,0,0,0,0,0,0,0,0,0,0,0,0.21484,0.431208,0.334308,0.390335,0.175013,0.589255,0.450739,0.480267
0.271504,0.482972,0.378735,0.760914,0.208712,0.848096,0.00958815,0.935303,0.0953623,0.627403,0.550296,0.627399,0.66518,0.412143,0.490553,0.344007,0,0,0,0,0,0,0,0,0,0,0,0,0,0,0.208715,0.439396,0.325128,0.371269,0.184204,0.638295,0.452251,0.485737
0.265384,0.488446,0.374143,0.763643,0.216369,0.853563,0.0111183,0.946201,0.0953638,0.621953,0.550296,0.6165,0.662114,0.409418,0.489022,0.341293,0,0,0,0,0,0,0,0,0,0,0,0,0,0,0.211769,0.444839,0.314407,0.384881,0.18267,0.641023,0.44921,0.491144
0.262331,0.491169,0.372613,0.758195,0.202582,0.845375,0.00958556,0.924403,0.0938252,0.613777,0.554891,0.621949,0.680495,0.995252,0,0,0,0,0,0,0,0,0,0,0,0,0,0,0,0,0.207181,0.480255,0.319002,0.379431,0.173483,0.635574,0.447686,0.48845
0.262335,0.48846,0.37108,0.760909,0.204116,0.84539,0.00958263,0.929851,0.0938281,0.619227,0.545697,0.619227,0.654461,0.393063,0.482895,0.341304,0,0,0,0,0,0,0,0,0,0,0,0,0,0,0.205649,0.472084,0.328191,0.371262,0.175014,0.638294,0.446141,0.488419
0.263849,0.488419,0.368016,0.760918,0.193397,0.845387,0.0111071,0.932573,0.0907689,0.627397,0.547232,0.630122,0.652919,0.390336,0.469107,0.341294,0,0,0,0,0,0,0,0,0,0,0,0,0,0,0.199525,0.469362,0.322061,0.373994,0.170418,0.649194,0.444582,0.485729
0.265396,0.488465,0.368015,0.758193,0.193397,0.848098,0.00959119,0.940753,0.0938342,0.624672,0.5457,0.619222,0.652925,0.390341,0.466046,0.338562,0,0,0,0,0,0,0,0,0,0,0,0,0,0,0.207175,0.450291,0.322062,0.390329,0.161227,0.632846,0.441534,0.488445
0.273051,0.488425,0.372609,0.758194,0.201054,0.845374,0.00957674,0.938011,0.109144,0.602877,0.547231,0.613778,0.652923,0.384888,0.44307,0.333125,0,0,0,0,0,0,0,0,0,0,0,0,0,0,0.211773,0.439386,0.331246,0.379446,0.16429,0.575627,0.444589,0.482994
0.274586,0.488408,0.377206,0.766363,0.213305,0.845386,0.00805899,0.927124,0.113745,0.589257,0.553357,0.619226,0.649859,0.373992,0.374143,0.34674,0,0,0,0,0,0,0,0,0,0,0,0,0,0,0.208713,0.436667,0.329725,0.376717,0.164293,0.572904,0.444584,0.485668
0.276125,0.488385,0.37567,0.777264,0.214838,0.839934,0.00805719,0.902604,0.118338,0.59742,0.539574,0.5838,0.64833,0.382164,0.430814,0.376719,0,0,0,0,0,0,0,0,0,0,0,0,0,0,0.219437,0.423039,0.331257,0.379426,0.171947,0.567452,0.444621,0.485728
0.276118,0.482978,0.37108,0.771819,0.21024,0.845372,0.00805999,0.932578,0.124467,0.602873,0.539573,0.635574,0.645264,0.387614,0.366482,0.349471,0,0,0,0,0,0,0,0,0,0,0,0,0,0,0.222498,0.436668,0.318996,0.376711,0.170417,0.540202,0.456848,0.480258
0.268439,0.488409,0.371076,0.758191,0.213309,0.848107,0.00805504,0.940763,0.116808,0.621943,0.53038,0.57563,0.620757,0.37944,0.369545,0.357643,0,0,0,0,0,0,0,0,0,0,0,0,0,0,0.220968,0.455731,0.297553,0.379447,0.164291,0.578355,0.377205,0.360369
0.239355,0.529293,0.355759,0.763636,0.196458,0.850832,0,0,0,0,0.522722,0.600154,0.596248,0.365815,0.386396,0.444834,0,0,0,0,0,0,0,0,0,0,0,0,0,0,0.181142,0.477529,0.268451,0.420311,0,0,0.404772,0.425766
0.242401,0.529292,0.361888,0.766361,0.201054,0.864457,0,0,0,0,0.536509,0.597427,0.596244,0.365817,0.334317,0.371269,0,0,0,0,0,0,0,0,0,0,0,0,0,0,0.187267,0.499337,0.271521,0.41214,0.158163,0.654643,0.397121,0.439386
0.248534,0.534748,0.348101,0.769085,0.20718,0.869903,0,0,0,0,0.536507,0.602873,0.599312,0.363096,0.401713,0.406693,0,0,0,0,0,0,0,0,0,0,0,0,0,0,0.184202,0.504777,0.285293,0.395785,0.148971,0.657367,0.403245,0.453018
0.251595,0.545665,0.348104,0.758196,0.208709,0.853561,0,0,0,0,0.536508,0.613772,0.602374,0.363095,0.401713,0.414866,0,0,0,0,0,0,0,0,0,0,0,0,0,0,0.188791,0.523866,0.26999,0.414862,0.15816,0.66554,0.389456,0.425769
0.254655,0.551082,0.360357,0.758186,0.240879,0.897156,0,0,0,0,0.511999,0.589249,0.606965,0.373995,0.409372,0.412136,0,0,0,0,0,0,0,0,0,0,0,0,0,0,0.187263,0.504791,0.274574,0.420307,0.16889,0.662828,0.375677,0.406689
0.260801,0.551079,0.352698,0.755467,0.228627,0.886258,0,0,0,0,0.521191,0.570181,0.606976,0.379442,0.424695,0.401246,0,0,0,0,0,0,0,0,0,0,0,0,0,0,0.191851,0.510239,0.280697,0.40122,0.167357,0.660097,0.387926,0.384887
0.257736,0.553844,0.329721,0.752734,0.190327,0.831764,0,0,0,0,0.524254,0.57563,0.619225,0.384878,0.423153,0.403966,0,0,0,0,0,0,0,0,0,0,0,0,0,0,0.191858,0.51567,0.285301,0.409408,0.156628,0.591988,0.377206,0.398512
0.25772,0.553853,0.343506,0.763638,0.190329,0.848095,0,0,0,0,0.493619,0.597426,0.617691,0.379438,0.412436,0.390339,0,0,0,0,0,0,0,0,0,0,0,0,0,0,0.188802,0.518403,0.283775,0.414867,0.15663,0.586531,0.395585,0.423033
0.257722,0.553821,0.348104,0.75819,0.182672,0.848115,0,0,0,0,0.519659,0.602876,0.619222,0.379438,0.420096,0.395797,0,0,0,0,0,0,0,0,0,0,0,0,0,0,0.182672,0.523864,0.27918,0.417589,0,0,0.397115,0.376717
0.251596,0.553851,0.340442,0.758185,0.179609,0.845382,0,0,0,0,0.541105,0.608326,0.62535,0.371272,0.383332,0.393067,0,0,0,0,0,0,0,0,0,0,0,0,0,0,0.181142,0.537476,0.274576,0.42577,0,0,0.317462,0.344013
0.254667,0.553806,0.337381,0.744566,0.179611,0.848095,0,0,0,0,0.525787,0.597425,0.628414,0.36855,0.389459,0.403964,0,0,0,0,0,0,0,0,0,0,0,0,0,0,0.185736,0.548384,0.274578,0.431196,0.15816,0.605598,0.314405,0.3304
0.250074,0.553785,0.341973,0.75546,0.176547,0.850831,0,0,0,0,0.534978,0.632848,0.628417,0.368538,0.378736,0.37944,0,0,0,0,0,0,0,0,0,0,0,0,0,0,0.191849,0.518409,0.274568,0.425769,0.153564,0.589252,0.312869,0.330391
0.248543,0.556552,0.329723,0.760914,0.165826,0.856278,0.0157041,0.940748,0.044814,0.630122,0.516596,0.673718,0.620756,0.363088,0.380271,0.444843,0,0,0,0,0,0,0,0,0,0,0,0,0,0,0.179613,0.5211,0.282235,0.425769,0.139788,0.564724,0.325127,0.330391
0.250078,0.556544,0.340443,0.755455,0.175014,0.85628,0.0126453,0.995247,0.0402159,0.643748,0.527318,0.608326,0.625353,0.363094,0.372612,0.382169,0,0,0,0,0,0,0,0,0,0,0,0,0,0,0.187272,0.521136,0.279174,0.431217,0.13977,0.540209,0.345035,0.346756
0.250078,0.55658,0.343508,0.760911,0.165826,0.856278,0,0,0,0,0.51966,0.665545,0.623819,0.363089,0.38027,0.447559,0,0,0,0,0,0,0,0,0,0,0,0,0,0,0.184204,0.532038,0.276099,0.431239,0.127526,0.545642,0.320526,0.31678
0.242402,0.559301,0.35423,0.758189,0.175011,0.878079,0.0157099,0.993883,0.01112,0.624676,0.536507,0.578353,0.623818,0.357645,0.380262,0.436653,0,0,0,0,0,0,0,0,0,0,0,0,0,0,0.167364,0.53204,0.265393,0.428465,0.136718,0.619218,0.323593,0.319503
0.239343,0.567455,0.341975,0.714592,0.176544,0.878079,0.0310257,0.993888,0.00958845,0.668266,0.512,0.532029,0.616163,0.36309,0.387928,0.412139,0,0,0,0,0,0,0,0,0,0,0,0,0,0,0.164289,0.540211,0.260791,0.433947,0.0923121,0.578371,0.325127,0.34401
0.233217,0.575596,0.334316,0.733663,0.170419,0.880804,0.0218346,0.992521,0.0126396,0.621951,0.516595,0.529306,0.610036,0.357647,0.374135,0.444828,0,0,0,0,0,0,0,0,0,0,0,0,0,0,0.155107,0.545669,0.256188,0.439385,0.112207,0.611045,0.308274,0.33584
0.230171,0.575569,0.341973,0.752739,0.17348,0.875349,0.0294918,0.993884,0.00959013,0.583805,0.513532,0.556556,0.610033,0.354924,0.361892,0.431207,0,0,0,0,0,0,0,0,0,0,0,0,0,0,0.153574,0.551103,0.253123,0.431225,0.113742,0.616503,0.308276,0.338564
0.230166,0.57292,0.345037,0.747287,0.179607,0.864462,0,0,0,0,0.515063,0.553832,0.6085,0.357645,0.369551,0.444831,0,0,0,0,0,0,0,0,0,0,0,0,0,0,0.155099,0.551101,0.256191,0.433921,0.113742,0.613775,0.315934,0.338574
0.234741,0.570148,0.343508,0.725491,0.178078,0.867179,0.0172419,0.992521,0.0141798,0.638297,0.525788,0.532031,0,0,0,0,0,0,0,0,0,0,0,0,0,0,0,0,0,0,0.159704,0.545632,0.253133,0.431207,0.115264,0.600149,0.311344,0.333126
0.23782,0.564736,0.358823,0.758185,0.19186,0.864459,0.0218354,0.940753,0.0126497,0.638299,0.513532,0.55928,0.610034,0.35492,0.369542,0.417579,0,0,0,0,0,0,0,0,0,0,0,0,0,0,0.16277,0.548385,0.262329,0.431192,0.118342,0.616501,0.369545,0.382159
0.236278,0.567444,0.369547,0.752735,0.210242,0.87263,0,0,0,0,0.52119,0.559279,0.642202,0.444839,0.386397,0.354924,0,0,0,0,0,0,0,0,0,0,0,0,0,0,0.176537,0.559281,0.27305,0.439394,0.152032,0.665549,0.329721,0.368537
0.239329,0.562006,0.368012,0.725492,0.216371,0.880806,0,0,0,0,0.507405,0.458463,0.648327,0.453015,0.453791,0.368545,0,0,0,0,0,0,0,0,0,0,0,0,0,0,0.176556,0.55658,0.274566,0.442088,0.148975,0.662832,0.334318,0.371267
0.239348,0.559262,0.366482,0.722767,0.205647,0.891701,0,0,0,0,0.50281,0.466637,0.655979,0.439398,0.447667,0.360367,0,0,0,0,0,0,0,0,0,0,0,0,0,0,0.175009,0.567434,0.274563,0.442091,0.148963,0.66555,0.340441,0.384883
0.237803,0.561988,0.364949,0.750017,0.197989,0.878079,0,0,0,0,0.507405,0.556558,0.634543,0.444836,0.378737,0.352198,0,0,0,0,0,0,0,0,0,0,0,0,0,0,0.17043,0.570166,0.26997,0.433942,0.145908,0.668269,0.329722,0.387614
0.237797,0.564728,0.369548,0.76637,0.197991,0.880804,0,0,0,0,0.530382,0.608326,0.646794,0.439395,0.37108,0.354919,0,0,0,0,0,0,0,0,0,0,0,0,0,0,0.167362,0.572887,0.26692,0.436678,0.144379,0.670993,0.332782,0.384884
0.237812,0.564725,0.368016,0.766363,0.196456,0.878081,0,0,0,0,0.512001,0.5947,0.648327,0.442117,0.37261,0.354914,0,0,0,0,0,0,0,0,0,0,0,0,0,0,0.170414,0.570198,0.265392,0.439394,0.147439,0.665537,0.335843,0.384892
0.239344,0.564736,0.368012,0.758193,0.19952,0.888976,0,0,0,0,0.512002,0.578353,0.646798,0.447558,0.369548,0.352193,0,0,0,0,0,0,0,0,0,0,0,0,0,0,0.170418,0.572873,0.262326,0.442135,0.14591,0.668253,0.329719,0.379438
0.239355,0.570175,0.352699,0.687344,0.196459,0.875358,0,0,0,0,0.507406,0.431215,0.649857,0.455737,0,0,0,0,0,0,0,0,0,0,0,0,0,0,0,0,0.173465,0.572889,0.266917,0.442078,0.142856,0.662829,0.32819,0.371265
0.242401,0.570173,0.346573,0.676445,0.201052,0.875354,0.00958017,0.995247,0.0371475,0.654647,0.499745,0.461188,0.651394,0.444833,0.467579,0.376711,0,0,0,0,0,0,0,0,0,0,0,0,0,0,0.173492,0.572924,0.26386,0.439392,0.14285,0.660106,0.326656,0.365818
0.243952,0.559265,0.354227,0.692791,0.211774,0.883529,0,0,0,0,0.499748,0.431216,0.657517,0.442116,0.469109,0.371272,0,0,0,0,0,0,0,0,0,0,0,0,0,0,0.17347,0.567436,0.268445,0.433918,0.145912,0.657376,0.325126,0.360372
0.243943,0.559263,0.354226,0.687343,0.201054,0.872635,0,0,0,0,0.502809,0.453016,0.657514,0.439401,0.4155,0.363091,0,0,0,0,0,0,0,0,0,0,0,0,0,0,0.173481,0.570153,0.273038,0.433922,0,0,0.32972,0.360361
0.242431,0.567452,0.348102,0.71459,0.19186,0.853558,0.0141784,0.965277,0.0601228,0.65736,0.496683,0.537479,0.657525,0.444832,0.467581,0.382163,0,0,0,0,0,0,0,0,0,0,0,0,0,0,0.176544,0.556568,0.274579,0.433959,0,0,0.338908,0.368538
0.240897,0.570179,0.351168,0.706415,0.1888,0.850823,0,0,0,0,0.504341,0.504783,0.64067,0.670995,0,0,0,0,0,0,0,0,0,0,0,0,0,0,0,0,0.170419,0.55112,0.274579,0.439397,0,0,0.34044,0.373997
0.240882,0.570147,0.363416,0.741838,0.191858,0.859002,0.0172384,0.965264,0.0616624,0.654642,0.508937,0.562,0.659052,0.442105,0.433881,0.371267,0,0,0,0,0,0,0,0,0,0,0,0,0,0,0.167363,0.553843,0.273046,0.444824,0,0,0.338914,0.368547
0.242394,0.570164,0.358823,0.714591,0.205648,0.85628,0.0141782,0.968003,0.0601288,0.657364,0.501279,0.542927,0.657526,0.439379,0.424688,0.36037,0,0,0,0,0,0,0,0,0,0,0,0,0,0,0.175016,0.556541,0.273038,0.447565,0.139786,0.611037,0.334319,0.371268
0.240888,0.567428,0.352696,0.679166,0.19186,0.845374,0.0157049,0.940751,0.043285,0.673721,0.504344,0.474812,0.652921,0.758187,0,0,0,0,0,0,0,0,0,0,0,0,0,0,0,0,0.17654,0.545668,0.274576,0.439397,0.14132,0.611063,0.331254,0.365822
0.240892,0.559265,0.351166,0.692797,0.187266,0.84266,0.0157107,0.968,0.0463454,0.671001,0.527317,0.556551,0.652925,0.450279,0.467578,0.387592,0,0,0,0,0,0,0,0,0,0,0,0,0,0,0.175009,0.548373,0.274582,0.439393,0.144381,0.619219,0.338912,0.368532
0.240892,0.553795,0.354228,0.676441,0.19339,0.845379,0.0157095,0.9571,0.0570726,0.649202,0.525786,0.425767,0.663644,0.431215,0.475244,0.373989,0,0,0,0,0,0,0,0,0,0,0,0,0,0,0.178083,0.529319,0.277637,0.425768,0.145903,0.619237,0.348103,0.360359
0.240885,0.548367,0.357292,0.665545,0.194925,0.848108,0.0218338,0.921675,0.0417515,0.670996,0.524257,0.417591,0.634544,0.654648,0,0,0,0,0,0,0,0,0,0,0,0,0,0,0,0,0.173484,0.534743,0.277643,0.423056,0.142862,0.632819,0.341976,0.357636
0.239356,0.54019,0.351166,0.662822,0.196457,0.850836,0.0126478,0.943482,0.03716,0.665549,0.513532,0.417592,0.654457,0.423036,0,0,0,0,0,0,0,0,0,0,0,0,0,0,0,0,0.167362,0.537473,0.274589,0.414878,0,0,0.337377,0.349468
0.24086,0.532013,0.368014,0.679171,0.207177,0.859002,0.0279605,0.965263,0.0356276,0.665541,0.521191,0.431213,0.636074,0.668269,0,0,0,0,0,0,0,0,0,0,0,0,0,0,0,0,0.168888,0.526604,0.274578,0.420318,0,0,0.337375,0.354916
0.233212,0.499315,0.36495,0.779984,0.239347,0.905326,0,0,0,0,0.531914,0.589254,0.610034,0.425763,0.366484,0.352198,0,0,0,0,0,0,0,0,0,0,0,0,0,0,0.184204,0.439377,0.282236,0.395806,0,0,0.338916,0.398498
0.233218,0.499331,0.366484,0.774532,0.237816,0.897155,0,0,0,0,0.531913,0.605597,0.610035,0.431212,0.364952,0.35492,0,0,0,0,0,0,0,0,0,0,0,0,0,0,0.184199,0.428486,0.286821,0.395761,0,0,0.412443,0.453009
0.230167,0.502067,0.360355,0.763635,0.230155,0.875351,0,0,0,0,0.507406,0.578353,0.613096,0.414864,0.398651,0.382154,0,0,0,0,0,0,0,0,0,0,0,0,0,0,0.187269,0.431199,0.289898,0.401227,0.147438,0.676445,0.409378,0.45574
0.237802,0.515683,0.354228,0.755459,0.227092,0.87808,0,0,0,0,0.492087,0.5947,0.596245,0.365814,0.354228,0.354916,0,0,0,0,0,0,0,0,0,0,0,0,0,0,0.224036,0.553805,0.265387,0.398518,0.155103,0.670985,0.368013,0.38762
0.222504,0.515662,0.311339,0.752734,0.176542,0.845391,0.00958113,0.943476,0.0570679,0.641012,0.456857,0.630123,0.596245,0.371265,0.39252,0.384892,0,0,0,0,0,0,0,0,0,0,0,0,0,0,0.16735,0.453019,0.266928,0.393077,0,0,0.36495,0.414866
0.220962,0.515702,0.314405,0.750011,0.178081,0.842654,0.0111135,0.987072,0,0,0.472174,0.611048,0.596245,0.373989,0.392522,0.387615,0,0,0,0,0,0,0,0,0,0,0,0,0,0,0.167355,0.469365,0.262318,0.401243,0,0,0.368014,0.412134
0.219428,0.521157,0.349634,0.739117,0.202582,0.864451,0,0,0,0,0.489024,0.559282,0.600843,0.36309,0.371082,0.368545,0,0,0,0,0,0,0,0,0,0,0,0,0,0,0.162763,0.50206,0.243949,0.417586,0.145906,0.662815,0.317466,0.376719
0.225562,0.523866,0.349633,0.755463,0.196459,0.864455,0,0,0,0,0.502811,0.575625,0.599314,0.365821,0.378736,0.382167,0,0,0,0,0,0,0,0,0,0,0,0,0,0,0.16888,0.529305,0.25007,0.417584,0.142843,0.660098,0.335848,0.373997
0.233217,0.523855,0.352696,0.752743,0.196455,0.867181,0,0,0,0,0.499747,0.575626,0.603905,0.371265,0.389457,0.387627,0,0,0,0,0,0,0,0,0,0,0,0,0,0,0.207168,0.551094,0.245471,0.431203,0.144378,0.668274,0.315936,0.354917
0.228624,0.523861,0.322061,0.758188,0.158161,0.856286,0.0187714,0.984346,0,0,0.498215,0.581079,0.60391,0.373997,0.397123,0.387612,0,0,0,0,0,0,0,0,0,0,0,0,0,0,0.165823,0.521121,0.256195,0.40941,0.136716,0.624672,0.366483,0.398518
0.230158,0.523838,0.334315,0.75001,0.196459,0.867182,0,0,0,0,0.482898,0.586529,0.599311,0.360369,0.326657,0.360373,0,0,0,0,0,0,0,0,0,0,0,0,0,0,0.164288,0.529305,0.242402,0.423034,0.144379,0.681897,0.355761,0.382166
0.237821,0.493879,0.351164,0.758189,0.184202,0.867183,0,0,0,0,0.525786,0.57018,0.616161,0.357649,0.368015,0.352197,0,0,0,0,0,0,0,0,0,0,0,0,0,0,0.170417,0.480266,0.274584,0.384895,0.138248,0.613773,0.378737,0.382169
0.242395,0.488409,0.349635,0.777259,0.179608,0.850841,0,0,0,0,0.548766,0.660087,0,0,0,0,0,0,0,0,0,0,0,0,0,0,0,0,0,0,0.175023,0.472073,0.286841,0.382165,0,0,0.398655,0.406687
0.240885,0.493892,0.349633,0.777258,0.187268,0.869905,0,0,0,0,0.545702,0.654647,0.633006,0.376715,0.444602,0.338559,0,0,0,0,0,0,0,0,0,0,0,0,0,0,0.16889,0.463917,0.285295,0.379436,0.144376,0.575633,0.386394,0.387619
0.236278,0.502066,0.345038,0.774536,0.182672,0.861731,0,0,0,0,0.544167,0.621949,0.620757,0.354925,0,0,0,0,0,0,0,0,0,0,0,0,0,0,0,0,0.162757,0.46937,0.274581,0.376734,0.138251,0.611047,0.392521,0.401243
0.233228,0.488465,0.340444,0.782714,0.190328,0.853563,0,0,0,0,0.538039,0.630123,0.605439,0.363091,0.420096,0.365823,0,0,0,0,0,0,0,0,0,0,0,0,0,0,0.159689,0.439398,0.277636,0.384884,0.12906,0.556555,0.4155,0.455732
0.236283,0.491171,0.341975,0.766369,0.184201,0.856287,0,0,0,0,0.534975,0.624675,0.620757,0.371272,0.384864,0.365816,0,0,0,0,0,0,0,0,0,0,0,0,0,0,0.171943,0.453014,0.279175,0.37944,0.127523,0.526592,0.412435,0.428489
0.233222,0.491159,0.340443,0.766368,0.185734,0.856286,0,0,0,0,0.533446,0.597424,0.636072,0.371267,0.387928,0.398505,0,0,0,0,0,0,0,0,0,0,0,0,0,0,0.167346,0.450279,0.280706,0.374001,0.136715,0.578349,0.420098,0.439385
0.227098,0.50203,0.357291,0.750015,0.185732,0.856288,0,0,0,0,0.541103,0.572907,0.622286,0.365823,0.381797,0.40127,0,0,0,0,0,0,0,0,0,0,0,0,0,0,0.158168,0.469349,0.274574,0.373983,0.138251,0.586527,0.372611,0.360374
0.228629,0.496595,0.351167,0.739113,0.181141,0.85628,0,0,0,0,0.541102,0.567458,0.622288,0.365819,0.36495,0.349472,0,0,0,0,0,0,0,0,0,0,0,0,0,0,0.159696,0.472092,0.274574,0.373991,0.136714,0.586527,0.380267,0.373991
0.227106,0.499332,0.35423,0.747286,0.187265,0.853554,0,0,0,0,0.547232,0.575627,0,0,0,0,0,0,0,0,0,0,0,0,0,0,0,0,0,0,0.165815,0.491168,0.269979,0.379441,0.139783,0.602875,0.368016,0.368539
0.228632,0.499339,0.360355,0.750013,0.193398,0.850839,0,0,0,0,0.538039,0.567457,0.622286,0.368547,0.421628,0.34129,0,0,0,0,0,0,0,0,0,0,0,0,0,0,0.16582,0.48843,0.27304,0.37126,0.144373,0.649201,0.360356,0.349469
0.231689,0.502055,0.358822,0.75546,0.191863,0.856278,0,0,0,0,0.522724,0.575627,0.634535,0.371272,0.37261,0.371266,0,0,0,0,0,0,0,0,0,0,0,0,0,0,0.167357,0.477529,0.274592,0.363097,0.142842,0.64375,0.364952,0.35764
0.227094,0.50751,0.361886,0.758182,0.19186,0.859005,0,0,0,0,0.53804,0.594702,0.623822,0.365825,0.378736,0.373991,0,0,0,0,0,0,0,0,0,0,0,0,0,0,0.165822,0.496604,0.268445,0.379443,0.142841,0.651925,0.375672,0.379441
0.22403,0.515684,0.357293,0.760911,0.194927,0.861733,0,0,0,0,0.525786,0.589253,0.608504,0.365814,0.371079,0.368547,0,0,0,0,0,0,0,0,0,0,0,0,0,0,0.171945,0.515675,0.259264,0.393074,0.142841,0.660096,0.29756,0.341302
0.217899,0.518403,0.360357,0.76091,0.199518,0.864451,0,0,0,0,0.508938,0.5729,0.606973,0.363087,0.331252,0.376715,0,0,0,0,0,0,0,0,0,0,0,0,0,0,0.159697,0.526567,0.251601,0.395803,0.144373,0.690073,0.369544,0.373992
0.22249,0.510232,0.352695,0.750018,0.197988,0.86173,0,0,0,0,0.510468,0.572903,0.611564,0.357636,0.360356,0.365822,0,0,0,0,0,0,0,0,0,0,0,0,0,0,0.159701,0.502062,0.25313,0.393053,0.141308,0.676442,0.357293,0.365818
0.227083,0.491157,0.349632,0.755467,0.205647,0.872632,0,0,0,0,0.489024,0.578352,0.583992,0.352194,0.274577,0.256824,0,0,0,0,0,0,0,0,0,0,0,0,0,0,0.182672,0.463912,0.260789,0.373989,0,0,0,0
0.214849,0.504773,0.337377,0.755462,0.191863,0.86173,0,0,0,0,0.479834,0.6165,0.574804,0.341291,0.360354,0.349473,0,0,0,0,0,0,0,0,0,0,0,0,0,0,0.164284,0.521131,0.247005,0.373992,0.147441,0.700963,0.371075,0.442094
0.214836,0.510223,0.33891,0.755461,0.191859,0.859006,0,0,0,0,0.499747,0.567453,0.591651,0.346741,0.368014,0.349476,0,0,0,0,0,0,0,0,0,0,0,0,0,0,0.161226,0.518421,0.248538,0.373991,0,0,0.387929,0.428482
0.230164,0.499325,0.343508,0.763644,0.193397,0.853558,0,0,0,0,0.485962,0.646471,0.594718,0.349465,0.380268,0.341291,0,0,0,0,0,0,0,0,0,0,0,0,0,0,0.175015,0.474814,0.260797,0.395804,0.141319,0.621944,0.378739,0.38489
0.230162,0.4939,0.345037,0.763642,0.197987,0.856288,0,0,0,0,0.485959,0.605599,0.599309,0.349475,0.340444,0.346744,0,0,0,0,0,0,0,0,0,0,0,0,0,0,0.178079,0.469361,0.269977,0.393072,0.141313,0.605598,0.394055,0.403965
0.228622,0.491183,0.355762,0.763634,0.20871,0.859009,0,0,0,0,0.50281,0.562008,0.59931,0.349464,0.317467,0.341298,0,0,0,0,0,0,0,0,0,0,0,0,0,0,0.176546,0.474806,0.26998,0.395794,0.145908,0.6492,0.418563,0.466646
0.225567,0.493866,0.346572,0.771819,0.194926,0.853551,0,0,0,0,0.495151,0.58925,0.59931,0.349468,0.314401,0.346742,0,0,0,0,0,0,0,0,0,0,0,0,0,0,0.17348,0.472081,0.266921,0.390332,0.14285,0.643744,0.418564,0.463899
0.228633,0.482984,0.355761,0.766362,0.194929,0.856281,0,0,0,0,0.507406,0.583804,0.60237,0.352193,0.315934,0.344017,0,0,0,0,0,0,0,0,0,0,0,0,0,0,0.175008,0.463907,0.266913,0.373984,0.14744,0.635578,0.410904,0.431222
0.233224,0.45573,0.36648,0.755459,0.199519,0.856287,0.0157086,0.993885,0.0448124,0.635574,0.541102,0.581076,0.603906,0.344017,0.32819,0.335845,0,0,0,0,0,0,0,0,0,0,0,0,0,0,0.176546,0.433958,0.266914,0.346745,0.155096,0.61922,0.398647,0.382171
0.237812,0.44757,0.368016,0.758181,0.199519,0.861725,0.0187714,0.993886,0.0448102,0.632853,0.536509,0.56745,0.608501,0.344022,0.351166,0.330396,0,0,0,0,0,0,0,0,0,0,0,0,0,0,0.178074,0.431203,0.268455,0.349463,0.156627,0.621942,0.375671,0.349471
0.242412,0.444838,0.36342,0.747294,0.193392,0.848108,0,0,0,0,0.539573,0.572906,0.655985,0.365823,0.417031,0.335848,0,0,0,0,0,0,0,0,0,0,0,0,0,0,0.175018,0.455729,0.291414,0.344025,0.156622,0.608332,0.421615,0.461185
0.240862,0.45028,0.368015,0.752733,0.196458,0.848116,0,0,0,0,0.538039,0.586527,0.69428,0.444837,0.462984,0.346743,0,0,0,0,0,0,0,0,0,0,0,0,0,0,0.176542,0.436672,0.286831,0.360349,0.147443,0.5838,0.424693,0.461181
0.233218,0.466641,0.37108,0.755472,0.191861,0.848107,0.018773,0.993884,0.0417537,0.613779,0.662108,0.717302,0,0,0,0,0,0,0,0,0,0,0,0,0,0,0,0,0,0,0.16735,0.472083,0.289889,0.36311,0.155096,0.63012,0.391002,0.379439
0.228636,0.477519,0.357296,0.750015,0.185732,0.842658,0.011113,0.954373,0.0432789,0.621953,0.530382,0.613769,0.706541,0.485708,0.502808,0.368553,0,0,0,0,0,0,0,0,0,0,0,0,0,0,0.173465,0.455736,0.286843,0.371274,0.144375,0.6274,0.417024,0.444844
0.236276,0.469399,0.363418,0.755456,0.182668,0.845388,0.0126422,0.954376,0.041752,0.619224,0.536511,0.627401,0.700404,0.469366,0.481363,0.363094,0,0,0,0,0,0,0,0,0,0,0,0,0,0,0.175013,0.453016,0.28837,0.373985,0.144379,0.641023,0.418564,0.46937
0.227085,0.480239,0.355763,0.760916,0.190329,0.850832,0.0111124,0.993884,0.0402186,0.621951,0.531912,0.597426,0.680497,0.458464,0.479836,0.379438,0,0,0,0,0,0,0,0,0,0,0,0,0,0,0.16888,0.458459,0.283772,0.373976,0.148971,0.63557,0.418563,0.472099
0.225573,0.472111,0.360358,0.766369,0.188796,0.859004,0.0126465,0.951648,0.0402147,0.61651,0.666712,0.725479,0,0,0,0,0,0,0,0,0,0,0,0,0,0,0,0,0,0,0.165812,0.455739,0.2761,0.373995,0.144379,0.627397,0.386396,0.414875
0.222486,0.474828,0.348104,0.771809,0.181141,0.85356,0.0126446,0.943477,0.0371604,0.635569,0.677406,0.71732,0,0,0,0,0,0,0,0,0,0,0,0,0,0,0,0,0,0,0.158158,0.466625,0.274565,0.374002,0.139785,0.649197,0.368021,0.420304
0.225541,0.474809,0.345042,0.76636,0.176543,0.858997,0.0187709,0.970725,0.0402105,0.635578,0.668246,0.709141,0,0,0,0,0,0,0,0,0,0,0,0,0,0,0,0,0,0,0.161235,0.469363,0.274567,0.376695,0.141319,0.632849,0.366488,0.423052
0.227081,0.469367,0.346571,0.758181,0.187267,0.850836,0.00958127,0.962548,0.0417515,0.6274,0.672821,0.70915,0,0,0,0,0,0,0,0,0,0,0,0,0,0,0,0,0,0,0.159704,0.466651,0.273048,0.373965,0.144375,0.643752,0.371074,0.423035
0.227085,0.466649,0.351165,0.760919,0.190332,0.856282,0.0111111,0.943474,0.0417464,0.627398,0.527317,0.591979,0.683558,0.447572,0.464515,0.390336,0,0,0,0,0,0,0,0,0,0,0,0,0,0,0.15204,0.469369,0.273044,0.368568,0.142847,0.649202,0.368014,0.406685
0.216359,0.482972,0.34351,0.760907,0.182672,0.858998,0.0126452,0.943482,0.044808,0.624681,0.668246,0.703695,0,0,0,0,0,0,0,0,0,0,0,0,0,0,0,0,0,0,0.142852,0.461178,0.260803,0.371277,0.139778,0.646475,0.348106,0.390346
0.211757,0.474835,0.34351,0.763641,0.168886,0.859011,0,0,0,0,0.515064,0.602876,0.665177,0.450289,0.459922,0.3849,0,0,0,0,0,0,0,0,0,0,0,0,0,0,0.141306,0.463908,0.254652,0.368542,0.133657,0.643746,0.345033,0.39035
0.201042,0.472115,0.341975,0.777258,0.17348,0.861736,0,0,0,0,0.508937,0.594698,0,0,0,0,0,0,0,0,0,0,0,0,0,0,0,0,0,0,0.13366,0.482987,0.240874,0.368551,0.127526,0.651923,0.335844,0.376725
0.194937,0.474803,0.35423,0.766362,0.18114,0.861735,0,0,0,0,0.534979,0.605601,0.70807,0.97345,0,0,0,0,0,0,0,0,0,0,0,0,0,0,0,0,0.13365,0.482985,0.239331,0.368541,0.136717,0.660094,0.335844,0.368531
0.188807,0.4884,0.351165,0.758184,0.1888,0.869903,0,0,0,0,0.512,0.57563,0.657513,0.453021,0.461449,0.349483,0,0,0,0,0,0,0,0,0,0,0,0,0,0,0.13059,0.477542,0.23323,0.371252,0,0,0.326659,0.376714
0.187251,0.485715,0.349634,0.760911,0.185735,0.867183,0,0,0,0,0.510468,0.602872,0.666708,0.477524,0.479832,0.34947,0,0,0,0,0,0,0,0,0,0,0,0,0,0,0.12753,0.472086,0.22862,0.376672,0.116807,0.657367,0.326653,0.38491
0.181143,0.488455,0.354228,0.771809,0.18267,0.864457,0,0,0,0,0.524257,0.632846,0.701938,0.523852,0.433879,0.371264,0,0,0,0,0,0,0,0,0,0,0,0,0,0,0.144385,0.431232,0.230157,0.368534,0,0,0.371087,0.382177
0.18113,0.491133,0.352695,0.758193,0.191858,0.861724,0,0,0,0,0.524254,0.597425,0.705002,0.542924,0.541101,0.357648,0,0,0,0,0,0,0,0,0,0,0,0,0,0,0.142851,0.428492,0.23474,0.365797,0,0,0.38945,0.41759
0.187263,0.488435,0.358825,0.750015,0.197988,0.859012,0,0,0,0,0.518128,0.58925,0.706542,0.553822,0.498218,0.376713,0,0,0,0,0,0,0,0,0,0,0,0,0,0,0.139774,0.433929,0.239356,0.363097,0,0,0.387932,0.41758
0.185737,0.485708,0.360354,0.755453,0.196458,0.856291,0,0,0,0,0.527318,0.591971,0.711124,0.540197,0.49975,0.384899,0,0,0,0,0,0,0,0,0,0,0,0,0,0,0.124467,0.480262,0.240865,0.360406,0,0,0.387934,0.414859
0.184195,0.485725,0.358822,0.758182,0.201051,0.856273,0,0,0,0,0.528848,0.586526,0.712661,0.567443,0.522722,0.376709,0,0,0,0,0,0,0,0,0,0,0,0,0,0,0.141312,0.447564,0.239332,0.357673,0,0,0.394042,0.409428
0.185725,0.482982,0.35576,0.760909,0.194923,0.859003,0,0,0,0,0.533444,0.591978,0.714195,0.572899,0.533448,0.368537,0,0,0,0,0,0,0,0,0,0,0,0,0,0,0.147437,0.439382,0.237806,0.360372,0,0,0.394062,0.423021
0.185736,0.469354,0.351162,0.741835,0.193396,0.853568,0.00958099,0.995247,0.0402194,0.662822,0.516597,0.589255,0.721848,0.602879,0.531916,0.382168,0,0,0,0,0,0,0,0,0,0,0,0,0,0,0.121406,0.45029,0.239364,0.360373,0.132122,0.657366,0.398639,0.444814
0.179614,0.472099,0.349633,0.744561,0.185736,0.856288,0.00957904,0.94076,0.0386847,0.662834,0.510471,0.581081,0.723385,0.611053,0.54417,0.37671,0,0,0,0,0,0,0,0,0,0,0,0,0,0,0.121402,0.463919,0.237825,0.363096,0.150487,0.643779,0.397113,0.447576
0.174994,0.455729,0.338907,0.744567,0.167353,0.856274,0.0126466,0.948926,0.0356155,0.684623,0.508937,0.602876,0.726444,0.611058,0.534975,0.387612,0,0,0,0,0,0,0,0,0,0,0,0,0,0,0.115275,0.458453,0.2271,0.360389,0.116806,0.662819,0.392523,0.447575
0.171939,0.450313,0.33738,0.75273,0.162761,0.859,0.0126422,0.94075,0.0356168,0.687349,0.513533,0.605601,0.729515,0.60833,0.536507,0.393072,0,0,0,0,0,0,0,0,0,0,0,0,0,0,0.104548,0.453021,0.222484,0.35765,0.0861691,0.665547,0.394041,0.447544
0.159691,0.458445,0.338907,0.75273,0.168884,0.856277,0,0,0,0,0.502809,0.6056,0.724918,0.619231,0.544165,0.398519,0,0,0,0,0,0,0,0,0,0,0,0,0,0,0.0907753,0.463902,0.214855,0.357651,0.0877023,0.662818,0.391,0.450281
0.158171,0.458463,0.332785,0.750011,0.164291,0.856275,0.0111074,0.940758,0.0371504,0.703683,0.493619,0.597423,0.727981,0.619235,0.5457,0.390342,0,0,0,0,0,0,0,0,0,0,0,0,0,0,0.092293,0.463912,0.2179,0.357628,0.0877027,0.660102,0.390984,0.450264
0.162747,0.463907,0.334314,0.747289,0.162762,0.856286,0.00958637,0.929849,0.0371569,0.700956,0.501274,0.594701,0.73104,0.641018,0.54417,0.390347,0,0,0,0,0,0,0,0,0,0,0,0,0,0,0.107606,0.444835,0.217895,0.357639,0.090764,0.662822,0.392504,0.4503
0.164286,0.461198,0.335848,0.747284,0.161224,0.853569,0.00959119,0.916226,0.0371573,0.687337,0.499747,0.591977,0.729514,0.651914,0.548762,0.384899,0,0,0,0,0,0,0,0,0,0,0,0,0,0,0.110683,0.4394,0.220974,0.354942,0.0892343,0.657378,0.394052,0.453017
0.162749,0.463936,0.334317,0.744568,0.161226,0.853559,0.0126434,0.993887,0.0356135,0.690072,0.501279,0.58653,0.731044,0.649197,0.547233,0.393063,0,0,0,0,0,0,0,0,0,0,0,0,0,0,0.11068,0.436677,0.224037,0.357629,0.0907654,0.657368,0.397107,0.458456
0.164288,0.469362,0.338909,0.736394,0.164291,0.850839,0.0141804,0.970724,0.0340872,0.690068,0.498214,0.583799,0.729514,0.654653,0.554887,0.384882,0,0,0,0,0,0,0,0,0,0,0,0,0,0,0.110682,0.433945,0.227095,0.357654,0.0907653,0.657369,0.397142,0.463883
0.16735,0.482984,0.343502,0.725498,0.167354,0.853565,0,0,0,0,0.496681,0.583806,0.735632,0.662806,0.559486,0.384889,0,0,0,0,0,0,0,0,0,0,0,0,0,0,0.112218,0.455737,0.224041,0.371293,0.099955,0.660099,0.400171,0.463921
