0.418558,0.450291,0.498224,0.453008,0.522719,0.608335,0.620754,0.624653,0.57175,0.414857,0.484429,0.284092,0.462993,0.142414,0.409353,0.308575,0.708069,0.37127,0.712663,0.48026,0.747893,0.507513,0.878095,0.463906,0.691218,0.262272,0,0,0,0,0.412433,0.532038,0.383339,0.42577,0.432351,0.624671,0.38946,0.338576
0.420087,0.452996,0.498212,0.453009,0.521194,0.608331,0.620753,0.624678,0.571744,0.420304,0.482893,0.281353,0.462976,0.142399,0.407851,0.308588,0.708066,0.349468,0.714193,0.474812,0.747896,0.510227,0.792317,0.205051,0.685093,0.248653,0,0,0,0,0.41396,0.534758,0.384868,0.425783,0.439998,0.624678,0.389457,0.341274
0.424682,0.450298,0.498211,0.442121,0.516602,0.611051,0.616166,0.635551,0.570222,0.428454,0.484421,0.281337,0.467572,0.145123,0.409386,0.303123,0.717256,0.36582,0.724918,0.480251,0.755548,0.49115,0.879621,0.461189,0.691218,0.262274,0,0,0,0,0.413968,0.534749,0.384878,0.423001,0.435408,0.619217,0.384871,0.338574
0.423162,0.452992,0.498212,0.44211,0.516598,0.613779,0.616161,0.641024,0.570202,0.431214,0.484433,0.281344,0.469108,0.145113,0.409369,0.300441,0.711132,0.390347,0.726449,0.488437,0.755554,0.488435,0.792321,0.180536,0.685088,0.286795,0,0,0,0,0.413975,0.537473,0.386401,0.420329,0.435406,0.616513,0.386394,0.338552
0.426208,0.463912,0.499754,0.444826,0.518124,0.616494,0.60698,0.660077,0.56715,0.447536,0.48749,0.286795,0.472182,0.145107,0.410898,0.297693,0.714196,0.403966,0.727984,0.485714,0.758605,0.485708,0.789243,0.161473,0.689682,0.305867,0,0,0,0,0.412443,0.540201,0.38792,0.423046,0.435406,0.613791,0.387928,0.338536
0.426233,0.46391,0.502807,0.442114,0.515062,0.624675,0.605419,0.66559,0.562562,0.463879,0.49055,0.284075,0.473709,0.145128,0.410919,0.294963,0.726445,0.414863,0.732575,0.488434,0.760147,0.485703,0.787711,0.158742,0.694284,0.292246,0,0,0,0,0.412431,0.545629,0.387946,0.423028,0.43235,0.616489,0.387933,0.338535
0.424687,0.463911,0.499748,0.433942,0.51353,0.619233,0.594732,0.69827,0.557959,0.49119,0.489016,0.28408,0.475254,0.150554,0.412441,0.294986,0.738705,0.403967,0.737172,0.4966,0.761673,0.485722,0.787709,0.164205,0.703471,0.305865,0,0,0,0,0.409368,0.540198,0.389449,0.420312,0.427747,0.616488,0.38947,0.338569
0.424706,0.463925,0.498221,0.442112,0.508932,0.627403,0.593168,0.709131,0.556408,0.51021,0.489018,0.284096,0.476753,0.153294,0.41245,0.294978,0.741765,0.398515,0.737169,0.493879,0.763206,0.485719,0.786178,0.164187,0.695812,0.289524,0,0,0,0,0.40784,0.542915,0.390974,0.420311,0.42468,0.619227,0.390991,0.33587
0.426221,0.463919,0.49668,0.44757,0.499745,0.632845,0.573288,0.736402,0.545713,0.534747,0.490544,0.284092,0.476765,0.150588,0.412439,0.295005,0.757081,0.395793,0.743297,0.502059,0.764741,0.496611,0,0,0.712663,0.278621,0,0,0,0,0.404785,0.545624,0.394048,0.412156,0.423166,0.619217,0.394065,0.333121
0.424683,0.461163,0.493618,0.4394,0.499752,0.602876,0.562564,0.752699,0.541091,0.54565,0.490545,0.286812,0.478301,0.153307,0.410923,0.294998,0.752487,0.395785,0.749427,0.507504,0.769341,0.493882,0.784652,0.180538,0.726448,0.292249,0,0,0,0,0.398668,0.545655,0.392544,0.40399,0.423147,0.632823,0.395583,0.333108
0.426235,0.447566,0.493627,0.436682,0.495151,0.583809,0.54418,0.758205,0.525766,0.551105,0.493624,0.289536,0.481367,0.158737,0.415496,0.289536,0.761682,0.393064,0.757077,0.50751,0.773926,0.507513,0,0,0.724919,0.28407,0,0,0,0,0.394058,0.532022,0.3971,0.390361,0.417025,0.632827,0.394062,0.335836
0.424689,0.442094,0.493625,0.439382,0.493626,0.581077,0.538038,0.766348,0.521187,0.553831,0.495156,0.292256,0.48441,0.161428,0.412457,0.289524,0.778528,0.384886,0.761684,0.510233,0.775467,0.512955,0,0,0.732574,0.281349,0,0,0,0,0.392543,0.52384,0.397125,0.384876,0.415508,0.627385,0.397131,0.322249
0.426208,0.442081,0.492088,0.436662,0.487494,0.57017,0.525773,0.766372,0.510458,0.55107,0.49515,0.292241,0.487488,0.161475,0.413965,0.289504,0.772403,0.382166,0.775464,0.50478,0.784655,0.512967,0,0,0.734108,0.278627,0,0,0,0,0.39251,0.515665,0.398663,0.376713,0.409386,0.627389,0.400192,0.319506
0.426215,0.439375,0.490561,0.436672,0.482901,0.570174,0.52272,0.766374,0.507399,0.553787,0.495151,0.286818,0.490558,0.161502,0.413977,0.286828,0.767807,0.354917,0.773932,0.499335,0.787724,0.521126,0,0,0.738703,0.267723,0,0,0,0,0.39251,0.512993,0.400177,0.374025,0.409368,0.627404,0.398672,0.316768
0.429269,0.433942,0.489029,0.442112,0.482903,0.572909,0.521183,0.769098,0.501272,0.553842,0.495162,0.292258,0.493632,0.164229,0.412437,0.294954,0.769338,0.352194,0.780058,0.504782,0.809165,0.526592,0.80304,0.172358,0.737171,0.273174,0,0,0,0,0.390987,0.512964,0.406292,0.371284,0.40172,0.627413,0.401717,0.314038
0.427744,0.444816,0.489029,0.447572,0.481366,0.583798,0.519665,0.774529,0.496678,0.556588,0.496697,0.289535,0.495144,0.16421,0.417029,0.289509,0.764743,0.352193,0.784656,0.496607,0.813758,0.540202,0.809164,0.191427,0.74483,0.270451,0,0,0,0,0.390995,0.510233,0.407824,0.373988,0.401723,0.632824,0.409371,0.316774
0.429286,0.442098,0.493614,0.461186,0.481362,0.621954,0.519649,0.788157,0.490537,0.58653,0.498227,0.294956,0.498229,0.166907,0.415505,0.294955,0.766275,0.376718,0.789251,0.521135,0.826007,0.559277,0.826017,0.20505,0.746361,0.284073,0,0,0,0,0.389448,0.510225,0.41089,0.376691,0.3971,0.638305,0.412438,0.316819
0.427764,0.444815,0.495143,0.463905,0.478309,0.630116,0.519657,0.796304,0.484433,0.605581,0.502809,0.30044,0.501282,0.166904,0.417029,0.297696,0.7724,0.395792,0.809162,0.532033,0,0,0,0,0.758614,0.300425,0.674374,0.235021,0.822946,0.188709,0.389451,0.510218,0.41244,0.376696,0.395582,0.641012,0.421615,0.322235
0.427764,0.458443,0.495142,0.472071,0.479841,0.638291,0.512015,0.812686,0.475221,0.632838,0.505863,0.30861,0.507394,0.172382,0.41857,0.303151,0.792312,0.442112,0.809164,0.553834,0.84439,0.621945,0.86278,0.256826,0.772402,0.333117,0.682028,0.245922,0.861245,0.256826,0.387925,0.512925,0.415494,0.38217,0.39251,0.64101,0.423154,0.327689
0.42775,0.461181,0.496679,0.480255,0.479834,0.64648,0.512002,0.818163,0.472154,0.646459,0.508934,0.314049,0.508945,0.177786,0.424685,0.297724,0.80916,0.439392,0.818357,0.575632,0.852053,0.649203,0.881152,0.267724,0.784654,0.335843,0.688158,0.251367,0.835203,0.210526,0.387932,0.512945,0.417044,0.384911,0.390985,0.640979,0.424697,0.330407
0.424721,0.466657,0.495157,0.499346,0.492079,0.646476,0.505885,0.831736,0.459897,0.662848,0.515061,0.327677,0.51966,0.183276,0.427745,0.311318,0.826014,0.453013,0.8352,0.605601,0.858172,0.668281,0.904132,0.34401,0.803035,0.365815,0.695818,0.259543,0.859718,0.245922,0.386402,0.515672,0.42163,0.390325,0.380282,0.63558,0.446127,0.341283
0.426214,0.466671,0.496697,0.510225,0.495155,0.651927,0.502803,0.834457,0.455326,0.665564,0.518129,0.330413,0.522723,0.185956,0.429291,0.308587,0.824481,0.472087,0.836738,0.613774,0.859711,0.665556,0.91026,0.346747,0.796909,0.373991,0.700403,0.262272,0.862785,0.251348,0.384861,0.512942,0.423141,0.38765,0.378733,0.635554,0.447662,0.341282
0.42468,0.472077,0.495141,0.515656,0.485957,0.649202,0.496702,0.834464,0.444585,0.66826,0.52119,0.333135,0.527319,0.183277,0.430814,0.311298,0.838264,0.480257,0.839799,0.591976,0.864306,0.665533,0.917913,0.382174,0.821416,0.382168,0.697343,0.26773,0.870438,0.278624,0.378752,0.51296,0.421633,0.387652,0.375678,0.630125,0.447662,0.338596
0.423183,0.46667,0.496677,0.512958,0.487499,0.649191,0.496668,0.831754,0.440019,0.668284,0.521183,0.333125,0.52733,0.183264,0.432343,0.308605,0.827545,0.485711,0.832143,0.57835,0.865833,0.662813,0.925576,0.398517,0.792314,0.379446,0.698878,0.265002,0.875037,0.29223,0.378738,0.510245,0.421633,0.387641,0.374164,0.624706,0.449194,0.338588
0.423165,0.46667,0.501289,0.504773,0.489019,0.649204,0.495154,0.826299,0.432338,0.668257,0.522714,0.333104,0.528863,0.183211,0.433892,0.305857,0.829078,0.49388,0.833672,0.578351,0.864309,0.660114,0.924037,0.403954,0.809162,0.395788,0.700404,0.264997,0.875036,0.278638,0.375702,0.507507,0.423127,0.384915,0.374135,0.619271,0.450737,0.338589
0.423169,0.466642,0.499741,0.502075,0.485961,0.649195,0.495144,0.826314,0.42928,0.670987,0.522734,0.333116,0.530392,0.180533,0.435424,0.30044,0.827546,0.488437,0.832142,0.572908,0.868897,0.657375,0.927108,0.401261,0.807633,0.393069,0.698874,0.264995,0.878091,0.278605,0.375699,0.507491,0.421647,0.384889,0.372633,0.619266,0.449201,0.338572
0.423172,0.463889,0.505873,0.499335,0.481371,0.649203,0.492084,0.826315,0.418574,0.68187,0.525781,0.333136,0.531924,0.183274,0.438461,0.297677,0.835204,0.48299,0.835209,0.581082,0.870428,0.649193,0.928635,0.423029,0.818352,0.390343,0.698881,0.267719,0.885743,0.281371,0.378743,0.499311,0.423151,0.382185,0.371057,0.619177,0.455333,0.338574
0.424679,0.46119,0.502816,0.49934,0.481361,0.649208,0.492095,0.826299,0.410907,0.684644,0.527312,0.335843,0.536497,0.183249,0.438464,0.292272,0.839796,0.491161,0.838269,0.602874,0.876556,0.643752,0.933231,0.431224,0.821418,0.398519,0.700415,0.267731,0.885756,0.284067,0.381792,0.493883,0.423185,0.379481,0.372605,0.594709,0.459928,0.33858
0.424714,0.458427,0.507414,0.512967,0.493624,0.665534,0.48749,0.818119,0.397119,0.695518,0.533445,0.338577,0.544158,0.186002,0.441535,0.292258,0.850521,0.510231,0.841333,0.613774,0.873501,0.641017,0.936305,0.466628,0.852052,0.384892,0.705011,0.281333,0.882694,0.300436,0.3818,0.491208,0.424695,0.379462,0.387933,0.575631,0.462987,0.341271
0.426218,0.458479,0.510481,0.512973,0.495162,0.665548,0.490548,0.815375,0.394065,0.687318,0.536515,0.338586,0.545711,0.186026,0.443086,0.292256,0.855117,0.49661,0.848991,0.605598,0.875023,0.64104,0.945487,0.491154,0.859711,0.379443,0.705007,0.281357,0.887282,0.303161,0.38488,0.491161,0.426231,0.38214,0.387937,0.57565,0.464526,0.341273
0.43233,0.472119,0.52578,0.50478,0.513535,0.6492,0.484434,0.796361,0.400197,0.662857,0.539576,0.341306,0.547231,0.18869,0.44613,0.294957,0.842864,0.496609,0.842864,0.608326,0.876555,0.646472,0.965405,0.499333,0.829075,0.382169,0.711134,0.2868,0.890345,0.314045,0.389465,0.507479,0.430827,0.390349,0.364955,0.581065,0.464513,0.341297
0.433861,0.48568,0.525791,0.49935,0.510478,0.646469,0.490561,0.793587,0.403242,0.64918,0.541095,0.341291,0.547245,0.188674,0.447655,0.294971,0.844394,0.499332,0.848989,0.616494,0.878091,0.660096,0,0,0.833671,0.373994,0.714194,0.289523,0.902602,0.330388,0.387934,0.512916,0.432324,0.398543,0.368018,0.583809,0.466047,0.344036
0.435411,0.51024,0.524251,0.510224,0.505875,0.651923,0.493614,0.788146,0.406314,0.638285,0.538041,0.344037,0.544167,0.185974,0.443067,0.305874,0.827546,0.485708,0.848987,0.597422,0,0,0,0,0.812226,0.379437,0.727978,0.294963,0.911795,0.333104,0.387925,0.523855,0.427758,0.42577,0.417031,0.591975,0.453802,0.349473
0.436949,0.532059,0.524251,0.518408,0.50893,0.657369,0.492085,0.78814,0.406296,0.641039,0.536505,0.344031,0.541101,0.183268,0.441541,0.311338,0.848988,0.477531,0.861246,0.594699,0,0,0,0,0.836735,0.37127,0.731042,0.289529,0.913336,0.322208,0.384872,0.534734,0.427738,0.442101,0.420094,0.605604,0.446133,0.357627
0.440006,0.575612,0.525795,0.521128,0.524246,0.662814,0.489025,0.790893,0.398649,0.654644,0.530376,0.349467,0.530382,0.191448,0.440015,0.330405,0.850521,0.477539,0.858179,0.5947,0,0,0,0,0.853585,0.36309,0.734113,0.286793,0.917922,0.31677,0.4063,0.581092,0.424709,0.482979,0.440007,0.632858,0.441539,0.376717
0.440013,0.59469,0.525789,0.518421,0.522719,0.660106,0.487499,0.793598,0.395569,0.65737,0.528852,0.357639,0.527327,0.196882,0.439992,0.341275,0.853585,0.480258,0.858182,0.602873,0,0,0,0,0.853584,0.363093,0.735643,0.28679,0.916395,0.314068,0.410898,0.60831,0.424681,0.502055,0.446126,0.651939,0.435419,0.387641
0.438486,0.611061,0.525783,0.523855,0.524248,0.665546,0.485961,0.790905,0.392513,0.665532,0.525795,0.354912,0.524252,0.196884,0.438479,0.341315,0.842862,0.474808,0.852053,0.613778,0.882692,0.660092,0,0,0.839798,0.363093,0.738703,0.28408,0.922515,0.308591,0.410915,0.619232,0.423178,0.521152,0.443078,0.66283,0.433899,0.398519
0.440011,0.611051,0.524246,0.523859,0.521187,0.665535,0.487489,0.790896,0.389473,0.66279,0.525791,0.365807,0.521195,0.196895,0.430823,0.34405,0.835203,0.466636,0.848987,0.613777,0.882686,0.662822,0,0,0.826011,0.360369,0.740234,0.281352,0.919452,0.308587,0.412443,0.621949,0.423179,0.526568,0.441548,0.662805,0.435401,0.401252
0.444608,0.608305,0.525788,0.518401,0.524259,0.673713,0.481364,0.77998,0.389453,0.643744,0.522726,0.354917,0.508957,0.196868,0.429283,0.341321,0.855114,0.466635,0.85818,0.6056,0.881155,0.668278,0.97153,0.493887,0.855114,0.352194,0.744832,0.273173,0.917916,0.308597,0.41857,0.61922,0.424713,0.523851,0.446125,0.657387,0.433887,0.398495
0.446134,0.605599,0.522732,0.515681,0.522729,0.662815,0.482898,0.769075,0.392515,0.638268,0.519659,0.349478,0.507398,0.194137,0.427754,0.338594,0.856647,0.469361,0.858181,0.613773,0.881154,0.668261,0.994505,0.45574,0.855115,0.35219,0.744829,0.265,0.914856,0.305879,0.421629,0.619189,0.426228,0.526552,0.44766,0.654661,0.435426,0.390369
0.449186,0.59741,0.524262,0.507507,0.527325,0.64375,0.490553,0.752741,0.390998,0.616468,0.515063,0.344013,0.498212,0.183257,0.424684,0.330393,0.83214,0.444833,0.844393,0.575629,0.878092,0.660104,0.983784,0.458459,0.819886,0.32767,0.755546,0.248661,0.916386,0.289534,0.423154,0.608324,0.429274,0.521119,0.453801,0.643729,0.43695,0.393061
0.450747,0.583786,0.52425,0.493877,0.528842,0.638291,0.493617,0.744549,0.392527,0.600145,0.510476,0.344005,0.492103,0.185976,0.421626,0.3086,0.836736,0.43394,0.845926,0.567457,0.876561,0.654651,0.96234,0.455738,0.813759,0.303149,0.757078,0.240478,0.931706,0.273174,0.427753,0.602896,0.432325,0.518412,0.459917,0.635587,0.432347,0.390357
0.449195,0.564726,0.5212,0.493885,0.528849,0.627392,0.515061,0.725511,0.394049,0.57016,0.502809,0.338581,0.47677,0.175074,0.400178,0.314045,0.833672,0.398514,0.835205,0.518406,0.871961,0.638312,0.966939,0.384894,0,0,0,0,0,0,0.420099,0.562005,0.42775,0.510249,0.466049,0.621937,0.4308,0.382175
