0.492501,0.195997,0.600465,0.332536,0.436757,0.304678,0.321772,0.357579,0.332265,0.187659,0.771209,0.357593,0.830431,0.558142,0.833913,0.700206,0.551723,0.739202,0.433274,0.719705,0.443732,0.897981,0,0,0.666697,0.741994,0.663219,0.900765,0,0,0.478594,0.14868,0.572657,0.165431,0,0,0.71548,0.207148
0.485467,0.209925,0.583112,0.332519,0.436757,0.321379,0.31484,0.35759,0.342717,0.2211,0.750264,0.3409,0.82694,0.510792,0.82343,0.655649,0.558705,0.741984,0.443718,0.736419,0.450698,0.942548,0,0,0.673667,0.750347,0,0,0,0,0.461112,0.165405,0.558686,0.182091,0,0,0.705031,0.21279
0.478569,0.218313,0.576134,0.34368,0.44723,0.335319,0.241682,0.457865,0,0,0.732901,0.352022,0.788645,0.443939,0.645793,0.301879,0.565668,0.856196,0.44026,0.808844,0,0,0,0,0,0,0,0,0,0,0.454176,0.170978,0.55171,0.187706,0,0,0.705042,0.223852
0.464624,0.229452,0.534331,0.349211,0.419343,0.343651,0.314864,0.354825,0.342702,0.215531,0.656238,0.354814,0.71891,0.388225,0.708532,0.282385,0.534309,0.736428,0.433298,0.739201,0,0,0,0,0.638819,0.741992,0,0,0,0,0.440259,0.187705,0.534317,0.19884,0,0,0.673646,0.229462
0.454207,0.232314,0.523844,0.354774,0.412413,0.346435,0.332252,0.352025,0.349688,0.243392,0.652737,0.36037,0.712016,0.382654,0.656225,0.268472,0.534291,0.747556,0.426319,0.744783,0,0,0,0,0.638843,0.753129,0,0,0,0,0.433326,0.195993,0.523817,0.20716,0,0,0.656265,0.237826
0.429815,0.248945,0.516866,0.357566,0.401898,0.35484,0.314823,0.368756,0.293921,0.229453,0.635358,0.360376,0.687569,0.385433,0.58657,0.304664,0.516921,0.769847,0.412398,0.767061,0,0,0,0,0.624901,0.780993,0,0,0,0,0.408985,0.207114,0.489076,0.215546,0,0,0.610965,0.232286
0.41588,0.254508,0.513418,0.365957,0.405436,0.365942,0.314842,0.374319,0.283464,0.240608,0.62142,0.371515,0.670183,0.385433,0.576124,0.30187,0.523878,0.783776,0.422849,0.778202,0.37408,0.806052,0,0,0.628372,0.794917,0,0,0,0,0.40195,0.2127,0.482042,0.226695,0,0,0.600544,0.240604
0.381068,0.274032,0.506435,0.379895,0.387998,0.377104,0.273062,0.393797,0.213837,0.282393,0.624887,0.38266,0.638836,0.443931,0.610933,0.36593,0.527357,0.755907,0.433294,0.747565,0,0,0,0,0.617931,0.758697,0,0,0,0,0.374046,0.235034,0.450702,0.240629,0,0,0.597015,0.268472
0.381014,0.276838,0.520371,0.3771,0.388001,0.374289,0.27999,0.413294,0.20683,0.304687,0.649277,0.371519,0.656248,0.466212,0.607464,0.402158,0.516903,0.725278,0.426299,0.716929,0,0,0,0,0.603971,0.7225,0,0,0,0,0.373993,0.240594,0.443771,0.248926,0,0,0.607467,0.260097
0.377573,0.293502,0.516899,0.385449,0.388,0.388232,0.283473,0.432789,0.192897,0.379859,0.642285,0.379885,0.718932,0.482933,0.729409,0.42442,0.548233,0.755901,0.447213,0.753126,0.475085,0.975972,0,0,0.638847,0.741989,0.666713,0.936977,0,0,0.367074,0.257296,0.436828,0.254544,0,0,0.60046,0.268456
0.377575,0.296262,0.516934,0.388196,0.384518,0.388214,0.286949,0.435607,0.182482,0.388234,0.645776,0.385452,0.750316,0.485731,0.757306,0.42722,0.548262,0.730856,0.450698,0.730847,0.471602,0.956475,0,0,0.645784,0.725279,0.680617,0.914698,0,0,0.36706,0.257365,0.440252,0.25727,0,0,0.600485,0.271217
0.387989,0.296311,0.530795,0.385472,0.387991,0.391014,0.273016,0.432798,0.147639,0.393779,0.670143,0.379887,0.778193,0.471797,0.806038,0.427227,0.555197,0.733636,0.450697,0.733634,0.363613,0.761487,0,0,0.652783,0.728063,0.680629,0.931402,0,0,0.37059,0.260128,0.447217,0.257333,0,0,0.604026,0.271239
0.391505,0.296319,0.534312,0.388219,0.391495,0.391049,0.259095,0.429988,0.133655,0.388243,0.67367,0.385405,0.802557,0.468998,0.830407,0.393808,0.551762,0.739205,0.450693,0.733636,0.367105,0.755917,0,0,0.656221,0.733641,0.684122,0.925838,0,0,0.370634,0.262861,0.450694,0.25734,0,0,0.610941,0.268464
0.398401,0.296324,0.544741,0.388232,0.394967,0.391024,0.245151,0.416092,0.0988759,0.368731,0.701535,0.385459,0.81998,0.460654,0.837397,0.388241,0.548261,0.736416,0.447208,0.728058,0.370578,0.728075,0.44722,0.995474,0.652758,0.736421,0.698056,0.936972,0,0,0.374008,0.262875,0.45415,0.257324,0,0,0.61441,0.265699
0.394985,0.296337,0.541266,0.388218,0.394937,0.391023,0.241698,0.416074,0.0988373,0.371503,0.691085,0.385415,0.81999,0.460645,0.837413,0.385446,0.55171,0.736424,0.447221,0.730844,0.370574,0.725276,0.443735,0.981544,0.652776,0.736417,0.694572,0.934191,0,0,0.374006,0.262884,0.45416,0.257322,0,0,0.614435,0.265679
0.398433,0.296338,0.541269,0.388215,0.391468,0.39102,0.234695,0.407733,0.0918524,0.346475,0.687612,0.382675,0.806048,0.432801,0.847856,0.371514,0.537786,0.736406,0.436759,0.722493,0.367112,0.714141,0.457668,0.987117,0.645777,0.74199,0.694568,0.881268,0,0,0.374025,0.262883,0.454169,0.257318,0,0,0.617882,0.265647
0.398453,0.299044,0.537826,0.385472,0.387995,0.391007,0.220789,0.404929,0.0779731,0.343623,0.68758,0.382636,0.844378,0.421648,0.875691,0.354823,0.537798,0.736412,0.436776,0.725276,0.367096,0.705799,0.468113,0.992689,0.642333,0.744777,0.715461,0.878478,0,0,0.374028,0.265638,0.454172,0.257317,0,0,0.61792,0.262925
0.401927,0.299109,0.534329,0.385477,0.381063,0.391048,0.21382,0.396607,0.0674848,0.326975,0.684133,0.377107,0.87572,0.416109,0.889674,0.343672,0.54475,0.733638,0.443749,0.725292,0.363595,0.703004,0.464632,0.989903,0.64927,0.741983,0.792098,0.906334,0.722434,0.992687,0.374073,0.268452,0.454211,0.257355,0,0,0.621421,0.262929
0.405361,0.299142,0.537756,0.388188,0.384519,0.391053,0.224268,0.391037,0.0675099,0.31856,0.687589,0.379865,0.879183,0.413302,0.900076,0.343646,0.548221,0.741974,0.447211,0.730868,0.363606,0.703021,0.461158,0.987119,0.652775,0.750335,0.795588,0.906338,0.771209,0.99547,0.374124,0.271236,0.457636,0.260066,0,0,0.624853,0.265671
0.405356,0.304677,0.541269,0.388268,0.384518,0.399364,0.206845,0.388245,0.0466013,0.301905,0.694563,0.382638,0.882683,0.404953,0.907033,0.338082,0.558686,0.74477,0.461138,0.739213,0.363618,0.711341,0.478586,0.989897,0.666712,0.75035,0.788645,0.897965,0,0,0.377528,0.2768,0.457662,0.262887,0,0,0.624915,0.268447
0.405374,0.313,0.54131,0.391031,0.384531,0.404935,0.220765,0.388239,0.0570283,0.293549,0.698023,0.385428,0.896593,0.399385,0.907064,0.340879,0.555249,0.75034,0.461141,0.744779,0.363624,0.716904,0.482053,0.984331,0.666684,0.758677,0.819982,0.892418,0,0,0.377515,0.279597,0.457684,0.268429,0,0,0.624937,0.268469
0.405398,0.321349,0.541282,0.393842,0.384504,0.410518,0.220781,0.388235,0.0465674,0.279592,0.691101,0.388206,0.896601,0.388224,0.914029,0.332509,0.565657,0.755927,0.468109,0.755916,0.367109,0.72525,0.516894,1.00104,0.677111,0.75869,0.830409,0.906362,0,0,0.377536,0.287973,0.457628,0.276792,0,0,0.628318,0.274024
0.405359,0.324119,0.54124,0.396605,0.381027,0.413274,0.206853,0.382651,0,0,0.691089,0.388224,0.893129,0.382634,0.917519,0.321384,0.565674,0.758726,0.46811,0.758696,0.37054,0.728074,0.527343,1.00383,0.677142,0.761487,0.656254,0.836696,0,0,0.377525,0.293514,0.454208,0.27957,0,0,0.624921,0.276797
0.405351,0.326978,0.537833,0.396608,0.374094,0.413282,0.192926,0.360385,0.0500627,0.248929,0.691104,0.388222,0.872229,0.365957,0.93844,0.296326,0.562158,0.767071,0.457677,0.767069,0.370609,0.744757,0.541281,0.995478,0.673652,0.767063,0,0,0,0,0.377527,0.296347,0.450721,0.285196,0,0,0.624845,0.279563
0.40198,0.329757,0.537832,0.396578,0.374067,0.410534,0.203369,0.35204,0.060509,0.234993,0.694541,0.388222,0.875695,0.352013,0.941912,0.287956,0.56568,0.767074,0.468105,0.767083,0.374026,0.747543,0.537806,1.00106,0.677127,0.764287,0.858284,0.903537,0,0,0.377547,0.299078,0.450695,0.290707,0,0,0.621424,0.27958
0.405341,0.335327,0.537829,0.396605,0.374028,0.413261,0.217291,0.354798,0.0535632,0.229464,0.698025,0.388256,0.844355,0.352011,0.99417,0.240611,0.562188,0.769852,0.457653,0.769855,0.377568,0.755913,0.55521,1.00105,0.677108,0.769844,0.868791,0.909099,0,0,0.37757,0.299144,0.450702,0.290763,0,0,0.621419,0.279566
0.405347,0.338095,0.541251,0.399377,0.370602,0.413282,0.238188,0.354815,0.0674636,0.221118,0.704987,0.390993,0.85133,0.349218,0.962843,0.229419,0.569155,0.786546,0.464631,0.786547,0.384495,0.761512,0,0,0.680605,0.775421,0,0,0,0,0.377578,0.301851,0.450712,0.293498,0,0,0.621421,0.27684
0.401974,0.338084,0.54129,0.399375,0.370594,0.410512,0.245172,0.346423,0.0814106,0.204398,0.705017,0.391052,0.872249,0.321388,0,0,0.576114,0.77542,0.471602,0.778206,0.39497,0.769865,0,0,0.684099,0.76707,0.900103,0.886836,0,0,0.377544,0.301877,0.447264,0.293538,0,0,0.621364,0.276774
0.405351,0.338102,0.541299,0.399377,0.374038,0.410526,0.255613,0.346474,0.0919062,0.201612,0.704995,0.391009,0.896634,0.299111,0,0,0.583079,0.76984,0.47511,0.772625,0.394964,0.778218,0,0,0.687598,0.761504,0.893124,0.909103,0,0,0.377572,0.30191,0.447259,0.293547,0,0,0.621401,0.276771
0.405415,0.34087,0.544799,0.396602,0.374043,0.410517,0.259122,0.340874,0.123211,0.201621,0.712008,0.388258,0.917538,0.279615,0.994182,0.145905,0.597037,0.783779,0.482076,0.786553,0.405411,0.783772,0,0,0.711984,0.778203,0.42632,0.783769,0,0,0.381069,0.304641,0.450718,0.296267,0,0,0.6249,0.276779
0.405415,0.34087,0.544796,0.396603,0.374039,0.41052,0.259122,0.340881,0.123219,0.201623,0.712008,0.388258,0.914046,0.282381,0.994183,0.145889,0.597034,0.786547,0.482073,0.786556,0.405407,0.783772,0,0,0.711978,0.778208,0.42632,0.783771,0,0,0.381072,0.304644,0.450718,0.296268,0,0,0.624897,0.276771
0.405472,0.343646,0.548281,0.399376,0.374076,0.416052,0.262612,0.338081,0.133682,0.201584,0.718923,0.388217,0.914041,0.27683,0.966316,0.14312,0.597009,0.786564,0.482033,0.789343,0.412381,0.780994,0,0,0.711986,0.780998,0.426328,0.775414,0,0,0.384539,0.31025,0.450717,0.296345,0,0,0.624859,0.279572
0.405456,0.343671,0.551723,0.396581,0.37755,0.413327,0.26261,0.338079,0.133732,0.201607,0.715439,0.385432,0.893158,0.27681,0.962803,0.137522,0.600474,0.783775,0.482078,0.786554,0.412402,0.783786,0,0,0.715453,0.778198,0.426329,0.778202,0,0,0.384491,0.313015,0.450689,0.299069,0,0,0.621401,0.279604
0.405434,0.346479,0.544779,0.39939,0.374041,0.416063,0.259129,0.335298,0.137219,0.201614,0.711951,0.388202,0.889679,0.257307,0.938451,0.118017,0.597041,0.789349,0.482076,0.792136,0.412404,0.786532,0,0,0.715474,0.783766,0.429792,0.778211,0,0,0.384488,0.318583,0.443777,0.304673,0,0,0.614413,0.282379
0.405408,0.349215,0.541301,0.402169,0.370565,0.416078,0.259098,0.335307,0.140641,0.201593,0.711963,0.388212,0.889654,0.2545,0.938399,0.115253,0.604003,0.792125,0.489035,0.794925,0.415895,0.786548,0,0,0.722448,0.780981,0.426314,0.78099,0,0,0.381084,0.321321,0.440291,0.313031,0,0,0.607499,0.282412
0.401957,0.349248,0.537772,0.399363,0.370555,0.413316,0.259095,0.332525,0.1476,0.204381,0.704995,0.385461,0.872265,0.265658,0.927968,0.115253,0.596986,0.792115,0.485527,0.794921,0.412369,0.783765,0,0,0.708502,0.783759,0.429809,0.780991,0,0,0.377614,0.321341,0.436822,0.318577,0,0,0.603993,0.285163
0.401944,0.349262,0.537773,0.399362,0.370574,0.413301,0.259119,0.332528,0.147647,0.2044,0.701533,0.388187,0.872203,0.265656,0.9106,0.112448,0.590047,0.789334,0.482036,0.792143,0.412398,0.781,0,0,0.701547,0.780974,0,0,0,0,0.377604,0.321352,0.436811,0.318613,0,0,0.603981,0.285195
0.401921,0.352011,0.534301,0.402154,0.370597,0.413344,0.259097,0.329743,0.151105,0.204401,0.694553,0.388209,0.858295,0.265654,0.90013,0.115231,0.583113,0.792132,0.478553,0.797708,0.412398,0.789355,0,0,0.701518,0.783762,0.931461,0.903551,0,0,0.377577,0.321411,0.436773,0.321356,0,0,0.603961,0.287959
0.401953,0.352026,0.527392,0.40494,0.370546,0.416073,0.259105,0.326966,0.15461,0.209951,0.691084,0.388245,0.847847,0.268461,0.896611,0.112478,0.579627,0.792133,0.475084,0.797702,0.412401,0.797686,0,0,0.694589,0.783775,0.900103,0.889626,0,0,0.377555,0.324116,0.436768,0.321343,0,0,0.600587,0.287984
0.401911,0.354782,0.527382,0.407711,0.370596,0.416115,0.255649,0.326946,0.16155,0.207171,0.68762,0.38827,0.847848,0.265688,0.889667,0.112474,0.590046,0.797691,0.478557,0.803281,0.41589,0.800471,0,0,0.70501,0.786559,0.91056,0.936977,0,0,0.377496,0.324138,0.436748,0.321341,0,0,0.600567,0.290768
0.401886,0.354788,0.527358,0.407732,0.37057,0.418859,0.259072,0.326947,0.158107,0.20717,0.684138,0.390989,0.840894,0.268468,0.889627,0.115245,0.590054,0.794916,0.482039,0.8005,0.41241,0.797717,0,0,0.70501,0.78655,0.90707,0.928624,0,0,0.374132,0.324157,0.43673,0.321325,0,0,0.600526,0.293501
0.398474,0.354791,0.527386,0.407726,0.370574,0.416115,0.255636,0.32419,0.158071,0.20438,0.687573,0.391002,0.83392,0.274034,0.889631,0.11524,0.590068,0.794928,0.48204,0.803273,0.415856,0.79772,0,0,0.705015,0.786548,0.917527,0.931404,0,0,0.374093,0.324139,0.433335,0.318609,0,0,0.600503,0.293516
0.394974,0.354787,0.523863,0.410467,0.360149,0.418874,0.255595,0.318601,0.158092,0.198813,0.687618,0.390999,0.833899,0.265662,0.882652,0.115231,0.593536,0.806062,0.478569,0.817191,0.419337,0.797704,0,0,0.708511,0.792125,0.95236,0.897981,0,0,0.374005,0.324099,0.433228,0.31857,0,0,0.600436,0.293534
0.388013,0.352014,0.520433,0.407727,0.363631,0.418858,0.255578,0.304677,0.168545,0.19325,0.680656,0.390984,0.830424,0.260113,0.868737,0.112435,0.590046,0.811622,0.475089,0.819977,0.415879,0.797699,0,0,0.705019,0.794925,0,0,0,0,0.370599,0.321343,0.429786,0.315782,0,0,0.596996,0.293483
0.38798,0.351993,0.520394,0.407717,0.36012,0.416096,0.255616,0.304676,0.172024,0.19043,0.684135,0.388261,0.826959,0.257315,0.868717,0.106916,0.593546,0.811633,0.478564,0.819986,0,0,0,0,0.711959,0.797696,0.992424,0.88684,0,0,0.37059,0.318619,0.429747,0.313007,0,0,0.596971,0.290753
0.384514,0.349253,0.523859,0.399361,0.367119,0.413266,0.259113,0.310221,0.175492,0.193247,0.68411,0.38819,0.823485,0.251742,0.86527,0.106918,0.597005,0.80885,0.478577,0.814409,0.544763,0.967616,0,0,0.708513,0.794913,0.948875,0.981545,0,0,0.370577,0.321314,0.426332,0.313019,0,0,0.596941,0.290767
0.381054,0.349218,0.527324,0.399374,0.370557,0.413297,0.262614,0.313015,0.178994,0.190479,0.687595,0.38819,0.823479,0.248968,0.854793,0.104104,0.600489,0.811622,0.482068,0.817198,0.412396,0.792146,0,0,0.711996,0.794913,0.907074,0.872907,0,0,0.370563,0.318585,0.426295,0.312995,0,0,0.593575,0.290747
0.381024,0.346447,0.530829,0.393787,0.374045,0.41052,0.269559,0.313025,0.18593,0.193261,0.684147,0.382644,0.823474,0.240613,0.854803,0.101301,0.597037,0.811625,0.478564,0.817194,0,0,0,0,0.715452,0.794921,0,0,0,0,0.370567,0.315788,0.422864,0.307457,0,0,0.593561,0.287954
0.381059,0.346448,0.53084,0.391066,0.374081,0.410496,0.273038,0.313034,0.189406,0.190467,0.687582,0.382627,0.823421,0.237799,0.85129,0.0957441,0.600499,0.814423,0.482046,0.825553,0,0,0,0,0.71549,0.797694,0,0,0,0,0.370551,0.315769,0.422862,0.304686,0,0,0.593571,0.285186
0.381067,0.343681,0.527389,0.391026,0.374111,0.407735,0.273025,0.307439,0.192929,0.184885,0.68409,0.379875,0.81303,0.235046,0.830455,0.0874052,0.600503,0.80327,0.485552,0.808845,0.412405,0.786565,0,0,0.715467,0.792121,0,0,0,0,0.370585,0.310251,0.42286,0.301909,0,0,0.593555,0.282426
0.381076,0.343641,0.530821,0.391008,0.374108,0.407727,0.279984,0.310232,0.196386,0.184872,0.684099,0.377088,0.809527,0.232271,0.826951,0.0846283,0.600522,0.800478,0.489021,0.806056,0.419346,0.786569,0,0,0.715464,0.786566,0,0,0,0,0.370607,0.307454,0.426269,0.301868,0,0,0.593565,0.282401
0.37759,0.340838,0.527374,0.390993,0.377525,0.41051,0.290416,0.315795,0.203369,0.184862,0.684117,0.371528,0.79215,0.232263,0.802545,0.0818552,0.614438,0.808838,0.492526,0.81442,0.422833,0.783779,0,0,0.729409,0.792127,0,0,0,0,0.370597,0.304652,0.419323,0.299103,0,0,0.590072,0.279605
0.377563,0.338073,0.527387,0.38824,0.377549,0.4077,0.290409,0.315783,0.203349,0.184877,0.684113,0.368759,0.788639,0.232224,0.795562,0.0790508,0.6179,0.803271,0.495997,0.808847,0.426298,0.783767,0,0,0.732884,0.786569,0,0,0,0,0.370569,0.301899,0.415852,0.299058,0,0,0.590036,0.279584
0.3775,0.332507,0.52384,0.385431,0.377557,0.396585,0.286997,0.313023,0.203343,0.184881,0.677115,0.365939,0.767754,0.221099,0.771186,0.0790191,0.600518,0.792129,0.485559,0.797694,0,0,0,0,0.712003,0.780982,0,0,0,0,0.370553,0.299153,0.40895,0.299048,0,0,0.583082,0.27679
0.374082,0.32974,0.523894,0.388183,0.377579,0.39935,0.290461,0.318593,0.203353,0.190456,0.673648,0.368727,0.757299,0.22388,0.760745,0.0790268,0.600501,0.786567,0.489016,0.792132,0.478577,0.878476,0,0,0.711977,0.775419,0,0,0,0,0.370505,0.29914,0.405504,0.296348,0,0,0.579577,0.276787
0.374005,0.326989,0.523845,0.388233,0.381031,0.396603,0.290453,0.321393,0.199883,0.19326,0.666712,0.371539,0.743344,0.218318,0.739827,0.0790621,0.597007,0.789356,0.485544,0.794922,0.485545,0.895195,0,0,0.70503,0.780983,0,0,0,0,0.367111,0.299148,0.405421,0.296341,0,0,0.572653,0.274041
0.370635,0.326991,0.520365,0.388207,0.377572,0.396583,0.287001,0.32135,0.199895,0.198802,0.663217,0.371531,0.736377,0.218315,0.718923,0.0790442,0.597003,0.786567,0.485554,0.792131,0,0,0,0,0.705009,0.775425,0,0,0,0,0.367126,0.299141,0.405416,0.296343,0,0,0.572599,0.276756
0.370576,0.326958,0.516908,0.388227,0.381066,0.3966,0.286933,0.318601,0.196407,0.19604,0.652767,0.371505,0.71894,0.240592,0.691068,0.0846243,0.586554,0.775417,0.478582,0.775423,0.482057,0.881272,0,0,0.687598,0.764287,0,0,0,0,0.367088,0.29912,0.405343,0.296325,0,0,0.569146,0.273991
0.370552,0.326935,0.516856,0.388236,0.381047,0.402158,0.286971,0.32414,0.199882,0.204381,0.649254,0.368747,0.711976,0.246166,0.677124,0.0957397,0.590057,0.780977,0.485526,0.783763,0.590042,0.987116,0,0,0.691096,0.767061,0,0,0,0,0.363643,0.299123,0.401945,0.296319,0,0,0.569103,0.271246
0.37051,0.324221,0.516871,0.388242,0.38104,0.404932,0.283484,0.32417,0.196417,0.20715,0.649285,0.371514,0.705005,0.221102,0.663186,0.0901738,0.586559,0.769854,0.482049,0.775414,0.572629,0.992687,0,0,0.687614,0.761493,0.792109,0.99547,0,0,0.363605,0.29909,0.401923,0.296289,0,0,0.565709,0.271238
0.37051,0.324218,0.516864,0.388241,0.381038,0.404929,0.280022,0.321381,0.196378,0.207183,0.652727,0.371536,0.705005,0.229457,0.659738,0.0873801,0.586573,0.772636,0.482072,0.778212,0.572633,0.992687,0,0,0.687593,0.764267,0.795589,0.992692,0,0,0.363579,0.299084,0.401917,0.296281,0,0,0.569094,0.271236
0.370541,0.326957,0.516952,0.39099,0.38455,0.407748,0.279987,0.324147,0.196418,0.20996,0.652749,0.377069,0.705012,0.212741,0.663222,0.0818239,0.586566,0.775421,0.482071,0.775423,0.482048,0.886838,0,0,0.687619,0.767057,0,0,0,0,0.367041,0.29912,0.401947,0.296314,0,0,0.56911,0.27122
0.370594,0.326974,0.520385,0.388278,0.387979,0.407739,0.276533,0.324161,0.199858,0.209968,0.656263,0.374317,0.705035,0.218313,0.670189,0.0818296,0.590047,0.775411,0.485525,0.778199,0.464632,0.864554,0,0,0.691101,0.764287,0,0,0,0,0.367066,0.299146,0.40535,0.296317,0,0,0.569163,0.271243
0.370618,0.329712,0.520371,0.390991,0.388021,0.410501,0.27651,0.324182,0.199842,0.218301,0.656228,0.374311,0.708512,0.21274,0.677117,0.0790532,0.590053,0.772633,0.485519,0.778194,0.475092,0.881269,0,0,0.691098,0.764263,0,0,0,0,0.367094,0.301865,0.405376,0.296329,0,0,0.569169,0.271231
0.370612,0.327003,0.520403,0.391004,0.391459,0.407746,0.273031,0.321392,0.199881,0.215531,0.656257,0.377096,0.711974,0.226673,0.673659,0.08739,0.586584,0.775412,0.482061,0.775426,0.492509,0.911904,0,0,0.687609,0.764282,0,0,0,0,0.367073,0.301845,0.405376,0.296333,0,0,0.56916,0.271221
0.370608,0.326978,0.520355,0.390998,0.391462,0.407729,0.276496,0.324168,0.192903,0.22668,0.652738,0.374319,0.711966,0.262886,0.67019,0.0846234,0.576143,0.764283,0.482026,0.767064,0.492508,0.900763,0,0,0.684094,0.761476,0.879201,0.870119,0,0,0.367103,0.299136,0.405388,0.296335,0,0,0.569178,0.271204
0.370631,0.326976,0.52039,0.391016,0.388007,0.407698,0.276514,0.32418,0.185956,0.229437,0.652783,0.379864,0.687614,0.190458,0.652743,0.0790408,0.579602,0.769839,0.482043,0.769854,0.495991,0.897979,0,0,0.684118,0.764266,0.872235,0.864557,0,0,0.367115,0.299118,0.405414,0.296335,0,0,0.572599,0.27121
0.374069,0.327005,0.520399,0.388263,0.388019,0.404957,0.279978,0.324178,0.196365,0.215531,0.652787,0.374296,0.705031,0.251729,0,0,0.58309,0.772637,0.482066,0.778195,0.576113,0.970405,0,0,0.687599,0.764289,0,0,0,0,0.370508,0.299144,0.405499,0.299032,0,0,0.5761,0.271244
0.374108,0.327004,0.527363,0.391008,0.394958,0.404924,0.286968,0.329724,0.199861,0.21831,0.663209,0.377077,0.677152,0.168165,0.635369,0.0818419,0.590064,0.76984,0.482052,0.767065,0.485546,0.89241,0,0,0.701528,0.76428,0,0,0,0,0.370544,0.299103,0.408901,0.299057,0,0,0.579607,0.271232
0.37757,0.326975,0.527372,0.388233,0.39499,0.396604,0.290445,0.326944,0.192906,0.215532,0.663207,0.374309,0.711975,0.265677,0,0,0.57612,0.769841,0.475086,0.767071,0.468119,0.881268,0,0,0.684119,0.764286,0,0,0,0,0.370589,0.296341,0.415877,0.299035,0,0,0.593471,0.268433
0.37762,0.32694,0.527394,0.388236,0.398456,0.396607,0.290429,0.324171,0.19291,0.212724,0.663189,0.374304,0.711997,0.271219,0.631854,0.112465,0.572652,0.767064,0.475084,0.76984,0.401938,0.764295,0,0,0.680656,0.764276,0,0,0,0,0.370606,0.2963,0.422797,0.296336,0,0,0.593548,0.26848
0.388023,0.326922,0.534297,0.388263,0.401935,0.396611,0.283492,0.3158,0.199893,0.201622,0.666694,0.379872,0.715427,0.276789,0.610962,0.109693,0.572634,0.772622,0.478565,0.775411,0.40192,0.767072,0,0,0.677167,0.767066,0.447217,0.775419,0,0,0.374078,0.296265,0.429809,0.296323,0,0,0.597052,0.271241
0.401865,0.324213,0.55519,0.388264,0.40892,0.399388,0.293959,0.324164,0.203336,0.209949,0.680616,0.377083,0.715467,0.262905,0.628385,0.131946,0.597012,0.769852,0.485565,0.772637,0.405431,0.767061,0.569152,0.987121,0.701538,0.761489,0,0,0,0,0.377544,0.29354,0.433352,0.293561,0,0,0.60057,0.268454
0.401967,0.324175,0.555219,0.388246,0.408951,0.393836,0.283475,0.332498,0.178974,0.237837,0.701521,0.37987,0.68408,0.184893,0.617893,0.106904,0.583096,0.778205,0.471618,0.772626,0.398444,0.769841,0.551729,0.992689,0.694571,0.772628,0.830431,0.8172,0,0,0.384501,0.293502,0.44024,0.293539,0,0,0.607482,0.265645
0.405402,0.324162,0.558709,0.390995,0.412414,0.399354,0.290438,0.346422,0.185922,0.257321,0.701547,0.382632,0.715484,0.243387,0,0,0.576125,0.78656,0.471593,0.780991,0.398452,0.775422,0,0,0.687598,0.783768,0,0,0,0,0.391458,0.293492,0.44374,0.293521,0,0,0.614454,0.262924
0.405456,0.324125,0.565664,0.391021,0.422823,0.393827,0.304402,0.349216,0.20335,0.287955,0.711972,0.385423,0.73287,0.254535,0,0,0.569146,0.769851,0.461143,0.764271,0.39496,0.786558,0,0,0.684101,0.769848,0.833921,0.872906,0,0,0.394979,0.290716,0.447236,0.290757,0,0,0.621433,0.262888
0.405463,0.32412,0.565645,0.391007,0.422815,0.393798,0.3044,0.349222,0.203352,0.287961,0.711953,0.385424,0.732895,0.257305,0,0,0.565666,0.769854,0.4542,0.76428,0.398442,0.786559,0,0,0.680621,0.772625,0.833914,0.870122,0,0,0.394977,0.2907,0.44725,0.290747,0,0,0.621434,0.262903
0.408873,0.32138,0.565702,0.388219,0.419372,0.390996,0.290475,0.335301,0.172029,0.301864,0.715498,0.382652,0.76074,0.265691,0,0,0.562205,0.767069,0.454182,0.761485,0.377545,0.769844,0,0,0.680635,0.772627,0,0,0,0,0.398449,0.285205,0.450713,0.287927,0,0,0.624887,0.260093
0.408886,0.321351,0.565637,0.388206,0.419339,0.388277,0.283486,0.329712,0.154587,0.290721,0.712012,0.38263,0.774686,0.285163,0.645804,0.123629,0.555197,0.76428,0.44375,0.761482,0.374049,0.769853,0.555211,0.998258,0.66669,0.76984,0.802563,0.867338,0,0,0.398464,0.285158,0.45073,0.285175,0,0,0.624914,0.26009
0.408937,0.318597,0.562193,0.38547,0.415862,0.388219,0.252116,0.304675,0.123246,0.27957,0.711993,0.382634,0.788639,0.290707,0.666722,0.145884,0.555216,0.764263,0.447237,0.758696,0.367099,0.761495,0.520381,0.984334,0.666696,0.767065,0.823455,0.867331,0,0,0.401887,0.282379,0.454162,0.28238,0,0,0.628346,0.260064
0.408927,0.318585,0.562225,0.382677,0.412422,0.385481,0.245197,0.304657,0.109299,0.276797,0.715459,0.377083,0.795574,0.296255,0.67364,0.145922,0.551753,0.761498,0.443749,0.755934,0.367109,0.761484,0.520377,0.989905,0.66322,0.767056,0.823467,0.800488,0,0,0.401872,0.282375,0.454166,0.28237,0,0,0.628392,0.260072
0.408957,0.318557,0.565627,0.385402,0.412363,0.38546,0.245157,0.293533,0.109286,0.25734,0.718933,0.37988,0.816514,0.301884,0.680628,0.157045,0.555237,0.761478,0.44721,0.755909,0.367068,0.755935,0.495999,0.987117,0.670178,0.764274,0.802572,0.892408,0,0,0.401883,0.279629,0.4542,0.279626,0,0,0.631815,0.257355
0.412381,0.318547,0.565642,0.382672,0.412361,0.385427,0.24172,0.285183,0.119709,0.251733,0.718965,0.379866,0.823465,0.301894,0.680666,0.159816,0.555225,0.761493,0.44376,0.755931,0.36707,0.755919,0.506447,0.989899,0.670177,0.767054,0.816492,0.861763,0,0,0.401913,0.279629,0.457626,0.279608,0,0,0.631837,0.257346
0.412427,0.310212,0.565645,0.382647,0.412358,0.385412,0.262605,0.287958,0.133655,0.229472,0.718981,0.379853,0.827003,0.304671,0.704992,0.170978,0.565671,0.76984,0.457669,0.764273,0.363592,0.750342,0.537796,0.998256,0.684101,0.769853,0.806038,0.831127,0,0,0.401914,0.276808,0.457709,0.274049,0,0,0.631901,0.257299
0.412412,0.304641,0.565666,0.379861,0.412371,0.379896,0.266064,0.287973,0.137128,0.221104,0.722431,0.377095,0.827009,0.301894,0.701544,0.168162,0.569136,0.764279,0.464633,0.758709,0.360128,0.741981,0.541283,0.995472,0.680638,0.76706,0.708495,0.987116,0,0,0.401926,0.27399,0.457696,0.271248,0,0,0.635298,0.257272
0.412382,0.299115,0.569109,0.37428,0.415852,0.377106,0.290451,0.304663,0.14413,0.215516,0.718976,0.37151,0.833956,0.304679,0.711958,0.170985,0.562177,0.755932,0.450715,0.75313,0.356643,0.730874,0.555219,0.995471,0.677139,0.76148,0.370562,0.733632,0,0,0.401889,0.268431,0.45763,0.262922,0,0,0.6353,0.25453
0.41236,0.299065,0.569173,0.374291,0.415887,0.377104,0.290459,0.304667,0.147613,0.215559,0.722443,0.371524,0.8374,0.304677,0.711972,0.173739,0.56219,0.755926,0.450707,0.750347,0.353181,0.72808,0.534317,0.992688,0.677155,0.761481,0.367078,0.730861,0.722432,0.995474,0.401871,0.265678,0.454207,0.262865,0,0,0.631906,0.254485
0.40887,0.29631,0.565694,0.368753,0.412417,0.374307,0.293928,0.313017,0.147637,0.215526,0.718976,0.365954,0.840878,0.307464,0.71195,0.173732,0.558678,0.741988,0.447216,0.725287,0.356637,0.72805,0.551729,0.998258,0.673663,0.750337,0.56218,0.755922,0.76424,0.995475,0.398392,0.262909,0.450672,0.260082,0,0,0.628401,0.25171
0.405446,0.296288,0.565621,0.368733,0.408933,0.374325,0.28697,0.307448,0.147617,0.218297,0.718946,0.36316,0.840868,0.310243,0.711963,0.173759,0.562176,0.750349,0.450714,0.736425,0.356653,0.722483,0.499478,0.981545,0.677144,0.755913,0.370589,0.71971,0,0,0.394915,0.262885,0.443772,0.260057,0,0,0.628368,0.251694
0.401945,0.293482,0.562147,0.365961,0.408903,0.377101,0.286945,0.307447,0.140647,0.218343,0.711991,0.354824,0.840885,0.313034,0.708526,0.179304,0.562175,0.750341,0.461153,0.744776,0.356641,0.708584,0.502961,0.975976,0.673661,0.753136,0.579606,0.755922,0.708501,0.998257,0.384498,0.260108,0.436828,0.257299,0,0,0.624838,0.246178
0.401894,0.290733,0.558712,0.365949,0.408882,0.3771,0.273044,0.304661,0.137153,0.215561,0.711958,0.354809,0.840872,0.315807,0.71194,0.182102,0.558704,0.750348,0.454188,0.74478,0.353172,0.705786,0.485539,0.973196,0.670188,0.753135,0.673665,0.992687,0,0,0.381049,0.257377,0.436762,0.254567,0,0,0.621371,0.246147
0.391493,0.285158,0.551699,0.363167,0.401936,0.377101,0.262564,0.299093,0.126692,0.212758,0.704991,0.351994,0.833941,0.321396,0.708485,0.184896,0.562189,0.744776,0.457661,0.741991,0.342717,0.708575,0.464636,0.978758,0.680629,0.747553,0.527348,0.858984,0,0,0.377543,0.257274,0.433259,0.251758,0,0,0.607511,0.24063
0.391485,0.285164,0.548295,0.363175,0.401939,0.377108,0.25912,0.296326,0.126685,0.212748,0.701543,0.35199,0.83738,0.324148,0.708488,0.184877,0.562196,0.744779,0.457667,0.741996,0.342722,0.708572,0.464637,0.975979,0.680628,0.747555,0.541281,0.864554,0,0,0.37755,0.257278,0.433253,0.251766,0,0,0.610926,0.240624
0.381027,0.282389,0.544762,0.363135,0.398421,0.379888,0.252112,0.296303,0,0,0.691073,0.346473,0.830427,0.326976,0.701515,0.193231,0.555226,0.753138,0.440256,0.755912,0.388001,0.987119,0,0,0.670177,0.750345,0.325299,0.672347,0.429798,0.995473,0.374053,0.254518,0.429771,0.24897,0,0,0.603968,0.23784
0.37759,0.28237,0.544747,0.363183,0.394955,0.379886,0.259089,0.310232,0,0,0.691079,0.352003,0.82697,0.329727,0.701522,0.198811,0.551729,0.755913,0.433294,0.753131,0.314858,0.658436,0,0,0.666691,0.753129,0.367096,0.691845,0,0,0.374033,0.254476,0.429741,0.24895,0,0,0.600507,0.237825
0.377506,0.27964,0.541293,0.365922,0.388012,0.379882,0.259114,0.318571,0.0709892,0.198822,0.684112,0.352031,0.819991,0.329763,0.694588,0.196061,0.534319,0.741988,0.415863,0.73085,0.293922,0.669571,0,0,0.645795,0.739211,0.377545,0.76149,0,0,0.373977,0.25176,0.426291,0.248935,0,0,0.600482,0.235045
0.37408,0.279618,0.541289,0.365928,0.377566,0.379863,0.224259,0.29074,0.0605425,0.196035,0.680647,0.352046,0.816493,0.335316,0.704991,0.201624,0.534312,0.73363,0.422821,0.722493,0.266085,0.936969,0,0,0.645781,0.733632,0.304389,0.669578,0.374063,0.995473,0.370612,0.25172,0.422836,0.246178,0,0,0.600479,0.23507
0.370572,0.276781,0.523839,0.363162,0.374059,0.374297,0.220765,0.285177,0.046625,0.179297,0.670152,0.354799,0.788635,0.326933,0.67368,0.176541,0.513407,0.714138,0.4089,0.711347,0.227745,0.914693,0,0,0.614431,0.71414,0.321803,0.680709,0,0,0.370553,0.246146,0.415866,0.243394,0,0,0.593493,0.24618
0.363655,0.273994,0.516915,0.365973,0.370578,0.377086,0.224266,0.287939,0,0,0.659727,0.357581,0.778169,0.326978,0.673645,0.184876,0.506452,0.708557,0.408895,0.700213,0.206865,0.903544,0,0,0.603992,0.705784,0.353164,0.750347,0,0,0.367105,0.240608,0.412365,0.240592,0,0,0.583113,0.251745
0.353188,0.268453,0.489067,0.363179,0.353169,0.368764,0.210361,0.274008,0.0570197,0.168231,0.628394,0.354813,0.746799,0.329721,0.64583,0.182075,0.489039,0.722494,0.377538,0.716917,0,0,0,0,0.610949,0.708566,0,0,0,0,0.360144,0.235091,0.405365,0.235079,0,0,0.572625,0.251768
0.349646,0.265671,0.488985,0.363154,0.356631,0.365955,0.217323,0.276819,0.0640566,0.173787,0.614437,0.35479,0.732899,0.338098,0.645805,0.184888,0.464642,0.725276,0.353164,0.689069,0,0,0,0,0.583093,0.722492,0,0,0,0,0.356694,0.235056,0.401886,0.235017,0,0,0.569095,0.254487
0.342674,0.260062,0.482056,0.363155,0.342717,0.36873,0.206872,0.260094,0.0849093,0.190454,0.600524,0.354803,0.715466,0.32694,0.649272,0.193265,0.478584,0.6835,0.370573,0.669574,0,0,0,0,0.590041,0.683498,0,0,0,0,0.353164,0.232242,0.391478,0.232191,0,0,0.558657,0.254508
0.335752,0.260086,0.485567,0.368708,0.35318,0.377109,0.220784,0.28239,0.0918669,0.198799,0.610948,0.357601,0.712031,0.32139,0.65625,0.198797,0.48205,0.691847,0.370594,0.675133,0,0,0,0,0.593535,0.686287,0,0,0,0,0.349692,0.232236,0.387985,0.229474,0,0,0.555187,0.248969
0.32534,0.257362,0.485517,0.377067,0.349656,0.382649,0.2138,0.276822,0.0918714,0.201617,0.607468,0.363165,0.712021,0.321385,0.680642,0.198787,0.471606,0.702994,0.36013,0.683496,0,0,0,0,0.58308,0.702991,0,0,0,0,0.346198,0.229466,0.381036,0.229418,0,0,0.551699,0.254539
0.325312,0.257313,0.485526,0.379871,0.349691,0.385433,0.217272,0.282391,0.0918892,0.20164,0.614425,0.368729,0.715443,0.326954,0.705011,0.198815,0.468127,0.68071,0.367089,0.669564,0,0,0,0,0.5587,0.680711,0,0,0,0,0.346136,0.229447,0.377588,0.229425,0,0,0.548298,0.254564
0.325324,0.257345,0.485549,0.374292,0.346184,0.385414,0.21029,0.268464,0.0953453,0.204394,0.624883,0.36593,0.72938,0.315799,0.760754,0.170969,0.475084,0.716927,0.367099,0.708564,0,0,0,0,0.583083,0.714132,0,0,0,0,0.34615,0.23221,0.377616,0.232186,0,0,0.548262,0.257305
0.328746,0.257363,0.485586,0.385423,0.3497,0.390993,0.210337,0.268454,0.0987964,0.207164,0.628358,0.371504,0.753792,0.296303,0.79211,0.159832,0.471602,0.730847,0.360123,0.716916,0,0,0,0,0.583085,0.73363,0.21381,0.72249,0,0,0.346209,0.23223,0.381065,0.232184,0,0,0.551737,0.257313
0.328777,0.260141,0.492536,0.382653,0.353177,0.388249,0.213805,0.274023,0.098826,0.207155,0.635337,0.371526,0.760749,0.307437,0.806055,0.159838,0.475084,0.741995,0.353163,0.736419,0.248632,0.725273,0,0,0.590044,0.741997,0.224263,0.753136,0,0,0.346206,0.234989,0.384515,0.232202,0,0,0.551778,0.257345
0.335719,0.2601,0.506419,0.382677,0.36014,0.388231,0.217289,0.276828,0.102335,0.207138,0.649294,0.374295,0.774711,0.293532,0.840876,0.157042,0.475096,0.739202,0.363607,0.730846,0.248655,0.783774,0,0,0.586571,0.733639,0.234716,0.77263,0,0,0.349673,0.232286,0.388019,0.232187,0,0,0.555248,0.260077
0.339251,0.260097,0.506442,0.388198,0.363585,0.388198,0.217316,0.271247,0.102329,0.204374,0.656234,0.382648,0.795569,0.290723,0.900081,0.151468,0.478577,0.753132,0.363605,0.739203,0.273026,0.78377,0,0,0.597025,0.750344,0.307871,0.76149,0,0,0.353144,0.234989,0.398407,0.229476,0,0,0.562217,0.2601
0.342741,0.257371,0.513394,0.385428,0.363627,0.385474,0.217304,0.262901,0.102376,0.198787,0.663211,0.374309,0.799063,0.293529,0.910561,0.157007,0.478578,0.753134,0.363598,0.747559,0,0,0,0,0.59353,0.750346,0.286973,0.716922,0,0,0.356612,0.232252,0.401877,0.229445,0,0,0.565681,0.260131
0.34969,0.257335,0.523862,0.385409,0.370541,0.388244,0.238211,0.276805,0.123216,0.193237,0.673675,0.365961,0.833913,0.265686,0.941922,0.140303,0.495984,0.764278,0.377539,0.76149,0.318313,0.89519,0,0,0.607467,0.764275,0.360131,0.86455,0,0,0.363612,0.232243,0.405425,0.229435,0,0,0.572642,0.262856
0.353134,0.257352,0.523862,0.388259,0.370547,0.39104,0.255633,0.299067,0.126703,0.196011,0.673655,0.379871,0.858306,0.257322,0.95239,0.134758,0.51342,0.764276,0.401927,0.769844,0.328779,0.881266,0,0,0.624895,0.76427,0.311347,0.711364,0,0,0.367088,0.232255,0.408871,0.229472,0,0,0.572687,0.262899
0.356627,0.260134,0.520375,0.391039,0.367087,0.396613,0.248658,0.282382,0.140686,0.184891,0.677149,0.382648,0.84438,0.268456,0.959325,0.13751,0.516899,0.76706,0.40891,0.758705,0.31485,0.753137,0,0,0.624889,0.775417,0.325298,0.741989,0,0,0.370528,0.235016,0.412369,0.232234,0,0,0.576151,0.268451
0.356623,0.260063,0.520406,0.388224,0.367058,0.393817,0.252114,0.276794,0.165033,0.179339,0.680627,0.37709,0.844385,0.265664,0.945382,0.137569,0.530848,0.80885,0.419356,0.803267,0.321806,0.833915,0,0,0.645806,0.817197,0,0,0,0,0.370608,0.23226,0.408966,0.232282,0,0,0.572664,0.276759
0.356618,0.26009,0.509937,0.391028,0.328745,0.416088,0.248657,0.265688,0.18249,0.182117,0.68064,0.379861,0.833892,0.273997,0.94187,0.14033,0.527344,0.864561,0.40194,0.861765,0,0,0,0,0.649286,0.867345,0,0,0,0,0.370604,0.235003,0.408916,0.235024,0,0,0.5692,0.276852
0.356623,0.265639,0.520368,0.391046,0.342713,0.41053,0.255611,0.282388,0.189396,0.190426,0.684131,0.379892,0.830458,0.26846,0.927964,0.140314,0.523857,0.872914,0.401924,0.864548,0,0,0,0,0.635337,0.875699,0,0,0,0,0.370551,0.235057,0.408893,0.235083,0,0,0.569138,0.279581
0.356684,0.271238,0.530839,0.404938,0.353162,0.418869,0.259111,0.287937,0.192925,0.193251,0.701529,0.388208,0.830451,0.260118,0.910554,0.14313,0.558703,0.903552,0.433283,0.897982,0,0,0,0,0.680625,0.90355,0,0,0,0,0.374056,0.237799,0.408921,0.243382,0,0,0.56913,0.282399
0.360124,0.276809,0.530837,0.40772,0.356633,0.418869,0.259124,0.290739,0.189454,0.196032,0.701536,0.388264,0.826936,0.271227,0.910534,0.145905,0.565684,0.906341,0.440237,0.897985,0,0,0,0,0.698039,0.911906,0,0,0,0,0.374095,0.240638,0.408921,0.248971,0,0,0.569134,0.285161
0.36361,0.276774,0.544728,0.402174,0.367092,0.416081,0.262559,0.290746,0.192908,0.196061,0.708514,0.388235,0.830429,0.271229,0.910582,0.145882,0.5622,0.91469,0.433304,0.90077,0,0,0,0,0.691076,0.917483,0,0,0,0,0.377548,0.2406,0.412392,0.248982,0,0,0.569188,0.287919
0.36365,0.274047,0.541262,0.399397,0.363586,0.413322,0.262573,0.293501,0.203354,0.196035,0.708475,0.388236,0.830411,0.274003,0.910618,0.143145,0.562203,0.903549,0.433305,0.895191,0,0,0,0,0.691083,0.903547,0,0,0,0,0.377557,0.240633,0.41242,0.251699,0,0,0.572592,0.285191
0.3671,0.274048,0.544729,0.399385,0.363618,0.416068,0.266044,0.290718,0.210329,0.190474,0.708512,0.388226,0.830429,0.268458,0.910591,0.140356,0.56216,0.900764,0.433274,0.89241,0,0,0,0,0.684126,0.903544,0,0,0,0,0.381023,0.243362,0.415877,0.251724,0,0,0.572627,0.287919
0.367117,0.276784,0.54474,0.402164,0.363608,0.416096,0.27305,0.293503,0.217328,0.190475,0.711967,0.388261,0.833891,0.26288,0.907135,0.140284,0.562187,0.909121,0.429808,0.897986,0,0,0,0,0.694562,0.90913,0,0,0,0,0.381011,0.240634,0.415849,0.251757,0,0,0.572647,0.287935
0.367115,0.279583,0.54472,0.407742,0.363618,0.418877,0.286974,0.296319,0.227717,0.190499,0.708502,0.39105,0.830441,0.262869,0.90362,0.140289,0.562176,0.903548,0.429819,0.892408,0,0,0,0,0.694562,0.906331,0,0,0,0,0,0,0.412434,0.254517,0,0,0.572643,0.290719
0.370526,0.279589,0.541271,0.413262,0.363619,0.421665,0.293912,0.301893,0.234675,0.190495,0.70502,0.393821,0.826917,0.27124,0.903558,0.137559,0.565655,0.900773,0.43677,0.89241,0,0,0,0,0.69457,0.900772,0,0,0,0,0.381034,0.246193,0.415849,0.254547,0,0,0.572648,0.290754
