0.475052,0.354846,0.593513,0.560946,0.342707,0.675139,0.109296,0.892412,0.0291871,0.792133,0.833919,0.457865,0,0,0,0,0,0,0,0,0,0,0,0,0,0,0,0,0,0,0.363625,0.34926,0.530849,0.285177,0.28697,0.432794,0.66325,0.282382
0.471629,0.363175,0.562196,0.566486,0.31484,0.672343,0.0918756,0.867323,0.0291749,0.694639,0.806051,0.457876,0,0,0,0,0.868755,0.995475,0,0,0,0,0,0,0,0,0,0,0,0,0.363634,0.354835,0.534291,0.293529,0.286932,0.435585,0.66672,0.293526
0.471603,0.365973,0.558717,0.552572,0.307889,0.661224,0.0291807,0.803272,0.0256863,0.655637,0.809535,0.446726,0,0,0,0,0.882676,0.995475,0,0,0,0,0,0,0,0,0,0,0,0,0.363618,0.357593,0.530868,0.296268,0.286947,0.435585,0.663216,0.285148
0.475067,0.368743,0.558724,0.563721,0.304374,0.655648,0.0222012,0.703007,0.0222138,0.552575,0.813008,0.474566,0,0,0,0,0.875722,0.995478,0,0,0,0,0,0,0,0,0,0,0,0,0.367056,0.357576,0.53776,0.296325,0.286964,0.432812,0.670172,0.290725
0.478597,0.368735,0.562183,0.566486,0.307878,0.647273,0.0187387,0.666792,0,0,0.809523,0.477364,0.819976,0.0289002,0,0,0.889662,0.995477,0,0,0,0,0,0,0,0,0,0,0,0,0.37055,0.357602,0.541244,0.29635,0.290423,0.432799,0.673618,0.290701
0.485496,0.371539,0.590055,0.55536,0.349674,0.636145,0.0431101,0.613869,0.0256846,0.51915,0.816506,0.46901,0.844369,0.0177555,0,0,0.910552,0.992692,0.778169,1.00661,0,0,0,0,0,0,0,0,0,0,0.374118,0.360405,0.544801,0.299076,0.293931,0.432832,0.677156,0.287961
0.485574,0.3743,0.590033,0.563733,0.349666,0.650068,0.0849108,0.602725,0,0,0.826943,0.474566,0,0,0,0,0.896623,0.995475,0,0,0,0,0,0,0,0,0,0,0,0,0.37759,0.363146,0.548283,0.29909,0.293954,0.435564,0.680635,0.293494
0.492517,0.379863,0.597001,0.563729,0.353148,0.652849,0,0,0,0,0.830423,0.474582,0,0,0,0,0,0,0,0,0,0,0,0,0,0,0,0,0,0,0.388004,0.365931,0.555239,0.301865,0.300883,0.435601,0.684079,0.290745
0.502966,0.382679,0.60052,0.566503,0.363614,0.652863,0,0,0,0,0.833918,0.477371,0,0,0,0,0,0,0,0,0,0,0,0,0,0,0,0,0,0,0.398432,0.368693,0.562187,0.304672,0.304395,0.438356,0.687596,0.293511
0.509923,0.388217,0.603981,0.552577,0.370562,0.62499,0.0570446,0.560933,0,0,0.833915,0.47736,0.84436,0.012185,0,0,0.889662,0.995475,0,0,0,0,0,0,0,0,0,0,0,0,0.401917,0.371558,0.565675,0.313002,0.311364,0.438398,0.691077,0.296322
0.509901,0.388271,0.604012,0.552575,0.374056,0.627775,0.0953813,0.530276,0,0,0.833916,0.471792,0,0,0,0,0.917516,0.995475,0,0,0,0,0,0,0,0,0,0,0,0,0.401946,0.377083,0.569091,0.315801,0.31482,0.441174,0.694545,0.299047
0.513417,0.393775,0.607457,0.555371,0.363622,0.625011,0.137159,0.560936,0.015225,0.488497,0.84087,0.477355,0.858302,0.126391,0,0,0.938428,0.995481,0,0,0,0,0,0,0,0,0,0,0,0,0.405431,0.382633,0.572601,0.321348,0.3148,0.441182,0.698068,0.299104
0.516885,0.393842,0.603985,0.55259,0.370565,0.625009,0.137184,0.560945,0.015239,0.48573,0.833915,0.477364,0.980229,0.15425,0,0,0.941887,0.998255,0,0,0,0,0,0,0,0,0,0,0,0,0.408894,0.385413,0.576107,0.321411,0.318293,0.446715,0.698054,0.299105
0.520348,0.402162,0.600541,0.563727,0.363628,0.636152,0.147616,0.563721,0.0152379,0.485744,0.833923,0.480168,0.872234,0.215533,0.830432,0.0121997,0.931459,0.995478,0,0,0,0,0,0,0,0,0,0,0,0,0.412364,0.388202,0.579584,0.326937,0.318308,0.44949,0.704966,0.301888
0.520332,0.407706,0.603977,0.566506,0.360141,0.633346,0.144138,0.566475,0.0152268,0.482938,0.840882,0.494078,0.868736,0.19324,0.83045,0.0149584,0.907062,0.995478,0,0,0,0,0,0,0,0,0,0,0,0,0.412393,0.388246,0.576131,0.326999,0.318287,0.449513,0.701562,0.301863
0.520336,0.410536,0.603986,0.566491,0.363629,0.633358,0.154577,0.569273,0.0118236,0.482927,0.844374,0.496862,0.86527,0.184886,0,0,0,0,0,0,0,0,0,0,0,0,0,0,0,0,0.412359,0.391029,0.576113,0.335302,0.318317,0.452306,0.705,0.310251
0.516949,0.413288,0.610938,0.566485,0.36712,0.63337,0.151098,0.569285,0.011834,0.482958,0.854806,0.491302,0,0,0,0,0,0,0,0,0,0,0,0,0,0,0,0,0,0,0.408952,0.391065,0.576094,0.338091,0.318331,0.455047,0.70502,0.313006
0.516945,0.413358,0.603997,0.566516,0.367117,0.636159,0.140665,0.569261,0.0118385,0.482947,0.840886,0.49129,0.865268,0.201599,0.799067,0.0149715,0,0,0,0,0,0,0,0,0,0,0,0,0,0,0.408957,0.393838,0.57612,0.343607,0.318324,0.455073,0.705021,0.315775
0.52033,0.41608,0.60398,0.569299,0.370601,0.638932,0.144124,0.566515,0.0118329,0.482957,0.837409,0.499657,0,0,0,0,0,0,0,0,0,0,0,0,0,0,0,0,0,0,0.408962,0.396608,0.579575,0.343638,0.318324,0.455118,0.705014,0.315807
0.516926,0.416145,0.600529,0.569275,0.37405,0.638919,0.147624,0.569249,0.0118356,0.485704,0.830422,0.485731,0.83393,0.0929632,0.785117,0.0121795,0.917527,0.995479,0,0,0,0,0,0,0,0,0,0,0,0,0.408943,0.402156,0.576127,0.346413,0.318307,0.455116,0.708446,0.315828
0.51692,0.418884,0.607486,0.572052,0.37057,0.638916,0.147611,0.566504,0.0151983,0.485735,0.837387,0.482937,0.830424,0.0762536,0,0,0,0,0,0,0,0,0,0,0,0,0,0,0,0,0.408912,0.402174,0.572641,0.349261,0.314878,0.455045,0.705027,0.315828
0.51685,0.418904,0.600508,0.569288,0.3636,0.638916,0.133688,0.560924,0.0152011,0.482963,0.837386,0.482942,0.826953,0.0873893,0.764255,0.012211,0,0,0,0,0,0,0,0,0,0,0,0,0,0,0.408942,0.407738,0.572624,0.351995,0.318277,0.455065,0.701523,0.315788
0.51343,0.418888,0.600507,0.560945,0.360112,0.638932,0.12673,0.558135,0.0151985,0.48294,0.837388,0.47738,0.823472,0.10411,0.767736,0.0121774,0,0,0,0,0,0,0,0,0,0,0,0,0,0,0.408869,0.407689,0.572607,0.349276,0.314811,0.452303,0.701558,0.315802
0.513393,0.418867,0.597034,0.566495,0.363597,0.636127,0.140653,0.560939,0.0118391,0.480136,0.83392,0.485716,0.809522,0.090182,0,0,0,0,0,0,0,0,0,0,0,0,0,0,0,0,0.405426,0.404908,0.569164,0.349225,0.311334,0.449504,0.701548,0.324134
0.513408,0.416131,0.597013,0.569283,0.363586,0.636148,0.154588,0.56651,0.0152052,0.477388,0.833915,0.488503,0.795586,0.0595442,0,0,0,0,0,0,0,0,0,0,0,0,0,0,0,0,0.405404,0.399381,0.569093,0.346488,0.314807,0.452248,0.698076,0.324139
0.51339,0.413347,0.596992,0.558143,0.360127,0.633339,0.151105,0.563688,0.0118352,0.474583,0.830423,0.477378,0.799099,0.0734601,0,0,0,0,0,0,0,0,0,0,0,0,0,0,0,0,0.401975,0.393823,0.569121,0.343657,0.314844,0.449465,0.701513,0.3214
0.513427,0.413298,0.593556,0.558152,0.360112,0.630582,0.151104,0.560931,0.0118416,0.477327,0.826933,0.480167,0.799088,0.0929627,0,0,0,0,0,0,0,0,0,0,0,0,0,0,0,0,0.405357,0.391029,0.569149,0.340884,0.314784,0.446703,0.701538,0.321396
0.516867,0.407751,0.597015,0.555365,0.360136,0.627777,0.137166,0.549794,0.0152068,0.471791,0.833908,0.477368,0.799086,0.0623138,0,0,0,0,0,0,0,0,0,0,0,0,0,0,0,0,0.405376,0.388199,0.572602,0.335297,0.314823,0.438403,0.704987,0.321344
0.516885,0.407699,0.600492,0.552586,0.363633,0.622209,0.137152,0.544232,0.0118459,0.463447,0.83739,0.477371,0.795621,0.051189,0,0,0,0,0,0,0,0,0,0,0,0,0,0,0,0,0.405403,0.385488,0.572624,0.332516,0.314813,0.435627,0.704973,0.313016
0.51691,0.399362,0.600497,0.549795,0.370574,0.613879,0.140644,0.538666,0.0118336,0.45786,0.833921,0.480154,0.802559,0.0511955,0,0,0,0,0,0,0,0,0,0,0,0,0,0,0,0,0.405419,0.385383,0.572653,0.32694,0.314859,0.435539,0.704991,0.31023
0.516924,0.396604,0.600526,0.544211,0.370596,0.616629,0.140667,0.538648,0.0118253,0.452324,0.833919,0.466231,0.806051,0.065104,0,0,0,0,0,0,0,0,0,0,0,0,0,0,0,0,0.405439,0.379896,0.572653,0.324203,0.314855,0.432753,0.70504,0.307444
0.516905,0.393787,0.603987,0.541444,0.374069,0.61384,0.137174,0.5303,0.0118313,0.449504,0.837406,0.463444,0.792148,0.0400274,0,0,0,0,0,0,0,0,0,0,0,0,0,0,0,0,0.40544,0.374313,0.572688,0.321404,0.318257,0.429992,0.708496,0.299084
0.516867,0.39106,0.603989,0.541421,0.377562,0.61106,0.140678,0.533054,0.0118294,0.446723,0.833923,0.466227,0.792141,0.0511713,0,0,0,0,0,0,0,0,0,0,0,0,0,0,0,0,0.405379,0.371557,0.572639,0.321349,0.31825,0.429972,0.708474,0.296316
0.513444,0.391016,0.597016,0.541415,0.367116,0.608267,0.133674,0.524746,0.0118214,0.443922,0.830427,0.46622,0.795557,0.0484265,0,0,0,0,0,0,0,0,0,0,0,0,0,0,0,0,0.401977,0.368775,0.572592,0.318599,0.311356,0.421653,0.708509,0.299108
0.516831,0.390996,0.597045,0.538652,0.363622,0.605489,0.133682,0.524724,0.0118226,0.438379,0.83392,0.471804,0.792156,0.0455775,0,0,0,0,0,0,0,0,0,0,0,0,0,0,0,0,0.401974,0.368707,0.569191,0.318568,0.311327,0.41887,0.708506,0.299097
0.513452,0.388258,0.603977,0.524724,0.374053,0.602707,0.144154,0.530269,0.0118185,0.435614,0.833912,0.449512,0.792134,0.0428121,0,0,0,0,0,0,0,0,0,0,0,0,0,0,0,0,0.401976,0.365936,0.569197,0.313029,0.311382,0.418845,0.708484,0.293504
0.513428,0.388243,0.603984,0.521957,0.370596,0.602706,0.151098,0.527521,0.0117888,0.43837,0.837387,0.446714,0.795554,0.0428188,0,0,0,0,0,0,0,0,0,0,0,0,0,0,0,0,0.40535,0.363179,0.569181,0.310239,0.311312,0.413327,0.708462,0.290743
0.513402,0.385443,0.603974,0.51916,0.37059,0.597149,0.151093,0.524724,0.0117966,0.432814,0.833929,0.438372,0.844339,0.248962,0,0,0,0,0,0,0,0,0,0,0,0,0,0,0,0,0.401965,0.360381,0.569187,0.304653,0.311325,0.410513,0.705041,0.282385
0.513395,0.385436,0.607458,0.519142,0.374085,0.597134,0.154586,0.527509,0.0117912,0.435561,0.837408,0.443934,0.792117,0.0623292,0,0,0,0,0,0,0,0,0,0,0,0,0,0,0,0,0.40196,0.360366,0.569177,0.301925,0.311343,0.410533,0.708466,0.279615
0.513399,0.385405,0.607466,0.51638,0.374079,0.597148,0.158078,0.527501,0.0118336,0.430034,0.837399,0.435588,0.788619,0.0818291,0,0,0,0,0,0,0,0,0,0,0,0,0,0,0,0,0.401937,0.360337,0.569194,0.301871,0.307904,0.410497,0.708477,0.282362
0.513376,0.385423,0.607463,0.521927,0.370591,0.599913,0.161556,0.530285,0.0118199,0.43001,0.840884,0.441157,0.823471,0.143098,0,0,0,0,0,0,0,0,0,0,0,0,0,0,0,0,0.401946,0.360337,0.569193,0.301897,0.311337,0.410459,0.705021,0.282378
0.513368,0.385442,0.60401,0.521953,0.3706,0.594362,0.165034,0.530295,0.0118052,0.43001,0.840891,0.449518,0.830448,0.154247,0,0,0,0,0,0,0,0,0,0,0,0,0,0,0,0,0.401931,0.360338,0.569191,0.301895,0.311337,0.407748,0.705036,0.271229
0.516838,0.385434,0.60401,0.527518,0.374085,0.594346,0.171998,0.530304,0.0118007,0.435555,0.847858,0.466221,0,0,0,0,0,0,0,0,0,0,0,0,0,0,0,0,0,0,0.4054,0.360363,0.572626,0.301911,0.314816,0.407754,0.711959,0.279588
0.516888,0.388187,0.614442,0.533072,0.388002,0.597138,0.182482,0.53308,0.0118045,0.424445,0.851342,0.471787,0,0,0,0,0,0,0,0,0,0,0,0,0,0,0,0,0,0,0.40888,0.36038,0.576114,0.304676,0.314859,0.404925,0.715463,0.274022
0.516942,0.388225,0.617926,0.527516,0.394951,0.594378,0.189427,0.533087,0.0117954,0.416094,0.858302,0.460663,0,0,0,0,0,0,0,0,0,0,0,0,0,0,0,0,0,0,0.408935,0.363118,0.576154,0.304692,0.318289,0.40496,0.715474,0.276789
0.516953,0.388199,0.63186,0.521953,0.391478,0.594358,0.192887,0.533067,0.0117688,0.416098,0.865257,0.452305,0.854815,0.13753,0.534315,0.0539703,0,0,0,0,0,0,0,0,0,0,0,0,0,0,0.408963,0.363128,0.576169,0.304689,0.321767,0.407733,0.715471,0.276829
0.516944,0.388198,0.635321,0.521943,0.398446,0.597147,0.192915,0.533084,0.0117725,0.416115,0.875715,0.449516,0.868751,0.134757,0.555207,0.0428183,0,0,0,0,0,0,0,0,0,0,0,0,0,0,0.412367,0.363126,0.579572,0.304682,0.321757,0.407699,0.715471,0.276835
0.527326,0.385467,0.638831,0.513563,0.391491,0.591561,0.192928,0.527495,0.0117953,0.416079,0.872231,0.430011,0.879193,0.134735,0.562183,0.0456146,0,0,0,0,0,0,0,0,0,0,0,0,0,0,0.419331,0.360391,0.58655,0.301929,0.325241,0.404956,0.718967,0.276787
0.527364,0.38544,0.642323,0.516364,0.398461,0.591555,0.199868,0.524728,0.011784,0.413277,0.872235,0.438365,0.882672,0.134738,0.579593,0.0456041,0,0,0,0,0,0,0,0,0,0,0,0,0,0,0.419363,0.360389,0.590051,0.301901,0.325304,0.404957,0.718983,0.274044
0.527353,0.382645,0.642309,0.510784,0.401913,0.588769,0.199865,0.521942,0.0118111,0.402167,0.872238,0.427225,0.889634,0.137547,0.579604,0.0539684,0,0,0,0,0,0,0,0,0,0,0,0,0,0,0.419377,0.357598,0.590049,0.29912,0.325331,0.404922,0.722424,0.271248
0.530809,0.382625,0.645783,0.494087,0.408898,0.588778,0.203339,0.521944,0.0118084,0.404929,0.854811,0.407729,0.889637,0.134755,0.579592,0.0595422,0,0,0,0,0,0,0,0,0,0,0,0,0,0,0.419353,0.354835,0.590042,0.299079,0.325335,0.402149,0.72242,0.268427
0.530827,0.379848,0.642314,0.485721,0.405393,0.583233,0.199856,0.521916,0.0117857,0.399388,0.861778,0.385446,0.90009,0.126378,0.569151,0.0623142,0,0,0,0,0,0,0,0,0,0,0,0,0,0,0.419342,0.352045,0.590078,0.296313,0.325249,0.393818,0.7259,0.260099
0.53081,0.377112,0.642316,0.48294,0.401942,0.583204,0.196375,0.519161,0.0117898,0.402159,0.861773,0.385451,0.903608,0.123592,0.572628,0.0678826,0,0,0,0,0,0,0,0,0,0,0,0,0,0,0.419331,0.352027,0.59005,0.29631,0.325249,0.393784,0.72246,0.257314
0.530812,0.3771,0.645781,0.47737,0.405423,0.580421,0.19292,0.516347,0.0118015,0.396598,0.872239,0.360378,0.917512,0.1236,0.569157,0.0595343,0,0,0,0,0,0,0,0,0,0,0,0,0,0,0.419356,0.349279,0.590042,0.296292,0.325287,0.391055,0.722466,0.260074
0.527382,0.374338,0.645802,0.477362,0.408895,0.580448,0.189434,0.510807,0.011822,0.391006,0.868749,0.377085,0.920998,0.129174,0.583084,0.0623229,0,0,0,0,0,0,0,0,0,0,0,0,0,0,0.419367,0.349253,0.59006,0.296275,0.325297,0.391034,0.729406,0.254534
0.530842,0.371532,0.645803,0.480163,0.408907,0.57766,0.192909,0.510801,0.0118072,0.390999,0.87223,0.407728,0.941886,0.137524,0.597023,0.0456194,0,0,0,0,0,0,0,0,0,0,0,0,0,0,0.42282,0.346433,0.593545,0.293534,0.325285,0.388225,0.729414,0.251733
0.530854,0.368738,0.652755,0.480139,0.412393,0.57766,0.18942,0.508017,0.0118013,0.388263,0.87223,0.379872,0.934927,0.1264,0.600497,0.0567577,0,0,0,0,0,0,0,0,0,0,0,0,0,0,0.422841,0.343671,0.596944,0.290757,0.325304,0.38548,0.736348,0.254548
0.523891,0.365938,0.659728,0.477375,0.429805,0.574869,0.196369,0.516369,0.0117859,0.388253,0.882681,0.382661,0.938432,0.137528,0.593533,0.0400392,0,0,0,0,0,0,0,0,0,0,0,0,0,0,0.422801,0.338106,0.59355,0.287959,0.325293,0.382634,0.736346,0.251731
0.523851,0.363181,0.656249,0.47737,0.415881,0.572099,0.192894,0.513584,0.0117983,0.385441,0.886167,0.377087,0.934942,0.134757,0.593529,0.0400431,0,0,0,0,0,0,0,0,0,0,0,0,0,0,0.422805,0.335306,0.593534,0.285194,0.321852,0.374299,0.736393,0.25174
0.520422,0.363171,0.659721,0.480152,0.419355,0.572101,0.19291,0.508032,0.0117979,0.379895,0.893138,0.371516,0.938423,0.134758,0.597024,0.0372524,0,0,0,0,0,0,0,0,0,0,0,0,0,0,0.419382,0.335307,0.593525,0.285184,0.321862,0.371539,0.743329,0.254529
0.520421,0.363183,0.659725,0.480143,0.422847,0.572085,0.19289,0.508035,0.0117938,0.377101,0.882682,0.385447,0.941899,0.13196,0.624887,0.0400481,0,0,0,0,0,0,0,0,0,0,0,0,0,0,0.422795,0.335308,0.593505,0.287923,0.325261,0.374306,0.736373,0.254526
0.520414,0.365905,0.663215,0.477363,0.422843,0.572104,0.196381,0.510802,0.0117892,0.379893,0.886176,0.363164,0.94541,0.131962,0.642319,0.0511934,0,0,0,0,0,0,0,0,0,0,0,0,0,0,0.419377,0.335329,0.593501,0.287935,0.325276,0.377064,0.736374,0.251725
0.520407,0.365919,0.663224,0.477369,0.422847,0.572086,0.189431,0.510808,0.0118082,0.377078,0.889651,0.371521,0.9454,0.131966,0.649261,0.0595411,0,0,0,0,0,0,0,0,0,0,0,0,0,0,0.41936,0.335325,0.593484,0.287938,0.32184,0.374293,0.736378,0.25173
0.52039,0.363189,0.652755,0.48015,0.415871,0.572094,0.185955,0.510798,0.011771,0.379847,0.868755,0.360376,0.945396,0.129181,0.666697,0.0623257,0,0,0,0,0,0,0,0,0,0,0,0,0,0,0.419331,0.338057,0.590064,0.287942,0.32177,0.374294,0.732883,0.251736
0.520407,0.363162,0.659729,0.477373,0.412394,0.574867,0.1929,0.516356,0.0117745,0.385411,0.882685,0.363164,0.95584,0.134762,0.670174,0.0595457,0,0,0,0,0,0,0,0,0,0,0,0,0,0,0.41934,0.338061,0.590078,0.287936,0.321797,0.377082,0.736348,0.254526
0.523836,0.36313,0.652754,0.480168,0.408888,0.574869,0.182452,0.513591,0.0117875,0.385474,0.882688,0.37152,0.955859,0.129164,0.677128,0.0679173,0,0,0,0,0,0,0,0,0,0,0,0,0,0,0.419357,0.338083,0.593489,0.287921,0.321811,0.377089,0.732879,0.25452
0.520433,0.363188,0.642318,0.485731,0.401943,0.577647,0.172002,0.510796,0.0117944,0.385427,0.875716,0.385449,0.955835,0.137527,0.677138,0.0790315,0,0,0,0,0,0,0,0,0,0,0,0,0,0,0.419345,0.338105,0.593479,0.287927,0.321776,0.379847,0.732895,0.248947
0.523853,0.365949,0.635349,0.482949,0.398452,0.577661,0.185925,0.52472,0.0117877,0.391039,0.858295,0.379871,0.994169,0.137516,0.694549,0.0734659,0,0,0,0,0,0,0,0,0,0,0,0,0,0,0.415873,0.343645,0.590029,0.285186,0.318335,0.385409,0.729422,0.254522
