0.398441,0.346473,0.391474,0.527497,0.15806,0.541423,0.0500739,0.725277,0,0,0.610962,0.508001,0.816498,0.363167,0.729404,0.279598,0.461154,1.00104,0.342706,1.0094,0,0,0,0,0.58657,0.987117,0,0,0,0,0.300934,0.321413,0.468159,0.299132,0.182503,0.368765,0.583064,0.324168
0.398412,0.343702,0.370575,0.519127,0.154568,0.527502,0.0326664,0.694634,0.0256999,0.861763,0.586586,0.510772,0,0,0,0,0.426316,0.962046,0.286969,0.948122,0,0,0,0,0.562178,0.987117,0,0,0,0,0.300904,0.318595,0.471594,0.299109,0.182484,0.360386,0.551766,0.315802
0.398419,0.340883,0.36012,0.505219,0.158073,0.513576,0.0953627,0.680712,0.140661,0.836696,0.565677,0.494089,0,0,0,0,0.408895,0.953689,0.269549,0.923049,0,0,0,0,0.523876,0.97876,0,0,0,0,0.297465,0.318552,0.461131,0.29635,0.182478,0.357578,0.537812,0.32415
0.391472,0.343632,0.377526,0.510773,0.154576,0.51357,0.14413,0.856197,0,0,0.603974,0.505207,0,0,0,0,0,0,0,0,0,0,0,0,0,0,0,0,0,0,0.294018,0.318624,0.457652,0.299056,0.182514,0.365916,0.541297,0.335294
0.38802,0.346409,0.374088,0.508007,0.154593,0.513556,0,0,0,0,0.600482,0.496869,0,0,0,0,0,0,0,0,0,0,0,0,0,0,0,0,0,0,0.293987,0.321327,0.454136,0.299131,0.182473,0.363155,0.527349,0.338091
0.377501,0.343691,0.387981,0.49408,0.158112,0.519154,0.130161,0.811639,0.119719,0.884058,0.614429,0.471782,0,0,0,0,0,0,0,0,0,0,0,0,0,0,0,0,0,0,0.290494,0.318605,0.447188,0.299061,0.18243,0.354824,0.523911,0.324176
0.374065,0.343659,0.374051,0.50525,0.154559,0.521923,0.12322,0.811628,0.102346,0.90076,0.593542,0.499644,0,0,0,0,0.391477,0.975977,0.238205,0.970408,0,0,0,0,0.523867,0.987114,0,0,0,0,0.290431,0.318561,0.447257,0.299067,0.182405,0.354796,0.523864,0.329719
0.370613,0.340888,0.370582,0.502441,0.154594,0.510796,0.0883985,0.769848,0.0918613,0.897984,0.593522,0.488504,0,0,0,0,0.408906,0.96483,0.255617,0.959263,0,0,0,0,0.55521,0.978759,0,0,0,0,0.286984,0.31304,0.450659,0.296309,0.182416,0.354793,0.537792,0.310227
0.37061,0.338067,0.374056,0.49408,0.151126,0.505233,0.0500793,0.755917,0.0918821,0.970407,0.597001,0.474577,0.813004,0.416086,0.757273,0.237813,0.415869,0.973187,0.276518,0.975973,0,0,0,0,0.551732,0.984331,0,0,0,0,0.286973,0.310243,0.450704,0.293562,0.182406,0.354808,0.544762,0.318591
0.374015,0.332498,0.367087,0.499636,0.144146,0.502437,0.0431226,0.778199,0.119751,0.978765,0.586579,0.485729,0,0,0,0,0.35316,0.956477,0.203359,0.942546,0,0,0,0,0.506444,0.989901,0,0,0,0,0.290391,0.304658,0.450717,0.290771,0.182478,0.349273,0.562206,0.307434
0.374057,0.329754,0.363639,0.496854,0.14065,0.499645,0.0396414,0.775414,0.0640058,0.875691,0.597015,0.482943,0.795588,0.3938,0.750301,0.23781,0.33923,0.945339,0.203361,0.931405,0.0640079,0.889607,0,0,0.495991,0.987116,0,0,0,0,0.290424,0.301921,0.454146,0.290734,0.182496,0.349199,0.569133,0.296296
0.37752,0.326991,0.367095,0.499639,0.144139,0.496866,0.0396295,0.780987,0.196395,0.995474,0.593536,0.494075,0.753789,0.170959,0,0,0.370576,0.956476,0.213812,0.925837,0,0,0,0,0.51341,0.975974,0.513412,0.998257,0,0,0.29389,0.30185,0.457689,0.287925,0.182529,0.346415,0.590064,0.31859
0.37756,0.326973,0.370572,0.496848,0.147632,0.496865,0.0326599,0.775419,0.178977,0.98433,0.593541,0.485723,0.750304,0.262879,0,0,0.353156,0.906336,0.206841,0.897982,0.0396209,0.884057,0,0,0.492501,0.906341,0.5169,0.998258,0,0,0.293906,0.299132,0.461152,0.285191,0.185935,0.346417,0.593473,0.310246
0.381058,0.326925,0.370596,0.494072,0.154598,0.482957,0.0291852,0.666779,0.172003,0.989902,0.590046,0.499646,0.788625,0.371517,0.802556,0.23224,0.325294,0.895197,0.199871,0.878486,0.0152634,0.875697,0,0,0.454184,0.928621,0.523857,0.998256,0,0,0.294009,0.299112,0.464645,0.28517,0.189438,0.343694,0.596964,0.304681
0.384491,0.326932,0.370591,0.494078,0.154566,0.482961,0.0361436,0.647281,0,0,0.593536,0.499662,0,0,0,0,0.321807,0.903548,0.196386,0.878479,0.0187452,0.872911,0,0,0.443738,0.942552,0.527337,0.998258,0,0,0.297436,0.299107,0.46809,0.285184,0.189461,0.346429,0.596941,0.304692
0.38802,0.32423,0.377566,0.491287,0.158074,0.48294,0.0257099,0.577643,0,0,0.600508,0.499658,0.530826,0.836698,0,0,0.318319,0.897983,0.192905,0.872905,0.0187484,0.872898,0,0,0.436777,0.939763,0.523875,0.998256,0,0,0.300921,0.299102,0.471588,0.287918,0.192888,0.34648,0.596957,0.307432
0.391501,0.326922,0.377549,0.48574,0.161543,0.482927,0.0257053,0.574858,0,0,0.597026,0.494075,0.597014,0.792129,0,0,0.318326,0.892411,0.192918,0.861763,0.0221867,0.878479,0,0,0.440256,0.925838,0.527344,0.998258,0,0,0.304365,0.299121,0.475083,0.28796,0.192917,0.349219,0.597001,0.313014
0.401886,0.329722,0.384529,0.485734,0.161538,0.485707,0.0222277,0.574862,0,0,0.614446,0.491287,0.992422,0.154251,0,0,0.325279,0.903549,0.199864,0.875702,0.0187575,0.881258,0,0,0.454182,0.939765,0,0,0,0,0.311367,0.30193,0.482044,0.293496,0.199908,0.349272,0.597086,0.315808
0.405407,0.332522,0.398438,0.491304,0.175468,0.488517,0.0465978,0.630568,0.0431074,0.867339,0.621402,0.485736,0.844363,0.237813,0,0,0.325298,0.920267,0.20683,0.889628,0.0187618,0.881254,0,0,0.447225,0.950906,0,0,0,0,0.318304,0.30745,0.485534,0.296276,0.206884,0.360397,0.597077,0.318584
0.415861,0.340872,0.405421,0.494075,0.182459,0.48573,0.0291739,0.57765,0,0,0.635345,0.494071,0.819978,0.338088,0.893138,0.137532,0.342704,0.939759,0.210326,0.903547,0.0187224,0.884037,0,0,0.478572,0.97319,0,0,0,0,0.325314,0.318556,0.492553,0.299126,0.213826,0.35761,0.60747,0.326968
0.42283,0.346395,0.41239,0.488505,0.18942,0.480171,0.0674983,0.652856,0,0,0.645807,0.488523,0.826957,0.2796,0.87224,0.0790401,0.339228,0.934189,0.206837,0.886843,0.0187745,0.881256,0,0,0.475095,0.975977,0,0,0,0,0.332277,0.321353,0.506406,0.301919,0.217305,0.36314,0.614411,0.335307
0.43677,0.354792,0.422833,0.510798,0.189422,0.496867,0.0361387,0.647284,0.0361397,0.870125,0.659744,0.507997,0.830431,0.293519,0.893142,0.134747,0.35664,0.953693,0.224261,0.909128,0.0153048,0.892379,0,0,0.482051,0.98712,0,0,0,0,0.35318,0.326953,0.516943,0.321355,0.238206,0.374294,0.628372,0.349217
0.443715,0.363125,0.429802,0.51077,0.203345,0.49129,0.0291858,0.538643,0,0,0.666698,0.505221,0.81301,0.326943,0.875722,0.143112,0.360127,0.934193,0.234712,0.895198,0.0187357,0.889603,0,0,0.482051,0.97319,0,0,0,0,0.36016,0.335292,0.523852,0.324195,0.245194,0.382619,0.631879,0.352033
0.457668,0.371535,0.433315,0.513562,0.21033,0.485715,0.0500721,0.480155,0,0,0.66322,0.524733,0.854814,0.385443,0.858302,0.240594,0.370579,0.959265,0.252142,0.923051,0.0186921,0.892426,0,0,0.489017,0.984327,0,0,0,0,0.374052,0.343682,0.541228,0.338065,0.255634,0.382633,0.638851,0.365964
0.464611,0.379853,0.443719,0.519129,0.217306,0.491311,0.0396258,0.460649,0,0,0.677128,0.521935,0.833902,0.329739,0.854816,0.173745,0.384515,0.989901,0.262599,0.939774,0.0187087,0.889622,0,0,0.509933,0.992687,0,0,0,0,0.380999,0.346496,0.544711,0.343627,0.262528,0.388207,0.64229,0.368705
0.478609,0.385446,0.454193,0.521957,0.238182,0.494086,0.0431025,0.466224,0,0,0.677141,0.533071,0.990681,0.441156,0,0,0.384506,0.964833,0.26606,0.934181,0.0187558,0.892404,0,0,0.506438,0.987113,0,0,0,0,0.398399,0.354803,0.5517,0.349237,0.266077,0.39103,0.652705,0.382659
0.482062,0.388268,0.464625,0.535848,0.248647,0.516368,0.0431054,0.443941,0,0,0.677147,0.535865,0.987196,0.455084,0.847851,0.260093,0.377553,0.987116,0.262582,0.9314,0.0222128,0.895186,0,0,0.499483,0.995475,0,0,0,0,0.398452,0.360352,0.555172,0.354772,0.269569,0.393778,0.65278,0.38827
0.482017,0.393809,0.464621,0.54143,0.238194,0.530306,0.0396263,0.385445,0,0,0.677164,0.544227,0.844363,0.441159,0.840875,0.232241,0.374062,0.992687,0.259094,0.936968,0.0221919,0.900767,0,0,0.489028,0.998257,0,0,0,0,0.398441,0.365929,0.551777,0.360384,0.283459,0.404921,0.652755,0.391033
0.482019,0.396566,0.468109,0.55536,0.255595,0.555363,0.0291688,0.346453,0,0,0.677161,0.558159,0.980228,0.460659,0.830433,0.276809,0.384512,1.00104,0.262588,0.950909,0.0222052,0.906343,0,0,0.495991,0.99826,0,0,0,0,0.398478,0.36872,0.551773,0.363142,0.283509,0.404915,0.65625,0.393794
0.485527,0.402157,0.478586,0.555359,0.262583,0.544226,0.0605213,0.326948,0,0,0.687596,0.563706,0.847848,0.443942,0.840878,0.282383,0.387998,0.995475,0.262586,0.939764,0.0187117,0.934201,0,0,0.516898,0.998259,0,0,0,0,0.405419,0.371517,0.56218,0.365955,0.290462,0.410516,0.659728,0.404953
0.485596,0.404931,0.478558,0.552577,0.259104,0.547014,0.0326598,0.304663,0,0,0.694557,0.563715,0.837403,0.421658,0.82694,0.279594,0.426315,0.995472,0.286967,0.956479,0,0,0,0,0.555219,0.998258,0,0,0,0,0.405476,0.374279,0.562204,0.368697,0.293893,0.413291,0.659748,0.404926
0.489015,0.410482,0.475081,0.563714,0.241676,0.54144,0.0222097,0.31302,0,0,0.691086,0.572065,0.851336,0.452299,0.823463,0.287952,0.384508,0.995473,0.255618,0.94533,0,0,0,0,0.516893,0.99826,0,0,0,0,0.40549,0.379863,0.56565,0.37153,0.290494,0.416073,0.663194,0.41053
0.488975,0.410524,0.468112,0.566486,0.241675,0.541428,0.0361346,0.36873,0,0,0.687584,0.577652,0.858301,0.460656,0.809528,0.285165,0.35664,0.992687,0.238193,0.925833,0,0,0,0,0.482054,1.00104,0,0,0,0,0.408877,0.382633,0.565643,0.374311,0.293908,0.416087,0.663193,0.413299
0.482008,0.410546,0.468117,0.566502,0.245164,0.549791,0.0291787,0.340883,0,0,0.687589,0.572085,0.992422,0.49408,0.813006,0.282379,0.374059,0.995473,0.252136,0.911906,0,0,0,0,0.489023,1.00383,0,0,0,0,0.401866,0.382658,0.551699,0.374293,0.290437,0.418895,0.656246,0.413251
0.471583,0.410541,0.461164,0.566488,0.238199,0.563706,0.0431037,0.335307,0,0,0.684106,0.574851,0.907071,0.482936,0.813007,0.265667,0.37406,0.992686,0.252131,0.911907,0,0,0,0,0.482055,1.00661,0,0,0,0,0.391504,0.382662,0.544798,0.374298,0.286954,0.418899,0.656207,0.413301
0.45763,0.410536,0.457656,0.566501,0.238189,0.566509,0,0,0,0,0.684103,0.569284,0.992423,0.480149,0.809529,0.268453,0.374061,0.992687,0.238198,1.00104,0,0,0,0,0.502962,1.00383,0,0,0,0,0.377546,0.382654,0.534312,0.374294,0.27654,0.418891,0.652806,0.418862
0.450706,0.410552,0.447226,0.572078,0.217286,0.583226,0.130194,0.948124,0,0,0.680646,0.569283,0.992422,0.480154,0.806047,0.293524,0.436769,0.998259,0.307867,1.00662,0,0,0,0,0.562188,1.00383,0,0,0,0,0.374039,0.382645,0.527342,0.37428,0.276496,0.418847,0.649233,0.418893
0.443714,0.41053,0.440271,0.574854,0.210338,0.591566,0.168517,0.895193,0,0,0.677141,0.566503,0.973261,0.474584,0.816491,0.271237,0.4507,0.995471,0.318317,0.998258,0,0,0,0,0.583088,0.99826,0,0,0,0,0.367147,0.382626,0.523856,0.37156,0.266109,0.421666,0.645832,0.418901
0.44026,0.410518,0.4507,0.569295,0.231232,0.594359,0.154587,0.992687,0.0291791,0.658422,0.684112,0.558152,0.992423,0.469013,0.816495,0.265669,0.45071,0.998258,0,0,0,0,0,0,0.586571,0.99826,0,0,0,0,0.367089,0.379899,0.523846,0.371533,0.266081,0.424413,0.638801,0.416099
0.527326,0.404948,0.534331,0.583223,0.307866,0.594357,0.0744532,0.34088,0.0187274,0.204383,0.753787,0.572086,0.886189,0.496865,0,0,0,0,0,0,0,0,0,0,0,0,0,0,0,0,0.440284,0.388263,0.583086,0.36312,0.325326,0.455073,0.701515,0.41888
0.534316,0.396574,0.555206,0.574854,0.318308,0.591583,0.0779287,0.343657,0.0187382,0.221097,0.767735,0.558142,0.879197,0.48014,0.698041,0.268444,0,0,0,0,0,0,0,0,0,0,0,0,0,0,0.443769,0.385455,0.586598,0.35756,0.332255,0.449546,0.704982,0.413271
0.534283,0.396574,0.555215,0.574845,0.321826,0.59992,0.0814143,0.349238,0.018727,0.215537,0.771189,0.549803,0.886169,0.485721,0,0,0,0,0,0,0,0,0,0,0,0,0,0,0,0,0.443758,0.385428,0.586544,0.354804,0.33228,0.449538,0.698026,0.404932
0.52392,0.396585,0.555206,0.572092,0.328802,0.599918,0.112782,0.377082,0,0,0.774683,0.555349,0.882713,0.485734,0,0,0,0,0,0,0,0,0,0,0,0,0,0,0,0,0.440265,0.385461,0.583069,0.352024,0.335745,0.449506,0.70152,0.402146
0.523856,0.402167,0.551729,0.569314,0.321793,0.591571,0.0919041,0.340882,0.01871,0.159834,0.778163,0.555366,0,0,0,0,0,0,0,0,0,0,0,0,0,0,0,0,0,0,0.436821,0.388188,0.576153,0.352058,0.332277,0.44952,0.694546,0.393782
0.499514,0.413345,0.558663,0.572056,0.325323,0.597147,0.116269,0.340887,0.0152387,0.134756,0.767726,0.555348,0,0,0,0,0,0,0,0,0,0,0,0,0,0,0,0,0,0,0.422833,0.391005,0.562141,0.365938,0.32185,0.452259,0.680673,0.393783
0.468141,0.421671,0.527331,0.566519,0.300895,0.586011,0.32875,0.853403,0,0,0.750308,0.547002,0,0,0,0,0.593537,0.989903,0.464643,1.00383,0,0,0,0,0.725914,0.987118,0,0,0,0,0.387971,0.393771,0.54124,0.377094,0.294005,0.424461,0.659722,0.385412
0.4612,0.424452,0.530836,0.566508,0.304377,0.594354,0.332242,0.853414,0.332262,0.956477,0.760763,0.54421,0,0,0,0,0.586572,0.995472,0.454186,1.00104,0,0,0,0,0.729398,1.00661,0,0,0,0,0.381054,0.393769,0.534307,0.377122,0.293914,0.424458,0.663217,0.379887
0.450707,0.424463,0.523882,0.563725,0.307869,0.597151,0.325314,0.858981,0.328775,0.975976,0.753799,0.538638,0,0,0,0,0.701532,1.00104,0.555214,1.00104,0,0,0,0,0.833912,1.00662,0,0,0,0,0.374052,0.393794,0.520451,0.379844,0.290431,0.413334,0.652751,0.377068
0.447171,0.427194,0.527375,0.569273,0.307858,0.597142,0.321817,0.867342,0,0,0.771208,0.555358,0,0,0,0,0,0,0,0,0,0,0,0,0,0,0,0,0,0,0.370595,0.393771,0.520362,0.379857,0.29038,0.413267,0.652724,0.36874
0.436745,0.424475,0.534326,0.566501,0.31136,0.591562,0.31834,0.867332,0.314829,0.967606,0.774685,0.544228,0,0,0,0,0.593541,0.995475,0.461154,1.00383,0,0,0,0,0.736365,1.01219,0,0,0,0,0.367134,0.391027,0.516836,0.377117,0.300911,0.418849,0.645809,0.363159
0.433288,0.424447,0.530854,0.566514,0.304397,0.577644,0.314851,0.867332,0.262594,0.973194,0.764248,0.555356,0,0,0,0,0.565659,0.995474,0.429805,1.00104,0,0,0,0,0.691079,1.00383,0,0,0,0,0.367086,0.390991,0.513395,0.377096,0.31134,0.416072,0.645801,0.368704
0.433274,0.418867,0.548238,0.555357,0.325276,0.580436,0.318332,0.881283,0.273035,1.00383,0.778185,0.524729,0,0,0,0,0.597018,0.998259,0.454188,1.00383,0,0,0,0,0.750304,1.00383,0,0,0,0,0.373997,0.388206,0.509925,0.371501,0.32185,0.413314,0.64583,0.360347
0.440212,0.41606,0.555214,0.560938,0.346205,0.57766,0.325284,0.878483,0.259102,0.975984,0.7747,0.538661,0,0,0,0,0.61444,0.998258,0.461159,1.00661,0,0,0,0,0,0,0,0,0,0,0.377483,0.388192,0.513393,0.368718,0.332255,0.421641,0.645788,0.365968
0.450691,0.410503,0.555213,0.566508,0.332272,0.588781,0.321803,0.895211,0,0,0.792117,0.544221,0,0,0,0,0,0,0,0,0,0,0,0,0,0,0,0,0,0,0.391444,0.382614,0.520335,0.363144,0.346199,0.40774,0.652748,0.357581
0.454231,0.404903,0.558714,0.566503,0.335734,0.585998,0.335741,0.900773,0,0,0.795605,0.541436,0,0,0,0,0,0,0,0,0,0,0,0,0,0,0,0,0,0,0.394924,0.368719,0.520421,0.357548,0,0,0.652742,0.357583
0.461232,0.390979,0.562146,0.54423,0.335751,0.580436,0.325251,0.909119,0,0,0.785142,0.519154,0,0,0,0,0,0,0,0,0,0,0,0,0,0,0,0,0,0,0.405319,0.352051,0.527349,0.349239,0,0,0.656198,0.354753
0.475107,0.38824,0.562181,0.552586,0.335742,0.577653,0.325286,0.911907,0,0,0.788623,0.527515,0,0,0,0,0,0,0,0,0,0,0,0,0,0,0,0,0,0,0.408989,0.354794,0.537833,0.346521,0.370533,0.396578,0.656235,0.357536
0.485581,0.388236,0.576104,0.563721,0.349663,0.585997,0.35663,0.895187,0,0,0.802572,0.541435,0,0,0,0,0,0,0,0,0,0,0,0,0,0,0,0,0,0,0.429804,0.349279,0.54481,0.343672,0.36013,0.382669,0.659697,0.343676
0.492493,0.38818,0.579612,0.566511,0.34968,0.602713,0.349689,0.900777,0,0,0.819989,0.538641,0,0,0,0,0,0,0,0,0,0,0,0,0,0,0,0,0,0,0.433333,0.34924,0.551774,0.343636,0.360124,0.382633,0.659757,0.343628
0.509938,0.382671,0.59005,0.547011,0.36012,0.588793,0.339229,0.892422,0,0,0.823455,0.519145,0,0,0,0,0.830427,0.998259,0,0,0,0,0,0,0,0,0,0,0,0,0.436786,0.346441,0.572587,0.340835,0.360111,0.36594,0.670191,0.338065
0.527339,0.390997,0.597021,0.541424,0.360121,0.602719,0.356636,0.903551,0,0,0.837395,0.48016,0,0,0,0,0.813008,0.998259,0,0,0,0,0,0,0,0,0,0,0,0,0.436776,0.354802,0.583082,0.332507,0.335756,0.385421,0.66319,0.30189
0.537835,0.382662,0.537794,0.524723,0.307888,0.547,0.3009,0.714136,0.311354,0.875695,0.753784,0.508002,0,0,0,0,0.541279,0.989902,0.426317,0.906335,0.314844,1.00662,0,0,0.656241,1.00662,0,0,0,0,0.461146,0.343672,0.600541,0.338109,0.325271,0.374324,0.684149,0.346492
0.548234,0.382616,0.558694,0.516365,0.325299,0.533077,0.293932,0.725277,0.29045,0.864555,0.767714,0.496872,0.969779,0.577643,0,0,0.509928,0.897982,0.401935,0.889622,0.328779,0.917479,0,0,0.61444,0.911907,0,0,0,0,0.475064,0.34366,0.607472,0.338108,0.328837,0.371564,0.687599,0.346475
0.56563,0.379877,0.551729,0.53307,0.325296,0.549783,0.273039,0.797699,0.31484,0.942547,0.767727,0.505223,0,0,0,0,0.555213,0.995473,0.436774,0.998258,0,0,0,0,0.670178,1.00383,0,0,0,0,0.485605,0.343625,0.624912,0.335331,0.335749,0.371519,0.694557,0.349263
0.565661,0.382617,0.548258,0.535849,0.321796,0.560936,0.262587,0.819989,0.356644,0.998258,0.757274,0.491298,0.945397,0.641709,0,0,0.65624,1.00661,0.541277,1.00662,0.346194,1.01219,0,0,0.795589,1.00104,0,0,0,0,0.485607,0.343636,0.624929,0.338073,0.335711,0.371551,0.694542,0.349258
0.56221,0.382658,0.544787,0.541414,0.325301,0.572059,0.339216,0.872914,0.335739,0.995473,0.757264,0.496862,0.952358,0.586001,0,0,0.680626,1.00383,0.541281,1.01497,0,0,0,0,0.819978,0.987115,0,0,0,0,0.485561,0.343645,0.628326,0.340836,0.332225,0.377084,0.691075,0.349264
0.562165,0.385388,0.541274,0.538626,0.325273,0.569296,0.328775,0.861769,0.314842,0.97876,0.746817,0.488514,0.945386,0.616644,0,0,0.684114,0.987113,0.544766,1.00661,0,0,0,0,0.809525,0.92862,0,0,0,0,0.485516,0.343663,0.624877,0.340866,0.328757,0.3771,0.687598,0.351989
0.555247,0.382677,0.544743,0.53584,0.325286,0.566499,0.328773,0.845055,0.321812,0.973187,0.753796,0.494067,0.941906,0.560935,0,0,0.670178,1.00662,0,0,0,0,0,0,0.792111,1.00104,0,0,0,0,0.482087,0.343662,0.614462,0.340863,0.325333,0.379877,0.684099,0.349255
0.555208,0.382674,0.537799,0.521942,0.318339,0.549792,0.325295,0.847841,0.325287,0.975977,0.74334,0.485729,0.882696,0.544219,0.816498,0.354805,0.67714,0.892407,0,0,0,0,0,0,0.792103,0.867335,0.992425,0.636144,0,0,0.482021,0.343635,0.614436,0.340858,0.325283,0.379881,0.680678,0.349202
0.551778,0.382684,0.534293,0.524731,0.314834,0.547009,0.328767,0.85898,0.349673,0.989902,0.736368,0.488513,0.879198,0.547012,0,0,0.670181,0.920264,0,0,0,0,0,0,0.788621,0.867339,0.992424,0.641713,0,0,0.482023,0.34363,0.610966,0.340867,0.321874,0.382664,0.680574,0.349212
0.551764,0.38539,0.534306,0.52473,0.314819,0.541443,0.318334,0.845055,0.353156,0.981545,0.739866,0.494084,0.966295,0.574862,0,0,0.673663,1.00383,0.520378,1.00662,0,0,0,0,0.78514,1.00383,0,0,0,0,0.481993,0.343632,0.610979,0.340867,0.321854,0.382649,0.680592,0.349249
0.555242,0.385399,0.534293,0.527505,0.307878,0.541438,0.31833,0.870121,0.321807,0.975977,0.753781,0.502439,0.980229,0.572074,0,0,0.628371,1.0094,0.492509,1.01497,0,0,0,0,0.764237,1.00661,0,0,0,0,0.482037,0.343643,0.614429,0.340889,0.325244,0.385458,0.680623,0.352028
0.558688,0.385408,0.530829,0.530291,0.311344,0.538651,0.314837,0.864551,0.321804,0.973189,0.750294,0.505217,0.976747,0.572078,0,0,0.621405,1.00104,0.485538,1.00662,0,0,0,0,0.757269,0.992686,0,0,0,0,0.482077,0.343682,0.61446,0.343622,0.32524,0.38819,0.680655,0.360372
0.562146,0.385481,0.530848,0.530281,0.307893,0.541437,0.30091,0.856197,0.31833,0.970403,0.746816,0.502434,0.96281,0.572078,0,0,0.684116,0.875697,0.506446,0.995474,0,0,0,0,0.795589,0.84227,0.992425,0.652852,0,0,0.482086,0.34648,0.617905,0.343699,0.321863,0.388271,0.680662,0.36598
0.565622,0.385469,0.534307,0.530297,0.311368,0.538655,0.332257,0.864555,0.342703,0.970401,0.743328,0.507988,0.976744,0.49408,0,0,0.711983,0.875692,0.638826,0.992688,0,0,0,0,0.823458,0.794914,0.992424,0.647287,0,0,0.485492,0.349209,0.617935,0.346402,0.321861,0.391001,0.684041,0.368778
0.569128,0.388194,0.516927,0.535853,0.280014,0.563716,0.224262,0.806057,0.328771,0.973185,0.743341,0.50801,0.88965,0.544224,0,0,0.583085,0.998258,0.454185,1.00383,0,0,0,0,0.725918,0.987118,0,0,0,0,0.485568,0.35203,0.621392,0.34648,0.325255,0.391003,0.684131,0.371518
0.572586,0.388201,0.520375,0.527527,0.280005,0.549793,0.273032,0.780985,0.325287,0.973186,0.750291,0.50799,0.889662,0.549793,0,0,0.607474,0.895195,0,0,0,0,0,0,0.739852,0.86455,0,0,0,0,0.489036,0.354804,0.621431,0.349204,0.325265,0.391023,0.684144,0.371539
0.572658,0.388178,0.569179,0.555358,0.367097,0.616647,0.290453,1.00104,0,0,0.76773,0.519163,0,0,0,0,0,0,0,0,0,0,0,0,0,0,0,0,0,0,0.495993,0.352055,0.62492,0.349228,0.370575,0.382643,0.684094,0.368765
0.572689,0.385484,0.572621,0.544221,0.384517,0.591568,0.346188,0.914698,0,0,0.760751,0.499665,0.98023,0.577644,0,0,0,0,0,0,0,0,0,0,0,0,0,0,0,0,0.502927,0.352063,0.624926,0.349245,0.394978,0.388187,0.680702,0.368778
0.576137,0.388209,0.57261,0.535843,0.363618,0.555352,0,0,0,0,0.764258,0.510778,0,0,0,0,0,0,0,0,0,0,0,0,0,0,0,0,0,0,0.51334,0.354791,0.62832,0.352041,0.398394,0.390987,0.680731,0.37155
0.579623,0.388258,0.565623,0.544208,0.332266,0.569276,0,0,0,0,0.77815,0.519153,0,0,0,0,0,0,0,0,0,0,0,0,0,0,0,0,0,0,0.51347,0.352013,0.628413,0.354781,0.384501,0.382629,0.684079,0.371553
0.58308,0.391062,0.56916,0.547023,0.367077,0.572077,0,0,0,0,0.774687,0.527528,0,0,0,0,0,0,0,0,0,0,0,0,0,0,0,0,0,0,0.516851,0.354807,0.628449,0.357557,0.398397,0.399341,0.687579,0.382627
0.583086,0.39382,0.55871,0.549823,0.332267,0.591587,0,0,0,0,0.781655,0.524746,0,0,0,0,0,0,0,0,0,0,0,0,0,0,0,0,0,0,0.513388,0.360344,0.631815,0.357612,0.370594,0.388267,0.687595,0.374347
0.572655,0.402166,0.562151,0.544226,0.328768,0.566486,0.178968,0.998258,0.231231,0.998258,0.771197,0.524711,0,0,0,0,0.489027,0.992687,0.342711,1.00104,0,0,0,0,0.65624,0.998259,0,0,0,0,0.495982,0.363184,0.628313,0.363127,0.370532,0.38826,0.687605,0.388189
0.569106,0.404957,0.551728,0.544243,0.335743,0.560945,0.175493,0.989904,0,0,0.767708,0.524721,0,0,0,0,0,0,0,0,0,0,0,0,0,0,0,0,0,0,0.489036,0.363201,0.624838,0.363145,0.367081,0.38826,0.680674,0.382636
0.565662,0.407678,0.562169,0.541445,0.349689,0.555357,0.185934,0.998258,0,0,0.767755,0.527517,0,0,0,0,0.489032,0.995476,0.370581,0.99826,0.126716,0.942575,0,0,0,0,0,0,0,0,0.492482,0.365933,0.617947,0.363194,0.380995,0.388228,0.68061,0.379894
0.565646,0.404962,0.558667,0.541411,0.349668,0.55257,0.178979,0.998259,0,0,0.764217,0.530289,0,0,0,0,0.485536,0.964834,0.374055,0.964834,0.133669,0.939778,0,0,0,0,0,0,0,0,0.492542,0.365875,0.621377,0.363186,0.37412,0.385405,0.684028,0.385466
0.565668,0.407732,0.562187,0.541452,0.328788,0.552568,0.178976,0.903551,0.31833,0.99269,0.77817,0.52752,0,0,0,0,0.492509,0.984334,0.374072,0.975976,0.133689,0.939743,0,0,0.645791,0.995471,0,0,0,0,0.489013,0.368701,0.617931,0.363147,0.37053,0.379853,0.68403,0.382674
0.565623,0.410466,0.551705,0.54978,0.314837,0.541434,0.17897,0.917481,0.335741,0.995473,0.764253,0.530297,0,0,0,0,0.443747,0.956478,0.318336,0.903551,0.133689,0.942537,0,0,0.6005,0.998258,0,0,0,0,0.485539,0.371495,0.614431,0.3659,0.367078,0.385442,0.6807,0.385406
0.562217,0.407745,0.544739,0.552564,0.3183,0.555363,0.171999,0.936976,0.335743,1.00104,0.760754,0.535847,0,0,0,0,0.450705,0.998258,0.332252,1.0094,0,0,0,0,0.603981,0.998262,0,0,0,0,0.485505,0.37154,0.610938,0.365916,0.356627,0.382641,0.680649,0.385454
0.555232,0.410497,0.520384,0.552576,0.28698,0.574864,0.175483,0.875696,0.300906,0.99269,0.746806,0.52471,0.914029,0.569288,0,0,0.502958,0.995474,0.367099,1.00105,0.144161,0.948117,0,0,0.663206,0.995471,0,0,0,0,0.478549,0.374339,0.604008,0.365967,0.328771,0.390991,0.673708,0.385406
0.551728,0.413253,0.516863,0.547024,0.290466,0.569281,0.14762,0.931402,0.311348,0.989905,0.736355,0.527509,0.882668,0.572067,0,0,0.499477,0.998259,0.367094,1.01219,0.144114,0.995475,0,0,0.642308,0.989905,0,0,0,0,0.471592,0.382649,0.600552,0.36877,0.332243,0.407699,0.673671,0.388186
0.541315,0.4133,0.51338,0.54142,0.283486,0.555362,0.175493,0.920264,0.314841,0.989897,0.732888,0.521943,0.907052,0.569305,0,0,0.534314,1.00104,0.394964,1.00383,0,0,0,0,0.673657,1.00105,0,0,0,0,0.461129,0.382675,0.59705,0.374327,0.325261,0.407694,0.673698,0.391038
0.537796,0.413291,0.502977,0.535853,0.280013,0.535853,0.182465,0.881266,0.307873,0.989899,0.732871,0.521925,0.910552,0.569302,0,0,0.495996,0.950905,0.370578,0.945335,0.14065,0.998257,0,0,0.642311,1.00661,0,0,0,0,0.457639,0.382654,0.597031,0.374337,0.321794,0.402141,0.677088,0.390989
0.520428,0.410468,0.492509,0.544211,0.266057,0.572072,0.185934,0.864554,0.182459,0.978758,0.729398,0.519136,0,0,0,0,0.489023,0.998258,0.346195,1.00104,0,0,0,0,0.62489,1.00661,0,0,0,0,0.443734,0.374316,0.586593,0.368795,0.314869,0.410479,0.670169,0.388271
0.520421,0.410453,0.495995,0.544219,0.266055,0.574859,0.185943,0.875696,0.182467,0.978763,0.732889,0.51914,0,0,0,0,0.509925,1.00104,0.360129,1.00104,0,0,0,0,0.652762,1.00662,0,0,0,0,0.443708,0.374304,0.586597,0.368794,0.314841,0.410483,0.670198,0.38829
0.513341,0.407746,0.492488,0.5498,0.252127,0.574851,0.182461,0.881267,0.213814,0.989905,0.729402,0.535861,0.868746,0.555358,0,0,0.509927,0.995475,0.360125,1.00104,0,0,0,0,0.656241,1.00383,0,0,0,0,0.433278,0.3743,0.572614,0.368776,0.307868,0.410485,0.663191,0.388284
0.502939,0.407754,0.49946,0.549791,0.259105,0.569279,0.182459,0.870125,0.192909,0.984332,0.739851,0.538654,0,0,0,0,0.499477,0.998259,0.346192,1.00104,0,0,0,0,0.638825,1.00383,0,0,0,0,0.42973,0.374342,0.569095,0.371539,0.304387,0.413309,0.663228,0.391058
0.485543,0.413254,0.485558,0.549788,0.273034,0.558147,0.178981,0.85898,0.210325,0.995474,0.718958,0.54142,0.886167,0.558138,0,0,0.447217,0.99826,0.31484,1.00104,0,0,0,0,0.579605,1.00104,0,0,0,0,0.408862,0.382675,0.558655,0.37707,0.297447,0.416085,0.659723,0.396609
0.482011,0.413276,0.485511,0.54978,0.266072,0.535874,0.088415,0.332516,0,0,0.70851,0.544214,0,0,0,0,0.440249,1.00104,0.30787,0.998259,0,0,0,0,0.569154,0.998259,0,0,0,0,0.401962,0.385412,0.551736,0.379842,0.293989,0.413299,0.656241,0.399387
0.46114,0.413325,0.48203,0.54979,0.273038,0.563716,0.182464,0.895198,0,0,0.698052,0.541449,0.851319,0.563697,0.774687,0.391022,0,0,0,0,0,0,0,0,0,0,0,0,0,0,0.381035,0.388161,0.534337,0.379872,0.286999,0.416068,0.642267,0.393828
0.450664,0.416047,0.482045,0.549798,0.259104,0.549785,0.105816,0.385466,0.0152599,0.24059,0.701533,0.549795,0.865273,0.555359,0.771225,0.388214,0.454185,0.970404,0.304387,0.962051,0,0,0,0,0.600505,0.987115,0,0,0,0,0.374031,0.388193,0.523835,0.382639,0.280007,0.416053,0.635331,0.393819
0.436828,0.413359,0.468133,0.552572,0.266061,0.577649,0.192918,0.99269,0,0,0.698047,0.544212,0,0,0,0,0,0,0,0,0,0,0,0,0,0,0,0,0,0,0.363636,0.388254,0.516825,0.382633,0.273027,0.418893,0.628322,0.396616
0.436751,0.416041,0.457679,0.555377,0.2382,0.650069,0.189427,0.995472,0,0,0.698058,0.552575,0.858302,0.469011,0.799074,0.324161,0,0,0,0,0,0,0,0,0,0,0,0,0,0,0.360149,0.388236,0.513398,0.382655,0.269567,0.416073,0.624943,0.404918
0.433311,0.416072,0.450705,0.552576,0.245167,0.558153,0,0,0,0,0.691066,0.547005,0.83042,0.544222,0.802558,0.354802,0.429804,0.995473,0.293939,1.00383,0,0,0,0,0.562178,0.992687,0,0,0,0,0.360139,0.388229,0.513355,0.382645,0.26611,0.421681,0.624892,0.402172
0.433339,0.416066,0.454168,0.547024,0.259099,0.555358,0,0,0,0,0.677141,0.549797,0.833911,0.547002,0.80952,0.354804,0.433291,0.995475,0.304386,1.00383,0,0,0,0,0.5587,1.00104,0,0,0,0,0.360165,0.388226,0.513363,0.382613,0.269524,0.421636,0.628331,0.402138
0.436722,0.416061,0.461164,0.549803,0.273041,0.56093,0,0,0,0,0.680625,0.552584,0.475092,0.867336,0.321804,0.970411,0.415865,0.998258,0.252134,1.00661,0,0,0,0,0.544766,1.00104,0,0,0,0,0.363605,0.38828,0.513353,0.379894,0.273038,0.42997,0.624884,0.396582
0.433334,0.416113,0.464645,0.549782,0.279999,0.555363,0,0,0,0,0.684109,0.544227,0.569146,0.850628,0.335747,0.970401,0.447221,0.989902,0.318323,0.875697,0,0,0,0,0.572631,1.00383,0,0,0,0,0.363604,0.390972,0.509898,0.382624,0.273014,0.43003,0.624864,0.391048
0.433329,0.416104,0.4716,0.549788,0.266076,0.560933,0,0,0,0,0.698048,0.544213,0.85133,0.552567,0.813016,0.357593,0.447217,0.995473,0.311358,1.0094,0,0,0,0,0.572633,1.00104,0,0,0,0,0.363614,0.391,0.509939,0.379871,0.273078,0.432823,0.621384,0.39102
0.433309,0.416119,0.46812,0.546999,0.283488,0.555358,0.109295,0.39102,0,0,0.677145,0.541427,0.844363,0.549785,0.774703,0.391016,0.440247,0.992687,0.307877,1.01219,0,0,0,0,0.555212,0.998259,0.394967,1.01219,0,0,0.363638,0.391023,0.509915,0.37986,0.273042,0.435551,0.621436,0.39104
0.436742,0.418848,0.47856,0.547012,0.283477,0.558144,0.116259,0.391026,0,0,0.680649,0.538647,0.844374,0.535862,0.767742,0.385454,0.443736,0.967618,0.318323,0.867342,0,0,0,0,0.562182,1.00104,0,0,0,0,0.367079,0.391031,0.513349,0.379859,0.273067,0.432825,0.628338,0.391013
0.44373,0.41613,0.485538,0.544245,0.290434,0.569298,0,0,0,0,0.691069,0.527499,0.854812,0.5442,0.750294,0.385459,0.440254,0.998257,0.297418,0.989903,0,0,0,0,0.565672,0.998259,0,0,0,0,0.370573,0.391045,0.51687,0.379853,0.286917,0.438346,0.62839,0.391006
0.447223,0.416108,0.485502,0.546988,0.290458,0.563702,0.119754,0.393813,0,0,0.694572,0.535852,0,0,0,0,0,0,0,0,0,0,0,0,0,0,0,0,0,0,0.374014,0.391056,0.516946,0.379869,0.286965,0.435603,0.631902,0.391017
0.454222,0.416077,0.485555,0.544227,0.28697,0.563716,0,0,0,0,0.708484,0.535865,0.833925,0.538644,0.767723,0.374294,0.429799,0.995471,0.269552,0.998258,0,0,0,0,0.569148,0.989901,0,0,0,0,0.377599,0.390996,0.523836,0.377084,0.290468,0.446717,0.631893,0.385434
0.454224,0.41608,0.485536,0.546993,0.283494,0.560939,0.0953684,0.377087,0,0,0.708493,0.541426,0.837391,0.535858,0.785138,0.357594,0.412384,0.995473,0.238198,1.00383,0,0,0,0,0.562187,0.992685,0,0,0,0,0.377596,0.390996,0.523841,0.377086,0.290469,0.446738,0.631902,0.38544
0.47855,0.41046,0.489049,0.535872,0.273027,0.555355,0,0,0,0,0.722421,0.52751,0,0,0,0,0,0,0,0,0,0,0,0,0,0,0,0,0,0,0.398394,0.388212,0.541319,0.365963,0.293936,0.435573,0.638823,0.385423
0.485499,0.402159,0.492526,0.538654,0.273044,0.552575,0.0814307,0.313029,0,0,0.725933,0.535858,0,0,0,0,0,0,0,0,0,0,0,0,0,0,0,0,0,0,0.405378,0.385431,0.548236,0.363156,0.297389,0.438379,0.645765,0.382691
0.492555,0.393782,0.496005,0.5331,0.276527,0.544228,0.0814413,0.299104,0,0,0.722426,0.524738,0,0,0,0,0,0,0,0,0,0,0,0,0,0,0,0,0,0,0.415847,0.379845,0.558677,0.357579,0.304379,0.430004,0.652712,0.379887
0.499468,0.388263,0.496006,0.541438,0.283479,0.563708,0.0814098,0.296305,0,0,0.722428,0.527518,0,0,0,0,0,0,0,0,0,0,0,0,0,0,0,0,0,0,0.41936,0.37153,0.55874,0.352034,0.307852,0.430013,0.649296,0.382683
0.499489,0.382656,0.513439,0.535879,0.29046,0.577639,0,0,0,0,0.736362,0.513584,0,0,0,0,0,0,0,0,0,0,0,0,0,0,0,0,0,0,0.422823,0.365901,0.562197,0.346493,0.314787,0.432801,0.652699,0.377116
0.502939,0.377122,0.520364,0.538666,0.293941,0.580435,0,0,0,0,0.73984,0.513571,0,0,0,0,0,0,0,0,0,0,0,0,0,0,0,0,0,0,0.422844,0.360397,0.562201,0.346416,0.314829,0.432756,0.649273,0.374332
0.499493,0.368719,0.516877,0.533065,0.293946,0.572064,0,0,0,0,0.732875,0.494086,0,0,0,0,0,0,0,0,0,0,0,0,0,0,0,0,0,0,0.419376,0.351999,0.562223,0.340834,0.314801,0.432797,0.649239,0.377085
0.492542,0.365905,0.506448,0.533081,0.279989,0.560935,0,0,0,0,0.729405,0.508008,0,0,0,0,0,0,0,0,0,0,0,0,0,0,0,0,0,0,0.415882,0.349252,0.558732,0.338095,0.314795,0.432816,0.649243,0.379873
0.485608,0.363125,0.499456,0.533076,0.269544,0.538648,0.105807,0.287955,0,0,0.718976,0.510792,0,0,0,0,0,0,0,0,0,0,0,0,0,0,0,0,0,0,0.4089,0.349248,0.555232,0.335323,0.307891,0.430011,0.638843,0.385432
0.482031,0.363117,0.502963,0.533066,0.269554,0.544222,0.0988516,0.282387,0.0117593,0.159809,0.725936,0.505235,0,0,0,0,0,0,0,0,0,0,0,0,0,0,0,0,0,0,0.401888,0.351987,0.544817,0.335297,0.304387,0.432829,0.642313,0.385427
0.454175,0.363179,0.485511,0.541423,0.259085,0.549787,0.126698,0.329734,0,0,0.708475,0.521951,0,0,0,0,0,0,0,0,0,0,0,0,0,0,0,0,0,0,0.377513,0.354823,0.52388,0.338054,0.290507,0.432828,0.624896,0.385471
0.440218,0.365985,0.482062,0.544189,0.259086,0.558141,0.0988516,0.329738,0.0117731,0.190457,0.705006,0.524721,0,0,0,0,0,0,0,0,0,0,0,0,0,0,0,0,0,0,0.367077,0.363132,0.516843,0.340848,0.290395,0.4384,0.621381,0.388189
0.42983,0.371556,0.485502,0.547007,0.259098,0.572067,0.0953629,0.335316,0.0117663,0.196018,0.708507,0.521957,0,0,0,0,0,0,0,0,0,0,0,0,0,0,0,0,0,0,0.356643,0.36599,0.502938,0.343642,0.283512,0.44948,0.614434,0.388234
0.401871,0.385394,0.482061,0.560925,0.255624,0.585993,0.0918671,0.349234,0.0152389,0.237817,0.705017,0.530305,0,0,0,0,0,0,0,0,0,0,0,0,0,0,0,0,0,0,0.328734,0.382664,0.475054,0.349208,0.266129,0.457871,0.603994,0.393791
0.367116,0.402139,0.457661,0.574868,0.234704,0.597147,0,0,0,0,0.708488,0.547003,0,0,0,0,0,0,0,0,0,0,0,0,0,0,0,0,0,0,0.304382,0.39104,0.443757,0.360346,0.252131,0.457865,0.597007,0.402154
0.346209,0.413335,0.440245,0.6055,0.172002,0.636148,0,0,0,0,0.708493,0.563725,0,0,0,0,0,0,0,0,0,0,0,0,0,0,0,0,0,0,0.290452,0.404945,0.429813,0.368747,0.245124,0.47177,0.586574,0.410526
0.321816,0.435619,0.436767,0.616653,0.172012,0.658424,0,0,0,0,0.711975,0.563723,0,0,0,0,0,0,0,0,0,0,0,0,0,0,0,0,0,0,0.266072,0.42166,0.40196,0.388239,0.224287,0.477398,0.569144,0.418887
0.311362,0.446752,0.429793,0.61108,0.172011,0.641717,0.175492,0.987117,0.384519,0.96483,0.69108,0.560938,0,0,0,0,0,0,0,0,0,0,0,0,0,0,0,0,0,0,0.259051,0.432793,0.387973,0.393825,0,0,0.562194,0.427199
0.293991,0.466214,0.415855,0.588795,0.189431,0.611073,0.178977,0.911908,0,0,0.670183,0.563725,0,0,0,0,0,0,0,0,0,0,0,0,0,0,0,0,0,0,0.248639,0.443935,0.370583,0.413348,0,0,0.551776,0.435555
0.294001,0.471789,0.419369,0.608283,0.192907,0.622217,0.140658,0.987119,0.370599,0.970399,0.67018,0.572073,0.830429,0.541436,0.73637,0.352019,0,0,0,0,0,0,0,0,0,0,0,0,0,0,0.248667,0.449499,0.37053,0.41884,0,0,0.555196,0.43559
0.370608,0.482955,0.46813,0.627777,0.259088,0.608279,0,0,0,0,0.687599,0.641706,0.572626,0.875697,0.433289,1.0094,0.43677,0.995474,0.297423,1.00383,0,0,0,0,0.555215,1.00105,0,0,0,0,0.328765,0.455065,0.454129,0.449513,0,0,0.638861,0.468997
0.374033,0.480219,0.475087,0.627781,0.262595,0.613868,0,0,0,0,0.694575,0.63615,0.711985,0.872911,0,0,0.436765,0.995473,0,0,0,0,0,0,0,0,0,0,0,0,0.328802,0.455038,0.457621,0.446697,0,0,0.638818,0.46344
0.377542,0.477426,0.489009,0.616636,0.276513,0.608282,0,0,0,0,0.711988,0.630565,0.597018,0.867339,0.450706,1.00104,0.433289,0.99826,0.300903,1.00104,0,0,0,0,0.555217,1.00104,0,0,0,0,0.332291,0.452259,0.457648,0.441135,0,0,0.642288,0.457914
0.37753,0.477404,0.489027,0.616649,0.280016,0.611067,0.206846,0.393801,0.185952,0.265669,0.708496,0.630572,0.600506,0.872911,0.457668,1.00104,0.429801,0.99826,0.293937,1.00104,0,0,0,0,0.551733,1.00105,0,0,0,0,0.332291,0.449512,0.457702,0.438393,0,0,0.645778,0.457848
0.381062,0.474605,0.489033,0.622216,0.273035,0.619431,0,0,0,0,0.71548,0.625002,0,0,0,0,0,0,0,0,0,0,0,0,0,0,0,0,0,0,0.339213,0.44397,0.464648,0.435542,0,0,0.645832,0.455064
0.384553,0.471813,0.506442,0.616644,0.290448,0.616652,0,0,0,0,0.722433,0.622218,0.826946,0.889622,0.767728,0.978764,0.461153,0.998258,0,0,0,0,0,0,0,0,0,0,0,0,0.342662,0.44396,0.468093,0.432786,0,0,0.645818,0.455048
0.394982,0.466206,0.506455,0.6083,0.297435,0.611078,0.220782,0.881272,0,0,0.732883,0.608283,0.705019,0.889627,0.509927,1.00104,0,0,0,0,0,0,0,0,0,0,0,0,0,0,0.342735,0.438398,0.475107,0.427218,0,0,0.652706,0.44949
0.398468,0.463467,0.506443,0.608285,0.304372,0.602716,0.234722,0.964832,0,0,0.729404,0.60272,0,0,0,0,0,0,0,0,0,0,0,0,0,0,0,0,0,0,0.346188,0.438362,0.482002,0.421677,0,0,0.652765,0.446713
0.401962,0.460633,0.527349,0.608297,0.307874,0.611077,0,0,0,0,0.753782,0.611075,0.854818,0.889626,0,0,0,0,0,0,0,0,0,0,0,0,0,0,0,0,0.349644,0.438378,0.482097,0.416141,0,0,0.656195,0.443942
0.401973,0.457878,0.520389,0.60549,0.314844,0.599923,0.199883,0.424435,0.144135,0.2768,0.732892,0.605505,0.8583,0.872915,0,0,0.509928,0.998258,0,0,0,0,0,0,0,0,0,0,0,0,0.349727,0.43558,0.482079,0.416111,0,0,0.656202,0.443927
0.405413,0.455127,0.513425,0.597151,0.314842,0.605501,0.178971,0.399367,0.0918832,0.257298,0.72941,0.588789,0.865265,0.889624,0,0,0.530832,0.995473,0,0,0,0,0,0,0,0,0,0,0,0,0.353206,0.43563,0.482088,0.4161,0,0,0.652813,0.441184
0.405428,0.455089,0.506435,0.59716,0.304406,0.608289,0.224268,0.881267,0,0,0.725913,0.583216,0.840884,0.878481,0,0,0.541276,0.992686,0,0,0,0,0,0,0,0,0,0,0,0,0.353174,0.435575,0.482099,0.416081,0,0,0.656199,0.441172
0.405466,0.452321,0.509917,0.594346,0.314838,0.599943,0.144135,0.382658,0.0152446,0.237813,0.718945,0.586002,0.823465,0.895194,0.666697,0.992687,0.471611,0.99826,0.332259,0.99826,0,0,0,0,0,0,0,0,0,0,0.356625,0.432754,0.48548,0.413323,0,0,0.65622,0.441124
0.408865,0.452282,0.506457,0.588793,0.3183,0.588802,0.151084,0.388231,0.0465829,0.237824,0.718948,0.580431,0.757277,0.936975,0.56915,0.998258,0.461149,0.998258,0.332255,0.998259,0,0,0,0,0.590057,0.998257,0,0,0,0,0.356644,0.429987,0.485531,0.413278,0,0,0.656217,0.438389
0.408868,0.449502,0.520359,0.580422,0.318309,0.585985,0.0883965,0.332519,0,0,0.725916,0.577646,0.746799,0.93698,0.49599,0.981545,0.436763,0.998258,0.297419,0.995472,0,0,0,0,0,0,0,0,0,0,0.35669,0.421659,0.488997,0.410514,0,0,0.656246,0.441144
0.408879,0.44676,0.523865,0.577654,0.321786,0.588791,0.168526,0.404936,0,0,0.725926,0.566504,0.992422,0.519152,0.788623,0.335308,0.454188,0.998259,0,0,0,0,0,0,0,0,0,0,0,0,0.360136,0.418888,0.489052,0.410467,0,0,0.656266,0.441145
0.408956,0.44668,0.527324,0.57765,0.318346,0.594346,0,0,0,0,0.732871,0.566511,0.992422,0.524723,0.785141,0.343666,0,0,0,0,0,0,0,0,0,0,0,0,0,0,0.360167,0.416133,0.489108,0.407748,0,0,0.656251,0.441145
0.412365,0.443958,0.523866,0.574866,0.321819,0.594377,0,0,0,0,0.732873,0.566502,0.992422,0.538645,0.79559,0.349237,0,0,0,0,0,0,0,0,0,0,0,0,0,0,0.363575,0.416111,0.492482,0.407727,0,0,0.656288,0.438404
0.412379,0.441173,0.527337,0.572086,0.321815,0.591557,0.192906,0.828343,0,0,0.732876,0.555368,0.99068,0.544217,0.795595,0.349234,0.457672,0.998259,0.318328,0.995473,0,0,0,0,0,0,0,0,0,0,0.363617,0.41609,0.492493,0.407682,0,0,0.659694,0.438361
0.41241,0.44116,0.527365,0.569317,0.325283,0.591555,0.192918,0.839483,0,0,0.736378,0.552569,0.992422,0.535866,0.785143,0.32695,0.471606,0.995473,0.321804,0.995473,0,0,0,0,0.645792,0.989903,0,0,0,0,0.363608,0.416085,0.492514,0.404942,0.318278,0.460688,0.659703,0.43834
0.412402,0.441161,0.530848,0.572058,0.321818,0.594347,0.189428,0.858981,0,0,0.743327,0.549803,0.992422,0.505222,0.781656,0.287953,0.52038,0.99269,0,0,0,0,0,0,0.666697,0.992687,0,0,0,0,0.363627,0.416047,0.492529,0.402178,0,0,0.659712,0.435645
