0.384544,0.41055,0.457644,0.499658,0.335733,0.544174,0.346156,0.666812,0.454198,0.733645,0.576115,0.455101,0.656195,0.360356,0.663232,0.254516,0.59353,0.753117,0.516881,0.767075,0,0,0,0,0.666683,0.722482,0.7747,0.881271,0,0,0.328802,0.407699,0.41589,0.365983,0.293886,0.443941,0.495961,0.360394
0.401963,0.413326,0.468138,0.499643,0.349632,0.541433,0.346182,0.67513,0.457642,0.736416,0.593519,0.455089,0.652766,0.354801,0.6597,0.232227,0.597054,0.750354,0.520361,0.769844,0,0,0,0,0.677118,0.725292,0,0,0,0,0.346197,0.410526,0.429759,0.368763,0.311362,0.449526,0.509922,0.363164
0.405473,0.41606,0.475088,0.499612,0.349697,0.53863,0.325304,0.661231,0.398432,0.716921,0.597003,0.457844,0.656243,0.354804,0.663229,0.235019,0.596991,0.736416,0.516898,0.755909,0,0,0,0,0.677116,0.714134,0,0,0,0,0.34971,0.413263,0.43324,0.371515,0.318256,0.452247,0.513458,0.360388
0.408946,0.41884,0.478576,0.502453,0.35666,0.541403,0.349689,0.663987,0,0,0.59698,0.466216,0.645772,0.354782,0.635302,0.235019,0.596988,0.747562,0.516875,0.76428,0,0,0,0,0.673685,0.722503,0,0,0,0,0.356611,0.413346,0.43679,0.377099,0.318338,0.455022,0.520337,0.371516
0.412438,0.416147,0.47853,0.505205,0.3532,0.541429,0.307876,0.650067,0,0,0.596985,0.469005,0.638855,0.357601,0.631823,0.235023,0.583107,0.736417,0.499473,0.753123,0,0,0,0,0.663225,0.714134,0,0,0,0,0.360086,0.413342,0.440261,0.379849,0.318337,0.455048,0.520414,0.374317
0.433288,0.418892,0.485487,0.513614,0.360132,0.549814,0.342706,0.697428,0,0,0.600526,0.477397,0.65271,0.357573,0.638789,0.232187,0.576136,0.789338,0.482079,0.797718,0,0,0,0,0.67364,0.767075,0,0,0,0,0.374074,0.413328,0.457665,0.382622,0.325327,0.449537,0.534315,0.37152
0.440238,0.421653,0.489025,0.513587,0.374031,0.549789,0.374028,0.689068,0.405403,0.789325,0.603957,0.477405,0.649237,0.363139,0.635378,0.229488,0.596969,0.789346,0.513406,0.800505,0,0,0,0,0.677153,0.769839,0,0,0,0,0.381075,0.41335,0.464691,0.38538,0.332292,0.449492,0.541267,0.360361
0.45421,0.41611,0.492506,0.513561,0.37755,0.547012,0.388015,0.683496,0.478577,0.753164,0.604012,0.480116,0.652795,0.374293,0.652714,0.232207,0.604016,0.79212,0.527379,0.80883,0,0,0,0,0.68764,0.77542,0,0,0,0,0.398482,0.410526,0.482055,0.379885,0.33926,0.443935,0.54482,0.354799
0.464664,0.416103,0.499478,0.51639,0.381009,0.547046,0.377557,0.677949,0.454162,0.755943,0.614428,0.482946,0.656295,0.379849,0.656233,0.232217,0.600541,0.797721,0.520429,0.814414,0,0,0,0,0.687609,0.786565,0,0,0,0,0.405399,0.410466,0.492491,0.382623,0.34274,0.441142,0.55872,0.37709
0.485562,0.418893,0.502972,0.521963,0.377561,0.555372,0.374072,0.689061,0.447215,0.767051,0.621405,0.488505,0.663236,0.374304,0.666689,0.237804,0.614415,0.814423,0.530822,0.831124,0,0,0,0,0.70502,0.800474,0,0,0,0,0.426291,0.410492,0.516944,0.38546,0.353134,0.435606,0.572599,0.385431
0.489081,0.418887,0.509876,0.524696,0.381056,0.555343,0.374046,0.683495,0.440228,0.783759,0.624843,0.494066,0.666675,0.382677,0.67362,0.246141,0.600524,0.811646,0.51689,0.825551,0,0,0,0,0.691073,0.800472,0,0,0,0,0.433259,0.407708,0.527373,0.385457,0.356689,0.435626,0.586539,0.388247
0.502947,0.418895,0.509901,0.524758,0.381038,0.560925,0.381064,0.722471,0.429786,0.814404,0.624875,0.496828,0.663192,0.385438,0.66318,0.25171,0.600564,0.817183,0.516935,0.831112,0,0,0,0,0.694569,0.803279,0,0,0,0,0.440222,0.404936,0.534335,0.385468,0.367104,0.438345,0.586597,0.388224
0.502925,0.418886,0.509881,0.524686,0.384549,0.549805,0.374049,0.680697,0.433305,0.783751,0.617946,0.496835,0.663191,0.385472,0.659793,0.254471,0.60053,0.811629,0.520392,0.822766,0,0,0,0,0.687595,0.797711,0,0,0,0,0.44023,0.402163,0.534318,0.385474,0.367142,0.435576,0.586564,0.388257
0.513395,0.41326,0.502942,0.508049,0.384531,0.538663,0.360169,0.663994,0.454203,0.591582,0.614423,0.480163,0.673697,0.374298,0.68062,0.251725,0.596994,0.792159,0.513377,0.806044,0,0,0,0,0.677182,0.778208,0,0,0,0,0.44718,0.391085,0.541245,0.379889,0.374043,0.432795,0.586575,0.385486
0.516848,0.410535,0.50297,0.505246,0.384506,0.535844,0.356621,0.661237,0.461175,0.57765,0.617912,0.480106,0.677114,0.377062,0.684182,0.24897,0.597056,0.794919,0.513422,0.808832,0,0,0,0,0.684091,0.78376,0,0,0,0,0.450688,0.391006,0.54471,0.377107,0.374066,0.429978,0.590043,0.38542
0.513364,0.413351,0.495967,0.502403,0.37755,0.521988,0.353148,0.583193,0.433252,0.457913,0.607493,0.477363,0.670189,0.377056,0.684081,0.248949,0.590084,0.79214,0.496012,0.803272,0,0,0,0,0.67367,0.780985,0,0,0,0,0.443791,0.391009,0.541236,0.379848,0.373983,0.416112,0.590034,0.382634
0.520395,0.393816,0.492506,0.496819,0.367132,0.513597,0.363553,0.547046,0.433291,0.438341,0.610945,0.477315,0.666738,0.365965,0.680597,0.248932,0.597033,0.797692,0.496009,0.811616,0,0,0,0,0.684142,0.77821,0,0,0,0,0.447248,0.385426,0.551735,0.368747,0.374139,0.413338,0.590018,0.379861
0.513387,0.402153,0.516847,0.499677,0.415898,0.521939,0.342703,0.457895,0.381062,0.332511,0.607461,0.477315,0.66666,0.360341,0.673705,0.251729,0.597053,0.76429,0.516863,0.780974,0,0,0,0,0.677103,0.753141,0,0,0,0,0.457677,0.388227,0.541263,0.371566,0.401918,0.416055,0.586525,0.379914
0.513415,0.402134,0.516889,0.499637,0.419354,0.521933,0.33573,0.446757,0.342718,0.329724,0.607472,0.474567,0.659721,0.363127,0.666714,0.254499,0.597044,0.761472,0.513428,0.769845,0,0,0,0,0.677118,0.74757,0,0,0,0,0.454215,0.388207,0.541249,0.371525,0.391455,0.413296,0.579618,0.382628
0.502944,0.404957,0.513414,0.491305,0.408925,0.519117,0.311382,0.438339,0.279982,0.324164,0.607494,0.468996,0.656303,0.352021,0.659698,0.251705,0.600531,0.75872,0.520403,0.772634,0,0,0,0,0.680629,0.747559,0,0,0,0,0.443759,0.388299,0.53083,0.371557,0.37062,0.421694,0.572637,0.382626
0.492497,0.407708,0.513373,0.49128,0.408881,0.51912,0.311386,0.443957,0.259155,0.332496,0.607489,0.466226,0.656258,0.346437,0.652777,0.246177,0.600492,0.758723,0.520382,0.772629,0,0,0,0,0.680606,0.747561,0,0,0,0,0.440217,0.391009,0.520432,0.371536,0.370612,0.430031,0.569168,0.379844
0.488991,0.396613,0.509913,0.480209,0.405421,0.508001,0.276532,0.432759,0.238159,0.338069,0.60748,0.457845,0.652803,0.346474,0.64926,0.24341,0.603979,0.755922,0.523882,0.767076,0,0,0,0,0.684087,0.741997,0,0,0,0,0.436732,0.388243,0.516879,0.365984,0.370608,0.427238,0.565697,0.36876
0.492542,0.388232,0.506453,0.477345,0.401943,0.499623,0.259108,0.429986,0.175497,0.262874,0.604053,0.452273,0.652784,0.343676,0.649299,0.240579,0.600547,0.741981,0.523854,0.755898,0,0,0,0,0.680617,0.72527,0,0,0,0,0.44029,0.37989,0.520435,0.360357,0.374015,0.41609,0.565693,0.365924
0.513416,0.371518,0.506472,0.460635,0.401951,0.480131,0.24863,0.41053,0.137164,0.276808,0.604041,0.441176,0.652788,0.332529,0.652773,0.235003,0.597019,0.730833,0.520358,0.744765,0.325289,0.739208,0,0,0.673645,0.714139,0,0,0,0,0.454157,0.360336,0.537751,0.346461,0.377518,0.404921,0.572636,0.360338
0.495972,0.365952,0.502957,0.455115,0.401883,0.477356,0.245152,0.404932,0.015249,0.296288,0.604008,0.435624,0.656249,0.329743,0.656286,0.23225,0.597019,0.722473,0.520344,0.730859,0.311355,0.755912,0,0,0.673653,0.703006,0,0,0,0,0.443707,0.354833,0.523828,0.343614,0.374127,0.407693,0.569112,0.354774
0.461196,0.368697,0.492547,0.455117,0.391505,0.4774,0.255611,0.410535,0.18591,0.257301,0.600554,0.435579,0.66666,0.324197,0.663259,0.232284,0.596982,0.705771,0.520351,0.72248,0.321805,0.747567,0,0,0.666715,0.694652,0,0,0,0,0.408896,0.363128,0.485572,0.340853,0.356677,0.410496,0.544757,0.346441
0.45771,0.368708,0.492525,0.455102,0.391474,0.477415,0.245149,0.407735,0.0082579,0.287957,0.600547,0.432836,0.663237,0.324185,0.659711,0.232241,0.596969,0.711371,0.516927,0.728041,0.314844,0.75314,0,0,0.666715,0.700189,0,0,0,0,0.405463,0.363141,0.485469,0.340842,0.356614,0.41047,0.541318,0.346423
0.457717,0.365903,0.492521,0.452316,0.394991,0.474603,0.269543,0.410511,0.182438,0.257276,0.600483,0.432769,0.659786,0.324176,0.656241,0.234999,0.596964,0.703013,0.516931,0.719702,0,0,0,0,0.666705,0.694611,0,0,0,0,0.405462,0.3604,0.482105,0.335306,0.356669,0.410457,0.541319,0.343685
0.461171,0.357627,0.492547,0.449537,0.398471,0.471813,0.255589,0.39659,0.182396,0.257287,0.600495,0.430004,0.659776,0.324209,0.65277,0.232294,0.596996,0.705798,0.5204,0.725252,0,0,0,0,0.666712,0.694657,0,0,0,0,0.408912,0.354841,0.485466,0.329712,0.360174,0.404923,0.541285,0.338104
0.464623,0.352058,0.506428,0.44675,0.405441,0.468988,0.255615,0.391045,0.210312,0.299141,0.60056,0.427245,0.656264,0.332531,0.649284,0.235047,0.603958,0.705808,0.530829,0.725258,0,0,0,0,0.680599,0.697395,0,0,0,0,0.40897,0.354808,0.482075,0.324212,0.367123,0.407725,0.534326,0.329727
0.464622,0.35477,0.509914,0.449475,0.408903,0.471766,0.262559,0.399356,0.210402,0.304695,0.600576,0.427247,0.656255,0.332501,0.645783,0.235065,0.607452,0.703025,0.534315,0.72248,0,0,0,0,0.684107,0.694618,0,0,0,0,0.412365,0.357583,0.48205,0.324226,0.367141,0.410499,0.530821,0.326981
0.464663,0.352026,0.51339,0.449466,0.412394,0.471777,0.262567,0.402147,0.0186917,0.232248,0.603965,0.429964,0.656266,0.335268,0.645823,0.237838,0.614431,0.70857,0.54129,0.725295,0,0,0,0,0.6876,0.697416,0,0,0,0,0.412404,0.357597,0.481996,0.324218,0.370559,0.410551,0.523819,0.326927
0.468118,0.351985,0.513448,0.446751,0.412415,0.469017,0.259101,0.399372,0.185981,0.265659,0.604002,0.429994,0.659746,0.335307,0.649306,0.2378,0.617906,0.708559,0.541313,0.725273,0,0,0,0,0.691072,0.697394,0,0,0,0,0.415846,0.357571,0.482024,0.324185,0.370563,0.410536,0.523827,0.326927
0.475056,0.349205,0.516919,0.446697,0.422855,0.46347,0.276494,0.404958,0.196433,0.29072,0.604041,0.42998,0.659776,0.335303,0.652791,0.23505,0.624888,0.711355,0.544798,0.728072,0.356642,0.716921,0,0,0.698034,0.697419,0,0,0,0,0.419367,0.354815,0.482064,0.321415,0.3775,0.410473,0.520416,0.324152
0.475101,0.346461,0.516936,0.443941,0.42286,0.463467,0.273028,0.402151,0.185951,0.268451,0.607483,0.42443,0.663176,0.335285,0.656238,0.235036,0.631863,0.705803,0.555195,0.725288,0.328774,0.714135,0,0,0.708465,0.691859,0,0,0,0,0.42285,0.352047,0.485456,0.32137,0.377588,0.410466,0.523866,0.324158
0.482102,0.346401,0.520376,0.44392,0.429828,0.463434,0.286929,0.404951,0.206871,0.293502,0.610949,0.424432,0.666692,0.338094,0.659754,0.235057,0.631875,0.703007,0.555204,0.722486,0.321808,0.733636,0,0,0.708476,0.691834,0,0,0,0,0.42984,0.349237,0.488982,0.318606,0.38454,0.407692,0.530857,0.321386
0.485621,0.343637,0.520358,0.443911,0.429785,0.460659,0.276518,0.404933,0.210367,0.301924,0.607509,0.424461,0.666723,0.338074,0.659757,0.235085,0.635323,0.703018,0.555241,0.722488,0.33574,0.716919,0,0,0.708494,0.689067,0,0,0,0,0.433341,0.346415,0.495962,0.318594,0.381062,0.404929,0.541245,0.321359
0.520437,0.343675,0.516872,0.446746,0.419334,0.471778,0.238217,0.416084,0.0187072,0.293528,0.603972,0.429994,0.666712,0.338078,0.6667,0.240629,0.617934,0.702993,0.544748,0.719709,0.356642,0.719707,0,0,0.691076,0.689055,0,0,0,0,0.468097,0.33533,0.53776,0.324122,0.391504,0.390994,0,0
0.541301,0.343696,0.516859,0.449527,0.412401,0.477346,0.238232,0.446748,0.0535424,0.413266,0.604,0.429998,0.666732,0.340829,0.670187,0.248965,0.610949,0.708559,0.537824,0.72805,0,0,0,0,0.68411,0.694631,0,0,0,0,0.485572,0.332511,0.55173,0.324149,0.401978,0.388188,0,0
0.53783,0.346497,0.513452,0.452289,0.412415,0.477406,0.259094,0.452312,0.00997764,0.385427,0.603976,0.430015,0.666682,0.338103,0.666669,0.251769,0.603972,0.705782,0.530859,0.72526,0,0,0,0,0.680591,0.694622,0,0,0,0,0.485499,0.338096,0.551731,0.326965,0.401974,0.388243,0,0
0.530841,0.349244,0.513449,0.452263,0.41584,0.477359,0.273052,0.435556,0.238156,0.349247,0.604005,0.429991,0.666694,0.33807,0.659785,0.24898,0.600505,0.703019,0.527353,0.722485,0,0,0,0,0.677116,0.694613,0,0,0,0,0.482002,0.340894,0.544787,0.32698,0.401968,0.391064,0,0
0.527379,0.349236,0.516938,0.449547,0.415895,0.477308,0.314799,0.430027,0.252175,0.34644,0.610973,0.430011,0.66667,0.338075,0.6562,0.254517,0.600557,0.705773,0.527344,0.719716,0,0,0,0,0.680625,0.694634,0,0,0,0,0.478567,0.343709,0.541313,0.326953,0.405463,0.40492,0,0
0.523894,0.352049,0.534343,0.449516,0.436823,0.47461,0.32177,0.435601,0.248703,0.346423,0.628383,0.427224,0.677084,0.3381,0.656208,0.257282,0.621426,0.702976,0.544803,0.71413,0,0,0,0,0.691101,0.689074,0,0,0,0,0.475076,0.354768,0.534297,0.327,0.408865,0.413289,0.565682,0.335308
0.516849,0.363172,0.530816,0.452257,0.436732,0.477352,0.325258,0.443905,0.241733,0.365999,0.624925,0.427245,0.673701,0.34366,0.645829,0.262912,0.614415,0.689081,0.544756,0.700195,0,0,0,0,0.684093,0.672355,0,0,0,0,0.457723,0.365947,0.520382,0.338091,0.405492,0.418899,0.569148,0.335296
0.513407,0.365925,0.530844,0.452273,0.436754,0.477362,0.328763,0.441175,0.248681,0.363176,0.62492,0.427244,0.673615,0.33531,0.621407,0.26844,0.610957,0.686286,0.544762,0.697424,0.321809,0.750346,0,0,0.680653,0.66959,0,0,0,0,0.457677,0.368697,0.51697,0.340835,0.405422,0.421645,0.569152,0.329736
0.51342,0.3687,0.534306,0.452304,0.4368,0.477371,0.332267,0.443956,0.252085,0.365888,0.624929,0.429994,0.673625,0.343712,0.604016,0.282397,0.610972,0.68349,0.544787,0.694638,0.318326,0.753134,0,0,0.680673,0.666804,0,0,0,0,0.457687,0.368776,0.52039,0.343607,0.405441,0.421673,0.57613,0.340845
0.51343,0.368705,0.530867,0.452316,0.43681,0.47739,0.328764,0.443932,0.245176,0.365941,0.624876,0.43001,0.677167,0.351989,0.624885,0.282405,0.614453,0.686271,0.548243,0.697416,0.314841,0.750351,0,0,0.684112,0.669565,0,0,0,0,0.457693,0.368787,0.52037,0.343611,0.405458,0.424423,0.569166,0.33251
0.513436,0.368732,0.534311,0.455044,0.436783,0.47741,0.325302,0.443947,0.234681,0.360389,0.62837,0.430041,0.680591,0.349204,0.624887,0.287945,0.621377,0.694621,0.548272,0.700231,0.311361,0.75035,0,0,0.687574,0.67793,0,0,0,0,0.457687,0.371505,0.520394,0.343617,0.40544,0.424432,0.583074,0.340862
0.51337,0.368732,0.53429,0.455055,0.436751,0.480121,0.325318,0.443968,0.234758,0.363113,0.628365,0.430017,0.680665,0.343699,0.624858,0.282432,0.617902,0.694619,0.548225,0.700222,0.318321,0.747562,0,0,0.684135,0.675156,0,0,0,0,0.457618,0.371521,0.516951,0.34364,0.405383,0.424449,0.569171,0.335314
0.485496,0.379882,0.523906,0.457914,0.433257,0.491303,0.318365,0.457888,0.234752,0.36874,0.621435,0.430003,0.684168,0.343674,0.631862,0.276771,0.607451,0.694647,0.537773,0.705775,0.370584,0.711348,0,0,0.680671,0.683508,0,0,0,0,0.433279,0.382687,0.492476,0.346413,0.391497,0.427248,0.544783,0.340867
0.457613,0.388272,0.516939,0.463456,0.426275,0.502398,0.300903,0.47459,0.20682,0.354832,0.614414,0.430022,0.687603,0.346406,0.652746,0.279633,0.621375,0.714134,0.544781,0.728056,0,0,0,0,0.691059,0.700229,0,0,0,0,0.405476,0.390973,0.471614,0.354766,0.377561,0.435581,0.530843,0.338114
0.433332,0.404962,0.50989,0.463461,0.408911,0.502447,0.290407,0.496869,0.203367,0.396579,0.603967,0.430029,0.677134,0.338081,0.628353,0.262931,0.617901,0.705797,0.544775,0.722495,0,0,0,0,0.684146,0.691849,0,0,0,0,0.391498,0.399374,0.450719,0.365955,0.370536,0.435572,0.520397,0.346478
0.440229,0.399397,0.513384,0.463459,0.412396,0.502453,0.286966,0.494096,0.21031,0.385435,0.607443,0.430023,0.677168,0.335288,0.621418,0.260105,0.617932,0.703011,0.548289,0.719695,0,0,0,0,0.684154,0.69185,0,0,0,0,0.401853,0.393815,0.45767,0.363182,0.370589,0.432817,0.52733,0.346472
0.454169,0.396585,0.516956,0.460677,0.426315,0.499625,0.318323,0.491263,0.262545,0.396573,0.614437,0.430009,0.701525,0.349264,0.705026,0.246165,0.628339,0.708563,0.555207,0.722483,0,0,0,0,0.694587,0.694645,0,0,0,0,0.40543,0.393794,0.468136,0.360375,0.377498,0.435554,0.53087,0.338113
0.447255,0.39661,0.520417,0.460676,0.42983,0.502449,0.328799,0.513594,0.290409,0.416123,0.617931,0.424466,0.722417,0.360339,0.75034,0.260092,0.631885,0.703016,0.562179,0.719691,0,0,0,0,0.70498,0.691842,0,0,0,0,0.405367,0.39384,0.464643,0.363116,0.381004,0.438385,0.530818,0.340903
0.44722,0.407693,0.520389,0.471804,0.426289,0.510782,0.401904,0.59996,0.42982,0.513554,0.621394,0.432789,0.718919,0.368712,0.718972,0.268428,0.628383,0.708551,0.555209,0.72251,0.433282,0.702995,0,0,0.701541,0.694642,0,0,0,0,0.405399,0.399366,0.464686,0.365956,0.377608,0.43283,0.534284,0.343679
0.454169,0.407701,0.520389,0.463418,0.422856,0.499682,0.401897,0.594384,0.485624,0.541471,0.624859,0.432762,0.718947,0.371499,0.725919,0.268463,0.628356,0.697447,0.555193,0.708582,0,0,0,0,0.6911,0.680699,0,0,0,0,0.408885,0.40217,0.471644,0.36598,0.384547,0.435633,0.537787,0.343663
0.461131,0.399357,0.523865,0.460639,0.429762,0.494087,0.391466,0.594393,0.461127,0.538617,0.6249,0.432775,0.736361,0.363186,0.760787,0.271239,0.610983,0.686296,0.544785,0.700202,0.461157,0.71971,0.833912,0.825557,0.684079,0.672364,0.736369,0.780985,0,0,0.415865,0.396561,0.482,0.363151,0.39147,0.435532,0.544709,0.340884
0.457718,0.39662,0.523838,0.460642,0.426305,0.496839,0.381052,0.591617,0.457662,0.541468,0.624909,0.432748,0.732908,0.365918,0.760712,0.271239,0.62142,0.69739,0.548285,0.705776,0.457675,0.716926,0.833914,0.828342,0.687602,0.677942,0.753789,0.797699,0,0,0.412411,0.396561,0.478599,0.363153,0.391465,0.435539,0.544712,0.343615
0.454208,0.404919,0.523827,0.46066,0.429772,0.496869,0.412364,0.59434,0.502954,0.538641,0.624875,0.430035,0.736351,0.36598,0.736397,0.265644,0.624881,0.69185,0.551747,0.702993,0.454186,0.733636,0.833912,0.825556,0.691061,0.675126,0.76075,0.767056,0,0,0.408913,0.399383,0.475083,0.365923,0.39146,0.435628,0.541333,0.343624
0.457613,0.402164,0.520442,0.460636,0.426352,0.496877,0.412373,0.594379,0.506402,0.538638,0.624869,0.429977,0.736356,0.368758,0.732869,0.271232,0.624907,0.686274,0.551759,0.700189,0,0,0,0,0.691082,0.669574,0.757275,0.76427,0,0,0.408952,0.39937,0.475096,0.365919,0.391505,0.435628,0.544712,0.343632
0.457642,0.399397,0.520366,0.463439,0.422844,0.499679,0.412352,0.597179,0.495993,0.541421,0.624858,0.432769,0.739815,0.371542,0.743396,0.271246,0.621429,0.686265,0.548282,0.700194,0.457668,0.716921,0.823459,0.81163,0.687638,0.669573,0.757277,0.769839,0,0,0.412371,0.396608,0.478531,0.365908,0.391477,0.435623,0.544765,0.343695
0.45421,0.399363,0.516958,0.463448,0.419334,0.502406,0.405383,0.608247,0.485601,0.547005,0.621426,0.432765,0.739866,0.371555,0.750332,0.276764,0.607492,0.686285,0.541303,0.700205,0.468124,0.741991,0,0,0.684082,0.672347,0.757273,0.789341,0,0,0.408946,0.393842,0.478529,0.363187,0.387997,0.432843,0.544798,0.346422
0.461126,0.393804,0.516952,0.466205,0.415861,0.502437,0.401932,0.61104,0.478594,0.547032,0.624888,0.430017,0.739846,0.379836,0.753744,0.276775,0.61094,0.677941,0.54474,0.697396,0,0,0,0,0.684108,0.666799,0.764244,0.786561,0,0,0.415891,0.391071,0.482107,0.360405,0.394964,0.432829,0.551731,0.349253
0.457714,0.393809,0.520332,0.463434,0.415898,0.502406,0.405353,0.611031,0.482024,0.546967,0.624894,0.429985,0.739859,0.377121,0.750331,0.276779,0.610941,0.675154,0.544729,0.69186,0,0,0,0,0.684108,0.666759,0,0,0,0,0.415857,0.391075,0.482068,0.360401,0.39496,0.432831,0.551693,0.349219
0.457662,0.399392,0.51693,0.46345,0.415902,0.502404,0.405392,0.608283,0.482095,0.544259,0.621432,0.430026,0.739832,0.374295,0.746821,0.274036,0.600493,0.672375,0.527371,0.68906,0,0,0,0,0.673684,0.664007,0,0,0,0,0.412392,0.396598,0.481999,0.365929,0.387998,0.435566,0.548229,0.349263
0.457702,0.399349,0.516934,0.463455,0.4159,0.502421,0.405421,0.608312,0.485487,0.546965,0.621424,0.430031,0.736369,0.374333,0.739816,0.276835,0.600496,0.675124,0.527348,0.689061,0,0,0,0,0.677107,0.66402,0,0,0,0,0.412428,0.396572,0.482036,0.365907,0.387984,0.43556,0.548233,0.349274
0.457675,0.391081,0.51693,0.466224,0.419316,0.502446,0.401984,0.611025,0.489097,0.566442,0.621375,0.432791,0.732869,0.377076,0.729405,0.276773,0.607471,0.680711,0.541267,0.69743,0,0,0,0,0.680658,0.666807,0.764236,0.778199,0,0,0.41238,0.391033,0.482005,0.360376,0.387978,0.432845,0.548255,0.349265
