0.523649,0.357653,0.572046,0.496597,0.334991,0.472104,0.059274,0.512975,0.0157625,0.649172,0.813883,0.521112,0.910753,0.690049,0.959067,0.856286,0.470503,0.943483,0.301136,0.932573,0,0,0,0,0.654291,0.948921,0,0,0,0,0.446254,0.316759,0.625274,0.319531,0.363991,0.335855,0.755876,0.335812
0.509195,0.357671,0.557467,0.491126,0.310807,0.463898,0.0157483,0.458452,0.0206055,0.354927,0.804244,0.51838,0.905875,0.687386,0.954209,0.850836,0.470497,0.940741,0.296296,0.929851,0,0,0,0,0.654302,0.946192,0,0,0,0,0.436578,0.316756,0.615557,0.319519,0.349518,0.335806,0.751002,0.335814
0.499451,0.357625,0.557471,0.488444,0.31086,0.461164,0,0,0,0,0.804214,0.515682,0.910636,0.687386,0.959029,0.845394,0.470462,0.946208,0.291433,0.9353,0,0,0,0,0.654265,0.948923,0,0,0,0,0.426913,0.314074,0.601139,0.319474,0.339844,0.33313,0.746197,0.333138
0.480149,0.354898,0.552643,0.488407,0.310802,0.461156,0.160895,0.406679,0.0157518,0.292247,0.794544,0.51024,0.905767,0.681904,0.96875,0.842641,0.475305,0.938026,0.296277,0.935297,0,0,0,0,0.659101,0.935317,0,0,0,0,0.412416,0.311345,0.591365,0.316784,0.325321,0.330408,0.741287,0.330414
0.480062,0.352186,0.547888,0.488405,0.310807,0.461161,0.175419,0.395766,0,0,0.789711,0.510246,0.901009,0.681879,0.963917,0.842637,0.46564,0.940743,0.291429,0.932584,0,0,0,0,0.639818,0.943473,0,0,0,0,0.407632,0.311302,0.586514,0.316736,0.320454,0.330375,0.72687,0.330427
0.475217,0.349443,0.538168,0.48298,0.301128,0.458448,0.170529,0.360403,0.0544259,0.210539,0.780013,0.499359,0.891343,0.668307,0,0,0.470427,0.929864,0.291466,0.927118,0,0,0,0,0.649415,0.932577,0,0,0,0,0.402785,0.30857,0.581663,0.314057,0.315621,0.324953,0.717155,0.330399
0.475298,0.346751,0.533404,0.480251,0.301113,0.455764,0.175339,0.354937,0.0592526,0.199609,0.775238,0.49661,0.89617,0.665528,0.992915,0.831719,0.48009,0.932567,0.301118,0.929855,0,0,0,0,0.654289,0.932576,0,0,0,0,0.40276,0.305863,0.581669,0.31402,0.310791,0.330357,0.717153,0.327694
0.475238,0.346748,0.52855,0.477557,0.296324,0.455755,0.175343,0.338604,0.0592846,0.183262,0.765577,0.496634,0.896177,0.660098,0,0,0.460776,0.929847,0.286631,0.924391,0,0,0,0,0.639733,0.935298,0,0,0,0,0.407497,0.300436,0.581684,0.311333,0.310851,0.316789,0.712364,0.32768
0.470493,0.344025,0.523742,0.480252,0.291507,0.458463,0.170569,0.335865,0.0641492,0.177783,0.760737,0.496613,0.91545,0.649228,0.992937,0.820867,0.460764,0.92986,0.281817,0.927111,0,0,0,0,0.63972,0.935296,0,0,0,0,0.4075,0.297728,0.581665,0.311322,0.310853,0.316756,0.7123,0.327702
0.470422,0.341284,0.528451,0.472068,0.296308,0.453007,0.175348,0.335863,0.0641458,0.17782,0.760701,0.491205,0.930048,0.641012,0,0,0.465641,0.921682,0.286664,0.913509,0,0,0,0,0.644576,0.927105,0,0,0,0,0.407485,0.297694,0.576844,0.311298,0.310858,0.316771,0.707512,0.330412
0.465668,0.33861,0.523637,0.469396,0.291538,0.452997,0.175399,0.33854,0.0689701,0.180533,0.755849,0.49119,0.925134,0.630138,0,0,0.465583,0.916222,0.291504,0.905332,0,0,0,0,0.639755,0.921667,0,0,0,0,0.402777,0.297684,0.572078,0.311275,0.310821,0.316802,0.707481,0.330372
0.465621,0.344019,0.518843,0.469372,0.296271,0.453005,0.180277,0.338567,0.0834727,0.18324,0.746127,0.491144,0.920375,0.619241,0.992961,0.744571,0.470464,0.899885,0.301137,0.894439,0,0,0,0,0.639766,0.902597,0,0,0,0,0.402766,0.300388,0.567254,0.313991,0.310811,0.319487,0.702663,0.333125
0.465577,0.346759,0.5188,0.469362,0.291529,0.453017,0.185006,0.341328,0.0834827,0.183277,0.74134,0.488468,0.920333,0.602914,0.99295,0.73093,0.475236,0.899868,0.296349,0.894424,0,0,0,0,0.644575,0.897162,0,0,0,0,0.402779,0.300464,0.567206,0.31407,0.310883,0.322215,0.702606,0.335827
0.465658,0.354934,0.51401,0.466618,0.291514,0.450303,0.180248,0.344036,0.0834294,0.188722,0.731643,0.485724,0.934874,0.597422,0,0,0.475271,0.883528,0.30599,0.878068,0,0,0,0,0.639794,0.888971,0,0,0,0,0.407553,0.311281,0.567203,0.322196,0.315681,0.324936,0.697863,0.338585
0.46564,0.357678,0.518769,0.472071,0.291518,0.455741,0.180191,0.346733,0.078676,0.194151,0.731667,0.488439,0.93967,0.583811,0,0,0.470469,0.897133,0.301142,0.883537,0,0,0,0,0.639762,0.899869,0,0,0,0,0.407602,0.314036,0.567239,0.327691,0.320474,0.324942,0.697816,0.341322
0.465608,0.365848,0.504307,0.480237,0.291447,0.46121,0.180188,0.354919,0.0834808,0.205074,0.717116,0.49115,0.925146,0.567471,0,0,0.470435,0.899867,0.301115,0.888988,0,0,0,0,0.634969,0.902614,0,0,0,0,0.407586,0.324926,0.567181,0.335891,0.315679,0.333126,0.688142,0.352211
0.460804,0.373972,0.494676,0.480247,0.291415,0.463898,0.180214,0.360381,0.0834715,0.210493,0.712302,0.491161,0.910732,0.553792,0,0,0.470393,0.897152,0.296347,0.886249,0,0,0,0,0.634939,0.902587,0,0,0,0,0.407506,0.3304,0.562404,0.341311,0.315687,0.338543,0.683301,0.357602
0.451134,0.38221,0.485047,0.491125,0.291513,0.47753,0.175403,0.368557,0.0785948,0.229541,0.697831,0.50476,0.910668,0.512963,0.99051,0.433936,0.465613,0.90804,0.296355,0.897165,0,0,0,0,0.63487,0.910778,0,0,0,0,0.393057,0.338575,0.552687,0.354892,0.310835,0.354878,0.678466,0.365811
0.446334,0.38759,0.480186,0.488453,0.291439,0.482964,0.170563,0.379407,0.0689424,0.232338,0.692927,0.496592,0.896127,0.48299,0.992929,0.330401,0.470497,0.908053,0.305998,0.90259,0,0,0,0,0.634982,0.908071,0,0,0,0,0.388201,0.341332,0.547823,0.357587,0.310795,0.357632,0.673568,0.37126
0.436535,0.390332,0.475361,0.493877,0.286581,0.488396,0.156012,0.387592,0.0495848,0.25134,0.683281,0.504781,0.867131,0.425727,0.920292,0.262286,0.475252,0.899894,0.315645,0.894433,0,0,0,0,0.634914,0.902599,0,0,0,0,0.373772,0.352171,0.528563,0.360316,0.315605,0.363062,0.654306,0.382142
0.426894,0.393076,0.480117,0.491201,0.286627,0.488427,0.156031,0.39576,0.0447348,0.254129,0.688114,0.496629,0.833272,0.403939,0.871998,0.245918,0.475243,0.902591,0.306023,0.894427,0,0,0,0,0.63494,0.902618,0,0,0,0,0.373664,0.354916,0.523736,0.360376,0.31084,0.360403,0.654281,0.379445
0.417262,0.398468,0.475351,0.491165,0.286588,0.488425,0.160827,0.398493,0.0447432,0.259562,0.683336,0.493872,0.809078,0.384865,0.828416,0.237779,0.470473,0.899871,0.310794,0.891693,0,0,0,0,0.634878,0.902603,0,0,0,0,0.368864,0.357628,0.52357,0.363069,0.305996,0.363064,0.649446,0.387586
0.417243,0.398481,0.480066,0.491186,0.286677,0.488456,0.160836,0.395814,0.0496279,0.262248,0.683335,0.493879,0.809054,0.384918,0.833234,0.237767,0.470394,0.897161,0.30602,0.886264,0,0,0,0,0.625262,0.902591,0,0,0,0,0.368841,0.357658,0.518863,0.36309,0.30116,0.363124,0.649461,0.387613
0.426894,0.398521,0.480163,0.491204,0.291505,0.49118,0.175404,0.398482,0.0737811,0.259528,0.688147,0.491177,0.813878,0.39308,0.872063,0.248626,0.470445,0.897165,0.310828,0.883534,0,0,0,0,0.63005,0.905318,0,0,0,0,0.368978,0.36033,0.52371,0.363119,0.305946,0.371245,0.659147,0.387596
0.431758,0.398524,0.480216,0.493899,0.291544,0.491178,0.180244,0.395763,0.0834224,0.254125,0.697786,0.496607,0.828383,0.393054,0.886513,0.256806,0.475325,0.899868,0.320513,0.888974,0,0,0,0,0.634954,0.902621,0,0,0,0,0.373774,0.360339,0.528509,0.365794,0.306013,0.373977,0.668775,0.390309
0.441504,0.401252,0.48505,0.496597,0.301116,0.493879,0.185117,0.393094,0.0932209,0.256817,0.697811,0.496636,0.833202,0.393061,0.896153,0.259572,0.48014,0.899881,0.325371,0.891695,0,0,0,0,0.63976,0.905313,0,0,0,0,0.388206,0.360418,0.538185,0.368518,0.310766,0.379455,0.673689,0.387603
0.446227,0.401271,0.48984,0.496599,0.301135,0.493864,0.194698,0.395808,0.0980197,0.256855,0.702618,0.499324,0.823614,0.398524,0.905764,0.26498,0.480116,0.905316,0.325323,0.894441,0,0,0,0,0.639729,0.908063,0,0,0,0,0.388201,0.363072,0.53824,0.368552,0.310792,0.379434,0.678443,0.387603
0.44636,0.403945,0.499519,0.496614,0.30115,0.49116,0.194764,0.387626,0.112536,0.256848,0.707518,0.502055,0.833325,0.395815,0.90584,0.270426,0.48016,0.90533,0.330168,0.894416,0,0,0,0,0.63979,0.910775,0,0,0,0,0.393097,0.365801,0.543059,0.371256,0.315647,0.382165,0.683296,0.387615
0.446362,0.403944,0.504317,0.502045,0.301161,0.493864,0.199546,0.390311,0.122146,0.254137,0.712263,0.504801,0.833331,0.398504,0.905847,0.270491,0.480113,0.908048,0.325319,0.894428,0,0,0,0,0.639739,0.913503,0,0,0,0,0.397863,0.36582,0.543069,0.371261,0.320444,0.382191,0.683281,0.387648
0.451131,0.40396,0.509122,0.504785,0.301211,0.493925,0.199619,0.390317,0.126967,0.254117,0.712286,0.507517,0.833323,0.398483,0.905832,0.27314,0.475278,0.905324,0.320505,0.88897,0,0,0,0,0.630072,0.916229,0,0,0,0,0.397917,0.368512,0.547822,0.371265,0.320454,0.38761,0.683322,0.390334
0.451153,0.403948,0.499524,0.504785,0.301189,0.49392,0.199624,0.390318,0.127004,0.2568,0.707519,0.510207,0.842925,0.393052,0.905744,0.27316,0.475276,0.905325,0.320514,0.888982,0,0,0,0,0.630087,0.916224,0,0,0,0,0.402643,0.36585,0.547862,0.371265,0.320501,0.390344,0.683331,0.390347
0.455979,0.401283,0.504337,0.499347,0.301205,0.491194,0.204357,0.387623,0.131863,0.254081,0.707499,0.507492,0.838144,0.393065,0.90093,0.273145,0.480084,0.899893,0.33017,0.888972,0,0,0,0,0.634928,0.908066,0,0,0,0,0.402702,0.365798,0.552654,0.368555,0.325245,0.393086,0.683354,0.393054
0.45596,0.401219,0.504326,0.499333,0.301221,0.491179,0.204455,0.387621,0.13669,0.251422,0.707479,0.507487,0.838124,0.395756,0.900947,0.273155,0.480119,0.899896,0.330185,0.888988,0,0,0,0,0.634947,0.908055,0,0,0,0,0.402709,0.363139,0.552681,0.368528,0.325253,0.395778,0.683379,0.393055
0.465566,0.395825,0.513989,0.502041,0.310823,0.493909,0.209321,0.387594,0.141505,0.254131,0.707517,0.504784,0.838129,0.393054,0.905736,0.270489,0.48499,0.89716,0.349482,0.888984,0,0,0,0,0.639743,0.902589,0,0,0,0,0.407529,0.360417,0.557534,0.363137,0.325301,0.393033,0.688083,0.395788
0.470406,0.395776,0.518767,0.499337,0.310862,0.493883,0.214033,0.384917,0.141532,0.254107,0.712271,0.502081,0.838152,0.393046,0.905779,0.270478,0.48016,0.897171,0.339847,0.888988,0,0,0,0,0.634937,0.902617,0,0,0,0,0.407606,0.360381,0.557596,0.363091,0.325396,0.390375,0.688136,0.395791
0.480091,0.387648,0.518778,0.496622,0.31566,0.493865,0.218893,0.384894,0.151175,0.25408,0.712258,0.499347,0.842987,0.390309,0.90582,0.27046,0.484944,0.899882,0.344663,0.891713,0,0,0,0,0.639714,0.90532,0,0,0,0,0.417244,0.357685,0.57203,0.360431,0.335003,0.382155,0.68814,0.398493
0.484976,0.382192,0.518818,0.499329,0.315665,0.493895,0.218973,0.384924,0.156001,0.2514,0.712325,0.502047,0.842958,0.390315,0.910597,0.270479,0.480153,0.908047,0.335033,0.897163,0,0,0,0,0.634956,0.913495,0,0,0,0,0.426965,0.354947,0.581696,0.360354,0.344702,0.376736,0.692984,0.395791
0.528468,0.368554,0.523668,0.496635,0.325281,0.4939,0.223806,0.384901,0.160827,0.254092,0.717185,0.496632,0.84776,0.390347,0.91057,0.27045,0.48497,0.908048,0.33986,0.899889,0,0,0,0,0.639764,0.910777,0,0,0,0,0.45597,0.341325,0.60597,0.354922,0.359246,0.371284,0.697777,0.38759
0.547886,0.368523,0.5285,0.496605,0.325378,0.491184,0.238238,0.384863,0.175339,0.251381,0.721976,0.49663,0.847816,0.39306,0.905864,0.27045,0.48979,0.905316,0.344701,0.899861,0,0,0,0,0.644573,0.90805,0,0,0,0,0.475315,0.341308,0.630087,0.354877,0.36885,0.371252,0.707464,0.384906
0.605909,0.363136,0.543047,0.493884,0.339859,0.49116,0.257588,0.379453,0.199599,0.240488,0.746121,0.493914,0.867099,0.395755,0.915589,0.273153,0.494666,0.899872,0.35432,0.891713,0,0,0,0,0.644614,0.905321,0,0,0,0,0.528479,0.335893,0.678426,0.352208,0.383405,0.363071,0.736514,0.382186
0.634979,0.363127,0.557485,0.493868,0.359179,0.491187,0.262428,0.368527,0.223776,0.232313,0.750979,0.49387,0.871902,0.395806,0.934805,0.278603,0.509158,0.90532,0.359207,0.899893,0,0,0,0,0.654244,0.908055,0,0,0,0,0.557477,0.335898,0.702604,0.352178,0.397941,0.363096,0.755857,0.37943
0.668779,0.368529,0.557582,0.493894,0.364048,0.491183,0.281825,0.365821,0.24789,0.232342,0.751064,0.493912,0.896101,0.382195,0.944565,0.281361,0.509131,0.913494,0.359169,0.908057,0,0,0,0,0.649457,0.916231,0,0,0,0,0.586567,0.338545,0.717158,0.352203,0.412366,0.36585,0,0
0.71723,0.376731,0.572043,0.493896,0.373712,0.491161,0.306014,0.360364,0.291433,0.224136,0.755925,0.499337,0.900927,0.401249,0.992897,0.292224,0.514018,0.908058,0.363989,0.902594,0,0,0,0,0.659097,0.916219,0,0,0,0,0.639779,0.341331,0.755816,0.35758,0.446258,0.371241,0,0
0.755902,0.38214,0.586498,0.502034,0.383406,0.493883,0.325405,0.360354,0.310826,0.215959,0.765568,0.507512,0.905791,0.412145,0.99292,0.294936,0.518819,0.921673,0.364054,0.91623,0,0,0,0,0.659107,0.924412,0,0,0,0,0.673673,0.346749,0.784886,0.357661,0.465573,0.376694,0,0
0.765494,0.382187,0.581747,0.499343,0.383383,0.493884,0.330222,0.360372,0.315691,0.218661,0.770371,0.504803,0.905852,0.409416,0.992922,0.294986,0.523678,0.924405,0.368864,0.918954,0,0,0,0,0.663969,0.927129,0,0,0,0,0.683291,0.349453,0.789636,0.357668,0.470399,0.376707,0,0
0.760688,0.382148,0.576895,0.504763,0.378591,0.499337,0.325341,0.3604,0.310866,0.215939,0.765529,0.504794,0.905831,0.401247,0.992915,0.294925,0.523713,0.921691,0.373693,0.918952,0,0,0,0,0.668764,0.924412,0,0,0,0,0.678441,0.346742,0.780058,0.357601,0.456018,0.379435,0,0
0.750993,0.379414,0.576862,0.502046,0.378557,0.499313,0.315701,0.360382,0.301129,0.218671,0.760713,0.50207,0.901015,0.398494,0.992902,0.294938,0.528463,0.924392,0.373713,0.918961,0,0,0,0,0.66876,0.924406,0,0,0,0,0.659138,0.344023,0.765571,0.357586,0.451195,0.379429,0,0
0.71713,0.371265,0.562366,0.499359,0.36886,0.499316,0.301126,0.363079,0.281817,0.22414,0.750969,0.502076,0.886437,0.395754,0.949413,0.294965,0.514008,0.927119,0.364021,0.921687,0,0,0,0,0.659093,0.927122,0,0,0,0,0.630112,0.338615,0.74615,0.349483,0.426925,0.376687,0,0
0.693014,0.360415,0.557519,0.496613,0.364013,0.493885,0.291563,0.363085,0.267281,0.22686,0.746157,0.499327,0.872011,0.401236,0.949315,0.294938,0.523656,0.921681,0.368885,0.918962,0,0,0,0,0.66876,0.918965,0,0,0,0,0.601087,0.335872,0.717261,0.341329,0.412403,0.376718,0,0
0.644611,0.357592,0.552659,0.496615,0.359167,0.4966,0.281756,0.363075,0.247997,0.226853,0.741327,0.496609,0.867175,0.398502,0.930029,0.28954,0.53334,0.916222,0.383391,0.916233,0,0,0,0,0.678467,0.910788,0,0,0,0,0.55745,0.330415,0.688159,0.333158,0.388191,0.371265,0,0
0.634848,0.354906,0.547818,0.496587,0.35434,0.49387,0.267309,0.36311,0.243063,0.229568,0.736499,0.496638,0.86708,0.398532,0.925239,0.286791,0.523716,0.910794,0.373693,0.910782,0,0,0,0,0.668788,0.913505,0,0,0,0,0.538135,0.330369,0.673654,0.333113,0.373795,0.368524,0,0
0.615545,0.35489,0.538183,0.496618,0.335009,0.496604,0.257607,0.363103,0.218903,0.229618,0.731653,0.49659,0.857445,0.393102,0.915574,0.278611,0.533307,0.921671,0.378521,0.921666,0,0,0,0,0.673635,0.92167,0,0,0,0,0.523592,0.327698,0.659118,0.333131,0.364116,0.365824,0,0
0.62038,0.354941,0.538222,0.496598,0.335033,0.496617,0.252752,0.363097,0.214117,0.232288,0.726858,0.493896,0.857483,0.38763,0.910671,0.273172,0.533342,0.916228,0.383361,0.913511,0,0,0,0,0.678442,0.916223,0,0,0,0,0.523689,0.330371,0.659152,0.335821,0.364061,0.36581,0,0
0.644548,0.360377,0.538165,0.496601,0.33503,0.493903,0.243131,0.363086,0.209277,0.232317,0.722035,0.496617,0.852655,0.387609,0.905734,0.270467,0.533326,0.921681,0.373726,0.91895,0,0,0,0,0.678461,0.924391,0,0,0,0,0.557579,0.333135,0.688191,0.344009,0.373754,0.371259,0,0
0.673598,0.371257,0.538221,0.499321,0.335038,0.493909,0.247843,0.363093,0.209251,0.232342,0.726829,0.502047,0.857412,0.387635,0.901032,0.270457,0.528512,0.927136,0.368891,0.924403,0,0,0,0,0.678485,0.92985,0,0,0,0,0.591406,0.338527,0.707434,0.35488,0.397847,0.365814,0,0
0.722035,0.384924,0.547817,0.504789,0.344725,0.499346,0.252813,0.368528,0.218957,0.232304,0.73648,0.50751,0.867047,0.395826,0.915452,0.273184,0.53815,0.929869,0.383402,0.932568,0,0,0,0,0.683313,0.929861,0,0,0,0,0.639724,0.349449,0.746212,0.36038,0.42204,0.376718,0,0
0.746162,0.393089,0.547889,0.504785,0.349552,0.499321,0.262475,0.368533,0.238217,0.232296,0.741321,0.510217,0.871891,0.401237,0.92037,0.275906,0.533353,0.929862,0.37374,0.929838,0,0,0,0,0.688131,0.932567,0,0,0,0,0.649462,0.352194,0.751106,0.365792,0.436556,0.3767,0,0
0.755789,0.395819,0.552694,0.507501,0.354389,0.502039,0.272118,0.365808,0.247916,0.232282,0.746166,0.512936,0.871917,0.403985,0.934835,0.281336,0.533376,0.938035,0.373722,0.932585,0,0,0,0,0.692962,0.940754,0,0,0,0,0.66394,0.35493,0.755974,0.365807,0.441411,0.376699,0,0
0.751092,0.395812,0.552648,0.504803,0.354365,0.499313,0.267336,0.365806,0.247864,0.229616,0.741365,0.510264,0.871896,0.403947,0.930047,0.278644,0.533393,0.938039,0.373736,0.935293,0,0,0,0,0.692988,0.940751,0,0,0,0,0.663927,0.354922,0.755957,0.365823,0.441397,0.376681,0,0
0.746227,0.395808,0.547877,0.504773,0.349541,0.499356,0.247991,0.36309,0.214165,0.232298,0.736509,0.510196,0.871914,0.398472,0.92034,0.273163,0.542994,0.932579,0.383388,0.932577,0,0,0,0,0.692997,0.932573,0,0,0,0,0.649456,0.354931,0.751107,0.365826,0.426957,0.379444,0,0
0.746101,0.395804,0.547852,0.504782,0.344678,0.499359,0.24789,0.368545,0.214074,0.232302,0.741335,0.507512,0.867155,0.395767,0.92032,0.273152,0.54299,0.932587,0.388221,0.932589,0,0,0,0,0.692968,0.932565,0,0,0,0,0.644601,0.354917,0.750972,0.365817,0.422093,0.379437,0,0
0.736518,0.39305,0.543014,0.502071,0.339868,0.502044,0.243065,0.363114,0.209277,0.2296,0.736506,0.504784,0.862328,0.395814,0.915443,0.273139,0.53816,0.935312,0.383385,0.938029,0,0,0,0,0.688151,0.932575,0,0,0,0,0.63977,0.352204,0.746207,0.363082,0.417253,0.379477,0,0
0.736525,0.387629,0.543016,0.502071,0.339854,0.502059,0.243139,0.363129,0.214057,0.229612,0.736491,0.504761,0.862334,0.395792,0.915473,0.27049,0.533397,0.935301,0.383368,0.935311,0,0,0,0,0.688138,0.932586,0,0,0,0,0.639686,0.349464,0.746123,0.360382,0.41722,0.382186,0,0
0.702703,0.379462,0.543006,0.504772,0.33984,0.504785,0.247977,0.365819,0.218962,0.229556,0.736532,0.502045,0.862289,0.393046,0.915512,0.270483,0.547807,0.943466,0.383412,0.943474,0,0,0,0,0.702615,0.938039,0,0,0,0,0.610763,0.346763,0.717237,0.354946,0.407491,0.384925,0,0
0.673622,0.373976,0.542994,0.507483,0.335032,0.51021,0.247989,0.363083,0.218974,0.226843,0.741341,0.499336,0.862212,0.390364,0.915582,0.27046,0.542987,0.94347,0.378549,0.938037,0,0,0,0,0.702617,0.943478,0,0,0,0,0.576905,0.346725,0.697831,0.346766,0.378608,0.38492,0,0
0.591441,0.365839,0.533311,0.504803,0.325333,0.510257,0.238259,0.368542,0.209285,0.232316,0.731667,0.496601,0.842984,0.395791,0.910736,0.270415,0.55272,0.932571,0.397918,0.932579,0,0,0,0,0.707476,0.929853,0,0,0,0,0.48497,0.352181,0.634843,0.338585,0.335052,0.387624,0,0
0.543052,0.373991,0.523623,0.504799,0.306021,0.510249,0.223793,0.376722,0.189872,0.237787,0.717201,0.496619,0.847775,0.384898,0.905798,0.267711,0.547824,0.940748,0.383381,0.940741,0,0,0,0,0.702675,0.940744,0,0,0,0,0.446351,0.357636,0.596169,0.341313,0.320488,0.395755,0.65907,0.360331
0.47532,0.39576,0.494648,0.510197,0.291479,0.510232,0.180243,0.371264,0.136701,0.254087,0.702636,0.502073,0.809086,0.393052,0.867133,0.264979,0.523632,0.938016,0.364019,0.929857,0,0,0,0,0.678449,0.943467,0,0,0,0,0.388208,0.371257,0.543042,0.357674,0.291479,0.398514,0.634947,0.37669
0.451137,0.398529,0.4801,0.512936,0.281774,0.512963,0.189837,0.395779,0.122154,0.26229,0.688119,0.504794,0.799338,0.39305,0.842905,0.259555,0.514011,0.932577,0.359201,0.927135,0,0,0,0,0.668766,0.938038,0,0,0,0,0.368795,0.379389,0.523733,0.360413,0.276972,0.401259,0.625263,0.382151
0.426924,0.401259,0.470423,0.512923,0.262494,0.510236,0.170485,0.401217,0.0979964,0.265032,0.668739,0.507513,0.765515,0.395795,0.79944,0.251406,0.489806,0.927144,0.344664,0.924407,0,0,0,0,0.644577,0.932573,0,0,0,0,0.344725,0.3794,0.509134,0.363104,0.262479,0.401291,0.605968,0.384901
0.422082,0.401233,0.465647,0.510219,0.262444,0.510203,0.160855,0.398501,0.0931485,0.267727,0.663939,0.504772,0.760745,0.390333,0.794516,0.251391,0.480154,0.924388,0.330192,0.916229,0,0,0,0,0.639727,0.927131,0,0,0,0,0.339853,0.376743,0.504308,0.363103,0.257649,0.401288,0.605931,0.384903
