0.581722,0.341288,0.475262,0.4503,0.223764,0.450269,0.0206774,0.690066,0.0205646,0.850839,0.71715,0.452992,0.992912,0.485714,0.930004,0.401266,0.465587,0.897155,0.286608,0.9026,0,0,0,0,0.639745,0.89716,0,0,0,0,0.48012,0.303122,0.639727,0.297688,0.291435,0.311322,0.707499,0.305859
0.576883,0.344011,0.475329,0.447527,0.243104,0.447553,0.0206704,0.657381,0.0158711,0.818128,0.717174,0.444856,0.954186,0.349491,0.900952,0.224147,0.465647,0.891699,0.291505,0.894436,0,0,0,0,0.639725,0.888972,0,0,0,0,0.475288,0.308598,0.634983,0.297739,0.291478,0.319485,0.707494,0.303132
0.57688,0.344037,0.489797,0.442129,0.247952,0.447534,0.0254098,0.651919,0.0158919,0.80451,0.746151,0.436663,0.963901,0.300446,0.939714,0.155999,0.484947,0.908056,0.315663,0.913506,0,0,0,0,0.649452,0.905335,0,0,0,0,0.475321,0.31129,0.639687,0.297737,0.291562,0.322248,0.712234,0.300442
0.596232,0.349457,0.485009,0.447569,0.247927,0.453011,0.0206015,0.515676,0.0302252,0.589265,0.736539,0.439372,0.910697,0.335847,0.992948,0.183228,0.484963,0.910788,0.310836,0.91895,0,0,0,0,0.649476,0.908046,0,0,0,0,0.489796,0.314058,0.644628,0.300399,0.301176,0.333092,0,0
0.615543,0.34947,0.514002,0.444808,0.257613,0.450292,0,0,0,0,0.760728,0.428513,0,0,0,0,0.513979,0.905328,0.339857,0.908051,0,0,0,0,0.668773,0.905326,0,0,0,0,0.50919,0.314087,0.65429,0.30041,0.310786,0.333147,0,0
0.644597,0.349446,0.52846,0.447585,0.276988,0.450298,0.0206119,0.305876,0,0,0.770355,0.442104,0,0,0,0,0.50915,0.946198,0.335021,0.943476,0,0,0,0,0.663963,0.948922,0,0,0,0,0.538224,0.316755,0.688162,0.297749,0.330222,0.338566,0,0
0.668762,0.346731,0.547849,0.455736,0.301138,0.447555,0.0254533,0.175088,0.0205715,0.131476,0.78006,0.442091,0,0,0,0,0.523672,0.935297,0.354373,0.932577,0,0,0,0,0.68331,0.935302,0,0,0,0,0.55747,0.316782,0.702644,0.300397,0.344696,0.338537,0,0
0.683281,0.352208,0.562348,0.450308,0.310868,0.455729,0.238192,0.319483,0.14155,0.169606,0.789751,0.447542,0,0,0,0,0.533322,0.92168,0.359192,0.918951,0,0,0,0,0.697832,0.924411,0,0,0,0,0.572066,0.319529,0.717134,0.303179,0.363992,0.33855,0,0
0.688088,0.354908,0.567202,0.45028,0.320527,0.452982,0.23344,0.319517,0.136731,0.166926,0.794544,0.447576,0,0,0,0,0.53337,0.91896,0.364043,0.913506,0,0,0,0,0.697846,0.924404,0,0,0,0,0.5769,0.324915,0.717163,0.305874,0.364015,0.338526,0,0
0.67843,0.357604,0.56719,0.450275,0.320527,0.450286,0.209316,0.32767,0.107648,0.175092,0.794569,0.447548,0,0,0,0,0.538159,0.905322,0.368858,0.899869,0,0,0,0,0.702648,0.908059,0,0,0,0,0.567276,0.330369,0.712366,0.311332,0.36399,0.341281,0,0
0.668798,0.360327,0.557544,0.45032,0.31563,0.450303,0.209234,0.333095,0.102869,0.177781,0.789696,0.450261,0,0,0,0,0.528492,0.916223,0.354375,0.905336,0,0,0,0,0.692995,0.921678,0,0,0,0,0.562387,0.333107,0.707488,0.314053,0.354394,0.341304,0,0
0.639805,0.368521,0.543001,0.455729,0.301118,0.453023,0.199499,0.338546,0.0931323,0.18602,0.765509,0.453047,0.930003,0.346754,0.992945,0.21051,0.518844,0.921687,0.349527,0.916227,0,0,0,0,0.68812,0.929855,0,0,0,0,0.538131,0.338598,0.68335,0.32221,0.325408,0.341283,0,0
0.634884,0.371256,0.533354,0.461173,0.296331,0.45845,0.185103,0.338593,0.0882696,0.196882,0.750978,0.458469,0.92029,0.354884,0.99294,0.215963,0.513989,0.921671,0.354342,0.913508,0,0,0,0,0.65912,0.92713,0,0,0,0,0.528465,0.34131,0.678405,0.327642,0.320544,0.349479,0,0
0.620393,0.379429,0.518837,0.461205,0.286624,0.461176,0.18023,0.34677,0.0834423,0.205074,0.731706,0.45846,0.886475,0.36034,0.992915,0.224124,0.504294,0.916228,0.339855,0.913508,0,0,0,0,0.6398,0.927125,0,0,0,0,0.51876,0.352162,0.65427,0.333122,0.31563,0.357637,0,0
0.615578,0.379469,0.514016,0.461201,0.281787,0.458463,0.175444,0.352198,0.0834722,0.207825,0.726862,0.458487,0.872058,0.360377,0.973569,0.226851,0.480143,0.916233,0.320516,0.908046,0,0,0,0,0.639762,0.924392,0,0,0,0,0.514001,0.352216,0.644663,0.333156,0.306003,0.357663,0,0
0.605979,0.382151,0.494654,0.46666,0.272156,0.466663,0.170583,0.357614,0.0835018,0.215952,0.712278,0.46662,0.867177,0.360411,0.949332,0.23504,0.475299,0.908059,0.320479,0.902597,0,0,0,0,0.634922,0.913497,0,0,0,0,0.509147,0.357583,0.639775,0.335856,0.296391,0.363096,0,0
0.605954,0.38218,0.494644,0.469364,0.267317,0.469357,0.170489,0.357615,0.0834842,0.215978,0.707502,0.469343,0.862316,0.36309,0.939714,0.23777,0.475273,0.908062,0.315657,0.899887,0,0,0,0,0.63491,0.913512,0,0,0,0,0.50434,0.357625,0.63973,0.335897,0.296343,0.363099,0,0
0.605901,0.382198,0.489783,0.46937,0.267302,0.466661,0.165646,0.354922,0.0931072,0.215945,0.702675,0.469387,0.847755,0.365807,0.925142,0.2459,0.47531,0.913497,0.330171,0.908046,0,0,0,0,0.634896,0.913501,0,0,0,0,0.504335,0.357639,0.635,0.338567,0.296371,0.368524,0,0
0.605912,0.382211,0.489775,0.469342,0.267276,0.469352,0.165696,0.354925,0.0931453,0.221425,0.702651,0.466641,0.847775,0.363104,0.915555,0.24592,0.484971,0.905327,0.339834,0.902606,0,0,0,0,0.634955,0.908045,0,0,0,0,0.504308,0.357641,0.63499,0.338577,0.296369,0.365847,0,0
0.596297,0.382197,0.484997,0.469333,0.267263,0.466645,0.17048,0.357633,0.0932103,0.226817,0.697833,0.466641,0.838101,0.363084,0.905887,0.245899,0.499469,0.891707,0.349504,0.897147,0,0,0,0,0.639781,0.891705,0,0,0,0,0.494625,0.357639,0.634847,0.33859,0.296392,0.368555,0,0
0.591438,0.382192,0.485006,0.466651,0.267265,0.46662,0.170566,0.360379,0.0931803,0.226869,0.697856,0.466627,0.833274,0.360399,0.900995,0.243187,0.489812,0.902606,0.339853,0.902607,0,0,0,0,0.639748,0.902606,0,0,0,0,0.485032,0.357594,0.630077,0.338576,0.296382,0.368549,0,0
0.567236,0.376739,0.480157,0.463914,0.262479,0.463888,0.170527,0.360379,0.0883683,0.229555,0.688146,0.46389,0.81878,0.360358,0.876854,0.240463,0.480146,0.875357,0.330171,0.875363,0,0,0,0,0.634942,0.875359,0,0,0,0,0.475225,0.352164,0.615566,0.335892,0.296287,0.363137,0,0
0.5575,0.373983,0.480127,0.466614,0.262454,0.463905,0.170493,0.360385,0.0882948,0.232323,0.688118,0.463895,0.809111,0.360334,0.871976,0.237732,0.480157,0.869897,0.330172,0.869895,0,0,0,0,0.639737,0.869909,0,0,0,0,0.46558,0.346733,0.601135,0.335798,0.291525,0.365802,0,0
0.523674,0.363132,0.470452,0.461183,0.25758,0.455772,0.151201,0.357651,0.0835229,0.232283,0.673603,0.461182,0.794591,0.360348,0.857466,0.232293,0.475313,0.861728,0.325349,0.861733,0,0,0,0,0.630083,0.861731,0,0,0,0,0.436555,0.338556,0.581737,0.333132,0.281797,0.357687,0.639833,0.338575
0.514017,0.363099,0.465663,0.461181,0.252801,0.455763,0.156029,0.360338,0.0834124,0.235067,0.663977,0.461208,0.794527,0.357666,0.847794,0.23228,0.470493,0.848111,0.315679,0.850828,0,0,0,0,0.630088,0.848108,0,0,0,0,0.426911,0.335851,0.576899,0.335788,0.281817,0.357617,0.644611,0.344037
0.480211,0.360422,0.460778,0.461192,0.252769,0.458444,0.141551,0.360374,0.0737631,0.232317,0.649481,0.461196,0.775232,0.354916,0.828397,0.22956,0.465615,0.829047,0.305963,0.83175,0,0,0,0,0.610727,0.83175,0,0,0,0,0.407604,0.333102,0.562398,0.335887,0.281751,0.338608,0.634921,0.357676
0.480129,0.360428,0.455944,0.461184,0.252753,0.455753,0.141563,0.36041,0.0689595,0.234999,0.644643,0.4639,0.765587,0.35487,0.818803,0.22954,0.460805,0.831756,0.305952,0.829039,0,0,0,0,0.596229,0.83448,0,0,0,0,0.407642,0.333072,0.56238,0.338587,0.281764,0.335873,0.634885,0.360356
0.480136,0.360425,0.451106,0.458486,0.247879,0.453005,0.141526,0.363067,0.0689356,0.235051,0.644562,0.463917,0.760669,0.354914,0.813955,0.226885,0.460788,0.834487,0.30596,0.834487,0,0,0,0,0.601065,0.837204,0,0,0,0,0.412429,0.330369,0.56244,0.344028,0.291419,0.335805,0.634896,0.363097
0.480119,0.36042,0.455918,0.458491,0.247929,0.453051,0.141566,0.363119,0.0641578,0.235053,0.644626,0.461181,0.760717,0.352191,0.813876,0.22688,0.46079,0.829044,0.301187,0.83175,0,0,0,0,0.601058,0.831748,0,0,0,0,0.412442,0.327695,0.562426,0.344029,0.291576,0.335871,0.634922,0.365827
0.475312,0.360387,0.45114,0.458488,0.247941,0.453,0.141534,0.365798,0.0641396,0.235031,0.639818,0.463893,0.755971,0.352211,0.813859,0.226878,0.460774,0.820866,0.305965,0.818145,0,0,0,0,0.596251,0.820869,0,0,0,0,0.412376,0.327641,0.562339,0.346729,0.296321,0.335853,0.63486,0.368551
0.470428,0.360377,0.451139,0.458455,0.247977,0.452989,0.141504,0.363141,0.0593422,0.235001,0.639801,0.461172,0.755972,0.349487,0.809034,0.226846,0.460769,0.820868,0.305967,0.820858,0,0,0,0,0.596221,0.823581,0,0,0,0,0.40759,0.32495,0.557507,0.344033,0.296375,0.335809,0.634848,0.365838
0.451066,0.357689,0.446296,0.455757,0.243136,0.450282,0.136644,0.360406,0.0544573,0.229604,0.639721,0.461161,0.755937,0.338616,0.804173,0.224132,0.45595,0.820867,0.301144,0.815414,0,0,0,0,0.591389,0.826312,0,0,0,0,0.393019,0.322208,0.538154,0.341291,0.291521,0.333134,0.625218,0.36856
0.436594,0.357643,0.441452,0.455765,0.243103,0.450279,0.136655,0.365798,0.0495703,0.235016,0.634924,0.458478,0.755784,0.344019,0.799381,0.22411,0.436589,0.823589,0.286663,0.815405,0,0,0,0,0.576878,0.834487,0,0,0,0,0.37379,0.319489,0.528451,0.341279,0.291546,0.330402,0.615599,0.368518
0.407542,0.354947,0.426969,0.45577,0.223783,0.447594,0.127052,0.360362,0.0398887,0.22961,0.630066,0.458473,0.746189,0.341279,0.794478,0.215941,0.412411,0.834475,0.267293,0.818137,0,0,0,0,0.552671,0.848106,0,0,0,0,0.359177,0.314077,0.499527,0.338554,0.281818,0.319513,0.610701,0.365797
0.38825,0.352202,0.426908,0.455725,0.218955,0.447563,0.127002,0.360379,0.0302389,0.232283,0.625271,0.45576,0.746152,0.338568,0.789785,0.213234,0.417226,0.829044,0.27694,0.809968,0,0,0,0,0.552695,0.845392,0,0,0,0,0.344713,0.314033,0.485052,0.335865,0.276959,0.316767,0.605878,0.360426
0.368832,0.346726,0.417283,0.453004,0.218893,0.444806,0.107707,0.35762,0,0,0.625219,0.45576,0.741351,0.335826,0.789698,0.210484,0.407551,0.837204,0.267275,0.818134,0,0,0,0,0.547832,0.856283,0,0,0,0,0.32528,0.308617,0.475222,0.335818,0.262499,0.311313,0.6011,0.360332
0.364,0.3413,0.417298,0.453015,0.218943,0.442109,0.112455,0.354924,0,0,0.620439,0.45846,0.741339,0.335826,0.794501,0.210525,0.402738,0.837208,0.267279,0.812682,0.13186,0.733644,0,0,0.542995,0.85901,0,0,0,0,0.315715,0.305874,0.465587,0.33043,0.257651,0.314031,0.601003,0.360414
0.330156,0.335814,0.417293,0.452985,0.218932,0.439411,0.126977,0.357643,0.035071,0.224124,0.625261,0.458457,0.746192,0.33585,0.804218,0.215963,0.412408,0.850837,0.272148,0.83449,0,0,0,0,0.54788,0.869899,0,0,0,0,0.301112,0.297726,0.441384,0.324924,0,0,0.596157,0.36585
0.310781,0.32769,0.422094,0.450257,0.223768,0.442125,0.131738,0.357627,0.0398806,0.218698,0.630041,0.450282,0.75099,0.335853,0.809038,0.2214,0.44146,0.85901,0.296291,0.848108,0,0,0,0,0.586551,0.864455,0,0,0,0,0.291406,0.297672,0.422058,0.316823,0,0,0.591315,0.363135
0.286579,0.31407,0.412462,0.447594,0.218903,0.439412,0.126983,0.35491,0.0398945,0.215945,0.620398,0.452998,0.751063,0.333146,0.809072,0.215948,0.460769,0.83994,0.306018,0.834476,0,0,0,0,0.59624,0.84811,0,0,0,0,0.27209,0.286797,0.38826,0.308611,0,0,0.56723,0.368519
0.252871,0.314061,0.412474,0.44757,0.218878,0.4421,0.126976,0.354883,0.0399238,0.21326,0.620419,0.450285,0.751074,0.333113,0.809026,0.210494,0.455923,0.853563,0.301154,0.85628,0,0,0,0,0.601056,0.853553,0,0,0,0,0.257668,0.278643,0.368884,0.305844,0,0,0.557576,0.363063
0.247919,0.314015,0.412446,0.447596,0.21412,0.44482,0.122177,0.349469,0.0398959,0.213243,0.620409,0.450292,0.760774,0.311347,0.809019,0.207739,0.455955,0.820869,0.320492,0.826311,0,0,0,0,0.61072,0.826312,0,0,0,0,0.248019,0.284062,0.349501,0.297739,0,0,0.547881,0.360337
0.214125,0.314005,0.412404,0.450289,0.214112,0.444817,0.112471,0.352206,0.0350782,0.218659,0.615574,0.455703,0.751014,0.324936,0.804204,0.205074,0.460802,0.815419,0.31086,0.807245,0,0,0,0,0.601076,0.820866,0,0,0,0,0.228544,0.284083,0.310802,0.29501,0,0,0.528507,0.354947
0.209186,0.3086,0.412475,0.447555,0.214077,0.442117,0.102781,0.35221,0.015729,0.221403,0.625214,0.450256,0.750982,0.319526,0.799432,0.202313,0.460803,0.829033,0.315647,0.818142,0,0,0,0,0.596243,0.831749,0,0,0,0,0.218973,0.281344,0.296294,0.294964,0,0,0.523603,0.349452
0.209203,0.3086,0.412418,0.447574,0.214046,0.442097,0.102845,0.354893,0.0157293,0.221396,0.620429,0.450297,0.750987,0.322231,0.799373,0.19963,0.460777,0.826314,0.315645,0.820858,0,0,0,0,0.60591,0.831766,0,0,0,0,0.218948,0.281342,0.296266,0.294945,0,0,0.518867,0.346751
0.214028,0.311351,0.417295,0.447562,0.21893,0.444805,0.112466,0.354907,0.0157223,0.226837,0.625256,0.450258,0.7558,0.316802,0.799381,0.199605,0.465606,0.826308,0.320491,0.823576,0,0,0,0,0.610756,0.82631,0,0,0,0,0.228587,0.284065,0.301157,0.294986,0,0,0.523736,0.352164
0.218907,0.311342,0.417274,0.447535,0.21413,0.436658,0.117308,0.354912,0.013326,0.226828,0.630028,0.450291,0.751072,0.319525,0.799415,0.199612,0.460814,0.815416,0.310856,0.807231,0.204391,0.733661,0,0,0.610736,0.82359,0.218911,0.728219,0,0,0.238227,0.281349,0.315609,0.297661,0,0,0.528579,0.354933
0.257595,0.314066,0.417302,0.447525,0.223734,0.431244,0.122109,0.352211,0,0,0.625244,0.450316,0.751034,0.333098,0.809049,0.205022,0.451118,0.809957,0.301126,0.801792,0.107656,0.744562,0,0,0.601075,0.818138,0.223757,0.741844,0,0,0.262433,0.284054,0.363946,0.308576,0,0,0.552631,0.365845
0.276927,0.316817,0.426949,0.447569,0.22857,0.431249,0.126956,0.354918,0,0,0.634862,0.455711,0.755865,0.335812,0.818721,0.205048,0.465653,0.815409,0.32533,0.80997,0,0,0,0,0.620407,0.823577,0,0,0,0,0.281771,0.286804,0.37377,0.311339,0,0,0.562419,0.371237
0.305937,0.322255,0.446245,0.447591,0.243058,0.431239,0.131784,0.357638,0.0447327,0.21327,0.63975,0.455746,0.765512,0.338555,0.838111,0.207779,0.465631,0.831749,0.320509,0.82904,0.233416,0.74184,0,0,0.625276,0.837209,0,0,0,0,0.301177,0.289499,0.417208,0.319482,0,0,0.591368,0.376713
0.31562,0.327693,0.446242,0.447579,0.238293,0.431199,0.131821,0.354913,0.0495419,0.213235,0.639828,0.455766,0.770394,0.335853,0.857392,0.207758,0.460777,0.831749,0.310845,0.826316,0.209218,0.777251,0,0,0.620426,0.837216,0,0,0,0,0.310832,0.289525,0.431803,0.322204,0,0,0.601058,0.374008
0.325266,0.324977,0.446226,0.447522,0.2431,0.428487,0.131879,0.354899,0.0496151,0.207839,0.639811,0.455718,0.784842,0.335833,0.867175,0.205076,0.446291,0.84539,0.291454,0.834493,0.151192,0.777264,0,0,0.605888,0.86173,0.257615,0.741839,0,0,0.320497,0.289505,0.441352,0.31953,0,0,0.605943,0.373971
0.320455,0.324943,0.441466,0.444805,0.243081,0.425788,0.136686,0.357606,0.0496147,0.210475,0.639787,0.452992,0.780075,0.333124,0.871944,0.205061,0.451096,0.839933,0.296282,0.826318,0.122164,0.818131,0,0,0.60589,0.850834,0,0,0,0,0.320502,0.286802,0.436622,0.319499,0,0,0.605886,0.37127
0.306039,0.319476,0.441392,0.439378,0.238266,0.423064,0.131839,0.349491,0.0495811,0.207748,0.639748,0.450277,0.780036,0.324964,0.871933,0.191444,0.465621,0.850831,0.32051,0.842659,0,0,0,0,0.615585,0.861732,0,0,0,0,0.315642,0.275897,0.426969,0.314057,0,0,0.601013,0.365843
0.310822,0.314056,0.441472,0.433939,0.238234,0.420328,0.131781,0.346741,0.0495856,0.2051,0.639836,0.447564,0.775239,0.319495,0.867072,0.183243,0.465599,0.842657,0.310814,0.826313,0,0,0,0,0.620397,0.850834,0,0,0,0,0.310827,0.273152,0.422081,0.31129,0,0,0.59622,0.363117
0.301188,0.308565,0.44142,0.428516,0.228622,0.41761,0.127029,0.338584,0.0495856,0.205006,0.639794,0.442099,0.770368,0.311327,0.862233,0.172386,0.465626,0.831756,0.310858,0.818138,0,0,0,0,0.605909,0.837212,0,0,0,0,0.310794,0.267754,0.417215,0.300472,0,0,0.591368,0.363069
0.296386,0.305858,0.441445,0.428503,0.233452,0.417588,0.126988,0.33582,0.0495263,0.202306,0.639736,0.442111,0.770357,0.3086,0.862253,0.169643,0.44143,0.809966,0.296338,0.788162,0.0883214,0.711862,0,0,0.57689,0.829042,0.0254133,0.861723,0,0,0.310775,0.267696,0.412488,0.300396,0,0,0.591415,0.36037
0.30114,0.297717,0.436552,0.423065,0.223817,0.409405,0.127011,0.330418,0.0496022,0.196898,0.639751,0.433925,0.770374,0.303146,0.862325,0.166926,0.446294,0.823593,0.301166,0.80724,0.0640981,0.725495,0,0,0.581731,0.837213,0.0592721,0.739112,0,0,0.306023,0.262272,0.412422,0.294991,0,0,0.591416,0.357597
0.301174,0.297671,0.426969,0.422999,0.218987,0.401268,0.126944,0.327677,0.0495789,0.194169,0.639755,0.433948,0.765586,0.300442,0.867046,0.164228,0.436592,0.829037,0.291474,0.809958,0.0544322,0.733671,0,0,0.581694,0.842656,0,0,0,0,0.306054,0.259576,0.412374,0.294925,0,0,0.596171,0.352206
0.30599,0.294976,0.441408,0.42028,0.228596,0.401223,0.126942,0.322236,0.0543694,0.185972,0.639819,0.428512,0.78001,0.300401,0.8671,0.164178,0.441408,0.815412,0.296287,0.793614,0.0592818,0.722765,0,0,0.572043,0.829026,0.0592847,0.736396,0,0,0.315619,0.256852,0.417236,0.292251,0,0,0.596235,0.352168
0.310818,0.292232,0.44621,0.417604,0.228605,0.401269,0.1222,0.32221,0.0544387,0.17779,0.639833,0.425794,0.780036,0.297716,0.867166,0.164182,0.436597,0.834476,0.296317,0.809961,0.0592683,0.720039,0,0,0.562358,0.839941,0.0593024,0.733678,0,0,0.315689,0.254112,0.41725,0.289533,0,0,0.596304,0.349452
0.310804,0.292223,0.446263,0.417565,0.228631,0.398491,0.126933,0.319521,0.0593197,0.17238,0.644617,0.42849,0.784895,0.297688,0.867047,0.164166,0.431755,0.818137,0.286656,0.807229,0.0544995,0.714602,0,0,0.57205,0.826307,0,0,0,0,0.320438,0.251375,0.426951,0.289497,0,0,0.601046,0.346752
0.325376,0.28953,0.451065,0.412157,0.23824,0.398504,0.126956,0.322224,0.0641061,0.175109,0.644627,0.425756,0.789701,0.295019,0.857396,0.164168,0.426954,0.812682,0.286641,0.796341,0,0,0,0,0.576854,0.823583,0,0,0,0,0.325332,0.251354,0.436629,0.2895,0,0,0.605908,0.344016
0.359234,0.292219,0.455917,0.412145,0.24306,0.395782,0.11247,0.305877,0.088287,0.166887,0.654253,0.425761,0.794588,0.294942,0.83808,0.166932,0.422106,0.807239,0.272131,0.782713,0.0205472,0.85628,0,0,0.57205,0.826309,0,0,0,0,0.349485,0.251356,0.470447,0.286815,0,0,0.630071,0.341317
0.378542,0.292259,0.460782,0.412133,0.247987,0.395793,0.122186,0.305858,0.107649,0.164169,0.659092,0.423058,0.799428,0.292206,0.828463,0.164221,0.422066,0.80451,0.267301,0.782721,0.0158729,0.864429,0,0,0.572036,0.818139,0,0,0,0,0.364007,0.251389,0.485053,0.284085,0,0,0.639736,0.335866
0.422127,0.292258,0.465588,0.406716,0.252824,0.387645,0.141481,0.292248,0.209162,0.164226,0.668814,0.425774,0.804278,0.305867,0.818788,0.166947,0.417283,0.801784,0.281788,0.777257,0.0206009,0.867196,0,0,0.572037,0.818136,0,0,0,0,0.378552,0.251427,0.52852,0.273139,0.310828,0.262283,0.673583,0.319527
0.4366,0.292251,0.465651,0.401262,0.252831,0.379431,0.160866,0.278627,0.257614,0.175114,0.68333,0.423034,0.823602,0.30585,0.828418,0.177778,0.422079,0.790883,0.276979,0.77453,0.0254586,0.864452,0,0,0.572047,0.809964,0,0,0,0,0.378559,0.251404,0.533372,0.270398,0.30122,0.267729,0.683249,0.308598
0.436598,0.281365,0.47525,0.39853,0.26246,0.379431,0.170543,0.267731,0.301131,0.16692,0.69296,0.420295,0.862242,0.31674,0.857444,0.18603,0.422106,0.81268,0.272107,0.796345,0,0,0,0,0.581684,0.826301,0,0,0,0,0.373746,0.248674,0.53338,0.256856,0.301189,0.267713,0.678535,0.297742
0.431728,0.275887,0.475258,0.39848,0.262512,0.376695,0.170463,0.267719,0.296404,0.169667,0.692948,0.417565,0.86224,0.316755,0.842938,0.185974,0.422092,0.790893,0.267309,0.771813,0,0,0,0,0.581692,0.804519,0,0,0,0,0.373684,0.245899,0.528569,0.254073,0.301182,0.265026,0.678439,0.297701
0.422144,0.2705,0.470427,0.39309,0.257609,0.371252,0.146329,0.26773,0.296318,0.175064,0.688162,0.412139,0.838167,0.313999,0.804242,0.180538,0.40759,0.763644,0.257596,0.741844,0.0254417,0.695509,0,0,0.562363,0.788169,0.122181,0.780003,0,0,0.368882,0.240486,0.528474,0.251339,0.296332,0.264954,0.678402,0.295006
0.417303,0.270475,0.470469,0.395782,0.262456,0.376711,0.141522,0.270409,0.301119,0.175057,0.688097,0.412153,0.838062,0.314013,0.794507,0.175068,0.397922,0.779983,0.243099,0.766363,0,0,0,0,0.547863,0.804508,0,0,0,0,0.368833,0.237784,0.523725,0.248695,0.296322,0.264957,0.67366,0.295014
0.417244,0.270439,0.465637,0.393064,0.257579,0.368563,0.136775,0.267752,0.315627,0.172395,0.678484,0.409426,0.833304,0.314038,0.784814,0.177768,0.402699,0.779994,0.238274,0.766358,0,0,0,0,0.56236,0.793616,0,0,0,0,0.364094,0.237737,0.523669,0.248641,0.291506,0.259554,0.673568,0.294971
0.417268,0.267763,0.465644,0.393063,0.257637,0.373974,0.136759,0.267761,0.315644,0.175112,0.67848,0.406719,0.833339,0.314061,0.775174,0.180496,0.397859,0.758191,0.233415,0.736383,0.160874,0.850826,0,0,0.552708,0.777271,0.267297,0.845384,0,0,0.364085,0.235034,0.523703,0.248599,0.291488,0.262236,0.668813,0.294975
0.446272,0.262261,0.47525,0.387633,0.262431,0.363129,0.136746,0.264988,0.330172,0.177786,0.688123,0.404002,0.847749,0.314004,0.751048,0.180546,0.393054,0.744559,0.233442,0.720036,0.0302625,0.698246,0,0,0.557517,0.76635,0.426914,0.834479,0,0,0.383357,0.229557,0.547827,0.240455,0.301169,0.25408,0.678509,0.292219
0.465644,0.256813,0.480079,0.384924,0.267278,0.363137,0.136732,0.259574,0.339845,0.175107,0.693009,0.403937,0.852645,0.314082,0.712299,0.164179,0.407562,0.763637,0.247916,0.744564,0,0,0,0,0.572052,0.77726,0,0,0,0,0.402653,0.226853,0.562404,0.23233,0.310863,0.245943,0.692921,0.284091
0.509142,0.248643,0.48504,0.379419,0.276986,0.357669,0.141504,0.251395,0.344719,0.177799,0.707495,0.395815,0.871877,0.319468,0.702652,0.166903,0.407583,0.750016,0.24796,0.739118,0,0,0,0,0.567208,0.763639,0,0,0,0,0.431762,0.221378,0.601016,0.224138,0.335083,0.243212,0.712285,0.264984
0.523673,0.243191,0.499439,0.376717,0.281811,0.357624,0.141564,0.248688,0.344671,0.180522,0.712305,0.395809,0.876745,0.319476,0.69782,0.169642,0.407589,0.752749,0.252753,0.741836,0.160871,0.981623,0,0,0.567223,0.766367,0.272129,0.973448,0,0,0.441475,0.21325,0.605971,0.215948,0.349511,0.2432,0.712262,0.256821
0.547826,0.234994,0.509181,0.371256,0.291469,0.352209,0.141501,0.243217,0.344716,0.180562,0.712388,0.395805,0.896187,0.319512,0.707451,0.185984,0.412397,0.769085,0.252753,0.752748,0,0,0,0,0.576885,0.777251,0,0,0,0,0.460836,0.207791,0.63014,0.207784,0.354407,0.232335,0.721969,0.248656
0.557461,0.229614,0.518818,0.365846,0.29632,0.349485,0.13676,0.240501,0.35433,0.18053,0.717215,0.393085,0.905808,0.319538,0.697821,0.188725,0.426915,0.771807,0.26248,0.755467,0,0,0,0,0.586552,0.777253,0,0,0,0,0.470447,0.205112,0.634937,0.205062,0.359184,0.229588,0.72683,0.245936
0.571999,0.226807,0.523649,0.365826,0.301163,0.346744,0.136628,0.237772,0.349554,0.180503,0.726862,0.395817,0.915512,0.322238,0.712325,0.205089,0.417292,0.769081,0.262448,0.747299,0,0,0,0,0.581692,0.777263,0,0,0,0,0.47529,0.204996,0.644555,0.202301,0.36396,0.229538,0.736486,0.245899
0.581688,0.224093,0.528453,0.365798,0.301187,0.344036,0.13178,0.240498,0.354333,0.177818,0.736525,0.395763,0.920347,0.324975,0.717204,0.213246,0.412428,0.758188,0.252764,0.739103,0,0,0,0,0.576894,0.777261,0,0,0,0,0.480097,0.202335,0.649418,0.199592,0.364017,0.232276,0.741364,0.245935
0.586526,0.221389,0.528496,0.363096,0.305941,0.341295,0.117354,0.243215,0.34472,0.180554,0.736517,0.395788,0.925175,0.330372,0.717181,0.221392,0.402737,0.779995,0.233424,0.760909,0,0,0,0,0.567182,0.793604,0,0,0,0,0.480142,0.20231,0.649409,0.194173,0.363971,0.232305,0.736523,0.24047
0.586511,0.2187,0.528461,0.363131,0.305953,0.341317,0.107649,0.245921,0.330189,0.183274,0.731693,0.398491,0.930022,0.333111,0.721985,0.22414,0.402734,0.750011,0.247919,0.73911,0,0,0,0,0.557558,0.769092,0,0,0,0,0.480092,0.202328,0.644627,0.191458,0.359182,0.232336,0.73648,0.240468
0.581764,0.218685,0.528563,0.363118,0.306025,0.338612,0.0932049,0.248673,0.325358,0.183267,0.736501,0.398492,0.934838,0.335864,0.722049,0.232324,0.412384,0.750005,0.247969,0.74184,0,0,0,0,0.567224,0.763639,0,0,0,0,0.475311,0.204991,0.639789,0.191412,0.35436,0.237756,0.726811,0.237767
0.581762,0.218675,0.53337,0.363079,0.310805,0.338557,0.0979196,0.248682,0.335,0.183266,0.736539,0.398487,0.930067,0.338577,0.731651,0.243206,0.426916,0.739112,0.267306,0.730936,0,0,0,0,0.581688,0.744578,0,0,0,0,0.475281,0.204994,0.639741,0.188733,0.349555,0.243185,0.717236,0.23501
0.586541,0.221415,0.528515,0.36585,0.306018,0.344016,0.0931751,0.256799,0.33503,0.185964,0.731646,0.401273,0.929977,0.346723,0.73647,0.248644,0.417259,0.774541,0.276966,0.758187,0,0,0,0,0.562383,0.785433,0,0,0,0,0.475304,0.205086,0.639707,0.191452,0.354333,0.248669,0.72198,0.235069
0.591319,0.224142,0.528459,0.371265,0.301167,0.346762,0.0931858,0.262243,0.320513,0.194148,0.726818,0.403969,0.929965,0.352166,0.726873,0.254097,0.431745,0.750008,0.276976,0.741835,0,0,0,0,0.576889,0.758196,0,0,0,0,0.480046,0.207793,0.639767,0.196902,0.34957,0.25408,0.712341,0.240489
0.601048,0.229627,0.528488,0.382152,0.310793,0.360339,0.0980305,0.270489,0.305985,0.205088,0.722036,0.406685,0.925143,0.357606,0.741379,0.27049,0.465633,0.777255,0.335005,0.777264,0,0,0,0,0.620421,0.774536,0,0,0,0,0.484941,0.213267,0.644544,0.204994,0.35431,0.265017,0.712274,0.23233
0.605953,0.235001,0.533377,0.382175,0.310847,0.360401,0.107669,0.275879,0.310856,0.210481,0.736511,0.403986,0.920289,0.357635,0.746172,0.281347,0.480163,0.777269,0.359198,0.779978,0,0,0,0,0.630092,0.774534,0,0,0,0,0.49462,0.221416,0.644625,0.205046,0.339894,0.264994,0,0
0.625259,0.243196,0.533326,0.384906,0.315651,0.36312,0.102875,0.297664,0.305948,0.210531,0.73171,0.406705,0.910713,0.35769,0.736509,0.292198,0.475319,0.782715,0.344693,0.782707,0,0,0,0,0.630062,0.782714,0,0,0,0,0.509157,0.22962,0.649476,0.210514,0.349505,0.273224,0,0
0.630071,0.248636,0.528513,0.390324,0.310827,0.368546,0.10763,0.303152,0.286606,0.221402,0.731695,0.414857,0.910697,0.360307,0.741275,0.294919,0.475314,0.785436,0.339862,0.785446,0,0,0,0,0.634882,0.782716,0,0,0,0,0.513998,0.235006,0.649498,0.215941,0.349564,0.281357,0,0
0.634975,0.254085,0.533383,0.395788,0.330135,0.382145,0.117371,0.314076,0.291436,0.226856,0.731635,0.417606,0.905784,0.360395,0.736451,0.297693,0.480149,0.782701,0.349519,0.779991,0,0,0,0,0.630109,0.779988,0,0,0,0,0.523609,0.245894,0.649472,0.221425,0.354394,0.294957,0,0
0.634933,0.256799,0.533353,0.398512,0.330175,0.384897,0.122174,0.322197,0.291457,0.226855,0.72683,0.420317,0.896156,0.360415,0.722029,0.297704,0.489793,0.793614,0.349543,0.790893,0,0,0,0,0.634917,0.788161,0,0,0,0,0.523586,0.248625,0.644663,0.226804,0.339871,0.295036,0,0
0.639682,0.262303,0.533335,0.403941,0.334979,0.390372,0.127031,0.335846,0.286625,0.235034,0.721991,0.423065,0.886448,0.365855,0.707483,0.30044,0.514007,0.779993,0.373709,0.77999,0,0,0,0,0.644636,0.777267,0,0,0,0,0.523724,0.254126,0.644578,0.229587,0.349524,0.305885,0,0
0.635001,0.267679,0.533332,0.403948,0.335057,0.395767,0.131752,0.346725,0.267319,0.240484,0.717176,0.423018,0.881677,0.368537,0.707542,0.308601,0.528491,0.774526,0.378553,0.774533,0,0,0,0,0.659108,0.769085,0,0,0,0,0.523687,0.259543,0.639855,0.232293,0.349561,0.30859,0,0
0.639677,0.270414,0.533392,0.403942,0.344713,0.395767,0.136649,0.354894,0.276982,0.237772,0.717143,0.422998,0.876874,0.371287,0.707467,0.311332,0.52364,0.779976,0.378558,0.779982,0,0,0,0,0.649453,0.777254,0,0,0,0,0.528451,0.265019,0.639792,0.237744,0.35437,0.314024,0,0
0.639687,0.270401,0.543042,0.40395,0.359231,0.393088,0.136725,0.354923,0.272125,0.251356,0.712391,0.423062,0.876842,0.37129,0.692954,0.308617,0.518804,0.774533,0.373737,0.779993,0,0,0,0,0.644569,0.766373,0,0,0,0,0.528451,0.265026,0.639781,0.235053,0.354413,0.316756,0,0
0.644586,0.270406,0.552632,0.401262,0.364073,0.390353,0.146342,0.354894,0.272145,0.251379,0.717187,0.423028,0.876845,0.374002,0.702616,0.311305,0.538197,0.766367,0.393038,0.777261,0,0,0,0,0.673598,0.758195,0,0,0,0,0.533339,0.265022,0.64465,0.23504,0.363963,0.314085,0,0
0.64465,0.270458,0.547848,0.401271,0.36406,0.390365,0.151186,0.354918,0.276933,0.254107,0.717133,0.423067,0.87687,0.374001,0.702627,0.311316,0.518803,0.777271,0.383403,0.785434,0,0,0,0,0.6446,0.771817,0,0,0,0,0.533403,0.267684,0.644663,0.237773,0.364024,0.316743,0,0
0.649399,0.270415,0.542995,0.401229,0.359203,0.390345,0.15603,0.354903,0.276935,0.256816,0.717119,0.423049,0.881643,0.374018,0.70746,0.311327,0.528537,0.777263,0.397895,0.763642,0,0,0,0,0.668774,0.769087,0,0,0,0,0.538205,0.265019,0.649461,0.237752,0.364107,0.314083,0,0
0.649473,0.26776,0.547834,0.401198,0.364035,0.39032,0.160862,0.354902,0.276975,0.254087,0.717214,0.422998,0.881622,0.373977,0.712371,0.314025,0.518828,0.74457,0.368869,0.739119,0.160869,0.512979,0,0,0.663926,0.744556,0,0,0,0,0.543025,0.264981,0.649478,0.235066,0.368803,0.316743,0,0
0.65912,0.267734,0.552637,0.401262,0.368855,0.39305,0.170473,0.357586,0.281782,0.251405,0.721978,0.423054,0.881675,0.371275,0.707508,0.311279,0.533315,0.766366,0.393052,0.77182,0,0,0,0,0.668803,0.758197,0,0,0,0,0.552688,0.262279,0.659097,0.235043,0.368936,0.314064,0,0
0.663935,0.267749,0.547882,0.40124,0.368858,0.390335,0.170573,0.35763,0.276997,0.254092,0.721965,0.423038,0.881681,0.371275,0.697805,0.308569,0.504313,0.771812,0.378524,0.771815,0,0,0,0,0.639755,0.774522,0,0,0,0,0.557521,0.264957,0.659141,0.235047,0.36895,0.314079,0,0
0.668743,0.27042,0.5575,0.401256,0.37373,0.390366,0.175445,0.35764,0.276991,0.259549,0.722042,0.423055,0.88168,0.371284,0.668801,0.303128,0.533323,0.763631,0.397877,0.771811,0,0,0,0,0.668756,0.755471,0,0,0,0,0.557582,0.267686,0.663957,0.23778,0.373777,0.316779,0,0
0.668752,0.270456,0.557561,0.403931,0.378509,0.393088,0.17545,0.357655,0.272105,0.264983,0.726822,0.423068,0.881627,0.371282,0.668801,0.303119,0.533331,0.769083,0.393063,0.771812,0,0,0,0,0.668779,0.763635,0,0,0,0,0.557538,0.26772,0.663963,0.240452,0.373728,0.319479,0,0
0.659078,0.273151,0.55752,0.403983,0.373678,0.398496,0.175426,0.360382,0.272129,0.267678,0.731631,0.423079,0.876813,0.373983,0.673639,0.30861,0.523637,0.763628,0.378555,0.760922,0,0,0,0,0.654299,0.763643,0,0,0,0,0.552645,0.270403,0.659121,0.24323,0.368935,0.324932,0,0
0.649492,0.273227,0.557566,0.406683,0.373696,0.398543,0.175419,0.360419,0.267268,0.270472,0.731643,0.425771,0.872035,0.376729,0.712284,0.31409,0.528534,0.766364,0.378578,0.766366,0,0,0,0,0.673662,0.766365,0,0,0,0,0.543063,0.270482,0.649405,0.245907,0.368938,0.327676,0,0
0.644563,0.275907,0.557506,0.40944,0.368945,0.401239,0.180204,0.363133,0.262513,0.278602,0.722042,0.428494,0.871939,0.379466,0.668799,0.308582,0.543059,0.750016,0.422096,0.760916,0,0,0,0,0.697777,0.744561,0,0,0,0,0.533413,0.273176,0.644551,0.248625,0.368913,0.330413,0,0
0.639847,0.275938,0.55748,0.412134,0.36892,0.403951,0.180212,0.365848,0.25772,0.286768,0.72203,0.425787,0.871979,0.379481,0.712349,0.322222,0.547893,0.747296,0.412391,0.75819,0,0,0,0,0.702641,0.739122,0,0,0,0,0.533408,0.273209,0.639839,0.248644,0.368871,0.333151,0,0
0.639805,0.281342,0.562363,0.41759,0.378544,0.406702,0.185074,0.374009,0.262449,0.284053,0.726836,0.431219,0.871998,0.382147,0.67365,0.308617,0.51881,0.747291,0.368878,0.736387,0.199606,0.521139,0,0,0.659114,0.752739,0,0,0,0,0.533294,0.278603,0.639837,0.248683,0.368874,0.335884,0,0
0.639803,0.281364,0.557549,0.417594,0.373749,0.409402,0.185092,0.376694,0.262457,0.284079,0.726804,0.428508,0.872019,0.382143,0.697791,0.314061,0.542981,0.774545,0.397886,0.779976,0,0,0,0,0.668774,0.77452,0,0,0,0,0.52858,0.281341,0.63982,0.248674,0.368915,0.338541,0,0
0.639752,0.284066,0.557579,0.414875,0.37372,0.404003,0.185023,0.379433,0.257597,0.292216,0.731667,0.428505,0.872041,0.382124,0.673645,0.308579,0.547805,0.774533,0.407541,0.777272,0,0,0,0,0.678464,0.766379,0,0,0,0,0.528488,0.284078,0.639743,0.24869,0.36887,0.338572,0,0
0.639672,0.284094,0.557553,0.417566,0.37376,0.406699,0.180257,0.379419,0.257711,0.289499,0.722002,0.428517,0.871993,0.38212,0.702672,0.316769,0.533341,0.771818,0.388221,0.771821,0,0,0,0,0.659096,0.774517,0,0,0,0,0.528445,0.286764,0.639706,0.251359,0.368909,0.341276,0,0
0.634824,0.289511,0.552726,0.420293,0.368936,0.40943,0.175303,0.382154,0.26242,0.289485,0.722056,0.43121,0.871972,0.382147,0.697793,0.319504,0.557546,0.78273,0.412416,0.793619,0,0,0,0,0.697819,0.777274,0,0,0,0,0.518867,0.289511,0.634902,0.254083,0.368814,0.341333,0,0
0.625277,0.29224,0.552655,0.420298,0.368878,0.409439,0.170506,0.38221,0.257703,0.289502,0.717219,0.428531,0.871936,0.382182,0.707475,0.330365,0.552715,0.782729,0.412408,0.796333,0,0,0,0,0.688157,0.777272,0,0,0,0,0.514022,0.292215,0.630124,0.256799,0.364022,0.34131,0,0
0.620437,0.292259,0.547872,0.423003,0.364056,0.41487,0.165693,0.384862,0.257633,0.289494,0.721977,0.431232,0.867221,0.38217,0.697821,0.327644,0.543007,0.769088,0.393081,0.766359,0,0,0,0,0.69295,0.766366,0,0,0,0,0.509117,0.292263,0.625278,0.256806,0.364021,0.344048,0,0
0.62042,0.292247,0.547861,0.423032,0.364044,0.417568,0.16571,0.384868,0.25283,0.292271,0.721994,0.433953,0.867128,0.382159,0.697801,0.327653,0.538179,0.747285,0.39306,0.72549,0,0,0,0,0.688141,0.744575,0,0,0,0,0.504316,0.292264,0.625236,0.254143,0.363957,0.34676,0,0
0.610778,0.292237,0.542977,0.423066,0.354378,0.420337,0.160891,0.384902,0.247953,0.295001,0.721988,0.431245,0.867106,0.38213,0.67365,0.319489,0.562354,0.780003,0.417268,0.782715,0,0,0,0,0.712324,0.777263,0,0,0,0,0.494662,0.292276,0.610775,0.254084,0.359121,0.349485,0,0
0.605928,0.2922,0.538138,0.423043,0.349505,0.420319,0.14641,0.38761,0.247946,0.292264,0.717153,0.431232,0.867031,0.37946,0.668794,0.31406,0.543019,0.815408,0.407582,0.815411,0,0,0,0,0.654275,0.818133,0,0,0,0,0.485056,0.292257,0.60594,0.251402,0.339866,0.352218,0,0
0.596197,0.289512,0.523746,0.423024,0.325379,0.420285,0.136611,0.390348,0.218936,0.303144,0.712343,0.431204,0.857478,0.379388,0.668808,0.314078,0.509149,0.809968,0.368877,0.801783,0,0,0,0,0.644563,0.81813,0,0,0,0,0.47531,0.292229,0.596211,0.251349,0.32538,0.349482,0,0
0.591376,0.2895,0.518833,0.423008,0.315644,0.420281,0.131824,0.393085,0.214039,0.305842,0.707462,0.428514,0.857385,0.376726,0.663918,0.314035,0.528528,0.785441,0.373756,0.788157,0,0,0,0,0.663969,0.785447,0,0,0,0,0.47048,0.292234,0.591394,0.251334,0.320455,0.352193,0,0
0.567231,0.294922,0.518759,0.423057,0.306034,0.423007,0.10764,0.401285,0.199605,0.303118,0.702605,0.431218,0.838062,0.37939,0.649398,0.316804,0.523666,0.820868,0.378532,0.829037,0,0,0,0,0.663941,0.807238,0,0,0,0,0.451155,0.29497,0.572002,0.254111,0.301181,0.357632,0,0
0.5527,0.294967,0.504338,0.425728,0.301216,0.42574,0.093146,0.406703,0.185028,0.316788,0.692938,0.428491,0.828481,0.37944,0.639778,0.319493,0.518852,0.812684,0.373708,0.81541,0,0,0,0,0.65428,0.807242,0,0,0,0,0.4414,0.297699,0.552737,0.256808,0.291519,0.357679,0,0
0.52857,0.300438,0.480105,0.428516,0.291428,0.433934,0.0786225,0.423037,0.17055,0.33036,0.67364,0.433939,0.818705,0.382144,0.615589,0.327649,0.499483,0.815403,0.364018,0.807237,0,0,0,0,0.644627,0.809963,0,0,0,0,0.412425,0.308574,0.528523,0.264974,0.272104,0.365807,0,0
0.51884,0.303177,0.475272,0.436648,0.276964,0.442089,0.0640887,0.428505,0.151191,0.335855,0.668796,0.436654,0.809115,0.382206,0.625227,0.330387,0.538162,0.779982,0.383406,0.779987,0,0,0,0,0.702626,0.763641,0,0,0,0,0.402678,0.313997,0.51882,0.267724,0.257698,0.374007,0,0
0.485027,0.31403,0.460811,0.447547,0.262437,0.45033,0,0,0,0,0.654237,0.444847,0.804266,0.390306,0.596168,0.333102,0.543048,0.801779,0.407568,0.804506,0,0,0,0,0.692958,0.78271,0,0,0,0,0.368969,0.322195,0.485036,0.273161,0.238306,0.382193,0,0
0.480113,0.316819,0.451163,0.450283,0.247968,0.455764,0.0133139,0.439357,0.131893,0.357623,0.649471,0.447558,0.799466,0.390358,0.581686,0.33311,0.528479,0.818142,0.378534,0.820863,0,0,0,0,0.683295,0.801776,0,0,0,0,0.368795,0.32764,0.480128,0.275928,0.238226,0.387649,0,0
0.460798,0.324963,0.441475,0.455768,0.238279,0.46663,0.0133306,0.444859,0.14634,0.363078,0.639818,0.452989,0.804309,0.393091,0.576855,0.33581,0.489794,0.785438,0.354365,0.793605,0,0,0,0,0.644603,0.77998,0,0,0,0,0.354307,0.333151,0.465637,0.289507,0.218964,0.398512,0,0
0.455943,0.327656,0.446234,0.455757,0.243062,0.466639,0.0157019,0.4476,0.136627,0.368556,0.639829,0.452994,0.809029,0.395766,0.572001,0.333154,0.504327,0.788164,0.354372,0.782712,0,0,0,0,0.663931,0.777256,0,0,0,0,0.344721,0.335827,0.46078,0.289516,0.218882,0.401202,0,0
0.455941,0.327666,0.446257,0.461171,0.247978,0.469369,0.015704,0.450253,0.141581,0.368557,0.639784,0.455722,0.809016,0.39309,0.572044,0.333139,0.475278,0.747293,0.315678,0.744569,0.126984,0.591968,0.102799,0.793613,0.630094,0.747288,0,0,0,0,0.349479,0.335826,0.460767,0.289545,0.218955,0.401218,0,0
0.456002,0.327661,0.44633,0.458488,0.252744,0.469354,0.0133282,0.450259,0.141499,0.371251,0.644612,0.453029,0.809086,0.393058,0.576846,0.333123,0.485009,0.774536,0.335009,0.771815,0,0,0,0,0.639789,0.769091,0,0,0,0,0.349514,0.335837,0.460786,0.289533,0.218921,0.401223,0,0
