0.539574,0.34132,0.492086,0.51569,0.358818,0.365806,0,0,0,0,0.628418,0.671007,0.551823,0.968002,0,0,0.208712,0.993884,0.155099,0.728215,0,0,0,0,0,0,0,0,0,0,0.505877,0.24319,0.60698,0.314053,0.443061,0.215952,0.67589,0.428493
0.538032,0.341282,0.489028,0.510229,0.360354,0.35219,0.323598,0.0170394,0,0,0.623814,0.668271,0.547234,0.993885,0,0,0.217902,0.993886,0.152035,0.752738,0,0,0,0,0,0,0,0,0,0,0.504345,0.243193,0.606951,0.313994,0.441543,0.218653,0.669772,0.431219
0.538043,0.341329,0.492078,0.518391,0.364951,0.352186,0.351166,0.172358,0,0,0.623816,0.671006,0.551833,0.993884,0,0,0.247006,0.993889,0.17195,0.899879,0,0,0,0,0,0,0,0,0,0,0.504351,0.2459,0.606953,0.314029,0.44458,0.218671,0.66672,0.442116
0.539555,0.346724,0.492085,0.523852,0.364953,0.365806,0.343506,0.153277,0,0,0.623812,0.681896,0.556422,0.993887,0,0,0.239347,0.993886,0.171948,0.774537,0,0,0,0,0,0,0,0,0,0,0.50587,0.248644,0.60696,0.316737,0.444616,0.22413,0.666719,0.444815
0.542633,0.35492,0.496685,0.534759,0.368022,0.365821,0.358834,0.169629,0,0,0.623823,0.698246,0,0,0,0,0.19033,0.867185,0.15663,0.722767,0,0,0,0,0.188798,0.993885,0,0,0,0,0.508923,0.254106,0.610029,0.330376,0.449192,0.229576,0.671294,0.447565
0.542645,0.360352,0.49669,0.540209,0.36955,0.368554,0.363409,0.18054,0,0,0.625346,0.717307,0.557955,0.993891,0,0,0.190329,0.853554,0.147441,0.684619,0,0,0,0,0.207179,0.993885,0,0,0,0,0.508956,0.256814,0.610018,0.335818,0.452252,0.232288,0.674352,0.447558
0.542636,0.3631,0.498215,0.526581,0.371078,0.368542,0.369547,0.175068,0,0,0.628423,0.684621,0.582463,0.99525,0.527316,0.992524,0.20718,0.867183,0.17195,0.711867,0,0,0,0,0.239347,0.993885,0,0,0,0,0.508938,0.264971,0.608502,0.338592,0.45227,0.235013,0.668237,0.455724
0.542629,0.363086,0.498209,0.523863,0.372618,0.365808,0.364962,0.180544,0,0,0.628405,0.673725,0.600844,0.995248,0.550294,0.954375,0.196456,0.850833,0.152035,0.690069,0,0,0,0,0.219433,0.993885,0,0,0,0,0.50895,0.267693,0.608495,0.338602,0.45227,0.235008,0.668237,0.455714
0.542626,0.371257,0.498218,0.537485,0.375673,0.376709,0.371074,0.183246,0,0,0.633014,0.722767,0,0,0,0,0.197986,0.859004,0.161227,0.692793,0,0,0,0,0.210243,0.993885,0,0,0,0,0.508954,0.273192,0.606968,0.341329,0.449202,0.251396,0.665184,0.466629
0.541094,0.371281,0.49669,0.54021,0.374143,0.374007,0.371082,0.18322,0,0,0.626884,0.698245,0.7096,0.992521,0.665175,0.875352,0.187266,0.850829,0.150504,0.687345,0,0,0,0,0.197989,0.993884,0,0,0,0,0.508936,0.273219,0.606943,0.34134,0.449204,0.251341,0.66364,0.46392
0.533442,0.387595,0.492097,0.542938,0.374133,0.390327,0.37107,0.199616,0.410904,0.147834,0.60238,0.692789,0.64986,0.774535,0.678956,0.679174,0.194925,0.853554,0.162757,0.695517,0,0,0,0,0.204115,0.993885,0,0,0,0,0.50434,0.292256,0.59932,0.360411,0.444598,0.26771,0.649861,0.488433
0.52886,0.39847,0.493611,0.548384,0.371082,0.390345,0.36495,0.18325,0,0,0.608498,0.695524,0.671304,0.706417,0.71266,0.575626,0.199521,0.87808,0.167355,0.750017,0,0,0,0,0.208711,0.993885,0,0,0,0,0.499744,0.300417,0.594697,0.365853,0.443072,0.270419,0.65904,0.472073
0.521209,0.41759,0.478302,0.570186,0.363419,0.420305,0.358811,0.218667,0,0,0.594714,0.720047,0.685092,0.681895,0.712664,0.570179,0.199521,0.993884,0.152035,0.771815,0,0,0,0,0,0,0,0,0,0,0.492098,0.316819,0.584012,0.384882,0.429293,0.297709,0.654451,0.518394
0.518121,0.425789,0.478296,0.572897,0.360351,0.420308,0.358822,0.221403,0,0,0.58246,0.739116,0.695813,0.665551,0.709594,0.570183,0.202584,0.993884,0.1551,0.799061,0,0,0,0,0,0,0,0,0,0,0.489009,0.333111,0.580924,0.395813,0.427762,0.305865,0.643725,0.526565
0.502822,0.444815,0.466043,0.600159,0.346571,0.444845,0.341989,0.245929,0,0,0.574805,0.750017,0.688154,0.665542,0.703477,0.575619,0.168885,0.993884,0.13672,0.769085,0,0,0,0,0,0,0,0,0,0,0.473722,0.349453,0.568677,0.414879,0.413958,0.330402,0.631473,0.545662
0.498211,0.450308,0.458392,0.611043,0.343505,0.455721,0.328187,0.210505,0.354216,0.0116132,0.564084,0.760922,0.660585,0.695525,0.704996,0.559286,0.178075,0.993884,0.138252,0.782712,0,0,0,0,0,0,0,0,0,0,0.470658,0.360329,0.561023,0.425779,0.409375,0.341303,0.626868,0.556573
0.492064,0.463902,0.450733,0.619233,0.33278,0.46664,0.331249,0.25411,0.343508,0.0115962,0.556419,0.769091,0.68049,0.673717,0.709602,0.561999,0.16429,0.993885,0.122933,0.839933,0,0,0,0,0,0,0,0,0,0,0.45993,0.373955,0.554867,0.431249,0.401721,0.352209,0.62229,0.548369
0.485973,0.469326,0.443063,0.632838,0.328182,0.48297,0.326661,0.267727,0.338912,0.0115974,0.55029,0.774539,0.662115,0.692796,0.706541,0.56746,0.17348,0.993885,0.135187,0.861731,0,0,0,0,0,0,0,0,0,0,0.456865,0.379399,0.548764,0.439374,0.39866,0.357647,0.617692,0.548354
0.482874,0.472075,0.441542,0.638294,0.325135,0.491157,0.322068,0.267722,0.332789,0.0115988,0.550297,0.782718,0.663647,0.698237,0.706538,0.567459,0.193394,0.993885,0.142847,0.859007,0,0,0,0,0,0,0,0,0,0,0.452257,0.38221,0.544159,0.444806,0.395592,0.371262,0.608519,0.562011
0.47985,0.477557,0.441532,0.638288,0.323594,0.485723,0.322053,0.281343,0,0,0.548766,0.777264,0.677428,0.676442,0.711137,0.559284,0.19799,0.993885,0.141311,0.886256,0,0,0,0,0,0,0,0,0,0,0.449222,0.387622,0.542648,0.447558,0.395595,0.37671,0.608503,0.567462
0.48135,0.485728,0.440006,0.643739,0.325116,0.491174,0.325108,0.289513,0.337371,0.0333855,0.545701,0.785437,0.682025,0.684614,0.723384,0.562,0.194924,0.993885,0.142844,0.869903,0,0,0,0,0,0,0,0,0,0,0.450726,0.398512,0.544142,0.455725,0.395591,0.384875,0.606955,0.578339
0.482876,0.491147,0.441548,0.643737,0.325115,0.493879,0.343503,0.0143181,0,0,0.547232,0.785436,0.686622,0.684623,0.718788,0.581074,0.185735,0.993884,0.144376,0.839933,0,0,0,0,0,0,0,0,0,0,0.452258,0.401243,0.542655,0.461201,0.397106,0.384874,0.606964,0.575656
0.484414,0.493916,0.441545,0.651909,0.326657,0.504774,0.328188,0.218676,0,0,0.548758,0.793621,0.69122,0.681892,0.723383,0.578349,0.214838,0.993885,0.152035,0.993883,0,0,0,0,0,0,0,0,0,0,0.453794,0.4067,0.544168,0.46666,0.394071,0.395796,0.606979,0.578359
0.484432,0.502054,0.443079,0.651911,0.329715,0.507512,0.326663,0.237744,0.346569,0.0524929,0.550298,0.796324,0.691222,0.690072,0.73104,0.572906,0.19952,0.993885,0.145907,0.878078,0,0,0,0,0,0,0,0,0,0,0.45532,0.417563,0.544186,0.472061,0.3956,0.395763,0.608496,0.581092
0.485957,0.510228,0.444605,0.657361,0.329721,0.510237,0.325134,0.281341,0.352685,0.0606189,0.553362,0.793614,0.697347,0.673721,0.734108,0.564721,0,0,0,0,0,0,0,0,0,0,0,0,0,0,0.456848,0.423026,0.545704,0.477538,0.397129,0.401212,0.608512,0.583789
0.485965,0.510223,0.444603,0.657358,0.328198,0.510218,0.32513,0.294961,0.354233,0.0579353,0.550299,0.793615,0.683563,0.679167,0.738704,0.559274,0,0,0,0,0,0,0,0,0,0,0,0,0,0,0.456857,0.423017,0.545719,0.474815,0.398641,0.4012,0.60852,0.586511
0.487503,0.507521,0.446131,0.657369,0.331259,0.515667,0.326649,0.286798,0.35575,0.0579343,0.55336,0.790893,0.701936,0.66009,0.752488,0.534761,0.202585,0.993885,0.148974,0.883531,0,0,0,0,0,0,0,0,0,0,0.45838,0.420338,0.548755,0.474828,0.39867,0.401206,0.61003,0.583795
0.489028,0.510197,0.446129,0.654656,0.331254,0.510229,0.328198,0.284076,0.355747,0.0579166,0.553364,0.793607,0.697349,0.657376,0.757077,0.529305,0,0,0,0,0,0,0,0,0,0,0,0,0,0,0.458391,0.42032,0.548765,0.474815,0.400187,0.395803,0.610049,0.581064
0.490542,0.504801,0.446127,0.646475,0.334315,0.504782,0.328196,0.259562,0.357275,0.055217,0.551829,0.788168,0.704999,0.641025,0.757088,0.526584,0.204117,0.993885,0.152035,0.878081,0,0,0,0,0,0,0,0,0,0,0.458413,0.414854,0.548782,0.472089,0.400194,0.393045,0.608507,0.581064
0.489018,0.502068,0.444594,0.649189,0.332787,0.49933,0.326667,0.270438,0.354233,0.0524763,0.550291,0.788163,0.703476,0.641021,0.755551,0.529312,0.214839,0.993885,0.161226,0.891704,0,0,0,0,0,0,0,0,0,0,0.45839,0.414848,0.548766,0.472059,0.400175,0.39035,0.608508,0.578347
0.487503,0.499352,0.443073,0.643742,0.33278,0.496617,0.326674,0.27589,0.352681,0.0524444,0.550293,0.777264,0.700405,0.643744,0.758616,0.523848,0.199521,0.993885,0.148971,0.861726,0,0,0,0,0,0,0,0,0,0,0.458383,0.409432,0.547256,0.469381,0.400181,0.387637,0.610047,0.575621
0.490543,0.496597,0.444611,0.638318,0.334312,0.493899,0.326669,0.251358,0.352712,0.0497684,0.554888,0.774532,0.700409,0.643741,0.758609,0.523855,0.202583,0.993885,0.145909,0.875352,0,0,0,0,0,0,0,0,0,0,0.458406,0.406729,0.54877,0.469325,0.400193,0.387602,0.610045,0.575647
0.490566,0.502049,0.444615,0.641039,0.334315,0.499332,0.326667,0.254095,0.35118,0.0497633,0.554893,0.7827,0.698876,0.63558,0.758619,0.52659,0.21637,0.993885,0.156632,0.894429,0,0,0,0,0,0,0,0,0,0,0.459907,0.40944,0.551829,0.469402,0.401717,0.387633,0.611554,0.575632
0.492094,0.5075,0.446134,0.641031,0.335847,0.502061,0.331255,0.267715,0.354234,0.055179,0.556418,0.779996,0.70347,0.638298,0.758616,0.521134,0.217902,0.993885,0.158162,0.993884,0,0,0,0,0,0,0,0,0,0,0.461447,0.412134,0.554868,0.474813,0.40479,0.387601,0.613102,0.575622
0.496675,0.510237,0.449205,0.641033,0.340438,0.499331,0.33584,0.275896,0.354239,0.0524593,0.559481,0.777258,0.708064,0.638296,0.75708,0.523863,0.220964,0.993885,0.16429,0.875352,0,0,0,0,0,0,0,0,0,0,0.467584,0.417593,0.556439,0.477557,0.40939,0.384914,0.617688,0.578361
0.496703,0.512969,0.447669,0.646479,0.340434,0.504786,0.335838,0.259558,0.357284,0.0579106,0.556423,0.785424,0.703472,0.651925,0.76014,0.534758,0.208711,0.993885,0.153567,0.880804,0,0,0,0,0,0,0,0,0,0,0.470617,0.42301,0.557958,0.483008,0.410887,0.390327,0.619226,0.581069
0.502806,0.518393,0.45226,0.654647,0.343509,0.512963,0.340429,0.275893,0.358798,0.0552198,0.561016,0.788154,0.708063,0.6492,0.764744,0.534754,0.21637,0.993885,0.156631,0.886255,0,0,0,0,0,0,0,0,0,0,0.47219,0.425743,0.561036,0.488382,0.418561,0.382185,0.625346,0.581091
0.502819,0.51845,0.449208,0.662803,0.3435,0.518388,0.340432,0.289526,0.357298,0.0606603,0.561018,0.790893,0.701942,0.657379,0.764741,0.542928,0,0,0,0,0,0,0,0,0,0,0,0,0,0,0.472203,0.428469,0.561031,0.491138,0.417045,0.387639,0.623811,0.594681
0.504344,0.526568,0.453787,0.662835,0.343512,0.521119,0.341966,0.303144,0.358804,0.0715059,0.561022,0.79905,0.709597,0.654652,0.766272,0.542929,0,0,0,0,0,0,0,0,0,0,0,0,0,0,0.473727,0.431234,0.565607,0.493923,0.421609,0.387657,0.625363,0.594708
0.505873,0.531992,0.452268,0.665539,0.34351,0.523871,0.341979,0.30314,0.358802,0.0715159,0.561019,0.799055,0.706538,0.665541,0.775465,0.5402,0,0,0,0,0,0,0,0,0,0,0,0,0,0,0.475239,0.43397,0.567132,0.502055,0.42162,0.390339,0.626876,0.605608
0.507417,0.532022,0.456863,0.665535,0.34811,0.526578,0.345032,0.297693,0.361879,0.0742609,0.56408,0.796338,0.682029,0.706419,0.773931,0.556552,0,0,0,0,0,0,0,0,0,0,0,0,0,0,0.478288,0.436669,0.570195,0.507506,0.423164,0.39579,0.628424,0.602859
0.508936,0.532045,0.459923,0.665539,0.349641,0.526584,0.345046,0.297694,0.361883,0.0742626,0.567148,0.799058,0.709601,0.679167,0.780058,0.553827,0,0,0,0,0,0,0,0,0,0,0,0,0,0,0.479822,0.439379,0.570214,0.507494,0.423171,0.398486,0.629949,0.594704
0.508915,0.532049,0.45839,0.665565,0.348097,0.529308,0.343515,0.300422,0.361897,0.0715685,0.568678,0.799068,0.711128,0.687344,0.783122,0.55655,0,0,0,0,0,0,0,0,0,0,0,0,0,0,0.478321,0.436684,0.570228,0.507497,0.423163,0.39848,0.629952,0.597441
0.508923,0.53206,0.45839,0.668258,0.348097,0.532029,0.343512,0.30588,0.360363,0.0715502,0.571738,0.79905,0.720321,0.670996,0.778528,0.559276,0,0,0,0,0,0,0,0,0,0,0,0,0,0,0.4783,0.436647,0.570215,0.504803,0.423168,0.398493,0.629949,0.594682
0.508921,0.534763,0.459914,0.665558,0.346581,0.526575,0.343518,0.314049,0.360355,0.0715405,0.571742,0.801775,0.72032,0.679174,0.780061,0.559288,0,0,0,0,0,0,0,0,0,0,0,0,0,0,0.478306,0.436682,0.570221,0.507523,0.423159,0.3958,0.629954,0.597419
0.507428,0.534755,0.458379,0.668263,0.346575,0.532016,0.343505,0.305867,0.358837,0.0715234,0.568679,0.801789,0.718789,0.679166,0.783119,0.561997,0,0,0,0,0,0,0,0,0,0,0,0,0,0,0.478296,0.439364,0.570218,0.510211,0.423162,0.398504,0.629942,0.597435
0.508917,0.534758,0.461447,0.665561,0.349628,0.529299,0.343506,0.314041,0.360349,0.0715357,0.573269,0.801796,0.721854,0.690073,0.783126,0.567464,0,0,0,0,0,0,0,0,0,0,0,0,0,0,0.479819,0.439377,0.571726,0.510256,0.423167,0.395813,0.629943,0.600153
0.508927,0.537483,0.458387,0.668256,0.348102,0.526589,0.345038,0.316767,0.360365,0.0742414,0.568678,0.804515,0.723382,0.690067,0.781594,0.570181,0,0,0,0,0,0,0,0,0,0,0,0,0,0,0.479833,0.442098,0.571746,0.512976,0.423178,0.398486,0.628419,0.611056
0.508936,0.540239,0.458381,0.670986,0.348105,0.537469,0.345029,0.327671,0.360375,0.0742793,0.565616,0.809961,0.717256,0.709141,0.781591,0.586526,0,0,0,0,0,0,0,0,0,0,0,0,0,0,0.479838,0.447533,0.573264,0.515662,0.423166,0.401256,0.628421,0.613772
0.508954,0.548399,0.458379,0.671005,0.349636,0.534757,0.34351,0.335829,0.361909,0.0770038,0.564076,0.818131,0.706535,0.714598,0.780054,0.594702,0,0,0,0,0,0,0,0,0,0,0,0,0,0,0.481375,0.450289,0.57329,0.518438,0.423176,0.404,0.629951,0.613789
0.510486,0.553869,0.462985,0.671006,0.351164,0.537489,0.348115,0.335835,0.369557,0.0797291,0.571739,0.820856,0.706536,0.725492,0.783126,0.61105,0,0,0,0,0,0,0,0,0,0,0,0,0,0,0.484409,0.455767,0.574806,0.52659,0.424698,0.417588,0.633006,0.616514
0.510488,0.556584,0.45993,0.673715,0.35116,0.537475,0.346573,0.341304,0.372616,0.085174,0.568681,0.820867,0.705006,0.725495,0.786183,0.608311,0,0,0,0,0,0,0,0,0,0,0,0,0,0,0.482914,0.4612,0.574785,0.529309,0.42469,0.423022,0.63149,0.621947
0.510481,0.559314,0.461445,0.673736,0.349636,0.540199,0.348106,0.341295,0.375687,0.0905999,0.567149,0.826305,0.705003,0.728219,0.79231,0.605586,0,0,0,0,0,0,0,0,0,0,0,0,0,0,0.482908,0.463899,0.574806,0.53203,0.424679,0.425758,0.631488,0.624679
0.510465,0.56474,0.458383,0.684618,0.349633,0.542913,0.345033,0.341304,0.383328,0.0960852,0.56408,0.831767,0.703473,0.741837,0.783127,0.616481,0,0,0,0,0,0,0,0,0,0,0,0,0,0,0.4829,0.466661,0.57481,0.534762,0.424706,0.425781,0.631468,0.632835
0.510465,0.567444,0.46145,0.684632,0.352702,0.542921,0.348107,0.349458,0.39251,0.104217,0.56868,0.829036,0.686626,0.752739,0.783117,0.613771,0,0,0,0,0,0,0,0,0,0,0,0,0,0,0.484411,0.466673,0.576341,0.534787,0.426212,0.428508,0.631488,0.630116
0.510488,0.567478,0.461457,0.687338,0.351168,0.542938,0.348111,0.344042,0.392536,0.106969,0.570204,0.834474,0.694278,0.752725,0.786192,0.616515,0,0,0,0,0,0,0,0,0,0,0,0,0,0,0.484416,0.46937,0.576349,0.537476,0.426216,0.428504,0.631489,0.630127
0.518121,0.570174,0.462991,0.692786,0.355763,0.545644,0.349647,0.352188,0.400184,0.112433,0.570211,0.834485,0.694285,0.752747,0.792308,0.619209,0,0,0,0,0,0,0,0,0,0,0,0,0,0,0.487506,0.469375,0.577886,0.537479,0.427765,0.436672,0.636067,0.630119
0.519641,0.570149,0.46452,0.690073,0.357292,0.548394,0.35118,0.346744,0.40631,0.109713,0.573273,0.831766,0.686622,0.760911,0.787724,0.619227,0,0,0,0,0,0,0,0,0,0,0,0,0,0,0.489014,0.47206,0.579396,0.537523,0.429293,0.433909,0.63455,0.635567
0.522707,0.572867,0.469118,0.695506,0.357298,0.553838,0.35116,0.349457,0.410913,0.115139,0.577864,0.831767,0.705003,0.752745,0.798441,0.613758,0,0,0,0,0,0,0,0,0,0,0,0,0,0,0.4921,0.469404,0.582451,0.542906,0.432357,0.433931,0.637605,0.638313
0.522735,0.570171,0.470649,0.692802,0.358818,0.553819,0.349642,0.354909,0.415504,0.123323,0.579402,0.834485,0.706536,0.752736,0.804568,0.616512,0,0,0,0,0,0,0,0,0,0,0,0,0,0,0.493606,0.469382,0.582468,0.540237,0.433881,0.431225,0.639127,0.635582
0.524238,0.572922,0.472168,0.695519,0.357287,0.553848,0.346557,0.368532,0.420078,0.134182,0.577875,0.839931,0.70041,0.760906,0.809157,0.624668,0,0,0,0,0,0,0,0,0,0,0,0,0,0,0.493637,0.472092,0.58398,0.545665,0.433881,0.436663,0.639144,0.641044
0.524249,0.572862,0.472167,0.698225,0.355768,0.551112,0.34809,0.357644,0.423154,0.13421,0.577872,0.839933,0.706536,0.758182,0.807635,0.613775,0,0,0,0,0,0,0,0,0,0,0,0,0,0,0.495128,0.472075,0.583992,0.545624,0.435417,0.433932,0.639144,0.643744
0.525765,0.572886,0.47218,0.698235,0.355761,0.553845,0.349635,0.352189,0.429279,0.142405,0.579401,0.839937,0.703473,0.755472,0.806098,0.616497,0,0,0,0,0,0,0,0,0,0,0,0,0,0,0.495152,0.472104,0.583998,0.545679,0.435405,0.43394,0.640672,0.641052
0.524257,0.572906,0.472182,0.695521,0.354228,0.551121,0.349638,0.349478,0.433866,0.15598,0.58093,0.842656,0.700408,0.763638,0.80304,0.627397,0,0,0,0,0,0,0,0,0,0,0,0,0,0,0.495153,0.472117,0.585514,0.548382,0.433866,0.442075,0.640674,0.643763
0.525779,0.572876,0.47371,0.695528,0.358816,0.556539,0.352704,0.354901,0.443058,0.158718,0.583996,0.837208,0.700413,0.760911,0.803038,0.619222,0,0,0,0,0,0,0,0,0,0,0,0,0,0,0.496669,0.472088,0.588578,0.548406,0.433867,0.436652,0.642193,0.641002
0.525795,0.570153,0.473702,0.695525,0.358817,0.556551,0.351174,0.354902,0.446121,0.158756,0.587053,0.834489,0.708069,0.75819,0.806105,0.616499,0,0,0,0,0,0,0,0,0,0,0,0,0,0,0.496695,0.469373,0.588594,0.54295,0.432341,0.43397,0.640666,0.641037
