0.325376,0.395767,0.397923,0.488431,0.189873,0.515688,0.151156,0.684573,0.0786614,0.641027,0.610731,0.453011,0.731699,0.341299,0.799449,0.229591,0.460786,0.834464,0.310809,0.837209,0.141533,0.954383,0,0,0.605889,0.820867,0.591394,0.910779,0,0,0.257629,0.360341,0.417272,0.36031,0.189927,0.363116,0.562303,0.354938
0.368862,0.395809,0.412454,0.491188,0.204377,0.515661,0.151167,0.687309,0.107623,0.627421,0.630131,0.458474,0.736529,0.39034,0.862262,0.270415,0.465648,0.848108,0.320478,0.853567,0.160848,0.973458,0,0,0.620397,0.839942,0,0,0,0,0.29632,0.360379,0.456001,0.363101,0.214023,0.371257,0.586545,0.360322
0.393058,0.398544,0.431735,0.49118,0.223742,0.518395,0.141471,0.684584,0.0931934,0.611017,0.639726,0.463912,0.770409,0.382202,0.891343,0.27045,0.455962,0.85083,0.305972,0.850839,0.165673,0.976169,0,0,0.601058,0.845387,0,0,0,0,0.315655,0.363102,0.4801,0.368515,0.22858,0.371269,0.596226,0.360332
0.431709,0.403974,0.436587,0.493891,0.22862,0.512941,0.127014,0.67641,0.0593357,0.581087,0.639757,0.477551,0.784927,0.401229,0.920286,0.300418,0.44146,0.850824,0.296339,0.845394,0.126987,0.984342,0,0,0.586571,0.850833,0,0,0,0,0.359161,0.365806,0.518837,0.376671,0.252772,0.365827,0.620376,0.382191
0.431755,0.406681,0.426937,0.493893,0.214066,0.510228,0.102811,0.665562,0.0495378,0.562012,0.639766,0.480241,0.78971,0.401219,0.920273,0.300449,0.451131,0.853544,0.306004,0.853569,0,0,0,0,0.601024,0.848112,0,0,0,0,0.359222,0.365827,0.523582,0.376734,0.252812,0.365818,0.620383,0.382187
0.402782,0.404007,0.412472,0.491177,0.189944,0.507492,0.0157322,0.630123,0.0157595,0.510225,0.639736,0.474803,0.789717,0.387624,0.881644,0.292243,0.436588,0.853544,0.291484,0.853558,0,0,0,0,0.581704,0.848098,0,0,0,0,0.330186,0.365823,0.48983,0.376704,0.243043,0.371277,0.610743,0.379429
0.36898,0.401289,0.412399,0.488405,0.194744,0.496596,0.015774,0.602876,0.015739,0.469339,0.639715,0.466651,0.79455,0.371282,0.86718,0.270467,0.46082,0.853568,0.315664,0.861724,0,0,0,0,0.601055,0.84538,0,0,0,0,0.31078,0.365818,0.470438,0.376678,0.218976,0.371283,0.596304,0.365825
0.315647,0.401236,0.407581,0.488438,0.209174,0.493886,0.0158099,0.51838,0.0157265,0.390326,0.62041,0.47209,0.722001,0.395799,0.799404,0.267711,0.460766,0.853556,0.310828,0.853555,0,0,0,0,0.586562,0.848116,0,0,0,0,0.262485,0.363111,0.412352,0.368566,0.199584,0.365824,0.567226,0.382123
0.291438,0.4012,0.402682,0.488451,0.204436,0.496602,0.0157805,0.491122,0.0157423,0.365828,0.60111,0.474812,0.692942,0.403963,0.760714,0.256824,0.475298,0.850833,0.354361,0.859019,0,0,0,0,0.59623,0.839935,0,0,0,0,0.247937,0.360429,0.388211,0.368558,0.175387,0.363087,0.562296,0.379422
0.267259,0.401187,0.40754,0.491135,0.209229,0.50478,0.0157687,0.458435,0.0158047,0.324947,0.60108,0.474804,0.668821,0.398528,0.712293,0.256803,0.475307,0.864462,0.354332,0.872635,0,0,0,0,0.605905,0.856278,0,0,0,0,0.233466,0.360399,0.364093,0.371238,0,0,0.552743,0.382177
0.257681,0.401256,0.402791,0.493857,0.209229,0.510205,0.0157873,0.455762,0.0205364,0.311343,0.601062,0.477534,0.673583,0.398501,0.707449,0.259576,0.484999,0.869899,0.363991,0.875369,0,0,0,0,0.63006,0.859006,0,0,0,0,0.233453,0.360422,0.364011,0.373958,0,0,0.552623,0.38488
0.272142,0.40941,0.412434,0.496615,0.214109,0.510223,0.0157377,0.453049,0.0157595,0.384915,0.610769,0.488421,0.688163,0.409417,0.746212,0.286792,0.499468,0.872617,0.364072,0.878069,0.0689592,0.766364,0,0,0.634878,0.864462,0,0,0,0,0.247841,0.365847,0.368895,0.38216,0,0,0.562349,0.393086
0.286661,0.412148,0.426914,0.510216,0.223762,0.510211,0.0254083,0.450301,0.0158207,0.379442,0.620397,0.499351,0.722003,0.398519,0.789739,0.297705,0.475309,0.880813,0.354348,0.880797,0.0786441,0.771811,0,0,0.615571,0.880807,0,0,0,0,0.252767,0.371266,0.378613,0.384886,0,0,0.572081,0.398476
0.31566,0.417581,0.436594,0.507474,0.238292,0.507481,0.0205884,0.420315,0.0158265,0.297714,0.634978,0.499329,0.750983,0.442068,0.871911,0.316801,0.489798,0.875344,0.359189,0.87263,0.0931274,0.771819,0,0,0.630072,0.869914,0,0,0,0,0.28665,0.373984,0.417212,0.387639,0,0,0.596293,0.403926
0.330188,0.417574,0.446258,0.504791,0.247974,0.502061,0.064103,0.412155,0.0157776,0.294996,0.639806,0.502068,0.755876,0.447567,0.886482,0.338588,0.48498,0.875353,0.359215,0.872626,0,0,0,0,0.630084,0.872634,0,0,0,0,0.296366,0.373996,0.431812,0.393025,0,0,0.605895,0.406725
0.364044,0.414878,0.460756,0.507509,0.26728,0.49934,0.131846,0.423058,0,0,0.649456,0.507498,0.784881,0.447569,0.91556,0.341322,0.494646,0.858999,0.36886,0.845392,0.127024,0.777265,0.0254076,0.978902,0.634901,0.858999,0,0,0,0,0.330164,0.371287,0.46561,0.39307,0,0,0.630103,0.412168
0.368967,0.414868,0.470514,0.504802,0.286587,0.504762,0.165675,0.431229,0.0495607,0.294932,0.668739,0.502069,0.799443,0.436655,0.920323,0.335874,0.518816,0.872641,0.378555,0.867184,0.122186,0.779988,0,0,0.649419,0.869916,0,0,0,0,0.344724,0.373959,0.475334,0.393072,0,0,0.639678,0.412162
0.388221,0.417574,0.480172,0.507502,0.296368,0.502079,0.180233,0.428478,0.0738175,0.295008,0.67842,0.507488,0.794553,0.439401,0.920283,0.327691,0.533367,0.869909,0.407593,0.867188,0,0,0,0,0.673608,0.867183,0,0,0,0,0.364027,0.371283,0.489808,0.39308,0,0,0.64464,0.417574
0.393049,0.414871,0.48494,0.504766,0.296354,0.496637,0.185041,0.425786,0.0785661,0.295023,0.683309,0.502076,0.799358,0.431204,0.915543,0.322238,0.533324,0.86719,0.40272,0.856286,0.0205616,0.940736,0.0206139,0.948926,0.673611,0.875349,0.0157336,0.932569,0,0,0.364076,0.371256,0.489855,0.393035,0,0,0.649472,0.409437
0.393054,0.406685,0.485047,0.502044,0.306021,0.496619,0.185068,0.423057,0.0785783,0.295007,0.683301,0.502043,0.799364,0.420312,0.90578,0.308565,0.538197,0.856292,0.412441,0.839938,0.0108897,0.94348,0,0,0.668806,0.867165,0,0,0,0,0.364126,0.365843,0.489768,0.387621,0,0,0.649425,0.4094
0.388239,0.403993,0.49461,0.49932,0.310806,0.493906,0.189918,0.425731,0.0738312,0.29768,0.688113,0.499347,0.79456,0.414869,0.891331,0.303117,0.543027,0.850841,0.412439,0.83993,0.325303,0.948869,0,0,0.678447,0.859017,0,0,0,0,0.364072,0.3658,0.484949,0.384907,0,0,0.644667,0.4067
0.388239,0.401216,0.484969,0.49118,0.305975,0.488467,0.194708,0.420328,0.0834018,0.294967,0.673642,0.491169,0.760688,0.425763,0.871994,0.294944,0.552701,0.837196,0.426931,0.82904,0.0157445,0.927151,0,0,0.673615,0.837222,0.349538,0.92716,0,0,0.364049,0.36041,0.484954,0.382144,0,0,0.644644,0.40397
0.393059,0.401188,0.48504,0.488475,0.301219,0.488432,0.194692,0.417569,0.0834519,0.292247,0.678504,0.488433,0.799369,0.387624,0.871918,0.275912,0.562389,0.837203,0.431773,0.834483,0.330284,0.93804,0,0,0.697771,0.837223,0,0,0,0,0.364114,0.360375,0.485021,0.379454,0,0,0.644635,0.403933
0.407582,0.395821,0.499466,0.488409,0.310857,0.485689,0.19954,0.412127,0.0979534,0.289489,0.692942,0.485729,0.804291,0.382196,0.876806,0.275925,0.562339,0.834487,0.436588,0.829032,0.320487,0.921701,0,0,0.688117,0.837215,0.325321,0.92713,0,0,0.37367,0.357679,0.504359,0.379424,0.315649,0.360352,0.65428,0.401242
0.412427,0.395787,0.509156,0.485705,0.315652,0.480268,0.194791,0.403943,0.10765,0.275944,0.697811,0.4857,0.828354,0.371258,0.881631,0.273155,0.567215,0.839921,0.436587,0.834495,0.330241,0.9217,0,0,0.697817,0.842649,0,0,0,0,0.378532,0.357661,0.51885,0.379398,0.325339,0.357654,0.66397,0.401215
0.44145,0.390322,0.523644,0.485699,0.325294,0.477544,0.204366,0.401206,0.117342,0.273207,0.712342,0.485714,0.818783,0.382144,0.886521,0.270429,0.581683,0.839924,0.436611,0.834481,0.325373,0.921676,0,0,0.712349,0.845377,0,0,0,0,0.407599,0.352189,0.542975,0.376682,0,0,0.692917,0.398471
0.451117,0.384924,0.528511,0.482995,0.325343,0.474836,0.204363,0.395818,0.117343,0.273149,0.717206,0.48299,0.82357,0.379419,0.891321,0.270425,0.576886,0.837223,0.431772,0.831762,0.306021,0.91893,0,0,0.707494,0.84266,0,0,0,0,0.417321,0.346721,0.557476,0.376677,0.364103,0.341293,0.697829,0.395821
0.484964,0.379429,0.533395,0.482957,0.33985,0.474823,0.209315,0.401264,0.117326,0.273214,0.722028,0.480277,0.828359,0.379451,0.896103,0.267729,0.576871,0.834472,0.43659,0.829021,0.310845,0.905346,0,0,0.71715,0.837199,0,0,0,0,0.455927,0.338547,0.591401,0.365838,0.383435,0.335849,0.712359,0.395762
0.518826,0.379404,0.533396,0.48028,0.339833,0.47482,0.214016,0.401241,0.122149,0.275891,0.722022,0.480271,0.823611,0.379424,0.891334,0.264976,0.581717,0.829021,0.436619,0.820857,0.310798,0.894444,0,0,0.712314,0.829036,0,0,0,0,0.47531,0.335833,0.610782,0.365797,0.402702,0.335815,0.717225,0.393075
0.547852,0.368565,0.538189,0.480264,0.339831,0.469396,0.209311,0.401267,0.122116,0.275918,0.731688,0.485692,0.833206,0.379434,0.891353,0.262295,0.562379,0.820868,0.426953,0.818133,0.281712,0.883573,0,0,0.697848,0.820868,0,0,0,0,0.509167,0.333083,0.639865,0.360421,0.422054,0.333132,0.736535,0.395785
0.562311,0.365843,0.542993,0.48026,0.339883,0.469381,0.20927,0.398539,0.122196,0.270449,0.736485,0.485691,0.833247,0.382145,0.905745,0.262305,0.552708,0.81542,0.417224,0.809962,0.28174,0.8781,0,0,0.702602,0.818136,0,0,0,0,0.523596,0.327681,0.654283,0.360382,0.426937,0.330352,0.741379,0.395764
0.567179,0.363121,0.538182,0.482978,0.339858,0.466628,0.209283,0.393096,0.131862,0.267706,0.726856,0.491156,0.833225,0.382205,0.910566,0.264978,0.523721,0.804536,0.397853,0.801788,0.252882,0.869902,0,0,0.659102,0.807252,0,0,0,0,0.528507,0.324926,0.66396,0.360352,0.441388,0.32493,0.746201,0.395819
0.567202,0.363069,0.538148,0.482997,0.335042,0.463911,0.209267,0.39036,0.136643,0.25957,0.726803,0.493875,0.828465,0.384883,0.910596,0.259544,0.513955,0.809966,0.368901,0.804511,0.252782,0.861769,0,0,0.644594,0.812697,0,0,0,0,0.528552,0.322209,0.668755,0.360344,0.441408,0.322238,0.746179,0.395821
0.562406,0.360371,0.538163,0.480261,0.339833,0.46389,0.204343,0.384867,0.141533,0.25408,0.721972,0.491154,0.83326,0.376732,0.905777,0.256809,0.509123,0.807233,0.368854,0.801778,0.233384,0.858992,0,0,0.639813,0.809966,0,0,0,0,0.528507,0.319491,0.659145,0.357662,0.441392,0.322231,0.741356,0.39581
0.562324,0.360347,0.533306,0.48024,0.330167,0.461175,0.199614,0.382148,0.141512,0.254069,0.717149,0.491165,0.833224,0.374013,0.901026,0.254118,0.480105,0.807235,0.34952,0.796342,0.218954,0.856291,0,0,0.630074,0.812694,0,0,0,0,0.523762,0.316803,0.654307,0.357641,0.436572,0.322237,0.736533,0.395777
0.547819,0.357619,0.533321,0.480253,0.330155,0.461211,0.199539,0.384881,0.136724,0.254125,0.717135,0.491179,0.809079,0.387602,0.896162,0.254096,0.475283,0.804496,0.349512,0.799062,0.209229,0.831744,0,0,0.610742,0.801789,0.73165,0.820871,0,0,0.518771,0.316732,0.63982,0.354917,0.431746,0.316786,0.722058,0.395756
0.542975,0.354918,0.523676,0.472112,0.320545,0.461152,0.199497,0.382168,0.136759,0.254111,0.712284,0.488421,0.818803,0.371267,0.891278,0.251346,0.470496,0.796345,0.33987,0.796327,0.238272,0.829039,0,0,0.601071,0.796327,0.73166,0.818118,0,0,0.51396,0.314017,0.639684,0.352205,0.426915,0.314062,0.717194,0.393089
0.52846,0.344018,0.518892,0.469376,0.320458,0.458451,0.199521,0.382161,0.136734,0.251398,0.707533,0.485724,0.818725,0.365819,0.87688,0.245916,0.480108,0.804494,0.344666,0.801773,0.0544532,0.831756,0,0,0.625244,0.801796,0.722041,0.801779,0,0,0.489852,0.305853,0.630115,0.341333,0.417278,0.311326,0.71714,0.387628
0.523627,0.338606,0.523631,0.466659,0.320484,0.455762,0.199607,0.384867,0.14148,0.254078,0.707487,0.485704,0.79939,0.390334,0.876738,0.243218,0.489834,0.80452,0.364002,0.801799,0,0,0,0,0.634905,0.804498,0,0,0,0,0.485003,0.303119,0.625263,0.33858,0.417274,0.308589,0.717102,0.387601
0.484994,0.330365,0.513984,0.463895,0.315627,0.455709,0.199513,0.379417,0.141592,0.251388,0.697805,0.472104,0.804256,0.360348,0.862282,0.229571,0.475323,0.793618,0.349528,0.788162,0,0,0,0,0.620435,0.793615,0.75104,0.807234,0,0,0.470433,0.295006,0.596262,0.333094,0.407574,0.303148,0.702646,0.384875
0.475282,0.319542,0.494644,0.461195,0.301191,0.452994,0.199536,0.365828,0.156034,0.251418,0.683313,0.474819,0.799421,0.357648,0.842901,0.22411,0.4753,0.801802,0.349512,0.801794,0,0,0,0,0.605907,0.801772,0,0,0,0,0.45593,0.292245,0.581704,0.322252,0.397907,0.303136,0.692966,0.379461
0.451174,0.316834,0.489811,0.458472,0.296292,0.4503,0.199617,0.360389,0.175363,0.245917,0.688152,0.469344,0.794573,0.346765,0.81873,0.213229,0.470431,0.790883,0.330164,0.785432,0,0,0,0,0.601089,0.788164,0,0,0,0,0.441387,0.292231,0.557577,0.319528,0,0,0.678522,0.376727
0.412425,0.311296,0.480172,0.452996,0.296373,0.45031,0.199511,0.357641,0.185069,0.245932,0.663965,0.455736,0.760694,0.341285,0.765555,0.205068,0.475308,0.790885,0.325353,0.790883,0,0,0,0,0.630092,0.788154,0,0,0,0,0.412346,0.284083,0.518875,0.31399,0,0,0.644659,0.373961
0.378618,0.300473,0.475249,0.453034,0.286677,0.453028,0.19957,0.373976,0.17539,0.254073,0.654248,0.455712,0.741336,0.335865,0.722044,0.205031,0.465606,0.78271,0.301163,0.782707,0,0,0,0,0.615585,0.779989,0.722002,0.774534,0.494645,0.992522,0.397914,0.286814,0.480211,0.308575,0,0,0.630076,0.365819
0.368984,0.303125,0.470495,0.453035,0.291424,0.453003,0.194696,0.376702,0.170469,0.256832,0.649404,0.455729,0.73166,0.333084,0.707528,0.205011,0.446283,0.788158,0.276965,0.785435,0,0,0,0,0.601085,0.785436,0,0,0,0,0.38336,0.2895,0.470489,0.303159,0.301151,0.349465,0.625239,0.360356
0.368899,0.295026,0.455903,0.453034,0.281819,0.455746,0.199561,0.393045,0.151163,0.26499,0.630099,0.453012,0.712256,0.330383,0.668737,0.205108,0.470458,0.777274,0.306014,0.785434,0,0,0,0,0.630096,0.769081,0,0,0,0,0.397856,0.275905,0.455989,0.295028,0.281797,0.349468,0.596162,0.360372
0.364051,0.294928,0.45113,0.453022,0.276971,0.45574,0.194764,0.393055,0.141596,0.264979,0.630072,0.453028,0.697895,0.333095,0.649421,0.207733,0.301154,0.829038,0,0,0,0,0,0,0.393065,0.85083,0,0,0,0,0.393003,0.273203,0.44634,0.294924,0,0,0.59136,0.357638
0.359126,0.292274,0.441475,0.453013,0.262491,0.455743,0.184995,0.384927,0.136797,0.264997,0.620432,0.45301,0.69305,0.330412,0.639738,0.207846,0.393044,0.788161,0.223745,0.777264,0,0,0,0,0.528518,0.799063,0,0,0,0,0.373715,0.270515,0.431802,0.292205,0,0,0.586485,0.360312
0.330257,0.294977,0.441409,0.450319,0.262523,0.453006,0.180275,0.38488,0.136689,0.262259,0.610754,0.450311,0.697873,0.33312,0.634924,0.207815,0.441429,0.771804,0.296296,0.779982,0,0,0,0,0.586551,0.752746,0.736498,0.777243,0,0,0.359247,0.275883,0.412386,0.292203,0,0,0.576847,0.357683
0.320477,0.29503,0.436645,0.450322,0.267343,0.453045,0.189917,0.39306,0.136625,0.262304,0.601038,0.450279,0.707509,0.354917,0.634983,0.224138,0.455945,0.766372,0.306023,0.769093,0,0,0,0,0.58173,0.758187,0.750966,0.769096,0,0,0.349506,0.278614,0.397861,0.289545,0,0,0.571999,0.357639
0.310878,0.303129,0.436554,0.450267,0.267288,0.452999,0.189845,0.395763,0.131843,0.264979,0.596257,0.44755,0.712372,0.344043,0.630103,0.224148,0.46079,0.766358,0.315665,0.763647,0.291449,0.927134,0,0,0.581716,0.755464,0,0,0,0,0.339856,0.278636,0.378587,0.292222,0,0,0.562293,0.357666
0.301185,0.300442,0.42692,0.44753,0.262439,0.450296,0.180252,0.393053,0.127042,0.265014,0.591389,0.442115,0.721961,0.357681,0.635001,0.243209,0.460753,0.769078,0.315676,0.769084,0.286637,0.924389,0,0,0.581709,0.758193,0,0,0,0,0,0,0.36886,0.292198,0,0,0.542998,0.360309
0.301106,0.297691,0.426898,0.447528,0.262499,0.450311,0.185003,0.390363,0.127059,0.26497,0.586544,0.442108,0.726834,0.360381,0.639778,0.251356,0.455929,0.785432,0.315647,0.782719,0,0,0,0,0.581721,0.779982,0,0,0,0,0,0,0.364077,0.289476,0,0,0.538213,0.357592
0.30113,0.292288,0.42689,0.442103,0.262506,0.447602,0.175416,0.384922,0.136621,0.256862,0.5865,0.431247,0.746213,0.371272,0.644577,0.264992,0.446295,0.774523,0.305981,0.771824,0,0,0,0,0.591347,0.766366,0,0,0,0,0.431757,0.262271,0.368835,0.278618,0.281791,0.338566,0.533355,0.3549
0.305986,0.289479,0.426941,0.436687,0.262496,0.447522,0.180258,0.387603,0.136771,0.256808,0.58659,0.431238,0.755832,0.379406,0.644599,0.267722,0.422053,0.779997,0.262454,0.774533,0,0,0,0,0.51882,0.779992,0,0,0,0,0.417244,0.254105,0.373687,0.270508,0.281811,0.305874,0.533422,0.35221
0.330139,0.273155,0.431783,0.436646,0.272113,0.444861,0.189845,0.382186,0.160854,0.256815,0.591363,0.428497,0.76072,0.393075,0.654263,0.275917,0.325329,0.790883,0.233418,0.774537,0,0,0,0,0.460773,0.799063,0.281794,0.897173,0,0,0.431761,0.243206,0.407556,0.25953,0.281811,0.267724,0.538157,0.346772
0.344667,0.265,0.426933,0.43122,0.267311,0.44481,0.189871,0.38487,0.170525,0.256838,0.586503,0.425775,0.765535,0.401233,0.659106,0.284083,0.354375,0.785441,0.243111,0.777256,0,0,0,0,0.470441,0.796335,0,0,0,0,0,0,0.412448,0.25407,0.272131,0.281352,0.538228,0.34673
0.330182,0.270462,0.426914,0.428515,0.281758,0.44209,0.189881,0.379462,0.185081,0.25142,0.581672,0.42304,0.780002,0.403949,0.654302,0.292211,0.426885,0.758191,0.28178,0.758188,0,0,0,0,0.543004,0.758184,0,0,0,0,0,0,0.388253,0.264976,0,0,0.547851,0.34127
0.325376,0.273171,0.431758,0.431242,0.286592,0.444848,0.194699,0.382185,0.185113,0.256811,0.586556,0.42307,0.780086,0.403955,0.663965,0.294949,0.305997,0.779983,0.151199,0.771812,0,0,0,0,0.460768,0.771817,0,0,0,0,0,0,0.388256,0.265018,0,0,0.552644,0.338616
0.339842,0.270412,0.441391,0.428481,0.291418,0.439395,0.189887,0.379415,0.20441,0.254127,0.591416,0.423026,0.794585,0.404008,0.659095,0.292227,0.402723,0.750009,0.233418,0.739117,0,0,0,0,0.470469,0.760908,0.310834,0.867173,0,0,0.378581,0.24319,0.407643,0.264958,0,0,0.56234,0.344
0.339896,0.270433,0.446299,0.428486,0.291537,0.439407,0.199529,0.382172,0.214019,0.256797,0.601043,0.423028,0.7946,0.409417,0.67369,0.295018,0.422081,0.760918,0.272114,0.755465,0,0,0,0,0.523674,0.766358,0,0,0,0,0,0,0.4124,0.264953,0,0,0.572101,0.338613
0.364112,0.265022,0.455949,0.425797,0.296341,0.431233,0.209227,0.371251,0.233404,0.248678,0.615567,0.423034,0.804262,0.422991,0.697832,0.294991,0.393066,0.755464,0.257609,0.741838,0,0,0,0,0.518827,0.763635,0,0,0,0,0.397908,0.243203,0.441439,0.264974,0,0,0.596295,0.338615
0.373658,0.264984,0.460771,0.423075,0.301192,0.428501,0.209272,0.368551,0.247863,0.248638,0.610774,0.420336,0.818759,0.428463,0.712244,0.297737,0.397891,0.739117,0.257607,0.728218,0,0,0,0,0.489809,0.744562,0.306024,0.864441,0,0,0.407557,0.243197,0.451101,0.26496,0,0,0.601069,0.349451
0.40274,0.262277,0.475229,0.423068,0.315623,0.428468,0.228575,0.360384,0.276946,0.243185,0.630073,0.422998,0.838133,0.43392,0.736491,0.303177,0.383373,0.722769,0,0,0,0,0,0,0.465618,0.73367,0.296309,0.864458,0,0,0.446276,0.24321,0.475326,0.264944,0,0,0.630082,0.349449
0.407509,0.262289,0.475359,0.425744,0.315708,0.428481,0.228633,0.36037,0.291394,0.237747,0.634958,0.423068,0.847766,0.433934,0.741338,0.305868,0.228596,0.7364,0.175374,0.71187,0,0,0,0,0.368883,0.758188,0.291497,0.861738,0,0,0.446301,0.240485,0.480102,0.262298,0,0,0.634849,0.346741
0.412436,0.26225,0.480163,0.422991,0.325344,0.423064,0.238267,0.360362,0.296314,0.243167,0.639752,0.420315,0.857431,0.436671,0.746203,0.30044,0.349516,0.690071,0.214073,0.676446,0.243107,0.858999,0,0,0.489806,0.692791,0.305995,0.867184,0,0,0.455976,0.24319,0.485034,0.262295,0,0,0.639684,0.344031
0.417276,0.262269,0.480097,0.422996,0.320498,0.425748,0.238275,0.357645,0.305946,0.237737,0.639751,0.420281,0.857433,0.436674,0.746216,0.300421,0.412404,0.692792,0.243109,0.681892,0.286627,0.861737,0,0,0.547855,0.690068,0.320506,0.869899,0,0,0.460783,0.240505,0.489828,0.26495,0,0,0.639661,0.346765
0.426923,0.262305,0.480204,0.423045,0.325365,0.425735,0.238302,0.360372,0.310793,0.243203,0.639831,0.423029,0.857421,0.439369,0.751063,0.29773,0.296327,0.744569,0.175384,0.728217,0,0,0,0,0.422084,0.758188,0,0,0,0,0.465592,0.248659,0.499491,0.265,0,0,0.644563,0.352186
0.43175,0.262289,0.48013,0.423036,0.325289,0.425771,0.243087,0.36037,0.315631,0.245898,0.639807,0.423007,0.852619,0.439402,0.75581,0.300407,0.339844,0.739115,0.223743,0.725494,0,0,0,0,0.465606,0.74457,0.301151,0.872628,0,0,0.470458,0.248657,0.509119,0.265035,0,0,0.644548,0.352191
0.441481,0.26227,0.485005,0.423023,0.330129,0.425786,0.243132,0.357685,0.325272,0.248633,0.644647,0.420322,0.857413,0.442081,0.760693,0.300468,0.247938,0.747291,0.136684,0.730942,0,0,0,0,0.373711,0.769089,0.291498,0.872641,0,0,0.480126,0.245929,0.518826,0.267697,0,0,0.64947,0.354873
0.446226,0.262252,0.485003,0.423043,0.330143,0.428479,0.247871,0.363086,0.330197,0.24863,0.644652,0.420331,0.857421,0.44209,0.760676,0.303122,0.267287,0.739121,0.151195,0.720045,0,0,0,0,0.397894,0.758188,0,0,0,0,0.48016,0.245927,0.523603,0.267686,0,0,0.649405,0.352202
0.451086,0.265007,0.489873,0.423019,0.344711,0.425786,0.247905,0.363112,0.339819,0.254095,0.644626,0.420303,0.857444,0.44211,0.760751,0.305853,0.451104,0.76091,0,0,0,0,0,0,0.576871,0.758186,0,0,0,0,0.484929,0.248661,0.523746,0.267771,0,0,0.654318,0.354879
0.455919,0.265024,0.485014,0.425731,0.334986,0.428483,0.247988,0.365811,0.344736,0.262245,0.644661,0.423064,0.862228,0.442126,0.765507,0.305907,0.247937,0.744572,0.126997,0.72277,0,0,0,0,0.373713,0.77454,0,0,0,0,0.485041,0.251367,0.528522,0.270436,0,0,0.65907,0.357638
0.455974,0.270425,0.489833,0.425724,0.344678,0.425766,0.247989,0.368563,0.363966,0.270454,0.644618,0.42577,0.862278,0.447565,0.770398,0.314003,0.262459,0.74729,0.141513,0.728213,0,0,0,0,0.383393,0.785435,0,0,0,0,0.485037,0.254125,0.533337,0.273178,0,0,0.663919,0.357675
0.480074,0.262282,0.484958,0.42577,0.33506,0.431207,0.257565,0.382143,0.364035,0.275932,0.639722,0.425755,0.862244,0.450323,0.780093,0.314069,0.470438,0.728215,0,0,0,0,0,0,0,0,0,0,0,0,0.523594,0.251375,0.54305,0.275898,0,0,0.654267,0.357658
0.475237,0.270424,0.489851,0.433955,0.344723,0.43395,0.252773,0.390315,0.364087,0.29222,0.644598,0.436655,0.862228,0.463886,0.789714,0.322231,0.21408,0.771813,0.107649,0.741845,0,0,0,0,0.301148,0.829029,0,0,0,0,0.513956,0.259549,0.543056,0.289537,0,0,0.649425,0.365797
0.475231,0.270476,0.494669,0.439371,0.349548,0.433936,0.247955,0.390349,0.364075,0.297674,0.644641,0.442105,0.852603,0.466658,0.794509,0.324941,0.223753,0.755462,0.107662,0.733668,0,0,0,0,0.301148,0.80996,0,0,0,0,0.514018,0.262283,0.54308,0.29228,0,0,0.659143,0.368524
0.475233,0.27043,0.513954,0.442107,0.364054,0.436677,0.243125,0.403951,0.363947,0.316763,0.649453,0.444853,0.84298,0.477517,0.794643,0.338589,0.214081,0.777265,0.102816,0.744565,0,0,0,0,0.301148,0.823586,0,0,0,0,0.547774,0.254081,0.552692,0.295027,0,0,0.668795,0.371243
0.494628,0.273205,0.518805,0.442092,0.364076,0.43393,0.243113,0.403999,0.36411,0.322223,0.659095,0.447544,0.847791,0.483,0.794608,0.335866,0.247959,0.747291,0.131861,0.720044,0,0,0,0,0.364045,0.774537,0.335016,0.959823,0,0,0.542978,0.25409,0.562382,0.297702,0,0,0.673669,0.365822
0.504281,0.278617,0.509182,0.43937,0.368829,0.431228,0.243125,0.409399,0.368857,0.327657,0.644657,0.444804,0.857411,0.488385,0.804197,0.341305,0.252782,0.769082,0.131855,0.739112,0,0,0,0,0.364031,0.807233,0,0,0,0,0.533302,0.256831,0.567195,0.300402,0,0,0.673592,0.368531
0.475292,0.278619,0.499527,0.439368,0.364028,0.433922,0.247838,0.406735,0.368878,0.327655,0.644592,0.444798,0.857465,0.488406,0.804298,0.344032,0.247937,0.755462,0.127013,0.728219,0,0,0,0,0.359205,0.796334,0,0,0,0,0.528449,0.256863,0.557446,0.30587,0,0,0.678415,0.376732
0.455956,0.278658,0.523653,0.447534,0.373697,0.442075,0.247861,0.414866,0.388258,0.330395,0.663935,0.453004,0.867119,0.491201,0.813921,0.354895,0.218913,0.741832,0.127019,0.70642,0,0,0,0,0.296325,0.782713,0,0,0,0,0.523695,0.259576,0.552688,0.308599,0,0,0.697837,0.382174
