0.538211,0.322239,0.484988,0.436671,0.257663,0.45573,0.117321,0.654645,0,0,0.712327,0.420316,0.867213,0.319488,0.959038,0.188699,0.562366,0.916225,0.349519,0.888979,0.25762,0.973448,0,0,0.770373,0.90805,0,0,0,0,0.441439,0.297725,0.601047,0.286804,0.310784,0.316812,0.678443,0.294968
0.528513,0.327636,0.484929,0.431253,0.252817,0.453003,0.0979736,0.589253,0.0882947,0.453016,0.712369,0.417603,0.857418,0.322224,0.959043,0.191437,0.572054,0.927124,0.3737,0.916225,0.252774,0.88625,0,0,0.78004,0.916229,0,0,0,0,0.431761,0.300429,0.591424,0.289495,0.30118,0.31679,0.673608,0.297702
0.523661,0.327647,0.480147,0.436672,0.24793,0.453043,0.0883095,0.572904,0.0834737,0.447531,0.717122,0.420315,0.862246,0.316737,0.959023,0.188683,0.572024,0.880807,0.368885,0.872634,0.247915,0.886247,0,0,0.765542,0.880801,0,0,0,0,0.422131,0.300421,0.586591,0.289502,0.301185,0.319518,0.668757,0.300403
0.518737,0.33036,0.484936,0.431213,0.252776,0.44758,0.126995,0.64375,0,0,0.717128,0.417608,0.842969,0.319536,0.954258,0.188718,0.55754,0.83993,0.378543,0.834481,0.214099,0.869906,0,0,0.741336,0.839933,0.79942,0.995251,0,0,0.412453,0.303178,0.576841,0.292195,0.296357,0.322233,0.659146,0.297721
0.509161,0.33037,0.485002,0.428514,0.25758,0.442128,0.107654,0.619222,0.0350741,0.431232,0.717122,0.420316,0.838073,0.324932,0.954179,0.191449,0.567195,0.864453,0.383377,0.848104,0.209238,0.867196,0,0,0.755857,0.872627,0,0,0,0,0.407626,0.305883,0.567255,0.292214,0.296368,0.322252,0.654305,0.297724
0.484969,0.335812,0.48495,0.42852,0.257626,0.439402,0.0786375,0.578354,0.0157313,0.428488,0.712348,0.423023,0.828374,0.338573,0.949451,0.202315,0.543011,0.831764,0.368857,0.834484,0.199584,0.861742,0,0,0.722,0.834483,0,0,0,0,0.402647,0.311352,0.557458,0.294982,0.296329,0.330415,0.644668,0.303135
0.480087,0.338565,0.480088,0.431221,0.252782,0.444837,0,0,0,0,0.707442,0.420325,0.828466,0.335814,0.949288,0.202349,0.533333,0.801787,0.359208,0.820859,0.204419,0.859001,0,0,0.721988,0.834481,0,0,0,0,0.393018,0.316761,0.547849,0.297679,0.291496,0.333133,0.639878,0.303157
0.465576,0.341323,0.470478,0.442131,0.243065,0.45303,0.0447746,0.578352,0.0544073,0.390323,0.702604,0.425728,0.828457,0.327687,0.934845,0.2023,0.543006,0.872631,0.339856,0.853558,0.189875,0.859015,0,0,0.726842,0.875353,0,0,0,0,0.373723,0.319505,0.52855,0.303134,0.276985,0.338565,0.63968,0.308605
0.45594,0.344053,0.465658,0.444818,0.233407,0.453035,0.0351089,0.575628,0.0786233,0.360365,0.702621,0.425777,0.828453,0.322238,0.920302,0.202334,0.528496,0.839933,0.344697,0.842655,0.180227,0.853566,0,0,0.707488,0.839934,0,0,0,0,0.368794,0.327652,0.523718,0.308581,0.257682,0.333135,0.634995,0.308596
0.446203,0.354882,0.470391,0.444836,0.238234,0.453027,0.0447614,0.496623,0.0834475,0.330422,0.697812,0.428508,0.81871,0.330413,0.91068,0.205093,0.538186,0.886256,0.339842,0.845384,0.165698,0.848098,0,0,0.717172,0.891703,0,0,0,0,0.363945,0.333066,0.518832,0.313996,0.257589,0.338602,0.630142,0.314055
0.44137,0.357595,0.475249,0.447527,0.247995,0.450281,0.0786031,0.472092,0.0835096,0.303135,0.697779,0.436673,0.804265,0.341297,0.91057,0.205104,0.528507,0.880805,0.320496,0.850833,0.165711,0.848108,0,0,0.722001,0.894426,0,0,0,0,0.359184,0.333119,0.514035,0.314075,0.262421,0.344044,0.63011,0.319509
0.436559,0.357676,0.47526,0.444827,0.257574,0.447597,0.107699,0.428519,0.0834846,0.275882,0.692977,0.436647,0.809027,0.33854,0.900939,0.207803,0.504328,0.796341,0.339836,0.796344,0.141505,0.850834,0,0,0.673617,0.79906,0,0,0,0,0.359128,0.335835,0.509157,0.31948,0.25762,0.34676,0.630034,0.322199
0.431753,0.360344,0.475268,0.447534,0.25761,0.45026,0.117322,0.412149,0.0785971,0.267715,0.697834,0.439396,0.804291,0.341317,0.900945,0.207833,0.518817,0.826308,0.339851,0.820863,0.141535,0.85083,0,0,0.697819,0.834484,0,0,0,0,0.354347,0.338541,0.504356,0.322194,0.257638,0.349481,0.630022,0.322222
0.426906,0.363085,0.465655,0.447545,0.248012,0.444844,0.122103,0.395782,0.064106,0.256844,0.692977,0.447549,0.804258,0.349464,0.896147,0.213256,0.509166,0.913504,0.30117,0.845386,0.156012,0.850839,0,0,0.707501,0.91623,0,0,0,0,0.349494,0.34132,0.49945,0.327677,0.262431,0.354928,0.630053,0.330382
0.422053,0.365809,0.470388,0.44754,0.252815,0.444803,0.122203,0.395748,0.0495999,0.259571,0.683313,0.447583,0.809046,0.341309,0.886504,0.215965,0.484962,0.80996,0.315668,0.815408,0.141534,0.848097,0,0,0.644627,0.807234,0.156023,0.853543,0,0,0.339899,0.344,0.494615,0.330422,0.267259,0.357624,0.625295,0.333124
0.4124,0.373986,0.460785,0.44752,0.248002,0.442115,0.126979,0.395804,0.0350652,0.267679,0.678476,0.447583,0.799393,0.349485,0.872051,0.224151,0.48496,0.831753,0.315667,0.818137,0.141547,0.850835,0,0,0.654283,0.831756,0.151204,0.856278,0,0,0.330202,0.352171,0.484989,0.335822,0.262439,0.360361,0.620456,0.335847
0.407576,0.376703,0.45592,0.450292,0.247914,0.447577,0.126935,0.393062,0.0302309,0.267712,0.673643,0.450308,0.799341,0.349456,0.867219,0.22139,0.4898,0.842657,0.3205,0.837205,0.141545,0.853563,0,0,0.692981,0.899878,0.141552,0.859001,0,0,0.33014,0.352213,0.480195,0.33586,0.262446,0.360405,0.620447,0.338565
0.402699,0.382126,0.455905,0.450308,0.247972,0.447598,0.122198,0.39035,0,0,0.668753,0.452994,0.799392,0.349455,0.867021,0.224107,0.480139,0.837209,0.315662,0.823585,0.14634,0.856262,0,0,0.634924,0.804507,0,0,0,0,0.32532,0.354945,0.480077,0.338607,0.25767,0.363078,0.615581,0.338599
0.402673,0.382161,0.451104,0.450327,0.247904,0.450286,0.122203,0.390324,0.0133234,0.265026,0.663913,0.452987,0.799446,0.344011,0.862237,0.224104,0.48981,0.859009,0.310826,0.842659,0.146376,0.856282,0,0,0.639765,0.818135,0,0,0,0,0.325296,0.357603,0.480065,0.341295,0.257642,0.363119,0.615614,0.341322
0.402744,0.384894,0.451075,0.455758,0.243138,0.453017,0.126973,0.390336,0.044714,0.267716,0.65907,0.458473,0.794625,0.354912,0.862229,0.229551,0.504324,0.9462,0.29631,0.916228,0.160847,0.861742,0,0,0.692979,0.929849,0,0,0,0,0.325326,0.357692,0.480097,0.346773,0.257682,0.368542,0.615592,0.35491
0.402783,0.38492,0.45111,0.455746,0.247925,0.452989,0.126944,0.390339,0.0543867,0.267725,0.659085,0.458481,0.794644,0.354908,0.857462,0.229588,0.499477,0.88898,0.310827,0.848107,0.156024,0.861718,0,0,0.688144,0.94075,0,0,0,0,0.325355,0.36032,0.480135,0.352166,0.26244,0.373987,0.61562,0.357596
0.407604,0.390308,0.4511,0.458477,0.247927,0.455713,0.126948,0.387638,0.0544875,0.26776,0.659099,0.461195,0.794552,0.35765,0.852609,0.232313,0.494635,0.856283,0.315672,0.842659,0.151184,0.864438,0,0,0.692981,0.913502,0,0,0,0,0.330175,0.360377,0.484934,0.354924,0.257626,0.368565,0.62042,0.360333
0.407604,0.39304,0.455925,0.458487,0.247975,0.455729,0.126955,0.38765,0.0592226,0.270407,0.659145,0.463886,0.79458,0.357609,0.842891,0.232293,0.494652,0.859009,0,0,0,0,0,0,0,0,0,0,0,0,0.33017,0.360388,0.484957,0.357584,0.257636,0.368554,0.620444,0.360325
0.407642,0.393062,0.451148,0.461181,0.24796,0.455758,0.126965,0.38766,0.059325,0.270396,0.659085,0.463911,0.789775,0.357641,0.833261,0.232278,0.499491,0.859008,0.315667,0.845381,0.146348,0.864449,0,0,0.697812,0.908054,0,0,0,0,0.3302,0.36042,0.484964,0.35762,0.257586,0.379418,0.620445,0.360331
0.412342,0.393096,0.451112,0.463916,0.252702,0.458481,0.13172,0.390344,0.0640792,0.270445,0.654299,0.466623,0.789731,0.357673,0.828508,0.232277,0.484988,0.837208,0.305993,0.853557,0.146333,0.86448,0,0,0.649427,0.815412,0.368839,0.58654,0,0,0.330215,0.360429,0.485012,0.357635,0.257579,0.379426,0.620463,0.360314
0.412412,0.395776,0.451123,0.463914,0.247894,0.455772,0.131776,0.390367,0.073757,0.270424,0.659126,0.469338,0.784841,0.357671,0.823582,0.232298,0.509158,0.853557,0.33017,0.839932,0.146363,0.864469,0,0,0,0,0,0,0,0,0.335019,0.360423,0.489798,0.357675,0.252789,0.371254,0.620455,0.36032
0.412435,0.395797,0.45112,0.46661,0.247901,0.458456,0.131889,0.393054,0.0785977,0.27045,0.659109,0.469354,0.780072,0.35765,0.562365,0.191432,0.523668,0.913503,0.330181,0.853556,0.15118,0.864477,0,0,0.71232,0.935302,0,0,0,0,0.335073,0.360432,0.489828,0.360308,0.252846,0.368559,0.625222,0.360387
0.417201,0.398483,0.460805,0.469324,0.252776,0.458493,0.136621,0.393089,0.0834796,0.270476,0.663939,0.472067,0.775207,0.360369,0.813901,0.235018,0.504318,0.85628,0.330175,0.83721,0.155997,0.864472,0,0,0.697816,0.913503,0,0,0,0,0.34472,0.36307,0.494654,0.360354,0.25765,0.368541,0.630011,0.360413
0.417241,0.398494,0.465572,0.469337,0.252813,0.461194,0.136685,0.393076,0.0882328,0.273199,0.668761,0.469357,0.775232,0.357622,0.809095,0.232327,0.499487,0.848106,0.32534,0.839934,0.156015,0.864487,0,0,0.697807,0.891701,0,0,0,0,0.349493,0.363083,0.499463,0.360371,0.257678,0.371285,0.630047,0.3604
0.417294,0.398533,0.460826,0.469346,0.252793,0.461197,0.136721,0.393062,0.0882894,0.273225,0.66879,0.469389,0.770334,0.360332,0.804189,0.232321,0.494642,0.839935,0.325347,0.837208,0.160867,0.864481,0,0,0.66395,0.842658,0,0,0,0,0.349547,0.363087,0.504303,0.360388,0.257653,0.368578,0.630144,0.363067
0.41729,0.398541,0.465611,0.46934,0.252796,0.461178,0.136664,0.393064,0.0882812,0.273203,0.673586,0.469378,0.770344,0.3576,0.804164,0.232293,0.489821,0.842657,0.325346,0.834483,0.165671,0.867183,0,0,0.712338,0.927126,0.175416,0.86718,0,0,0.349536,0.36307,0.5043,0.360388,0.257643,0.368558,0.630115,0.363069
0.41719,0.398502,0.460735,0.472067,0.247929,0.458483,0.136591,0.390368,0.0882935,0.267763,0.668786,0.474812,0.760709,0.3549,0.794656,0.229537,0.484981,0.848109,0.310837,0.842656,0.165726,0.872611,0,0,0.67363,0.878081,0,0,0,0,0.349511,0.360411,0.504291,0.360392,0.252923,0.363143,0.630086,0.363129
0.41721,0.398509,0.46557,0.472071,0.247948,0.46119,0.136585,0.390342,0.0882724,0.270428,0.673594,0.472103,0.755893,0.357626,0.794558,0.226882,0.494643,0.848104,0.330182,0.839936,0.160873,0.872618,0,0,0.678468,0.875351,0,0,0,0,0.349527,0.360394,0.504327,0.360396,0.257607,0.363135,0.630099,0.363103
0.417222,0.395807,0.455983,0.46664,0.25271,0.455738,0.131887,0.390356,0.0882335,0.270415,0.663908,0.472071,0.750993,0.352217,0.780042,0.221416,0.480139,0.826311,0.315677,0.823588,0.170561,0.87535,0,0,0.649433,0.823585,0.780051,0.970726,0,0,0.354318,0.360314,0.509145,0.360398,0.257718,0.363145,0.630047,0.376681
0.41727,0.39581,0.455947,0.466635,0.247924,0.453029,0.131836,0.387585,0.0882947,0.26771,0.663948,0.472093,0.750983,0.354928,0.775244,0.218679,0.489804,0.834484,0.325343,0.834479,0.180225,0.872631,0,0,0.659119,0.834484,0.775204,0.978901,0,0,0.354376,0.357654,0.513997,0.360395,0.262492,0.363069,0.634822,0.376694
0.422073,0.395777,0.451122,0.466612,0.252723,0.453049,0.131843,0.390304,0.0883228,0.267736,0.659108,0.469386,0.750914,0.346737,0.760721,0.213235,0.513994,0.856281,0.335003,0.850828,0.1754,0.880792,0,0,0.70264,0.880802,0,0,0,0,0.359232,0.357624,0.518795,0.360407,0.272144,0.360326,0.634912,0.376707
0.422093,0.395781,0.455982,0.466612,0.25272,0.453046,0.131859,0.387656,0.0882748,0.267702,0.663971,0.469363,0.74621,0.341315,0.755939,0.210553,0.504323,0.856281,0.325341,0.848104,0.1899,0.878093,0,0,0.702656,0.87808,0.741347,0.978899,0,0,0.36395,0.357597,0.518837,0.36041,0.276946,0.357619,0.634993,0.371252
0.426895,0.395765,0.465624,0.463925,0.257586,0.453019,0.131857,0.38762,0.0883783,0.267704,0.6688,0.469372,0.750906,0.338616,0.755778,0.207744,0.509162,0.826307,0.344689,0.826314,0.185043,0.886242,0,0,0.678473,0.818138,0.852597,0.943472,0,0,0.363983,0.354941,0.523577,0.360387,0.281768,0.354929,0.635,0.371288
0.426885,0.395749,0.465603,0.463916,0.257628,0.453022,0.131902,0.387588,0.0930783,0.265005,0.668748,0.469336,0.746247,0.338619,0.755807,0.207751,0.523673,0.829035,0.354374,0.831755,0.189853,0.886267,0,0,0.692962,0.823584,0.857403,0.962538,0,0,0.363985,0.354927,0.523579,0.36038,0.281802,0.354912,0.635002,0.371255
0.426909,0.393077,0.470389,0.46119,0.26243,0.452999,0.136685,0.387602,0.0930701,0.262293,0.668751,0.466635,0.750928,0.33859,0.75592,0.20778,0.513987,0.831756,0.349536,0.831751,0.209196,0.888976,0,0,0.683312,0.831757,0.85747,0.932587,0,0,0.36401,0.354922,0.523585,0.360352,0.281772,0.357614,0.639746,0.365848
0.426902,0.393074,0.465607,0.458473,0.257664,0.450282,0.136751,0.387625,0.0931108,0.264986,0.673569,0.46393,0.750946,0.338605,0.755955,0.207752,0.528498,0.842654,0.354371,0.83721,0.214068,0.883546,0,0,0.721993,0.875353,0.61074,0.99252,0,0,0.363996,0.354924,0.523573,0.360343,0.28181,0.35494,0.639767,0.365826
0.426924,0.39307,0.470425,0.458469,0.262435,0.450325,0.136719,0.3876,0.0931864,0.259558,0.673644,0.461204,0.750977,0.338589,0.755932,0.205064,0.528507,0.829033,0.359194,0.83175,0.209257,0.891706,0,0,0.697819,0.826309,0.867149,0.943469,0,0,0.363986,0.354924,0.518898,0.360331,0.281759,0.354952,0.639727,0.365801
0.426955,0.390365,0.470472,0.461165,0.26725,0.452994,0.136749,0.384888,0.0931485,0.259574,0.673621,0.46389,0.751012,0.338537,0.755926,0.205049,0.533352,0.837213,0.364041,0.839932,0.218893,0.883542,0,0,0.712318,0.839929,0.867094,0.93802,0,0,0.364035,0.354911,0.523611,0.360315,0.281846,0.354937,0.639718,0.365813
0.436532,0.390366,0.475261,0.458475,0.267326,0.453002,0.136781,0.384889,0.0930678,0.262259,0.678461,0.461175,0.751066,0.335859,0.755961,0.205063,0.504316,0.804507,0.344689,0.804511,0.223756,0.886242,0,0,0.659103,0.793618,0.857421,0.92713,0,0,0.364124,0.354908,0.523707,0.357694,0.28663,0.354882,0.639822,0.363109
0.436605,0.390358,0.475273,0.458486,0.267314,0.450327,0.136767,0.382183,0.0930805,0.262274,0.678488,0.461194,0.755794,0.33584,0.760706,0.205069,0.494641,0.799061,0.344679,0.801789,0.21894,0.883521,0,0,0.64944,0.793609,0.86713,0.929854,0,0,0.368808,0.354896,0.523761,0.357676,0.28663,0.354909,0.639849,0.363075
0.441391,0.390318,0.475252,0.458449,0.267313,0.453004,0.136747,0.382203,0.0930834,0.259548,0.673681,0.458481,0.755881,0.330413,0.765522,0.205063,0.494659,0.790889,0.344674,0.793609,0.218909,0.880795,0,0,0.649442,0.782712,0.876763,0.92714,0,0,0.364128,0.354882,0.528447,0.357641,0.281794,0.357659,0.639786,0.36308
0.441403,0.390313,0.475236,0.458456,0.267306,0.452995,0.136728,0.382189,0.09309,0.25954,0.678486,0.461174,0.755875,0.335839,0.7752,0.205077,0.533357,0.829034,0.364032,0.829033,0.218933,0.880807,0,0,0.702655,0.826307,0.876788,0.93803,0,0,0.368811,0.352205,0.52846,0.357621,0.281789,0.357663,0.639814,0.363087
0.441374,0.384907,0.47525,0.455715,0.267293,0.450287,0.136706,0.379473,0.0883403,0.256863,0.678485,0.455731,0.755907,0.335832,0.780083,0.205079,0.523673,0.831759,0.354356,0.80996,0.223758,0.875362,0,0,0.668794,0.793615,0.867098,0.929839,0,0,0.368819,0.349495,0.528491,0.354893,0.281758,0.357591,0.639712,0.360426
0.441481,0.384866,0.465648,0.455769,0.262436,0.452992,0.136778,0.382142,0.083505,0.259528,0.673631,0.455755,0.755826,0.341292,0.789667,0.207773,0.523683,0.83176,0.349527,0.831752,0.22375,0.875337,0,0,0.697819,0.83176,0.842938,0.935294,0,0,0.368817,0.349477,0.528542,0.352162,0.276923,0.357637,0.639711,0.360399
0.441478,0.37946,0.470461,0.453054,0.262453,0.4503,0.141504,0.379417,0.0834796,0.256842,0.678439,0.45304,0.755949,0.338555,0.789792,0.207782,0.528516,0.831762,0.354375,0.829031,0.223744,0.86992,0,0,0.70748,0.834482,0.857418,0.935298,0,0,0.368791,0.346739,0.52853,0.344023,0.276941,0.357625,0.639731,0.357652
0.44146,0.379437,0.470493,0.45573,0.262461,0.45032,0.14152,0.379407,0.0834242,0.254135,0.678458,0.455713,0.755884,0.344048,0.794506,0.207762,0.53817,0.83176,0.364049,0.829025,0.223725,0.872635,0,0,0.712326,0.83448,0.852597,0.935299,0,0,0.364108,0.34405,0.528481,0.341336,0.27692,0.357613,0.639735,0.357653
0.441386,0.379415,0.470502,0.455724,0.257682,0.450292,0.136773,0.376695,0.083439,0.254075,0.683288,0.453049,0.755856,0.346744,0.789771,0.207752,0.547846,0.842653,0.373694,0.834492,0.218928,0.869918,0,0,0.726829,0.839939,0.852614,0.962541,0,0,0.364031,0.344034,0.52845,0.341309,0.272116,0.357637,0.639745,0.357676
0.441394,0.379418,0.47521,0.453035,0.262416,0.450275,0.136777,0.376696,0.0834939,0.254084,0.683271,0.453015,0.755883,0.346736,0.789765,0.207737,0.542996,0.834486,0.36888,0.831749,0.218925,0.86992,0,0,0.717158,0.834489,0.85261,0.957103,0,0,0.36404,0.344036,0.528455,0.341313,0.272137,0.357612,0.639759,0.357654
0.441402,0.37942,0.470427,0.453033,0.257619,0.447582,0.136763,0.376696,0.0834642,0.251411,0.678432,0.453044,0.755894,0.346761,0.794486,0.207775,0.523681,0.829029,0.354356,0.826306,0.218895,0.872632,0,0,0.697818,0.829034,0.862254,0.95437,0,0,0.364053,0.344035,0.528456,0.341315,0.272096,0.357618,0.639741,0.35767
0.441469,0.379433,0.470447,0.455723,0.257614,0.450264,0.136723,0.376686,0.0834652,0.251393,0.67849,0.455744,0.755931,0.346732,0.794542,0.207779,0.528489,0.831758,0.359189,0.829036,0.218921,0.869903,0,0,0.697814,0.831756,0.862264,0.954373,0,0,0.364107,0.344026,0.528515,0.341315,0.272097,0.357595,0.639743,0.357642
0.451078,0.379394,0.470474,0.45574,0.257646,0.450278,0.136704,0.376693,0.0786279,0.248675,0.678468,0.455769,0.760753,0.346733,0.794661,0.2078,0.504321,0.807239,0.344689,0.80724,0.209222,0.875339,0,0,0.668791,0.801783,0.87194,0.962541,0,0,0.368924,0.34403,0.538151,0.341315,0.272134,0.357645,0.644557,0.360338
0.451176,0.37941,0.47047,0.455711,0.257573,0.447589,0.136676,0.374008,0.0786206,0.248628,0.683331,0.455771,0.765564,0.346729,0.799399,0.207799,0.509157,0.815406,0.339855,0.809962,0.209222,0.875354,0,0,0.683289,0.809963,0.862284,0.957094,0,0,0.373663,0.341324,0.538218,0.341292,0.272154,0.357611,0.644542,0.357692
0.455954,0.371256,0.470444,0.455753,0.257594,0.450278,0.136636,0.373996,0.07378,0.243205,0.683291,0.455769,0.775192,0.341329,0.80428,0.205084,0.494647,0.804512,0.330189,0.801788,0.204396,0.875348,0,0,0.663957,0.801786,0.813925,0.92985,0,0,0.373736,0.338586,0.542991,0.338584,0.276915,0.354911,0.644563,0.357627
0.455975,0.365808,0.46566,0.453026,0.248011,0.447552,0.131782,0.365826,0.0689617,0.23504,0.683328,0.453035,0.780059,0.335857,0.809104,0.199611,0.513992,0.829033,0.33984,0.826308,0.199554,0.875373,0,0,0.692977,0.831759,0.813918,0.94893,0,0,0.373712,0.335831,0.538235,0.335818,0.262463,0.344035,0.639883,0.352201
0.45111,0.357692,0.465558,0.4476,0.238296,0.436677,0.122161,0.360412,0.0495265,0.232287,0.678472,0.450291,0.78005,0.327654,0.8187,0.185992,0.475276,0.793617,0.301142,0.796337,0.17539,0.878072,0,0,0.639791,0.785446,0.799402,0.929844,0,0,0.364067,0.324959,0.542968,0.324927,0.252834,0.3386,0.63975,0.34133
0.451125,0.35763,0.460809,0.444842,0.23829,0.431208,0.107669,0.357668,0.039888,0.221422,0.683316,0.447584,0.789694,0.319498,0.828417,0.180516,0.523667,0.845382,0.330182,0.837216,0.165716,0.875368,0,0,0.717155,0.850837,0.702659,0.984347,0,0,0.364013,0.319509,0.542973,0.316815,0.252797,0.335851,0.639792,0.338562
0.460813,0.349452,0.465649,0.43939,0.233399,0.425775,0.0980435,0.352191,0,0,0.697767,0.444824,0.79943,0.327666,0.872015,0.183227,0.49947,0.815408,0.310817,0.81813,0.146358,0.883538,0,0,0.692991,0.818132,0.789735,0.965276,0,0,0.368812,0.313994,0.547884,0.311318,0.252852,0.327675,0.644701,0.333134
0.465594,0.338612,0.46566,0.436688,0.233439,0.425806,0.0979538,0.346752,0,0,0.697795,0.439387,0.794602,0.346754,0.905804,0.186004,0.494656,0.834485,0.305985,0.831767,0.131867,0.878089,0,0,0.697808,0.834489,0.775209,0.957099,0,0,0.368921,0.305856,0.55744,0.305851,0.252848,0.322246,0.649493,0.330384
0.480076,0.333083,0.465639,0.428498,0.233426,0.417591,0.0979278,0.333138,0.0109029,0.180543,0.692962,0.433959,0.828455,0.33585,0.992936,0.194183,0.484966,0.829034,0.291485,0.831763,0.136686,0.872643,0,0,0.697815,0.829031,0,0,0,0,0.383352,0.294982,0.562398,0.294974,0.252755,0.314045,0.659147,0.316812
0.485019,0.327697,0.470447,0.425801,0.238277,0.412163,0.093197,0.330366,0,0,0.697813,0.436668,0,0,0,0,0.446271,0.823583,0.252792,0.812688,0.146346,0.880808,0,0,0.634933,0.829035,0.804228,0.872632,0,0,0.38822,0.292244,0.576853,0.292259,0.257639,0.311294,0.663956,0.308616
0.504353,0.316808,0.480063,0.423022,0.247865,0.406683,0.0979466,0.319513,0,0,0.712308,0.428525,0.915475,0.333085,0,0,0.441425,0.771809,0.247944,0.766365,0.14151,0.878076,0,0,0.625255,0.777261,0,0,0,0,0.402776,0.278633,0.596182,0.278649,0.267291,0.300407,0.683361,0.308592
0.514023,0.311333,0.475329,0.420302,0.238255,0.401221,0.0979607,0.316739,0.0133129,0.158752,0.712326,0.431212,0.920379,0.335857,0.992944,0.278615,0.397889,0.793614,0.209229,0.785445,0,0,0,0,0.610742,0.79906,0,0,0,0,0.407516,0.27317,0.596283,0.273188,0.262508,0.295017,0.68818,0.303169
0.514006,0.30317,0.475272,0.412152,0.238243,0.395777,0.0931221,0.311346,0.0157251,0.161478,0.717153,0.428484,0.920327,0.335822,0.992936,0.270466,0.35921,0.81541,0.175375,0.788161,0,0,0,0,0.543025,0.839931,0,0,0,0,0.407531,0.267706,0.596303,0.270425,0.26244,0.29225,0.693004,0.303159
0.513963,0.300431,0.475275,0.409407,0.238209,0.393072,0.0883708,0.308617,0.0157232,0.16144,0.717169,0.425792,0.925175,0.335823,0,0,0.305989,0.834483,0.1125,0.804512,0,0,0,0,0.494645,0.899878,0,0,0,0,0.407512,0.265016,0.596311,0.267732,0.262452,0.292201,0.688179,0.303148
0.499502,0.297709,0.480151,0.404012,0.243099,0.393076,0.0834723,0.308589,0.0157493,0.164213,0.726837,0.423002,0.968729,0.338577,0.992911,0.327674,0.315666,0.837205,0.117321,0.807239,0,0,0,0,0.489802,0.902605,0,0,0,0,0.402735,0.262294,0.596253,0.265018,0.267256,0.289541,0.68819,0.300455
0.489848,0.297736,0.480132,0.406672,0.238295,0.395762,0.0738299,0.32221,0.0157599,0.166917,0.731699,0.42032,0.992909,0.349493,0,0,0.344696,0.801787,0.122179,0.788161,0,0,0,0,0,0,0,0,0,0,0.402682,0.26497,0.596215,0.265031,0.267333,0.289521,0.697794,0.300416
0.480216,0.300405,0.484993,0.409412,0.243137,0.398521,0.0737676,0.341321,0.0159194,0.185983,0.746216,0.423018,0.992935,0.36311,0,0,0.42208,0.815409,0,0,0,0,0,0,0,0,0,0,0,0,0.393058,0.267732,0.586579,0.267667,0.276986,0.292266,0.697795,0.297662
0.480159,0.300423,0.494663,0.409435,0.247945,0.401234,0.0786671,0.360381,0.0157929,0.303152,0.755902,0.420317,0.992935,0.37672,0,0,0.460781,0.809964,0,0,0,0,0,0,0,0,0,0,0,0,0.383408,0.267767,0.581725,0.265027,0.276975,0.297705,0.697786,0.294997
0.480123,0.303178,0.523657,0.422996,0.276921,0.417587,0.0689887,0.384899,0.0158329,0.352203,0.775226,0.423051,0.992938,0.3849,0,0,0.542995,0.809963,0.354372,0.826311,0,0,0,0,0.746187,0.793607,0,0,0,0,0.383366,0.270487,0.576917,0.267671,0.281819,0.308608,0.70265,0.297676
0.480169,0.308558,0.518773,0.423001,0.26249,0.42302,0.0689022,0.39309,0.0205558,0.363084,0.775179,0.423007,0.992931,0.37946,0,0,0.542997,0.799057,0.354346,0.826304,0,0,0,0,0.731662,0.782714,0,0,0,0,0.383404,0.273194,0.581669,0.267716,0.281837,0.311313,0.697873,0.29769
0.480223,0.3113,0.523694,0.425735,0.281748,0.428464,0.0737442,0.395829,0.0206153,0.357643,0.765538,0.423024,0.992932,0.360375,0,0,0.557555,0.790881,0.373695,0.807233,0,0,0,0,0.746176,0.782722,0,0,0,0,0.388186,0.278622,0.581745,0.270392,0.286666,0.31134,0.702688,0.297706
0.480219,0.311332,0.518793,0.428524,0.262457,0.442111,0.068931,0.387593,0.0205938,0.349473,0.765563,0.42305,0.992944,0.349482,0,0,0.615606,0.839937,0.417258,0.853556,0,0,0,0,0.799432,0.829026,0,0,0,0,0.383431,0.281356,0.581741,0.270407,0.28665,0.314021,0.702702,0.294939
0.480186,0.313994,0.51399,0.428514,0.267265,0.4448,0.0641168,0.357626,0.0254873,0.205057,0.75583,0.423011,0.992931,0.322231,0,0,0.581716,0.804502,0.397876,0.820864,0,0,0,0,0.755862,0.790888,0,0,0,0,0.388226,0.286795,0.581736,0.270468,0.291426,0.314012,0.707411,0.297662
0.480217,0.314027,0.509182,0.428518,0.262488,0.439373,0.0882781,0.354922,0.0205739,0.20506,0.751053,0.42304,0.992925,0.297715,0,0,0.567178,0.796332,0.38825,0.801776,0,0,0,0,0.736507,0.785431,0,0,0,0,0.38824,0.286819,0.581747,0.270501,0.286685,0.314046,0.707423,0.297737
0.480218,0.314053,0.513955,0.428475,0.262506,0.431233,0.0931851,0.344037,0.0158031,0.210524,0.755823,0.423036,0.910642,0.322221,0.992932,0.147836,0.552685,0.807232,0.383392,0.807237,0,0,0,0,0.717184,0.799065,0,0,0,0,0.388208,0.289515,0.581711,0.270497,0.286664,0.314066,0.707425,0.294997
0.48019,0.314077,0.513954,0.428488,0.267261,0.433921,0.0931289,0.341283,0.0157875,0.210518,0.755832,0.423039,0.915522,0.305882,0.992942,0.136948,0.557542,0.826323,0.383392,0.829033,0,0,0,0,0.731644,0.820867,0,0,0,0,0.388224,0.289528,0.581709,0.270503,0.291408,0.316741,0.702687,0.297724
0.48018,0.31408,0.518802,0.428505,0.272106,0.433926,0.122168,0.349446,0.0157673,0.224133,0.755877,0.423036,0.910621,0.292245,0.992931,0.128767,0.52369,0.826303,0.349529,0.818139,0,0,0,0,0.697809,0.826296,0,0,0,0,0.388244,0.292193,0.581675,0.270492,0.291551,0.316773,0.70265,0.300419
0.480171,0.314067,0.518858,0.428526,0.276936,0.436647,0.131773,0.349464,0.0157566,0.224133,0.755856,0.42304,0.910731,0.281371,0.992925,0.126066,0.538225,0.83174,0.368858,0.829031,0,0,0,0,0.717147,0.829021,0,0,0,0,0.388259,0.289548,0.581692,0.270497,0.291569,0.3168,0.702689,0.300443
0.489794,0.316764,0.523667,0.428516,0.281765,0.436648,0.13673,0.352178,0.0157239,0.224138,0.760707,0.423023,0.910728,0.281368,0.992915,0.134205,0.547835,0.834468,0.373722,0.834476,0,0,0,0,0.722019,0.82903,0,0,0,0,0.397849,0.292244,0.591314,0.273167,0.296314,0.316761,0.702692,0.300403
0.489863,0.316773,0.523732,0.428508,0.286575,0.436664,0.141533,0.352198,0.0157225,0.218686,0.765532,0.423005,0.91554,0.275905,0,0,0.557505,0.834495,0.378521,0.831772,0,0,0,0,0.736489,0.834473,0,0,0,0,0.397927,0.292246,0.591387,0.273192,0.296388,0.319474,0.707484,0.300443
0.494655,0.316776,0.52847,0.428534,0.286639,0.436659,0.146387,0.346735,0,0,0.765555,0.423052,0.910681,0.281366,0.992914,0.134214,0.552698,0.831757,0.373701,0.826306,0,0,0,0,0.731683,0.831752,0,0,0,0,0.402662,0.292259,0.591428,0.273194,0.301087,0.316803,0.712259,0.300428
0.494656,0.316779,0.528486,0.43121,0.286641,0.439394,0.151192,0.341333,0.0447532,0.224112,0.765573,0.423049,0.910671,0.278645,0.992911,0.134201,0.547847,0.826314,0.368873,0.81813,0,0,0,0,0.726853,0.829041,0,0,0,0,0.40266,0.292264,0.591405,0.273184,0.296384,0.316813,0.712291,0.300411
0.494644,0.316785,0.528492,0.428534,0.286643,0.442108,0.156038,0.344023,0.0496276,0.224112,0.77036,0.420333,0.900956,0.29224,0,0,0.567211,0.82359,0.383399,0.820863,0,0,0,0,0.75099,0.820859,0,0,0,0,0.402673,0.29228,0.591388,0.273212,0.296352,0.316805,0.712339,0.303135
0.494652,0.316784,0.52845,0.431204,0.28661,0.442114,0.165688,0.349448,0.0544668,0.224116,0.765583,0.42302,0.901028,0.289532,0.968755,0.139614,0.557525,0.820852,0.378541,0.818129,0.0108915,0.929868,0,0,0.741337,0.820856,0,0,0,0,0.402687,0.294919,0.591388,0.27322,0.2963,0.316818,0.712343,0.305857
0.49947,0.316816,0.528586,0.433942,0.291476,0.444844,0.165727,0.344022,0.0641471,0.21054,0.775181,0.423051,0.905797,0.286822,0.963916,0.14234,0.576854,0.820859,0.39788,0.81813,0,0,0,0,0.755834,0.818146,0,0,0,0,0.402755,0.294961,0.596148,0.278613,0.301085,0.327643,0.707539,0.305846
0.499478,0.319474,0.533314,0.433953,0.296281,0.447531,0.170546,0.346735,0.0689744,0.213232,0.770391,0.423059,0.9058,0.286821,0.959072,0.142372,0.586522,0.820871,0.402746,0.823579,0,0,0,0,0.760724,0.815424,0,0,0,0,0.402797,0.294972,0.596155,0.278624,0.301152,0.327646,0.712261,0.303181
0.504312,0.319485,0.533407,0.433961,0.296349,0.447537,0.175338,0.344034,0.0785999,0.213227,0.77519,0.425734,0.905756,0.294934,0.959056,0.14242,0.586515,0.809977,0.412405,0.809964,0,0,0,0,0.755869,0.80725,0,0,0,0,0.407547,0.29499,0.59621,0.27865,0.301178,0.324952,0.712372,0.30858
0.50429,0.319489,0.533382,0.433958,0.296313,0.447524,0.175375,0.344001,0.0786758,0.210546,0.775182,0.425725,0.905824,0.286813,0.959068,0.14239,0.581705,0.807239,0.40274,0.809961,0,0,0,0,0.75583,0.807239,0,0,0,0,0.407554,0.294981,0.596215,0.278652,0.301172,0.324917,0.712333,0.305898
0.504297,0.31681,0.533376,0.431248,0.29637,0.447526,0.175389,0.341334,0.0834273,0.210504,0.770402,0.42302,0.90581,0.281369,0.94944,0.142396,0.581761,0.79907,0.412379,0.801789,0,0,0,0,0.755879,0.796328,0,0,0,0,0.407547,0.294927,0.596183,0.275883,0.30116,0.322246,0.712297,0.300444
0.504357,0.316762,0.533324,0.431224,0.296269,0.444835,0.175378,0.341329,0.0835017,0.20783,0.770412,0.423004,0.905796,0.281356,0.954182,0.142369,0.605902,0.801776,0.422078,0.807236,0,0,0,0,0.770363,0.796321,0,0,0,0,0.407513,0.292282,0.596158,0.2732,0.301196,0.324922,0.707544,0.300424
0.509128,0.316774,0.533344,0.431214,0.296278,0.444807,0.175411,0.341315,0.0882862,0.210476,0.775213,0.422991,0.886503,0.303164,0.95423,0.142408,0.591387,0.785427,0.417221,0.793613,0,0,0,0,0.760716,0.777276,0,0,0,0,0.407525,0.292263,0.596209,0.273206,0.301137,0.322226,0.712332,0.303138
0.509166,0.316772,0.533352,0.431232,0.296311,0.444856,0.180192,0.344008,0.0883654,0.207815,0.780039,0.423028,0.896122,0.300426,0.949426,0.142452,0.605899,0.782719,0.426937,0.788167,0,0,0,0,0.780023,0.779975,0,0,0,0,0.407572,0.29226,0.596246,0.273213,0.305953,0.322225,0.71238,0.303131
0.518742,0.319513,0.547819,0.436645,0.301153,0.444795,0.180278,0.346734,0.0932017,0.20784,0.789673,0.425746,0.90575,0.297735,0.95904,0.14514,0.591403,0.782702,0.422091,0.785429,0.102832,0.897182,0,0,0.770362,0.77998,0,0,0,0,0.412405,0.294954,0.601043,0.278603,0.310787,0.327657,0.717149,0.30589
0.518874,0.322206,0.543064,0.433963,0.301174,0.4421,0.185012,0.346752,0.0980707,0.210514,0.789691,0.425744,0.905798,0.297741,0.959045,0.145161,0.591376,0.801788,0.431746,0.804511,0.10762,0.905316,0,0,0.755893,0.796343,0,0,0,0,0.417199,0.294982,0.601086,0.278636,0.31563,0.327656,0.717162,0.30589
0.523717,0.327652,0.538223,0.436658,0.301117,0.442097,0.189867,0.34675,0.107647,0.213262,0.78008,0.428494,0.896112,0.316753,0.963878,0.161418,0.567166,0.793619,0.397862,0.788157,0.122122,0.908065,0,0,0.722025,0.796345,0,0,0,0,0.422122,0.297677,0.605938,0.289498,0.310878,0.330391,0.722016,0.314002
0.523711,0.330353,0.538191,0.43393,0.296386,0.442088,0.189835,0.346733,0.112517,0.221402,0.784908,0.428468,0.900976,0.305896,0.968729,0.158755,0.572049,0.790879,0.39792,0.788147,0.122201,0.916222,0,0,0.731651,0.788159,0,0,0,0,0.422143,0.297745,0.605943,0.292195,0.310814,0.330392,0.717261,0.311332
0.514031,0.333072,0.528549,0.442087,0.286676,0.442126,0.185108,0.346744,0.11246,0.218663,0.770347,0.433954,0.891266,0.31949,0,0,0.528497,0.79361,0.359166,0.788162,0,0,0,0,0.702626,0.79634,0,0,0,0,0.412437,0.300427,0.596287,0.29493,0.301157,0.333135,0.712342,0.316799
0.50431,0.330361,0.52846,0.442114,0.291494,0.444853,0.185114,0.346765,0.107683,0.218688,0.755925,0.433931,0.886493,0.308614,0.949293,0.164158,0.562361,0.801788,0.397912,0.799072,0.117326,0.91896,0,0,0.712353,0.793623,0,0,0,0,0.407579,0.300401,0.596139,0.294931,0.301082,0.333107,0.707499,0.316791
0.504302,0.3277,0.523647,0.444807,0.29143,0.444823,0.185089,0.34676,0.112501,0.215974,0.755805,0.433967,0.876784,0.316738,0.934859,0.164228,0.567189,0.812674,0.397926,0.815403,0.122153,0.905342,0,0,0.741319,0.801774,0.992907,0.929873,0,0,0.407583,0.300412,0.591406,0.292284,0.296355,0.333131,0.712275,0.316785
0.50911,0.333073,0.52367,0.444806,0.291409,0.442132,0.185108,0.346731,0.122117,0.215987,0.755808,0.436673,0.872012,0.319521,0.939644,0.166944,0.53821,0.790875,0.368877,0.788165,0.131783,0.905339,0,0,0.717147,0.785434,0.992907,0.948923,0,0,0.412376,0.303117,0.596147,0.29496,0.301169,0.335861,0.707522,0.319511
0.514028,0.335889,0.523729,0.444843,0.291488,0.444843,0.189917,0.349447,0.126989,0.218656,0.755851,0.439408,0.871986,0.322237,0.939646,0.180518,0.533348,0.793599,0.368901,0.788153,0.131862,0.902611,0,0,0.707483,0.788168,0.934857,0.921683,0,0,0.412465,0.305902,0.596203,0.297708,0.306024,0.335873,0.712245,0.322224
0.50428,0.338576,0.523585,0.444847,0.286682,0.444804,0.189839,0.346718,0.131739,0.213232,0.75104,0.444825,0.87195,0.327695,0.934814,0.183215,0.533374,0.796327,0.368901,0.793606,0.127026,0.902602,0,0,0.712311,0.788175,0.915493,0.908043,0,0,0.412361,0.311298,0.591394,0.300462,0.305949,0.335852,0.712322,0.327666
0.485025,0.344042,0.509142,0.444849,0.281782,0.444825,0.189853,0.34949,0.126996,0.221385,0.736509,0.44481,0.862235,0.327679,0.915474,0.188703,0.533377,0.793611,0.368897,0.793621,0.122162,0.897171,0,0,0.707467,0.788174,0.876756,0.891714,0,0,0.402765,0.314072,0.576899,0.305896,0.29636,0.341302,0.688216,0.333076
0.484964,0.349444,0.51397,0.450269,0.286566,0.44758,0.189867,0.352175,0.127041,0.218684,0.741315,0.447549,0.852593,0.330409,0.905841,0.188701,0.538187,0.804506,0.373693,0.801782,0.122137,0.888974,0,0,0.712317,0.799049,0.871977,0.894419,0,0,0.402676,0.31677,0.572086,0.308611,0.296291,0.349473,0.688163,0.333127
0.484996,0.352195,0.50914,0.450318,0.281793,0.447585,0.18988,0.34945,0.136589,0.215939,0.736498,0.450274,0.852605,0.330395,0.905749,0.19961,0.499483,0.790897,0.335041,0.785435,0.126955,0.883549,0,0,0.673644,0.793609,0.862285,0.894405,0,0,0.407482,0.319508,0.572098,0.314044,0.296345,0.346748,0.688103,0.338584
0.484943,0.354893,0.504341,0.450291,0.281809,0.447582,0.189858,0.346732,0.136682,0.210552,0.731708,0.45029,0.85265,0.333137,0.910699,0.20502,0.49949,0.78272,0.344698,0.780001,0.117346,0.875354,0,0,0.67361,0.782702,0.847786,0.888979,0,0,0.407503,0.319539,0.576829,0.316745,0.29637,0.344038,0.688107,0.33861
0.480185,0.35492,0.484946,0.452994,0.272138,0.447536,0.189847,0.346763,0.141551,0.213208,0.712321,0.455724,0.833332,0.341279,0.905843,0.207741,0.470465,0.782722,0.301174,0.780002,0,0,0,0,0.6398,0.782721,0.809073,0.878089,0,0,0.402766,0.322241,0.56724,0.316784,0.296256,0.343998,0.683343,0.346771
0.480111,0.35759,0.485022,0.453043,0.272153,0.447588,0.185052,0.344026,0.141479,0.213206,0.71236,0.455748,0.833289,0.341291,0.905745,0.207762,0.480149,0.793611,0.315659,0.788172,0,0,0,0,0.654296,0.793607,0.804233,0.894424,0,0,0.402695,0.32494,0.562444,0.316807,0.291587,0.341321,0.67851,0.341331
0.470456,0.357623,0.480144,0.450285,0.262449,0.444831,0.189918,0.354899,0.131907,0.22954,0.707531,0.453033,0.82841,0.341302,0.896151,0.20781,0.475275,0.793615,0.30597,0.788161,0,0,0,0,0.644578,0.796337,0.794571,0.888987,0,0,0.388245,0.327688,0.55751,0.319487,0.291522,0.35221,0.678416,0.344029
0.470417,0.357607,0.480075,0.45029,0.262451,0.444859,0.194679,0.357638,0.131793,0.235016,0.707466,0.453004,0.828372,0.344062,0.905799,0.213254,0.475263,0.785436,0.306025,0.779975,0,0,0,0,0.639777,0.78818,0.794555,0.891696,0,0,0.388192,0.327684,0.557449,0.319476,0.291484,0.354905,0.673642,0.349476
