0.426295,0.313034,0.394953,0.516384,0.179,0.477375,0.0779347,0.700204,0.0605431,0.850616,0.600483,0.544241,0.677168,0.744781,0.273035,0.867345,0.206845,0.953693,0.0814225,0.903553,0,0,0,0,0.363618,0.992687,0,0,0,0,0.360152,0.271221,0.523902,0.282429,0.266098,0.301915,0.659706,0.343631
0.405372,0.321352,0.419335,0.496889,0.189407,0.494054,0.011808,0.730843,0,0,0.652775,0.502421,0.673652,0.758701,0,0,0.370579,0.950907,0.206842,0.939763,0,0,0,0,0,0,0,0,0,0,0.342735,0.274018,0.509946,0.287951,0.255608,0.307464,0.645799,0.338078
0.384532,0.324111,0.419322,0.505239,0.192918,0.485731,0.0100301,0.636145,0,0,0.65624,0.508023,0,0,0,0,0.367092,0.973186,0.224257,0.956475,0,0,0,0,0.516896,0.981545,0,0,0,0,0.328743,0.27679,0.492543,0.29075,0.252112,0.310231,0.631874,0.346416
0.367069,0.340907,0.461148,0.521924,0.241686,0.519161,0.0605313,0.574862,0,0,0.698053,0.480149,0.50296,0.449513,0.203365,0.354806,0.499473,0.9899,0.342702,0.984335,0,0,0,0,0.635345,0.984333,0,0,0,0,0.311364,0.279554,0.475106,0.293538,0.234731,0.315777,0.621393,0.329723
0.293998,0.343696,0.443754,0.519151,0.206827,0.505216,0.0361351,0.549782,0.0118285,0.346447,0.691082,0.496864,0,0,0,0,0,0,0,0,0,0,0,0,0,0,0,0,0,0,0.266071,0.274043,0.394998,0.301907,0,0,0.579618,0.357582
0.293992,0.35757,0.360129,0.521937,0.168508,0.50245,0.0221944,0.519145,0,0,0.562181,0.541429,0.565664,0.346443,0.349675,0.24617,0.429804,0.981545,0.248644,0.97318,0,0,0,0,0.590055,0.984329,0.684109,0.655637,0,0,0.252138,0.307444,0.381046,0.326923,0,0,0.506425,0.357612
0.293985,0.360349,0.370581,0.519169,0.168533,0.505224,0.0256839,0.502423,0,0,0.583084,0.527504,0.551731,0.248955,0.325298,0.179316,0.422832,0.975981,0.2382,0.981547,0,0,0,0,0.583088,0.984332,0.440249,0.755917,0,0,0.259148,0.299115,0.394965,0.321404,0,0,0.509917,0.36037
0.290505,0.360369,0.367094,0.527513,0.161556,0.502445,0.0326495,0.491293,0.0291774,0.343664,0.579603,0.541439,0.558706,0.271236,0.38103,0.170961,0.415865,0.975976,0,0,0,0,0,0,0,0,0,0,0,0,0.259073,0.299071,0.398415,0.321404,0,0,0.513402,0.363165
0.286916,0.360408,0.3636,0.521949,0.168524,0.505234,0.0326523,0.510787,0,0,0.579595,0.521933,0.562176,0.235027,0.356642,0.168178,0.374061,0.973185,0,0,0,0,0,0,0,0,0,0,0,0,0.248593,0.301964,0.377552,0.321333,0,0,0.502957,0.388221
0.276504,0.360384,0.374066,0.524716,0.175494,0.505217,0.0396278,0.496858,0,0,0.576111,0.521942,0.56218,0.296306,0.398452,0.179315,0.412387,0.992687,0.26607,0.984333,0,0,0,0,0.555217,0.987117,0,0,0,0,0.234761,0.307442,0.374003,0.321315,0,0,0.495972,0.382663
0.266039,0.36318,0.353173,0.510788,0.165059,0.505199,0.0361353,0.488504,0,0,0.576122,0.510792,0.569153,0.304666,0.436773,0.176529,0.419354,0.975976,0.262586,0.981548,0,0,0,0,0.569154,0.978765,0,0,0,0,0.220801,0.313014,0.37406,0.321348,0,0,0.485546,0.35759
0.262624,0.368707,0.349671,0.516365,0.172013,0.510794,0.0361314,0.485723,0,0,0.576111,0.505226,0.558701,0.274024,0.443741,0.159814,0.450711,0.995472,0,0,0,0,0,0,0,0,0,0,0,0,0.217328,0.315801,0.36013,0.324228,0,0,0.485546,0.360388
0.269574,0.368779,0.367099,0.50801,0.168505,0.510788,0.022226,0.471783,0,0,0.576128,0.50243,0.597039,0.338097,0.489027,0.162587,0.443745,0.995474,0.286968,0.992687,0,0,0,0,0.610953,0.995472,0,0,0,0,0.227749,0.321324,0.363608,0.326966,0,0,0.485561,0.349246
0.276533,0.371518,0.363638,0.50244,0.172012,0.505207,0.0291867,0.463435,0,0,0.576128,0.499658,0.607461,0.338084,0.502959,0.159827,0.412395,0.967618,0.280002,0.970402,0,0,0,0,0.60399,0.9899,0,0,0,0,0.234652,0.321398,0.367135,0.329711,0,0,0.492545,0.354809
0.290506,0.377063,0.377573,0.507989,0.179,0.505221,0.0187135,0.452297,0,0,0.593555,0.49965,0.628372,0.324181,0.534334,0.148664,0.436768,0.975979,0.28001,0.98433,0,0,0,0,0.597021,0.989905,0,0,0,0,0.245135,0.324181,0.377534,0.329738,0,0,0.520333,0.357599
0.29742,0.377078,0.381059,0.50521,0.182476,0.507989,0.0222143,0.449519,0,0,0.597017,0.494077,0.649269,0.329739,0.555215,0.145873,0.447224,0.975979,0,0,0,0,0,0,0,0,0,0,0,0,0.252079,0.324196,0.384488,0.332528,0,0,0.530825,0.352025
0.311345,0.382639,0.412407,0.508004,0.206809,0.508031,0.0291547,0.435598,0,0,0.621422,0.496866,0.663213,0.321388,0.579618,0.143129,0.436771,0.970399,0.314828,0.973196,0,0,0,0,0.600501,0.98155,0,0,0,0,0.259081,0.32696,0.401921,0.338085,0,0,0.562169,0.349252
0.318327,0.385428,0.415888,0.513575,0.210316,0.510787,0.025701,0.42445,0,0,0.628388,0.507998,0.670178,0.321381,0.590046,0.15145,0.541278,0.987119,0.374062,0.97876,0,0,0,0,0.691075,0.998257,0,0,0,0,0.262594,0.326955,0.405469,0.338074,0,0,0.572651,0.354787
0.325249,0.38544,0.426302,0.516354,0.213833,0.510828,0.0465998,0.432811,0.0187238,0.329733,0.635342,0.502441,0.673659,0.324174,0.590053,0.154255,0.471604,0.984335,0.342704,0.984335,0,0,0,0,0.638821,0.992687,0,0,0,0,0.273025,0.32699,0.415887,0.338074,0,0,0.586552,0.354793
0.325314,0.38543,0.433316,0.516356,0.224284,0.513607,0.0570173,0.432801,0.0152417,0.235034,0.642322,0.502435,0.677148,0.32695,0.593551,0.157038,0.489023,0.987119,0.342706,0.981546,0,0,0,0,0.64579,0.992684,0,0,0,0,0.280022,0.326975,0.42281,0.335323,0,0,0.590079,0.354789
0.328777,0.38541,0.44024,0.513605,0.234721,0.513594,0.0640201,0.430024,0.0187143,0.248949,0.645798,0.499663,0.677125,0.318586,0.590033,0.14869,0.492508,0.989901,0.342709,0.987116,0,0,0,0,0.645789,0.992685,0,0,0,0,0.290401,0.326965,0.429752,0.33531,0,0,0.590031,0.354794
0.328819,0.385396,0.440223,0.513591,0.238188,0.513597,0.0605502,0.42722,0.0152687,0.254512,0.642327,0.496878,0.673642,0.315815,0.586574,0.151472,0.527344,0.995471,0.321815,0.995471,0,0,0,0,0.670183,0.989904,0,0,0,0,0.290443,0.326954,0.429792,0.335326,0,0,0.59001,0.352002
0.332247,0.385432,0.440259,0.516364,0.248667,0.510827,0.070976,0.427215,0.0152714,0.25175,0.642314,0.508012,0.684103,0.321371,0.579612,0.15425,0,0,0,0,0,0,0,0,0,0,0,0,0,0,0.290503,0.326973,0.429819,0.338067,0,0,0.583114,0.354797
0.335713,0.385392,0.440265,0.521928,0.25214,0.51357,0.0674895,0.421646,0.0152164,0.257332,0.64579,0.521935,0.691076,0.324166,0.583081,0.15702,0.5587,0.98712,0,0,0,0,0,0,0,0,0,0,0,0,0.293875,0.326946,0.433298,0.332523,0,0,0.590033,0.354778
0.342711,0.382637,0.44722,0.516364,0.259103,0.508004,0.102337,0.427219,0.0117638,0.260087,0.652759,0.521925,0.698047,0.340873,0.597016,0.157041,0.569152,0.989905,0,0,0,0,0,0,0,0,0,0,0,0,0.300881,0.324142,0.436804,0.32975,0,0,0.597022,0.354787
0.34963,0.37987,0.468111,0.513566,0.269529,0.505251,0.126724,0.427231,0.0117684,0.260092,0.670189,0.516361,0.698051,0.343663,0.600501,0.154252,0.576121,0.984332,0,0,0,0,0,0,0,0,0,0,0,0,0.311323,0.324105,0.443701,0.32698,0,0,0.600549,0.349267
0.367047,0.37711,0.478553,0.521941,0.280021,0.508041,0.140633,0.432787,0,0,0.677141,0.521929,0.711996,0.318594,0.600487,0.157043,0.558706,0.995473,0.377541,0.9899,0,0,0,0,0.715463,0.995477,0,0,0,0,0.321819,0.321407,0.454211,0.329715,0,0,0.614436,0.354787
0.370582,0.377104,0.478591,0.521928,0.29044,0.510776,0.154565,0.438358,0.0466266,0.26566,0.673658,0.524715,0.715465,0.304659,0.604003,0.154259,0.530828,0.995474,0.363611,0.989906,0,0,0,0,0.691083,0.987119,0,0,0,0,0.325302,0.321399,0.464629,0.329713,0,0,0.624855,0.352015
0.377592,0.377102,0.485557,0.508021,0.304382,0.507996,0.17203,0.443941,0.0779381,0.265648,0.684115,0.507998,0.725911,0.31302,0.621402,0.157044,0.506444,0.981545,0.384512,0.97876,0,0,0,0,0.694568,0.992691,0,0,0,0,0.339229,0.321399,0.478524,0.327001,0.297425,0.329758,0.635326,0.354788
0.384522,0.377099,0.496005,0.508013,0.307876,0.505231,0.182447,0.446748,0.09188,0.262913,0.694575,0.505216,0.725916,0.3158,0.624884,0.154246,0,0,0,0,0,0,0,0,0,0,0,0,0,0,0.346218,0.321373,0.481999,0.326988,0,0,0.642329,0.351989
0.398439,0.377064,0.502973,0.508027,0.318319,0.508002,0.196383,0.446709,0.119758,0.260122,0.698054,0.505216,0.743329,0.324156,0.631859,0.168163,0.485537,0.973182,0,0,0,0,0,0,0,0,0,0,0,0,0.360114,0.321326,0.485594,0.329711,0,0,0.652789,0.35477
0.401941,0.377071,0.516915,0.513589,0.328769,0.510778,0.203343,0.449511,0.137133,0.260128,0.715462,0.51079,0.746825,0.335309,0.638822,0.165392,0,0,0,0,0,0,0,0,0,0,0,0,0,0,0.363654,0.318593,0.489079,0.32971,0,0,0.663238,0.349254
0.408872,0.371498,0.534299,0.507997,0.335753,0.507993,0.203388,0.44673,0.158103,0.260087,0.725911,0.496856,0.771201,0.304671,0.621403,0.170956,0.576122,0.98433,0,0,0,0,0,0,0,0,0,0,0,0,0.374082,0.318618,0.499463,0.326991,0,0,0.666719,0.35201
0.415839,0.368754,0.544746,0.508017,0.34967,0.508004,0.210303,0.443944,0.17552,0.257299,0.732886,0.499652,0.771207,0.318593,0.624894,0.179322,0.565673,0.987117,0.391485,0.992689,0,0,0,0,0.739853,0.995472,0,0,0,0,0.377535,0.318574,0.509892,0.324226,0,0,0.677166,0.352003
0.42977,0.365938,0.544765,0.502448,0.360129,0.505234,0.210369,0.443923,0.206833,0.257324,0.729412,0.488516,0.774685,0.32138,0.614441,0.19324,0.617922,0.978762,0.457673,0.981547,0,0,0,0,0.767721,0.992684,0,0,0,0,0.394972,0.310256,0.516907,0.324198,0,0,0.677136,0.354811
0.429782,0.363173,0.551739,0.508008,0.363587,0.508012,0.213832,0.435579,0.220796,0.257314,0.732891,0.496872,0.774698,0.324168,0.631859,0.190462,0.534314,0.998259,0.367095,0.995473,0,0,0,0,0.705014,0.998258,0,0,0,0,0.398467,0.304686,0.520361,0.32411,0,0,0.684142,0.357614
0.429817,0.363135,0.544783,0.502441,0.367067,0.507983,0.213799,0.430007,0.245178,0.257295,0.729401,0.488501,0.774683,0.326947,0.628374,0.198802,0.56567,0.992685,0.422831,0.992691,0,0,0,0,0.729402,0.995473,0,0,0,0,0.401898,0.304652,0.520343,0.321423,0,0,0.680598,0.360355
0.433244,0.354823,0.537813,0.499641,0.363632,0.499644,0.213815,0.427242,0.262531,0.262879,0.718958,0.482954,0.750308,0.33251,0.603972,0.198828,0.614442,0.995471,0.443744,0.984333,0,0,0,0,0.774696,0.984334,0,0,0,0,0.405422,0.299127,0.516939,0.321345,0,0,0.663204,0.354785
0.436779,0.346489,0.530822,0.491293,0.367082,0.488526,0.217312,0.418895,0.283492,0.271236,0.708482,0.482954,0.753767,0.34644,0.597019,0.21553,0.565676,0.975982,0.436758,0.978756,0,0,0,0,0.729402,0.984335,0,0,0,0,0.415872,0.296258,0.530815,0.313032,0,0,0.6528,0.363147
0.440219,0.346407,0.534294,0.49407,0.370567,0.485747,0.23123,0.421668,0.290389,0.276778,0.708507,0.480161,0.718948,0.274022,0.583085,0.207168,0.562183,0.981551,0.422825,0.984332,0,0,0,0,0.71547,0.989901,0,0,0,0,0.429736,0.290753,0.541265,0.310239,0,0,0.659714,0.365959
0.443711,0.335336,0.530816,0.480194,0.370559,0.480125,0.224276,0.416104,0.294004,0.276814,0.705007,0.480156,0.715449,0.31301,0,0,0.5378,0.973201,0.419335,0.973183,0,0,0,0,0.65973,0.98154,0,0,0,0,0.433285,0.282408,0.53775,0.301868,0,0,0.649274,0.357614
0.443759,0.327,0.530841,0.477398,0.374037,0.477365,0.220806,0.413303,0.297451,0.276799,0.698031,0.47737,0.705004,0.276806,0.551717,0.2016,0.534325,0.975975,0.408907,0.975972,0,0,0,0,0.659718,0.984331,0,0,0,0,0.433347,0.279562,0.527331,0.299109,0,0,0.642298,0.346462
0.440236,0.315778,0.513368,0.463461,0.367099,0.457894,0.217322,0.396569,0.297491,0.268473,0.663213,0.46902,0.687598,0.315809,0.544749,0.204373,0.516886,0.975968,0.401939,0.970401,0,0,0,0,0.624892,0.981552,0,0,0,0,0.436725,0.262869,0.523824,0.290692,0,0,0.628365,0.343686
0.440277,0.304683,0.513404,0.455106,0.363625,0.449536,0.210342,0.391053,0.304389,0.262899,0.666699,0.460649,0.718944,0.157034,0.537794,0.159816,0.53779,0.942551,0.394973,0.939764,0,0,0,0,0.673669,0.948118,0,0,0,0,0.433332,0.257323,0.520348,0.28242,0,0,0.628369,0.338067
0.443789,0.290703,0.516884,0.446748,0.360138,0.438385,0.210338,0.382643,0.311389,0.25457,0.663226,0.443947,0.687602,0.285159,0.534327,0.157044,0.534313,0.939762,0.405422,0.936978,0,0,0,0,0.656245,0.942554,0,0,0,0,0.440257,0.243363,0.523851,0.265702,0,0,0.631867,0.324139
0.447187,0.279597,0.516914,0.438398,0.370583,0.430039,0.210304,0.371532,0.314798,0.254478,0.659732,0.438366,0.666704,0.282387,0.541258,0.131964,0.548248,0.936968,0.419338,0.925828,0,0,0,0,0.705021,0.934196,0,0,0,0,0.443708,0.234989,0.52044,0.260107,0,0,0.628377,0.324131
0.450739,0.262859,0.509918,0.421674,0.363636,0.413312,0.210355,0.35761,0.318275,0.237851,0.656236,0.424442,0.70152,0.262879,0.544751,0.129171,0.537806,0.906341,0.412371,0.900772,0,0,0,0,0.673668,0.895202,0,0,0,0,0.447249,0.221083,0.527371,0.248927,0,0,0.628333,0.315817
0.457629,0.25457,0.516864,0.41886,0.367105,0.407716,0.213801,0.352026,0.318334,0.23228,0.663203,0.410518,0.708498,0.25174,0.544761,0.145899,0.55173,0.872906,0.426319,0.878487,0,0,0,0,0,0,0,0,0,0,0.450744,0.209937,0.534283,0.235072,0,0,0.628357,0.30742
0.457682,0.235082,0.52387,0.404924,0.377533,0.388219,0.210365,0.340868,0.321827,0.212792,0.666681,0.393806,0.732887,0.193243,0.548272,0.0846083,0,0,0,0,0,0,0,0,0,0,0,0,0,0,0.457631,0.19043,0.541268,0.21558,0,0,0.642305,0.290726
0.457676,0.221109,0.527346,0.385451,0.374085,0.379887,0.21379,0.326944,0.321827,0.204389,0.677147,0.377095,0.736367,0.140323,0.565659,0.067901,0.603999,0.900763,0.454188,0.892403,0,0,0,0,0.785143,0.900763,0,0,0,0,0.457634,0.170934,0.541315,0.204352,0,0,0.638803,0.271246
0.457671,0.193295,0.520402,0.360387,0.37405,0.349275,0.21036,0.301927,0.325325,0.179338,0.670193,0.349251,0.666691,0.123609,0.537794,0.053964,0,0,0,0,0,0,0,0,0,0,0,0,0,0,0.454165,0.143142,0.541297,0.168239,0,0,0.642303,0.240607
0.454208,0.179313,0.5204,0.349248,0.374035,0.343654,0.206871,0.287975,0.325323,0.168123,0.673663,0.340867,0.722442,0.151453,0.544754,0.0344688,0,0,0,0,0,0,0,0,0,0,0,0,0,0,0.454213,0.131932,0.537797,0.162555,0,0,0.642279,0.229464
0.45421,0.151474,0.520406,0.326935,0.363638,0.326945,0.206819,0.265689,0.339259,0.140323,0.680627,0.299106,0.718943,0.129174,0,0,0.659729,0.819987,0.496004,0.82277,0,0,0,0,0.823475,0.794908,0,0,0,0,0.45414,0.106931,0.534348,0.126425,0,0,0.642352,0.207149
0.450733,0.143084,0.520374,0.313016,0.360131,0.315819,0.206786,0.257329,0.349644,0.126417,0.687595,0.290734,0,0,0,0,0.645793,0.819984,0.485546,0.825561,0.408888,0.906331,0,0,0.813006,0.780992,0.84785,0.86177,0,0,0.450699,0.0985261,0.527358,0.118046,0,0,0.64228,0.196019
0.454162,0.126436,0.516901,0.299075,0.360128,0.301871,0.206787,0.243398,0.353163,0.115212,0.680639,0.285167,0.736362,0.101319,0.537788,0.0121907,0.680633,0.783771,0.541281,0.81163,0.41586,0.895187,0,0,0.833922,0.753134,0.879197,0.864553,0,0,0.450676,0.081803,0.534284,0.104158,0,0,0.638855,0.184855
0.454223,0.123562,0.53082,0.296319,0.370565,0.301852,0.206802,0.246165,0.356631,0.109668,0.705025,0.265664,0.771193,0.0762533,0.541277,0.00940483,0.666691,0.800491,0.509929,0.817196,0.408907,0.886841,0,0,0.826944,0.769844,0.865268,0.858984,0,0,0.447231,0.0762836,0.537797,0.0985571,0,0,0.649255,0.176499
0.461151,0.115282,0.537793,0.293505,0.374039,0.296322,0.206878,0.237811,0.353126,0.112463,0.708514,0.254541,0.771213,0.0678978,0,0,0.673654,0.792125,0.520378,0.811628,0.433286,1.01636,0,0,0.830419,0.758706,0.844364,0.86456,0,0,0.454221,0.0734467,0.541242,0.084629,0,0,0.659733,0.162606
0.461189,0.115246,0.537796,0.290718,0.374077,0.293548,0.210323,0.235031,0.360168,0.106908,0.708508,0.254533,0.767715,0.0929595,0.55521,0.00661201,0.677139,0.783777,0.495997,0.811627,0.454186,0.995473,0,0,0.833919,0.755917,0,0,0,0,0.457677,0.0706603,0.541301,0.0846,0,0,0.659744,0.162582
0.468131,0.109679,0.544778,0.29072,0.381041,0.293531,0.217307,0.232289,0.370579,0.104122,0.711967,0.260109,0.816501,0.0678892,0,0,0.670179,0.783778,0.499482,0.803275,0,0,0,0,0.833908,0.75871,0.81301,0.995473,0,0,0.461173,0.0678731,0.548218,0.0817978,0,0,0.666698,0.165389
0.471599,0.109642,0.544789,0.287937,0.38453,0.290746,0.220772,0.235018,0.370558,0.106878,0.711966,0.257323,0.830411,0.0678941,0.593534,0.0121868,0.677153,0.778203,0.520377,0.800487,0,0,0,0,0.830437,0.758701,0.795594,0.875695,0,0,0.461212,0.0651263,0.548292,0.0790668,0,0,0.670193,0.165372
0.478587,0.106858,0.54826,0.287961,0.384537,0.290759,0.227754,0.232274,0.381014,0.104116,0.715451,0.265661,0.837389,0.0651064,0,0,0.68063,0.792129,0.509932,0.803275,0,0,0,0,0.840875,0.76428,0.80256,0.995473,0,0,0.471599,0.059565,0.55868,0.079,0,0,0.670201,0.162601
0.482012,0.104145,0.551737,0.287941,0.38452,0.293536,0.238144,0.234997,0.381061,0.106916,0.71548,0.268459,0.840873,0.0678984,0,0,0.691083,0.803274,0.502959,0.778205,0,0,0,0,0.85133,0.780988,0,0,0,0,0.47162,0.0595276,0.562226,0.0762722,0,0,0.677108,0.165384
0.485525,0.104146,0.565664,0.285159,0.401918,0.293543,0.238241,0.235052,0.384553,0.106892,0.732897,0.262884,0.847853,0.0623096,0.621404,0.014975,0.663215,0.780986,0.495997,0.78656,0,0,0,0,0.816495,0.761485,0,0,0,0,0.481991,0.0539837,0.576111,0.0762816,0,0,0.684123,0.159822
0.485582,0.104138,0.565673,0.282388,0.398443,0.290758,0.238199,0.235046,0.388019,0.106912,0.739853,0.262886,0.865253,0.0651035,0,0,0.659732,0.775421,0.495982,0.780991,0.440258,0.906343,0,0,0.813008,0.76149,0,0,0,0,0.48202,0.0539429,0.579595,0.0763057,0,0,0.684123,0.162604
0.485613,0.10686,0.562184,0.276823,0.401929,0.290727,0.238213,0.232292,0.394983,0.101358,0.725924,0.262871,0.851334,0.0651262,0,0,0.631854,0.755912,0.485534,0.761497,0.433311,0.900766,0,0,0.774696,0.744773,0,0,0,0,0.482022,0.0567599,0.576156,0.0790092,0,0,0.684116,0.159808
0.485614,0.10415,0.56565,0.279602,0.401945,0.290734,0.238245,0.232297,0.394988,0.104089,0.729412,0.265676,0.858309,0.0651088,0,0,0.628364,0.75592,0.48205,0.758698,0.433245,0.892435,0,0,0.764233,0.741994,0,0,0,0,0.482104,0.0539772,0.576106,0.0763138,0,0,0.684097,0.157018
0.485585,0.106891,0.562164,0.276805,0.398458,0.287989,0.238233,0.232279,0.398412,0.104112,0.729399,0.260094,0.861754,0.0623152,0,0,0.635345,0.767064,0.482057,0.767064,0,0,0,0,0.792108,0.758705,0,0,0,0,0.481995,0.05675,0.572618,0.0790275,0,0,0.680675,0.145904
0.485557,0.109676,0.565674,0.285153,0.405378,0.290769,0.23821,0.232296,0.398406,0.106921,0.736361,0.262886,0.851336,0.0650992,0,0,0.656241,0.769841,0.48902,0.769847,0,0,0,0,0.816493,0.753132,0,0,0,0,0.48206,0.0540045,0.572658,0.0790799,0,0,0.687577,0.154236
0.485613,0.11245,0.569139,0.285174,0.40538,0.29353,0.241696,0.235042,0.398465,0.109677,0.739861,0.262868,0.84784,0.0623201,0,0,0.659718,0.780989,0.499483,0.780991,0,0,0,0,0.813012,0.76427,0,0,0,0,0.485466,0.0595382,0.572678,0.0818342,0,0,0.684155,0.154241
0.488981,0.115222,0.572636,0.287951,0.405417,0.296289,0.245147,0.237812,0.401903,0.109708,0.746813,0.265657,0.851327,0.0567521,0.610957,0.0205432,0.659728,0.778203,0.499489,0.783772,0.447243,0.909112,0,0,0.819982,0.761493,0,0,0,0,0.485513,0.0623092,0.576115,0.0846232,0,0,0.691083,0.148687
0.485619,0.115274,0.576133,0.287954,0.408901,0.296304,0.245135,0.237821,0.394994,0.118016,0.753792,0.262877,0.844366,0.0678941,0,0,0.652759,0.780985,0.502968,0.778208,0,0,0,0,0.795589,0.764278,0,0,0,0,0.485552,0.059567,0.576135,0.0874168,0,0,0.694577,0.151441
0.489046,0.118064,0.576126,0.290704,0.41236,0.293519,0.241716,0.237811,0.405342,0.112469,0.753766,0.262894,0.830439,0.0762473,0,0,0.656252,0.767061,0.502959,0.769842,0,0,0,0,0.82346,0.744779,0,0,0,0,0.485596,0.065123,0.57267,0.0929427,0,0,0.691086,0.148661
0.489049,0.120865,0.583113,0.290722,0.415893,0.293501,0.241711,0.237817,0.40194,0.115238,0.760756,0.265673,0.82347,0.079057,0,0,0.663213,0.755915,0.513397,0.769846,0,0,0,0,0.830424,0.733639,0,0,0,0,0.488998,0.0623304,0.576108,0.0957335,0,0,0.694596,0.148659
0.489102,0.120858,0.590017,0.293492,0.419353,0.29356,0.241702,0.237795,0.405347,0.115223,0.760733,0.265674,0.819973,0.0929655,0,0,0.656242,0.753131,0.506439,0.764269,0,0,0,0,0.826944,0.728067,0,0,0,0,0.489087,0.0623099,0.57963,0.0957725,0,0,0.704969,0.15145
0.489053,0.126432,0.59704,0.290722,0.422848,0.299112,0.248645,0.246183,0.39844,0.120819,0.778161,0.262878,0.830421,0.0790491,0,0,0.698051,0.78377,0.527354,0.794916,0,0,0,0,0.893132,0.761491,0,0,0,0,0.485598,0.0679056,0.576109,0.0985363,0,0,0.708444,0.151485
0.492483,0.12918,0.597021,0.293519,0.426326,0.301905,0.245174,0.248927,0.401898,0.120835,0.774689,0.268449,0.844352,0.0706745,0.610952,0.0205404,0.705014,0.780986,0.544763,0.803274,0,0,0,0,0.886169,0.758703,0,0,0,0,0.485548,0.0679044,0.576145,0.101288,0,0,0.71193,0.157037
0.492535,0.134746,0.596981,0.293509,0.426308,0.301902,0.248648,0.254475,0.398456,0.120844,0.771199,0.265677,0.830423,0.0846153,0.597026,0.00939799,0.701528,0.78099,0.544773,0.803274,0,0,0,0,0.879201,0.758703,0,0,0,0,0.482073,0.0818216,0.572647,0.104072,0,0,0.705038,0.151478
0.489089,0.137504,0.59354,0.293503,0.4263,0.30188,0.245186,0.251757,0.394942,0.120812,0.771211,0.268443,0.816499,0.0985386,0,0,0.7085,0.792129,0.555215,0.836699,0,0,0,0,0.910554,0.761489,0,0,0,0,0.482037,0.0846042,0.569162,0.104104,0,0,0.70502,0.154233
0.489082,0.137528,0.593552,0.287946,0.419367,0.29634,0.245134,0.254509,0.381047,0.126379,0.774672,0.262898,0.819992,0.0985376,0,0,0.687599,0.764277,0.537796,0.792126,0,0,0,0,0.875717,0.741992,0,0,0,0,0.482049,0.0873717,0.565686,0.104118,0,0,0.7015,0.145895
0.492499,0.140296,0.596987,0.287957,0.422818,0.299082,0.241677,0.254503,0.381048,0.123646,0.771215,0.265674,0.816486,0.11526,0.59003,0.0233215,0.718953,0.780987,0.579603,0.839486,0,0,0,0,0.927974,0.758706,0,0,0,0,0.485472,0.090179,0.569115,0.106877,0,0,0.701497,0.148657
0.495993,0.140314,0.597002,0.29349,0.426309,0.299103,0.24169,0.254499,0.384533,0.123602,0.778182,0.265661,0.809526,0.118027,0.600477,0.00800376,0.718955,0.806056,0.555212,0.84784,0,0,0,0,0.927975,0.747565,0.816489,0.861762,0,0,0.48207,0.0873758,0.576109,0.106858,0,0,0.705022,0.154242
0.499471,0.140352,0.593558,0.290749,0.422812,0.301866,0.241685,0.25452,0.381037,0.123626,0.781649,0.262872,0.809539,0.1236,0.597041,0.0121858,0.739852,0.825557,0.569152,0.853411,0,0,0,0,0.907069,0.755919,0.819977,0.86455,0,0,0.485484,0.0846046,0.579623,0.106895,0,0,0.708459,0.148692
0.50297,0.143156,0.59704,0.290714,0.429784,0.296318,0.241687,0.257268,0.377543,0.126379,0.788639,0.260086,0.826925,0.118039,0.617933,0.0149631,0.718953,0.878483,0.576115,0.920264,0,0,0,0,0.907068,0.811627,0,0,0,0,0.482034,0.0874005,0.583068,0.109696,0,0,0.708511,0.140327
0.506439,0.145876,0.600511,0.293517,0.433282,0.29907,0.241709,0.257313,0.367132,0.134728,0.79559,0.25732,0.819987,0.126393,0.624893,0.0261145,0.833913,0.889623,0.684113,0.981546,0,0,0,0,0.990679,0.825557,0,0,0,0,0.478604,0.0818327,0.586546,0.109676,0,0,0.71197,0.143126
0.50644,0.148686,0.600534,0.293512,0.429809,0.301909,0.24864,0.257318,0.370588,0.129179,0.792097,0.260086,0.830455,0.148665,0.610971,0.03446,0.729403,0.800486,0.576114,0.839485,0,0,0,0,0.952355,0.761487,0,0,0,0,0.481999,0.090169,0.579644,0.112465,0,0,0.708468,0.145881
0.502986,0.148705,0.600523,0.293498,0.429828,0.301909,0.24515,0.257354,0.370617,0.129153,0.792095,0.257306,0.830401,0.145891,0.610943,0.045602,0.750305,0.831127,0.572636,0.850625,0,0,0,0,0.95584,0.769846,0,0,0,0,0.482047,0.0901747,0.579633,0.112476,0,0,0.705037,0.1431
0.499503,0.148707,0.603988,0.293528,0.429779,0.304662,0.248664,0.26009,0.363563,0.129166,0.795612,0.260089,0.826939,0.137538,0.610953,0.0400277,0.809525,0.814412,0.673659,0.867336,0,0,0,0,0.952359,0.761488,0,0,0,0,0.482015,0.0818366,0.583058,0.112486,0,0,0.708529,0.143083
0.499505,0.148694,0.603975,0.296282,0.429822,0.304681,0.252097,0.262865,0.353165,0.134729,0.799084,0.260087,0.823454,0.131959,0.607471,0.0400431,0.84088,0.819985,0.711981,0.867344,0,0,0,0,0.973264,0.758706,0,0,0,0,0.478572,0.0845919,0.583079,0.112487,0,0,0.708468,0.14031
0.489073,0.145953,0.600539,0.293534,0.433321,0.301869,0.255564,0.257365,0.349697,0.118047,0.792093,0.257313,0.802562,0.131962,0,0,0,0,0,0,0,0,0,0,0,0,0,0,0,0,0.48551,0.0734624,0.569138,0.112426,0,0,0.694558,0.14031
0.489082,0.148667,0.610973,0.290723,0.440249,0.307441,0.255627,0.257309,0.346141,0.115272,0.79907,0.251731,0.823445,0.137542,0.621401,0.0428227,0.670183,0.741993,0,0,0,0,0,0,0,0,0,0,0,0,0.482078,0.0762712,0.569136,0.11249,0,0,0.687629,0.137509
0.492531,0.151448,0.631882,0.287943,0.43329,0.299085,0.259044,0.257359,0.32533,0.0984983,0.816491,0.251734,0.813,0.131956,0,0,0,0,0,0,0,0,0,0,0,0,0,0,0,0,0.485529,0.0762724,0.576092,0.115266,0,0,0.70502,0.126384
0.499456,0.148737,0.631838,0.290724,0.436756,0.301881,0.259106,0.257327,0.314771,0.0929929,0.826926,0.248959,0.826921,0.140316,0,0,0,0,0,0,0,0,0,0,0,0,0,0,0,0,0.4821,0.084603,0.572565,0.115272,0,0,0.708466,0.131954
0.506448,0.151457,0.635359,0.293483,0.443793,0.3047,0.259061,0.257318,0.286951,0.076212,0.830412,0.251731,0.830461,0.134745,0,0,0,0,0,0,0,0,0,0,0,0,0,0,0,0,0.468124,0.0790913,0.576141,0.112448,0,0,0.712034,0.11804
0.509854,0.148748,0.635367,0.282362,0.440274,0.30186,0.259138,0.26287,0.269596,0.0762403,0.830411,0.246168,0.837384,0.140343,0,0,0,0,0,0,0,0,0,0,0,0,0,0,0,0,0.471564,0.087393,0.572726,0.112421,0,0,0.704992,0.0874015
0.506478,0.145985,0.645793,0.282403,0.447208,0.299079,0.283453,0.27679,0.252109,0.0734634,0.868766,0.251729,0,0,0,0,0,0,0,0,0,0,0,0,0,0,0,0,0,0,0.471615,0.0791068,0.572698,0.106927,0,0,0.712045,0.101306
0.506384,0.145912,0.659746,0.285152,0.457638,0.296285,0.286999,0.279599,0.241705,0.0734735,0.907063,0.2629,0,0,0,0,0,0,0,0,0,0,0,0,0,0,0,0,0,0,0.478549,0.0789888,0.583077,0.104083,0,0,0.729393,0.101325
0.509934,0.143082,0.642317,0.287947,0.447203,0.299071,0.266067,0.2629,0.227774,0.0651318,0.844359,0.26289,0,0,0,0,0.806043,0.989902,0.645791,0.970405,0,0,0,0,0.95236,0.872914,0,0,0,0,0.485495,0.0873958,0.597043,0.0985054,0,0,0.732884,0.120812
0.509881,0.140361,0.649286,0.276798,0.447206,0.293537,0.286974,0.276808,0.217287,0.0678928,0.840891,0.248956,0.819974,0.0985411,0.635334,0.014975,0.792109,0.917479,0.631861,0.917479,0,0,0,0,0.959324,0.864556,0,0,0,0,0.485472,0.0818668,0.593535,0.0957151,0,0,0.718969,0.109695
0.461187,0.151448,0.666701,0.260088,0.447218,0.293543,0.283496,0.276817,0.20689,0.0762438,0.875709,0.212752,0.837399,0.131963,0,0,0.81301,0.928622,0.656245,0.945335,0,0,0,0,0,0,0,0,0,0,0.433285,0.115229,0.513437,0.140249,0,0,0.708515,0.0261084
0.513393,0.118044,0.663218,0.30188,0.478571,0.318592,0.311345,0.293512,0.199849,0.0706913,0.889652,0.293525,0,0,0,0,0,0,0,0,0,0,0,0,0,0,0,0,0,0,0.489135,0.0512138,0.604051,0.0706339,0,0,0.736378,0.154254
0.50645,0.11804,0.687599,0.321362,0.450697,0.318588,0.266068,0.268472,0.168484,0.081854,0.941901,0.321367,0.994165,0.326946,0.826935,0.371518,0.785143,0.975975,0.600512,0.962047,0,0,0,0,0.948881,0.970403,0,0,0,0,0.489064,0.0706846,0.604014,0.079081,0,0,0.823468,0.165385
0.50294,0.123603,0.642323,0.304675,0.443715,0.307435,0.266075,0.290727,0.154606,0.101337,0.833927,0.293509,0,0,0,0,0.722427,0.856201,0.583085,0.861772,0,0,0,0,0.861783,0.853409,0,0,0,0,0.489014,0.0734792,0.600549,0.0874133,0,0,0.81652,0.16821
0.489097,0.126414,0.621399,0.301885,0.426344,0.307452,0.25912,0.293521,0.137188,0.10413,0.816506,0.290749,0.983707,0.399383,0.872235,0.599912,0.694571,0.839481,0.562181,0.847837,0,0,0,0,0.826952,0.833911,0,0,0,0,0.48211,0.0762962,0.593568,0.0985067,0,0,0.802575,0.170944
0.488973,0.123601,0.621385,0.301856,0.419373,0.310226,0.255596,0.293519,0.130216,0.106879,0.82,0.293509,0,0,0,0,0.725921,0.861771,0.593537,0.875695,0,0,0,0,0.861777,0.8562,0,0,0,0,0.478606,0.0762451,0.593479,0.0957704,0,0,0.799068,0.168226
0.485553,0.115222,0.607462,0.29349,0.408913,0.296337,0.245149,0.28794,0.0988607,0.104129,0.812995,0.279607,0,0,0,0,0.718965,0.842265,0.579616,0.858981,0,0,0,0,0.868751,0.831131,0,0,0,0,0.471606,0.0706528,0.586574,0.0818263,0,0,0.792078,0.165357
0.488986,0.104097,0.603973,0.287953,0.405441,0.293551,0.231237,0.282362,0.0918464,0.10129,0.795618,0.268441,0.987204,0.402156,0.910573,0.602705,0.715457,0.842268,0.572646,0.853414,0,0,0,0,0.858295,0.828343,0,0,0,0,0.471647,0.0567727,0.593513,0.0762774,0,0,0.788628,0.162559
0.499488,0.0901692,0.597025,0.279624,0.394972,0.287929,0.210351,0.27681,0.0640226,0.104111,0.795615,0.268446,0.959315,0.441158,0.868778,0.625008,0.694569,0.842274,0.555216,0.850622,0,0,0,0,0.83739,0.836701,0,0,0,0,0.475113,0.0428418,0.604038,0.0678995,0,0,0.792045,0.157035
0.513449,0.0818292,0.597023,0.282366,0.391488,0.282406,0.213812,0.282376,0.0535907,0.115251,0.806047,0.276806,0.945411,0.471788,0.819955,0.652835,0.691093,0.853413,0.544763,0.861763,0,0,0,0,0.833915,0.847846,0,0,0,0,0.482063,0.0372498,0.624894,0.065096,0,0,0.792132,0.154259
0.53433,0.0790566,0.593558,0.276838,0.381021,0.28238,0.196398,0.285175,0.039628,0.137544,0.802564,0.276784,0.927986,0.474574,0.826919,0.636154,0.684117,0.847842,0.537806,0.856194,0,0,0,0,0.837388,0.842266,0,0,0,0,0.495985,0.0288776,0.645793,0.0623241,0,0,0.802558,0.145913
0.537794,0.079045,0.596992,0.276812,0.384516,0.282365,0.199891,0.287959,0.0396004,0.14313,0.806025,0.276785,0.931434,0.466239,0.830424,0.636135,0.663214,0.836694,0.534303,0.850628,0,0,0,0,0.819972,0.831126,0,0,0,0,0.492516,0.0316604,0.649246,0.0595628,0.436817,0.0484155,0.802562,0.145874
0.537803,0.0790084,0.597061,0.279577,0.388007,0.28517,0.206832,0.296324,0.039644,0.151463,0.816469,0.274042,0.941896,0.468992,0.851312,0.636128,0.673675,0.814413,0.527357,0.828344,0,0,0,0,0.82345,0.792128,0,0,0,0,0.489085,0.0289109,0.64924,0.0540073,0.436733,0.048377,0.799133,0.143058
0.537787,0.0762486,0.600459,0.2768,0.388002,0.282396,0.206823,0.299097,0.036138,0.151443,0.819938,0.271244,0.948851,0.463428,0.86181,0.633339,0.684111,0.847845,0.534327,0.864559,0,0,0,0,0.837394,0.833909,0,0,0,0,0.489078,0.0260992,0.645822,0.0512202,0.43333,0.0400309,0.799131,0.134773
0.537811,0.0734664,0.600487,0.274028,0.384531,0.282394,0.199895,0.29908,0.0326367,0.154248,0.819967,0.268438,0.952389,0.474569,0.879168,0.630591,0.715442,0.850627,0.579599,0.864553,0,0,0,0,0.865261,0.836699,0,0,0,0,0.489017,0.0205149,0.649232,0.0483946,0.429833,0.028907,0.795663,0.129194
0.541247,0.0734457,0.6005,0.276788,0.384532,0.285165,0.196399,0.299081,0.0256808,0.151474,0.819978,0.268457,0.952376,0.469012,0.879212,0.633325,0.698055,0.845062,0.548256,0.861767,0.576113,0.995474,0,0,0.840884,0.817198,0.980229,0.878482,0,0,0.489008,0.014965,0.649312,0.0483793,0.429797,0.028909,0.795662,0.129165
0.548219,0.0762049,0.600536,0.279572,0.388017,0.285165,0.203334,0.313029,0.0431211,0.170952,0.823457,0.274022,0.955821,0.469012,0.886197,0.636143,0.705004,0.847842,0.55172,0.864555,0,0,0,0,0.84087,0.836697,0,0,0,0,0.492516,0.0149595,0.65621,0.0511745,0.433296,0.0400313,0.802551,0.126427
0.555183,0.0762662,0.600522,0.282392,0.384521,0.285194,0.203386,0.318587,0.0570723,0.173769,0.826946,0.279589,0.94892,0.477388,0.882671,0.641702,0.698041,0.850626,0.548239,0.864551,0,0,0,0,0.833919,0.842266,0,0,0,0,0.496011,0.0233244,0.659711,0.0539376,0.436757,0.0455944,0.80605,0.134718
0.562141,0.0790799,0.603962,0.28516,0.394967,0.285182,0.20684,0.335315,0.0884145,0.173766,0.826933,0.287955,0.948886,0.485734,0.879187,0.652857,0.684108,0.825557,0.544757,0.833912,0,0,0,0,0.826926,0.819985,0,0,0,0,0.502967,0.0316722,0.666731,0.0567956,0.436781,0.0539902,0.80951,0.140272
0.56219,0.0845951,0.600552,0.290736,0.391489,0.290755,0.192906,0.335298,0.102367,0.179328,0.82694,0.290757,0.948885,0.491289,0.879186,0.65839,0.67715,0.822769,0.541274,0.831125,0.530826,0.998259,0,0,0.823457,0.811628,0,0,0,0,0.502949,0.0344393,0.670143,0.0623067,0.433327,0.0567362,0.809552,0.140326
0.562189,0.0957719,0.604026,0.299061,0.394958,0.299099,0.192902,0.349209,0.133681,0.198797,0.830433,0.299068,0.952338,0.510781,0.882713,0.661236,0.698054,0.861762,0.551728,0.8562,0.569152,0.998258,0,0,0.837396,0.853414,0,0,0,0,0.513358,0.0400384,0.670205,0.0707102,0.436756,0.0651155,0.80955,0.145895
