0.433879,0.316773,0.475238,0.671001,0.371075,0.790878,0.216369,0.624663,0.103027,0.406704,0.574802,0.572915,0.613104,0.308586,0.600842,0.0933486,0,0,0,0,0,0,0,0,0,0,0,0,0,0,0.369547,0.368535,0.459927,0.292234,0.325119,0.616498,0,0
0.43542,0.316777,0.478302,0.66826,0.375678,0.793602,0.214843,0.61924,0.106082,0.409425,0.576335,0.570174,0.61769,0.311337,0.606964,0.0960514,0,0,0,0,0,0,0,0,0,0,0,0,0,0,0.372598,0.368512,0.469111,0.289527,0.323608,0.611036,0,0
0.439993,0.316788,0.476778,0.668273,0.371075,0.790885,0.217908,0.62194,0.113738,0.40123,0.577873,0.570183,0.623811,0.322227,0.606975,0.0933383,0,0,0,0,0,0,0,0,0,0,0,0,0,0,0.374134,0.371254,0.473707,0.294962,0.325139,0.60832,0,0
0.441538,0.316822,0.479836,0.662826,0.372607,0.785431,0.220964,0.619234,0.119862,0.401251,0.5794,0.570167,0.625349,0.319494,0.610025,0.0960531,0,0,0,0,0,0,0,0,0,0,0,0,0,0,0.375661,0.371261,0.476762,0.300413,0.32972,0.605585,0,0
0.449203,0.319526,0.485959,0.668281,0.378741,0.790895,0.23322,0.621943,0.129052,0.401266,0.583998,0.575616,0.629953,0.327663,0.611574,0.0933411,0,0,0,0,0,0,0,0,0,0,0,0,0,0,0.383326,0.376698,0.479827,0.300418,0.338909,0.608325,0,0
0.450731,0.324959,0.495155,0.66827,0.387929,0.793609,0.23628,0.619234,0.130595,0.406688,0.593178,0.572895,0.629954,0.335854,0.614627,0.0878875,0,0,0,0,0,0,0,0,0,0,0,0,0,0,0.386395,0.376731,0.482904,0.300418,0.343499,0.611043,0,0
0.455331,0.335857,0.504342,0.67101,0.39559,0.788164,0.245477,0.62741,0.139778,0.403968,0.602383,0.581067,0.63607,0.333112,0.622295,0.101507,0,0,0,0,0,0,0,0,0,0,0,0,0,0,0.392519,0.382167,0.489022,0.314037,0.351177,0.619225,0,0
0.459912,0.338598,0.510473,0.670991,0.401718,0.788159,0.251598,0.632846,0.139771,0.409418,0.606968,0.578354,0.642182,0.330382,0.625357,0.11238,0,0,0,0,0,0,0,0,0,0,0,0,0,0,0.395571,0.387632,0.489027,0.308582,0.357301,0.619209,0,0
0.469095,0.344025,0.516599,0.681898,0.413967,0.793604,0.257726,0.638276,0.142841,0.409408,0.6085,0.5838,0.646795,0.338576,0.631469,0.115142,0,0,0,0,0,0,0,0,0,0,0,0,0,0,0.400176,0.398489,0.490565,0.303154,0.36036,0.611058,0,0
0.470627,0.349487,0.524247,0.687345,0.421621,0.793619,0.25927,0.638302,0.1459,0.409404,0.617686,0.586522,0.652924,0.344,0.633018,0.112424,0,0,0,0,0,0,0,0,0,0,0,0,0,0,0.40173,0.401242,0.493607,0.311301,0.366483,0.619238,0,0
0.473714,0.357675,0.52731,0.681901,0.420098,0.796335,0.268449,0.649202,0.153565,0.42032,0.622293,0.583808,0.654457,0.338565,0.64065,0.128736,0,0,0,0,0,0,0,0,0,0,0,0,0,0,0.407855,0.406696,0.498212,0.319514,0.368017,0.619235,0,0
0.478311,0.35767,0.527309,0.690073,0.415497,0.801782,0.269983,0.651911,0.155104,0.420314,0.626874,0.594701,0.654457,0.341314,0.642199,0.134182,0,0,0,0,0,0,0,0,0,0,0,0,0,0,0.410892,0.409398,0.50127,0.327673,0.368011,0.61105,0,0
0.475242,0.371264,0.530382,0.698244,0.420096,0.812688,0.274575,0.654654,0.159692,0.420314,0.626891,0.591974,0.655999,0.341271,0.643723,0.134218,0,0,0,0,0,0,0,0,0,0,0,0,0,0,0.421642,0.412143,0.459939,0.316777,0.372603,0.616488,0,0
0.481358,0.36855,0.53192,0.698242,0.424685,0.809955,0.277643,0.657381,0.161238,0.423049,0.628419,0.597419,0.657512,0.346736,0.643729,0.134212,0,0,0,0,0,0,0,0,0,0,0,0,0,0,0.423177,0.409444,0.461454,0.316788,0.372603,0.611059,0,0
0.485969,0.373973,0.531919,0.69823,0.424687,0.807232,0.277642,0.657379,0.164288,0.428471,0.633007,0.59743,0.657514,0.338567,0.642211,0.128769,0,0,0,0,0,0,0,0,0,0,0,0,0,0,0.423172,0.40401,0.516598,0.341273,0.374151,0.613785,0,0
0.490552,0.373955,0.531919,0.700952,0.421627,0.815406,0.279174,0.660099,0.165812,0.428509,0.634548,0.597433,0.657524,0.341287,0.642199,0.131471,0,0,0,0,0,0,0,0,0,0,0,0,0,0,0.423173,0.406667,0.519647,0.344023,0.374142,0.616499,0,0
0.493618,0.376731,0.531919,0.700964,0.423156,0.818132,0.282236,0.662834,0.165824,0.431223,0.634547,0.600139,0.657533,0.349452,0.642185,0.131503,0,0,0,0,0,0,0,0,0,0,0,0,0,0,0.424715,0.406687,0.521179,0.341326,0.37413,0.619215,0,0
0.493616,0.376707,0.533451,0.700957,0.424689,0.820862,0.283761,0.665532,0.165829,0.431223,0.631486,0.597425,0.657504,0.341296,0.637602,0.128744,0,0,0,0,0,0,0,0,0,0,0,0,0,0,0.424705,0.406682,0.522729,0.34402,0.37261,0.619239,0.594735,0.45575
0.487502,0.379485,0.530382,0.703691,0.420092,0.823579,0.277644,0.665532,0.165832,0.428516,0.629951,0.602881,0.654452,0.341288,0.629958,0.126038,0,0,0,0,0,0,0,0,0,0,0,0,0,0,0.423148,0.409425,0.522712,0.352179,0.368013,0.627411,0,0
0.487501,0.379466,0.528854,0.703697,0.420093,0.82631,0.276116,0.665533,0.167348,0.428503,0.62841,0.600156,0.652916,0.341301,0.628408,0.123304,0,0,0,0,0,0,0,0,0,0,0,0,0,0,0.423128,0.409412,0.52118,0.349487,0.366483,0.638287,0.5932,0.458452
0.487502,0.379454,0.527322,0.706414,0.413969,0.834483,0.27457,0.662839,0.165828,0.428474,0.626878,0.605608,0.649857,0.338579,0.623812,0.117851,0,0,0,0,0,0,0,0,0,0,0,0,0,0,0.420098,0.409423,0.522708,0.360359,0.361881,0.638309,0.593169,0.472076
0.485963,0.379425,0.525788,0.703709,0.410903,0.82631,0.273053,0.662805,0.165824,0.425741,0.623822,0.608322,0.6468,0.327667,0.623806,0.117863,0,0,0,0,0,0,0,0,0,0,0,0,0,0,0.421615,0.406679,0.522736,0.365801,0.360357,0.632825,0,0
0.484423,0.37675,0.524255,0.700977,0.410907,0.823584,0.269987,0.660083,0.165834,0.409432,0.623825,0.605596,0.642208,0.322229,0.61463,0.10424,0,0,0,0,0,0,0,0,0,0,0,0,0,0,0.424714,0.412134,0.52117,0.376683,0.352703,0.632826,0.591643,0.461168
0.484423,0.379395,0.522722,0.703687,0.409375,0.823578,0.269976,0.657376,0.164299,0.414861,0.619222,0.608332,0.64221,0.327665,0.608492,0.112402,0,0,0,0,0,0,0,0,0,0,0,0,0,0,0.427745,0.40942,0.485969,0.338565,0.349644,0.627406,0,0
0.485954,0.382157,0.519663,0.703698,0.410903,0.83176,0.263857,0.660073,0.164285,0.412136,0.611569,0.608314,0.636074,0.322218,0.605427,0.106963,0,0,0,0,0,0,0,0,0,0,0,0,0,0,0.427764,0.409425,0.484433,0.335843,0.346577,0.621968,0,0
0.487485,0.38489,0.515066,0.706411,0.403249,0.829027,0.262321,0.660076,0.165814,0.412154,0.614626,0.605598,0.634542,0.327663,0.599319,0.112399,0,0,0,0,0,0,0,0,0,0,0,0,0,0,0.427763,0.4094,0.482896,0.33041,0.345037,0.616497,0,0
0.484434,0.398476,0.510472,0.709138,0.400178,0.82631,0.257726,0.657364,0.161236,0.423033,0.611564,0.608338,0.629951,0.303153,0.59166,0.101518,0,0,0,0,0,0,0,0,0,0,0,0,0,0,0.424707,0.412155,0.484443,0.338571,0.341976,0.616502,0,0
0.485973,0.398497,0.507407,0.706424,0.400181,0.826304,0.253128,0.654634,0.159689,0.425747,0.610032,0.605607,0.629951,0.30315,0.588582,0.0960729,0,0,0,0,0,0,0,0,0,0,0,0,0,0,0.424691,0.41216,0.522712,0.36852,0.3389,0.616496,0,0
0.482904,0.401194,0.501282,0.706418,0.392523,0.823585,0.251602,0.665554,0.162757,0.431203,0.610027,0.600146,0.622287,0.305885,0.580923,0.104243,0,0,0,0,0,0,0,0,0,0,0,0,0,0,0.421618,0.414844,0.519652,0.365825,0.338908,0.619239,0.561004,0.390352
0.481363,0.401218,0.499747,0.706411,0.390989,0.823585,0.250074,0.668258,0.168884,0.433959,0.603914,0.600156,0.623816,0.30587,0.579392,0.104257,0,0,0,0,0,0,0,0,0,0,0,0,0,0,0.418565,0.417595,0.516592,0.365835,0.335836,0.632852,0.559493,0.390348
0.475239,0.401264,0.502808,0.706427,0.400183,0.829034,0.242402,0.665536,0.194931,0.439393,0.606965,0.591968,0.62688,0.300426,0.57787,0.104237,0,0,0,0,0,0,0,0,0,0,0,0,0,0,0.410897,0.423069,0.50588,0.360379,0.326652,0.635552,0.556447,0.387629
0.470629,0.401261,0.498214,0.706408,0.387928,0.826307,0.236281,0.673719,0.230154,0.466626,0.60238,0.589256,0.622291,0.297703,0.576339,0.0987853,0,0,0,0,0,0,0,0,0,0,0,0,0,0,0.406316,0.425713,0.501285,0.354909,0.325128,0.627393,0.556431,0.382162
0.458391,0.406674,0.495148,0.695524,0.377205,0.818123,0.225561,0.725497,0.231698,0.510218,0.602376,0.578363,0.628413,0.308598,0.574808,0.085161,0,0,0,0,0,0,0,0,0,0,0,0,0,0,0.397124,0.431207,0.49517,0.354902,0.325136,0.613787,0.554886,0.387598
0.452265,0.414852,0.493618,0.687348,0.377205,0.820863,0.224029,0.739123,0.237804,0.518413,0.603912,0.570188,0.619231,0.297688,0.576342,0.0769917,0,0,0,0,0,0,0,0,0,0,0,0,0,0,0.395572,0.436656,0.487505,0.354935,0.326647,0.635561,0.548756,0.382154
0.441538,0.420303,0.493614,0.692803,0.39099,0.812687,0.222502,0.774543,0.228625,0.559281,0.602371,0.5729,0.610038,0.286792,0.570202,0.0688151,0,0,0,0,0,0,0,0,0,0,0,0,0,0,0.38487,0.447589,0.475225,0.357681,0.326668,0.63829,0.548766,0.382148
0.429277,0.425781,0.493618,0.692796,0.380273,0.815402,0.220963,0.790888,0.242399,0.600154,0.600845,0.572899,0.61003,0.292238,0.568678,0.0688214,0,0,0,0,0,0,0,0,0,0,0,0,0,0,0.377192,0.455703,0.467575,0.357623,0.3282,0.641005,0.544181,0.371286
0.423141,0.42578,0.495156,0.687339,0.38946,0.807229,0.220978,0.793626,0.253127,0.619223,0.602372,0.570178,0.6085,0.284084,0.561011,0.0715407,0,0,0,0,0,0,0,0,0,0,0,0,0,0,0.36955,0.455706,0.464522,0.346734,0.338906,0.660075,0.53651,0.371288
0.418559,0.423053,0.498216,0.687335,0.387927,0.801796,0.224022,0.801788,0.254662,0.621956,0.605438,0.572905,0.608498,0.292238,0.561016,0.076986,0,0,0,0,0,0,0,0,0,0,0,0,0,0,0.36495,0.455734,0.461443,0.344018,0.334302,0.643749,0.536513,0.368569
0.415506,0.414857,0.501282,0.684623,0.398646,0.801781,0.233223,0.801796,0.268449,0.638298,0.605435,0.572899,0.642195,0.518399,0.606971,0.289514,0,0,0,0,0,0,0,0,0,0,0,0,0,0,0.363425,0.447573,0.459911,0.338542,0.335851,0.643731,0.533457,0.360344
0.41856,0.406676,0.499747,0.676437,0.392522,0.799055,0.240879,0.801779,0.271518,0.635574,0.603912,0.564737,0.605446,0.270454,0.557958,0.085168,0,0,0,0,0,0,0,0,0,0,0,0,0,0,0.364961,0.442141,0.459915,0.333132,0.33738,0.635556,0.542627,0.365823
0.423145,0.393061,0.508932,0.668277,0.403244,0.790883,0.250073,0.785442,0.280702,0.643747,0.61463,0.561999,0.606967,0.259543,0.557956,0.076989,0,0,0,0,0,0,0,0,0,0,0,0,0,0,0.372587,0.428528,0.464505,0.316758,0.343513,0.635571,0.553357,0.379431
0.42621,0.382147,0.519659,0.671002,0.418561,0.826308,0.253136,0.760921,0.268452,0.703694,0.6131,0.559271,0.606968,0.256826,0.56255,0.0769964,0,0,0,0,0,0,0,0,0,0,0,0,0,0,0.374133,0.425799,0.4691,0.311351,0.348114,0.635586,0.559496,0.387614
0.435412,0.368525,0.528847,0.662809,0.426222,0.807236,0.271511,0.717329,0.291425,0.651927,0.620758,0.545646,0.61157,0.273165,0.574814,0.0878939,0,0,0,0,0,0,0,0,0,0,0,0,0,0,0.381792,0.414868,0.473712,0.30313,0.354228,0.627383,0.544173,0.341307
0.441539,0.360394,0.531913,0.641032,0.430814,0.758186,0.268444,0.706405,0.289891,0.638298,0.625351,0.542925,0.620754,0.262283,0.577862,0.0878941,0,0,0,0,0,0,0,0,0,0,0,0,0,0,0.386384,0.409424,0.475252,0.294997,0.354231,0.621926,0.556422,0.327668
0.447657,0.354907,0.550299,0.665541,0.479835,0.779988,0.302151,0.660092,0,0,0.625357,0.537476,0.617695,0.251379,0.554887,0.0878947,0,0,0,0,0,0,0,0,0,0,0,0,0,0,0.39098,0.404005,0.479829,0.292241,0.360366,0.608311,0.559485,0.322231
0.450734,0.354881,0.551824,0.662829,0.473708,0.763636,0.315933,0.65192,0.30368,0.635575,0.62995,0.537479,0.625347,0.278624,0.551835,0.112395,0,0,0,0,0,0,0,0,0,0,0,0,0,0,0.394036,0.40399,0.481371,0.292196,0.371082,0.605609,0.570201,0.338565
0.456859,0.354923,0.561017,0.643741,0.46758,0.758189,0.318999,0.605602,0,0,0.643732,0.526581,0.631478,0.292259,0.550299,0.150555,0,0,0,0,0,0,0,0,0,0,0,0,0,0,0.398646,0.40672,0.48445,0.29223,0.387923,0.578354,0.550303,0.300417
0.464511,0.354906,0.564081,0.621958,0.473705,0.755467,0.335849,0.575635,0,0,0.642203,0.526582,0.631478,0.294984,0.548766,0.15328,0,0,0,0,0,0,0,0,0,0,0,0,0,0,0.404785,0.409414,0.490548,0.292267,0.397118,0.559273,0.545699,0.297685
0.475234,0.352208,0.580926,0.630119,0.489023,0.763637,0.348102,0.583804,0,0,0.65445,0.532037,0.643724,0.319499,0.531915,0.161465,0,0,0,0,0,0,0,0,0,0,0,0,0,0,0.410886,0.412147,0.495141,0.294944,0.401713,0.572873,0.545712,0.292257
0.473698,0.354936,0.580931,0.616504,0.481367,0.750019,0.358825,0.608323,0.320529,0.567456,0.65599,0.532029,0.608504,0.259549,0.522723,0.191431,0,0,0,0,0,0,0,0,0,0,0,0,0,0,0.413961,0.414881,0.498222,0.292297,0.406313,0.567463,0.594703,0.324944
0.464513,0.376733,0.588593,0.613781,0.482903,0.736392,0,0,0,0,0.662112,0.553826,0,0,0,0,0,0,0,0,0,0,0,0,0,0,0,0,0,0,0.418554,0.431219,0.495161,0.308621,0.407847,0.559268,0.585521,0.324953
0.461451,0.382194,0.583991,0.624677,0.501278,0.747288,0.364953,0.641023,0.328191,0.58653,0.65446,0.542931,0.634543,0.289526,0.496682,0.240482,0,0,0,0,0,0,0,0,0,0,0,0,0,0,0.415487,0.442078,0.493619,0.314041,0.413971,0.575611,0.551836,0.294977
0.450738,0.409412,0.596252,0.621959,0.524254,0.730944,0,0,0,0,0.816821,0.463909,0,0,0,0,0,0,0,0,0,0,0,0,0,0,0,0,0,0,0.407846,0.466649,0.476751,0.338544,0.404771,0.583788,0.538053,0.297681
0.444603,0.425793,0.585529,0.646477,0.499745,0.739114,0,0,0,0,0.818352,0.458459,0,0,0,0,0,0,0,0,0,0,0,0,0,0,0,0,0,0,0.398656,0.482985,0.47065,0.344012,0.403248,0.594703,0.525787,0.30042
0.456842,0.466603,0,0,0.538041,0.987073,0,0,0,0,0.542635,0.314063,0.655991,0.335871,0.646811,0.575638,0,0,0,0,0,0,0,0,0,0,0,0,0,0,0.387925,0.51293,0.450738,0.401225,0.394052,0.641015,0.499745,0.316781
0.441525,0.48298,0.663644,0.758185,0.462984,0.829035,0,0,0,0,0.822951,0.466633,0,0,0,0,0,0,0,0,0,0,0,0,0,0,0,0,0,0,0.381783,0.526601,0.444607,0.382151,0.392514,0.676446,0.510487,0.327655
0.423149,0.504799,0.562546,0.733668,0.496686,0.943469,0,0,0,0,0.636077,0.553828,0.657503,0.338589,0.51812,0.311298,0,0,0,0,0,0,0,0,0,0,0,0,0,0,0.374116,0.551134,0.432347,0.39854,0.37107,0.700985,0.496694,0.33854
0.410908,0.515703,0.55336,0.711869,0.489022,0.927126,0,0,0,0,0.629954,0.542935,0.654428,0.330412,0.512003,0.316807,0,0,0,0,0,0,0,0,0,0,0,0,0,0,0.368006,0.564717,0.432356,0.409404,0.36648,0.714612,0.511999,0.360339
0.409371,0.532061,0.551832,0.71459,0.492087,0.89443,0,0,0,0,0.623821,0.542927,0.648324,0.31675,0.515058,0.338555,0,0,0,0,0,0,0,0,0,0,0,0,0,0,0.361899,0.57562,0.430805,0.423032,0.357291,0.722771,0.513536,0.368542
0.407843,0.532022,0.548759,0.709146,0.484428,0.888976,0,0,0,0,0.623819,0.532037,0.651392,0.308574,0.524245,0.338562,0,0,0,0,0,0,0,0,0,0,0,0,0,0,0.360381,0.578342,0.429296,0.423032,0.355772,0.728186,0.522717,0.379448
0.406312,0.53204,0.545697,0.711863,0.481362,0.8808,0,0,0,0,0.623823,0.54565,0.652917,0.303144,0.518123,0.324953,0,0,0,0,0,0,0,0,0,0,0,0,0,0,0.358841,0.57833,0.42928,0.417587,0.352705,0.722777,0.527325,0.390333
0.404782,0.532051,0.545703,0.706422,0.478306,0.894426,0,0,0,0,0.622288,0.540206,0.649861,0.303146,0.519666,0.33038,0,0,0,0,0,0,0,0,0,0,0,0,0,0,0.358798,0.57832,0.429272,0.414861,0.3527,0.717315,0.53191,0.398505
0.404783,0.531996,0.542637,0.728211,0.476767,0.910775,0,0,0,0,0.623819,0.545649,0.642206,0.303144,0.522726,0.324932,0,0,0,0,0,0,0,0,0,0,0,0,0,0,0.35575,0.57293,0.430828,0.41215,0.352696,0.717312,0.528855,0.393049
0.407845,0.526608,0.545697,0.714595,0.475235,0.894429,0,0,0,0,0.62382,0.540199,0.640677,0.322224,0.518126,0.319501,0,0,0,0,0,0,0,0,0,0,0,0,0,0,0.357301,0.562032,0.435429,0.40671,0.357292,0.714587,0.527317,0.384905
0.418557,0.515685,0.553359,0.728212,0.47677,0.894425,0.424687,0.993885,0.306743,0.720042,0.636075,0.556555,0.643724,0.341279,0.528858,0.322209,0,0,0,0,0,0,0,0,0,0,0,0,0,0,0.361907,0.542945,0.447689,0.401259,0.360359,0.687328,0.534993,0.393078
0.421644,0.504795,0.559486,0.747289,0.469112,0.888982,0.306745,0.714584,0,0,0.645265,0.611045,0.629947,0.349469,0,0,0,0,0,0,0,0,0,0,0,0,0,0,0,0,0.366492,0.532032,0.456858,0.398539,0.360346,0.660098,0.545685,0.401227
0.427748,0.488394,0.55642,0.72821,0.464515,0.869905,0,0,0,0,0.63914,0.608319,0,0,0,0,0,0,0,0,0,0,0,0,0,0,0,0,0,0,0.374126,0.510224,0.466036,0.390334,0.363434,0.638281,0.556437,0.403942
0.42927,0.482989,0.553359,0.7146,0.45839,0.856282,0,0,0,0,0.643734,0.627402,0,0,0,0,0,0,0,0,0,0,0,0,0,0,0,0,0,0,0.374135,0.50205,0.469119,0.382218,0.361899,0.613764,0.562546,0.403984
0.427748,0.466667,0.550292,0.709141,0.461454,0.859008,0.320528,0.643742,0,0,0.643735,0.608326,0,0,0,0,0,0,0,0,0,0,0,0,0,0,0,0,0,0,0.374158,0.4884,0.472163,0.376731,0.358842,0.581084,0.561011,0.403967
0.427742,0.461195,0.553355,0.711868,0.453792,0.856284,0.319003,0.627407,0,0,0.648328,0.616496,0,0,0,0,0,0,0,0,0,0,0,0,0,0,0,0,0,0,0.374151,0.482964,0.472154,0.373966,0.360346,0.583827,0.559486,0.401264
0.426233,0.452995,0.550292,0.709138,0.450729,0.84538,0.322061,0.627404,0,0,0.646797,0.621951,0,0,0,0,0,0,0,0,0,0,0,0,0,0,0,0,0,0,0.37414,0.469316,0.472162,0.363111,0.357298,0.570196,0.55794,0.3985
0.426221,0.444803,0.55183,0.700969,0.450732,0.845385,0.325122,0.630127,0.314404,0.616496,0.645262,0.602874,0,0,0,0,0,0,0,0,0,0,0,0,0,0,0,0,0,0,0.372629,0.46394,0.472151,0.360349,0.358826,0.57016,0.55642,0.390349
0.424667,0.43123,0.547226,0.692791,0.450734,0.856279,0,0,0,0,0.634543,0.605592,0,0,0,0,0,0,0,0,0,0,0,0,0,0,0,0,0,0,0.371092,0.455748,0.47217,0.352185,0.355755,0.556588,0.557943,0.395814
0.423142,0.428498,0.544161,0.681902,0.447669,0.848104,0,0,0,0,0.629949,0.58926,0,0,0,0,0,0,0,0,0,0,0,0,0,0,0,0,0,0,0.369536,0.450326,0.470628,0.346718,0.352714,0.551113,0.557927,0.393076
0.420102,0.417556,0.538043,0.679166,0.453793,0.845379,0.426219,0.848106,0.340443,0.586527,0.623819,0.583798,0,0,0,0,0,0,0,0,0,0,0,0,0,0,0,0,0,0,0.364943,0.44214,0.464521,0.338595,0.358826,0.553836,0.556397,0.384905
0.420078,0.40942,0.538042,0.67645,0.446133,0.81813,0,0,0,0,0.616162,0.581088,0,0,0,0,0,0,0,0,0,0,0,0,0,0,0,0,0,0,0.363406,0.439388,0.462987,0.338509,0.351157,0.54292,0.553344,0.379446
0.418561,0.403935,0.541103,0.668276,0.467579,0.796333,0.417032,0.796337,0.345038,0.5729,0.608507,0.567457,0.639138,0.35492,0.545703,0.314045,0,0,0,0,0,0,0,0,0,0,0,0,0,0,0.361885,0.433958,0.461441,0.333129,0.368011,0.583799,0.547237,0.365823
0.420092,0.398532,0.533442,0.670996,0.450731,0.785439,0.410905,0.782709,0.32206,0.551104,0.611563,0.570173,0.633011,0.354911,0.542633,0.311319,0,0,0,0,0,0,0,0,0,0,0,0,0,0,0.361909,0.431173,0.461465,0.330409,0.34198,0.523871,0.548758,0.365813
0.424709,0.387637,0.536512,0.662827,0.452262,0.771818,0.409374,0.774537,0.311341,0.553834,0.616159,0.553826,0.639136,0.357639,0.53804,0.30043,0,0,0,0,0,0,0,0,0,0,0,0,0,0,0.371082,0.414859,0.472159,0.322243,0.369545,0.553827,0.553355,0.371251
0.430822,0.382209,0.539575,0.657368,0.464515,0.755463,0.406306,0.779989,0.332785,0.559274,0.613094,0.545653,0.642199,0.346745,0.573276,0.330388,0,0,0,0,0,0,0,0,0,0,0,0,0,0,0.375655,0.404007,0.475255,0.322206,0.355761,0.521138,0.55642,0.36854
0.441531,0.374008,0.536512,0.66009,0.436944,0.76091,0.403245,0.774534,0.32053,0.537481,0.626882,0.553833,0.651387,0.349465,0.530382,0.335842,0,0,0,0,0,0,0,0,0,0,0,0,0,0,0.381794,0.39306,0.484445,0.31676,0.360352,0.523863,0.557956,0.365811
0.441528,0.365803,0.536513,0.662814,0.435413,0.771808,0.400181,0.766358,0.314405,0.529299,0.620756,0.551104,0.651392,0.346749,0.534978,0.324943,0,0,0,0,0,0,0,0,0,0,0,0,0,0,0.383322,0.382205,0.485956,0.314009,0.361893,0.510241,0.559478,0.365823
0.440001,0.357657,0.528852,0.641028,0.427757,0.736391,0.406305,0.782712,0.309805,0.534762,0.622284,0.540202,0.654441,0.346741,0,0,0,0,0,0,0,0,0,0,0,0,0,0,0,0,0.380272,0.376732,0.485951,0.305861,0.360344,0.499327,0.557971,0.363079
0.44001,0.354903,0.525788,0.635575,0.430819,0.741843,0,0,0,0,0.617692,0.529324,0.657513,0.341296,0.524258,0.286786,0,0,0,0,0,0,0,0,0,0,0,0,0,0,0.378731,0.373967,0.484457,0.30312,0.348096,0.499329,0.557951,0.365793
0.435432,0.344006,0.521196,0.641025,0.426225,0.760909,0,0,0,0,0.605441,0.523842,0.660579,0.327679,0.521191,0.294976,0,0,0,0,0,0,0,0,0,0,0,0,0,0,0.375688,0.360376,0.481369,0.295012,0.329733,0.491197,0.551833,0.360351
0.433875,0.341247,0.521191,0.627398,0.429282,0.74184,0,0,0,0,0.605432,0.518417,0.665172,0.33313,0.525791,0.294964,0,0,0,0,0,0,0,0,0,0,0,0,0,0,0.374136,0.35759,0.47982,0.29227,0.326673,0.491154,0.55182,0.35765
0.42927,0.33588,0.508937,0.616486,0.420097,0.714598,0.395581,0.790884,0.288365,0.526583,0.602379,0.515688,0.66977,0.314047,0.56561,0.305868,0,0,0,0,0,0,0,0,0,0,0,0,0,0,0.372596,0.346726,0.476772,0.289533,0.323581,0.488397,0.547227,0.354932
0.424704,0.335882,0.501272,0.613785,0.401711,0.720033,0,0,0,0,0.600846,0.510241,0.674375,0.316765,0.564078,0.305861,0,0,0,0,0,0,0,0,0,0,0,0,0,0,0.369556,0.346714,0.475242,0.28954,0.317469,0.485685,0.545684,0.349473
0.423152,0.335861,0.498216,0.616499,0.400176,0.733659,0.294489,0.562008,0.277639,0.526579,0.596253,0.502068,0.678971,0.30588,0.570202,0.311327,0,0,0,0,0,0,0,0,0,0,0,0,0,0,0.364951,0.341363,0.472172,0.289556,0.31285,0.485679,0.542641,0.354904
0.421632,0.335808,0.496688,0.616485,0.401711,0.725495,0.294492,0.57291,0.276107,0.507506,0.591653,0.499329,0.677437,0.322212,0.507406,0.265006,0,0,0,0,0,0,0,0,0,0,0,0,0,0,0.363415,0.341325,0.47066,0.2895,0.309807,0.480275,0.542639,0.352207
0.415514,0.333144,0.492085,0.611041,0.397114,0.72005,0.271507,0.540214,0.273045,0.537476,0.585528,0.485713,0.680498,0.338561,0.576335,0.240477,0,0,0,0,0,0,0,0,0,0,0,0,0,0,0.360329,0.341269,0.466041,0.289522,0.306742,0.482978,0.541099,0.35221
0.412434,0.335806,0.493622,0.605609,0.39252,0.722765,0.25773,0.529314,0,0,0.596251,0.483001,0.698882,0.311333,0.583993,0.166921,0,0,0,0,0,0,0,0,0,0,0,0,0,0,0.358804,0.341246,0.462971,0.289551,0.30215,0.474796,0.53344,0.346753
0.407835,0.335795,0.487488,0.589255,0.381802,0.72821,0.273048,0.559277,0.263852,0.510235,0.591656,0.463911,0.71726,0.294998,0.668246,0.063348,0.718788,0.993889,0,0,0,0,0,0,0.79844,0.954373,0,0,0,0,0.351159,0.338615,0.458398,0.286829,0.299097,0.469384,0.52886,0.352206
0.406316,0.324971,0.485959,0.578353,0.380267,0.711868,0.269987,0.553824,0.263857,0.502059,0.593178,0.461186,0.727986,0.297691,0.72644,0.0115902,0,0,0,0,0,0,0,0,0,0,0,0,0,0,0.349645,0.33851,0.456866,0.284063,0.297559,0.466621,0.525782,0.341309
0.406298,0.314061,0.493615,0.55928,0.390991,0.687339,0.26845,0.532028,0.262319,0.485713,0.596243,0.436668,0.749433,0.311308,0.8061,0.0470107,0.711129,0.993887,0,0,0,0,0,0,0.784656,0.973448,0,0,0,0,0.351154,0.319496,0.456862,0.270467,0.297561,0.447574,0.522737,0.330374
0.409382,0.3059,0.490556,0.551104,0.383331,0.668273,0.269981,0.518408,0.257726,0.474806,0.600835,0.431238,0.754011,0.311322,0.827543,0.0878938,0.662113,0.993885,0.591653,0.993887,0,0,0,0,0.758614,0.970725,0.606972,0.562003,0,0,0.354218,0.314023,0.458372,0.262264,0.297559,0.433927,0.522736,0.314015
0.413965,0.289519,0.49362,0.534754,0.389461,0.657379,0.286831,0.523858,0.262322,0.453006,0.60084,0.42575,0.744842,0.314052,0.816837,0.131479,0.709599,0.993887,0,0,0,0,0,0,0.780057,0.967999,0,0,0,0,0.360332,0.29498,0.462991,0.251342,0.300609,0.42579,0.527298,0.305898
0.420092,0.28133,0.50127,0.52384,0.403243,0.632846,0.36495,0.695527,0,0,0.600843,0.423021,0.731051,0.305843,0.792329,0.142385,0.678962,0.992524,0.59931,0.993887,0,0,0,0,0.760148,0.967995,0.594714,0.55383,0,0,0.360365,0.289512,0.462995,0.248593,0.303678,0.417588,0.528841,0.30313
0.421617,0.267753,0.504334,0.523863,0.412435,0.630126,0.315934,0.548382,0.283767,0.458457,0.599313,0.414877,0.708078,0.292225,0.752495,0.112399,0.729509,0.995249,0,0,0,0,0,0,0,0,0,0,0,0,0.36343,0.278643,0.470621,0.232339,0.308286,0.401266,0.530365,0.29494
0.421627,0.267694,0.502803,0.523841,0.409371,0.627399,0.309807,0.518408,0.291426,0.450285,0.599304,0.414867,0.706525,0.281345,0.734121,0.0960464,0.73411,0.993886,0,0,0,0,0,0,0,0,0,0,0,0,0.364945,0.275932,0.469123,0.232283,0.308274,0.401246,0.528856,0.292221
0.42009,0.264986,0.501272,0.521129,0.406308,0.632842,0.286832,0.458462,0.256195,0.414867,0.593174,0.412134,0.697349,0.262287,0.727975,0.0742358,0.734105,0.992522,0,0,0,0,0,0,0.803037,0.943482,0,0,0,0,0.363424,0.275944,0.469097,0.229636,0.312876,0.41758,0.531938,0.30044
0.420094,0.264983,0.499742,0.523849,0.400185,0.627406,0.291423,0.463914,0.245473,0.41487,0.587062,0.423044,0.694275,0.259537,0.726426,0.0687931,0.737173,0.993886,0,0,0,0,0,0,0.812225,0.95165,0,0,0,0,0.361902,0.275944,0.464526,0.229572,0.312888,0.420317,0.533463,0.300414
0.42008,0.25682,0.493621,0.52658,0.397114,0.638293,0.277639,0.45029,0.242408,0.401242,0.585528,0.425762,0.683555,0.254114,0.715717,0.0715167,0.734105,0.995249,0,0,0,0,0,0,0.812228,0.943474,0,0,0,0,0.360344,0.27587,0.461459,0.224145,0.31288,0.428483,0.533456,0.292226
0.417026,0.254151,0.492087,0.534751,0.389458,0.649193,0.268446,0.439391,0.245471,0.398525,0.587058,0.425763,0.680503,0.248664,0.71571,0.0715518,0.734109,0.995249,0,0,0,0,0,0,0.810697,0.940755,0,0,0,0,0.357308,0.273185,0.459916,0.224083,0.31288,0.420311,0.531918,0.29495
0.413972,0.251433,0.495154,0.52659,0.39099,0.646474,0.268447,0.444834,0.254664,0.425759,0.58859,0.420311,0.678971,0.245925,0.706546,0.0442675,0.726446,0.993885,0,0,0,0,0,0,0.806101,0.93802,0,0,0,0,0.35424,0.270464,0.458369,0.215981,0.312878,0.414861,0.531917,0.281385
0.41091,0.251426,0.490557,0.526571,0.387928,0.646471,0.256196,0.420315,0,0,0.58093,0.425758,0.663651,0.235023,0.701939,0.0361269,0.718787,0.993889,0,0,0,0,0,0,0.804568,0.932575,0,0,0,0,0.351181,0.270481,0.455327,0.21595,0.309815,0.417595,0.530367,0.286802
0.40784,0.254092,0.490553,0.529306,0.395586,0.638302,0.256196,0.425766,0.230157,0.384897,0.577868,0.431224,0.617702,0.38762,0,0,0.7096,0.993887,0,0,0,0,0,0,0,0,0,0,0,0,0.348124,0.270485,0.452254,0.213206,0.314411,0.401248,0.524246,0.278627
0.409358,0.251383,0.489019,0.529298,0.39099,0.649192,0.236284,0.373989,0.197983,0.327665,0.576332,0.436665,0.622289,0.37399,0,0,0.709599,0.995248,0,0,0,0,0,0,0,0,0,0,0,0,0.348113,0.273217,0.450747,0.207803,0.323589,0.428468,0.527329,0.275916
0.40477,0.251347,0.481361,0.534747,0.378741,0.649194,0.254661,0.433934,0,0,0.5748,0.439383,0.608503,0.15873,0.613099,0.150554,0,0,0,0,0,0,0,0,0,0,0,0,0,0,0.346571,0.27315,0.449186,0.207743,0.312863,0.412144,0.527323,0.275914
0.400199,0.248672,0.48137,0.529311,0.377203,0.638294,0.250066,0.425761,0.188803,0.254108,0.568673,0.433941,0.60544,0.166909,0.603894,0.145107,0.660581,0.995249,0,0,0,0,0,0,0.803037,0.993883,0,0,0,0,0.345049,0.270445,0.446156,0.202354,0.315933,0.428488,0.527301,0.275909
0.398663,0.248633,0.472181,0.521141,0.372618,0.627398,0.250064,0.442114,0.190321,0.251364,0.55642,0.433923,0.594716,0.139667,0,0,0.657517,0.995248,0,0,0,0,0,0,0.744829,0.992521,0,0,0,0,0.343508,0.267729,0.444607,0.202286,0.305212,0.414854,0.519662,0.270447
0.39713,0.248618,0.470642,0.523873,0.369548,0.630128,0.243946,0.450275,0.187255,0.240476,0.557957,0.439383,0.591654,0.150554,0,0,0.659048,0.995248,0,0,0,0,0,0,0.764742,0.993884,0,0,0,0,0.341962,0.270404,0.44155,0.199613,0.308261,0.431219,0.518116,0.259554
0.394064,0.248631,0.467582,0.529315,0.368019,0.638305,0.224031,0.4394,0.171958,0.235017,0.553366,0.436661,0.590119,0.150557,0,0,0.660583,0.993891,0,0,0,0,0,0,0.766275,0.993884,0,0,0,0,0.337381,0.273146,0.438475,0.199599,0.296028,0.433936,0.515055,0.265007
0.394042,0.248619,0.461458,0.523855,0.36648,0.62196,0.219442,0.455729,0.168895,0.251344,0.551823,0.436671,0.587055,0.147843,0,0,0.663645,0.995248,0,0,0,0,0,0,0.761677,0.993884,0,0,0,0,0.335863,0.273175,0.436929,0.199614,0.300628,0.450282,0.516587,0.270447
0.387931,0.248648,0.45992,0.523859,0.364954,0.616494,0.208719,0.463921,0.145902,0.254126,0.55029,0.442112,0.585524,0.150554,0,0,0.6759,0.995249,0,0,0,0,0,0,0.763213,0.94075,0,0,0,0,0.331255,0.275872,0.432343,0.199599,0.297557,0.45302,0.511995,0.273179
0.383339,0.248652,0.461455,0.523857,0.363415,0.616501,0.216373,0.485721,0.142844,0.275896,0.551821,0.442106,0.582455,0.147833,0,0,0.671305,0.995249,0,0,0,0,0,0,0.767805,0.965273,0,0,0,0,0.328184,0.275898,0.427765,0.199626,0.294488,0.469375,0.510477,0.267712
0.375683,0.248683,0.455324,0.529294,0.351166,0.619234,0.210244,0.491143,0.127519,0.284079,0.550292,0.444833,0.579399,0.158727,0,0,0.662113,0.995249,0,0,0,0,0,0,0.76168,0.962547,0,0,0,0,0.325096,0.278618,0.424672,0.199591,0.292955,0.48024,0.508957,0.281349
0.375664,0.248676,0.455322,0.529305,0.351167,0.627402,0.211769,0.504776,0.119864,0.286813,0.550292,0.44211,0.57939,0.158721,0,0,0.660581,0.995249,0,0,0,0,0,0,0.749424,0.943477,0,0,0,0,0.323578,0.281335,0.423131,0.196913,0.294488,0.480251,0.50741,0.2759
0.371069,0.248654,0.453791,0.529306,0.351166,0.624676,0.208713,0.502054,0.112216,0.294994,0.548765,0.43667,0.577866,0.169622,0,0,0.657519,0.995249,0,0,0,0,0,0,0.763209,0.993883,0,0,0,0,0.320514,0.284049,0.415493,0.194151,0.294479,0.474801,0.505865,0.273185
0.369545,0.248628,0.452267,0.526579,0.3527,0.62196,0.205651,0.496603,0.110669,0.292271,0.547231,0.439386,0.577871,0.166902,0,0,0.659051,0.995249,0,0,0,0,0,0,0.761677,0.992521,0,0,0,0,0.318994,0.284047,0.412434,0.19147,0.294494,0.472087,0.504345,0.27317
0.363415,0.251346,0.458385,0.526565,0.357293,0.616508,0.208718,0.49662,0.110667,0.29222,0.553359,0.439382,0.577863,0.177804,0,0,0.651391,0.99525,0,0,0,0,0,0,0.746361,0.954375,0,0,0,0,0.312896,0.289538,0.409397,0.191449,0.294494,0.47207,0.504351,0.273174
0.360368,0.251349,0.453799,0.526579,0.354228,0.621954,0.207173,0.491158,0.110684,0.289504,0.550294,0.439389,0.57634,0.166917,0,0,0.645262,0.995251,0,0,0,0,0,0,0.714195,0.954372,0,0,0,0,0.312867,0.289545,0.407838,0.191446,0.29448,0.472077,0.50127,0.262279
0.355758,0.251358,0.456856,0.529309,0.358821,0.621959,0.210235,0.491141,0.1122,0.289516,0.548768,0.444829,0.576348,0.166912,0,0,0.64986,0.995251,0,0,0,0,0,0,0.720321,0.957099,0,0,0,0,0.309808,0.289539,0.401712,0.188718,0.292962,0.477511,0.499751,0.267713
0.351175,0.251351,0.455324,0.529297,0.358823,0.621949,0.208717,0.485723,0.113727,0.289536,0.547227,0.439399,0.576342,0.172365,0,0,0.657522,0.995249,0,0,0,0,0,0,0.761676,0.984347,0,0,0,0,0.308281,0.2895,0.398659,0.186011,0.292953,0.472098,0.498227,0.267716
0.349625,0.251339,0.458391,0.523844,0.358822,0.619218,0.208714,0.485694,0.113749,0.289517,0.551826,0.431223,0.576342,0.164193,0,0,0.665179,0.995249,0,0,0,0,0,0,0.761677,0.951648,0,0,0,0,0.306759,0.2868,0.397128,0.183257,0.292971,0.469346,0.499738,0.267721
0.348108,0.251357,0.46145,0.52114,0.363416,0.619224,0.211773,0.483002,0.113751,0.286794,0.550302,0.436661,0.577862,0.164182,0,0,0.662115,0.995248,0,0,0,0,0,0,0.761679,0.962549,0,0,0,0,0.306744,0.286804,0.395603,0.180549,0.291441,0.463913,0.498222,0.267738
0.346575,0.248655,0.464516,0.521139,0.364955,0.619212,0.219426,0.485704,0.115272,0.28137,0.553362,0.431214,0.577857,0.164187,0,0,0.66671,0.995248,0,0,0,0,0,0,0.763211,0.992521,0,0,0,0,0.308259,0.284102,0.395567,0.180535,0.294483,0.461187,0.498207,0.264996
0.348087,0.245949,0.466045,0.515687,0.366484,0.60833,0.22249,0.48571,0.116804,0.281362,0.55489,0.428487,0.577868,0.161453,0,0,0.657522,0.995249,0,0,0,0,0,0,0.763209,0.993884,0,0,0,0,0.308256,0.284064,0.395588,0.180504,0.294493,0.458436,0.498205,0.264987
0.348096,0.24862,0.462983,0.510235,0.364948,0.602881,0.225553,0.482988,0.118342,0.281334,0.554887,0.425752,0.577874,0.155997,0.545703,0.019764,0.686624,0.993886,0,0,0,0,0,0,0.769339,0.938025,0,0,0,0,0.306752,0.284061,0.394058,0.172385,0.296032,0.455726,0.496694,0.256829
0.348104,0.245917,0.46299,0.515681,0.364955,0.608323,0.225557,0.477547,0.119865,0.281362,0.551836,0.425772,0.579393,0.156002,0.541103,0.0197845,0.68509,0.993887,0,0,0,0,0,0,0.773932,0.962549,0,0,0,0,0.308256,0.281356,0.394045,0.172348,0.296029,0.450277,0.498217,0.256805
0.348097,0.237738,0.466049,0.499328,0.371074,0.594695,0.228624,0.472069,0.121398,0.28133,0.553357,0.420306,0.582465,0.150562,0.527317,0.0279379,0.689686,0.993884,0.60697,0.995248,0,0,0,0,0.767806,0.8917,0,0,0,0,0.309786,0.273179,0.394066,0.164248,0.297566,0.444827,0.499738,0.251359
0.348097,0.229604,0.467581,0.496608,0.371075,0.589257,0.230163,0.466644,0.124463,0.27589,0.554885,0.414866,0.580927,0.156021,0.521192,0.0279366,0.685091,0.993886,0.597781,0.995248,0,0,0,0,0.760148,0.899878,0,0,0,0,0.309815,0.270461,0.395569,0.164143,0.299083,0.4421,0.499733,0.248666
0.349625,0.226846,0.476762,0.480241,0.377211,0.581086,0.234755,0.463911,0.127528,0.27319,0.568679,0.3849,0.590111,0.175078,0.504339,0.0470417,0.700407,0.992521,0.610032,0.993888,0,0,0,0,0.776997,0.886251,0,0,0,0,0.311318,0.26771,0.397097,0.158735,0.305205,0.439392,0.501266,0.240475
0.351159,0.22414,0.476765,0.474819,0.377206,0.575641,0.237815,0.461202,0.12906,0.275904,0.571744,0.382175,0.591646,0.169635,0.49669,0.0687857,0.689687,0.954373,0.605436,0.995248,0,0,0,0,0.769338,0.878078,0,0,0,0,0.311339,0.267701,0.397097,0.156027,0.308277,0.439363,0.502797,0.23503
0.352694,0.22685,0.476778,0.474816,0.381803,0.575633,0.240878,0.461197,0.130595,0.278638,0.573269,0.382157,0.591653,0.16422,0.487494,0.0688195,0.70347,0.993884,0.610032,0.995248,0,0,0,0,0.780061,0.883529,0,0,0,0,0.311363,0.265018,0.397111,0.150582,0.309804,0.433952,0.504321,0.235038
0.351169,0.226891,0.478306,0.472078,0.3818,0.575625,0.242415,0.461209,0.132113,0.278636,0.576328,0.365826,0.591663,0.166913,0.487497,0.0688408,0.706532,0.970724,0.62535,0.995248,0,0,0,0,0.789252,0.886252,0,0,0,0,0.31135,0.264995,0.397098,0.153257,0.309802,0.433925,0.502823,0.232296
0.348118,0.229569,0.478298,0.474795,0.386394,0.578342,0.243933,0.463906,0.132115,0.28406,0.573274,0.376713,0.593198,0.164224,0.489022,0.0715462,0.712662,0.959824,0.626881,0.992522,0,0,0,0,0.804567,0.883531,0,0,0,0,0.311356,0.267733,0.395575,0.155976,0.308278,0.431184,0.501289,0.229602
0.348095,0.226894,0.4783,0.474815,0.384867,0.575627,0.245475,0.466625,0.132117,0.284098,0.5748,0.379436,0.594703,0.166887,0.490551,0.0715562,0.724916,0.993884,0.639137,0.993886,0,0,0,0,0.816821,0.883531,0,0,0,0,0.311337,0.270435,0.394075,0.155981,0.309803,0.431213,0.501289,0.229575
0.346578,0.229583,0.478301,0.474797,0.384868,0.575644,0.24394,0.46936,0.135191,0.292267,0.574794,0.368548,0.593205,0.166912,0.482895,0.076978,0.711129,0.908052,0.634542,0.993885,0,0,0,0,0.792315,0.837205,0,0,0,0,0.31133,0.270476,0.394052,0.158733,0.309819,0.43665,0.501279,0.235017
0.346561,0.229619,0.479829,0.477528,0.392526,0.572892,0.243949,0.472091,0.130596,0.297698,0.573267,0.371262,0.596266,0.17509,0.485964,0.0851773,0.706531,0.891699,0.631478,0.995247,0.628416,0.993885,0,0,0.781591,0.807232,0,0,0,0,0.311348,0.270477,0.394044,0.158766,0.311345,0.436676,0.499733,0.235037
0.346574,0.243203,0.479832,0.477528,0.392523,0.578344,0.240876,0.477532,0.129062,0.305884,0.574802,0.373999,0.60237,0.183234,0.48903,0.112396,0.698876,0.883529,0.628415,0.993886,0,0,0,0,0.77087,0.796331,0,0,0,0,0.311344,0.275913,0.390985,0.164144,0.309816,0.439393,0.498214,0.240481
0.345027,0.24593,0.478303,0.482977,0.389459,0.589248,0.243936,0.480276,0.127529,0.311343,0.574799,0.382167,0.605444,0.185988,0.492073,0.120573,0.701941,0.888979,0.628417,0.995248,0.631479,0.993884,0,0,0.772403,0.793612,0,0,0,0,0.309803,0.281345,0.389455,0.164233,0.309795,0.444851,0.496678,0.245883
0.334323,0.251341,0.478302,0.480265,0.389461,0.586531,0.234753,0.488439,0.127518,0.33312,0.573275,0.379451,0.605434,0.194168,0.496679,0.139639,0.705002,0.891707,0.633009,0.995248,0.628415,0.993885,0,0,0.775465,0.799061,0,0,0,0,0.305216,0.289532,0.383339,0.175069,0.311335,0.46665,0.492097,0.248682
0.33126,0.254117,0.476762,0.482981,0.378739,0.591981,0.242403,0.502059,0.121405,0.341306,0.568676,0.382161,0.605446,0.199622,0.493625,0.145108,0.706532,0.899877,0.634543,0.995248,0,0,0,0,0.773931,0.807235,0,0,0,0,0.300644,0.292288,0.378732,0.183256,0.308274,0.466631,0.489034,0.251415
0.325113,0.270433,0.470638,0.488445,0.372614,0.611058,0.230158,0.515675,0.118352,0.357629,0.561016,0.387626,0.614639,0.215949,0.495155,0.161479,0.708063,0.905333,0.643733,0.995248,0,0,0,0,0.770871,0.815411,0,0,0,0,0.29603,0.30858,0.374114,0.191426,0.30368,0.480248,0.4829,0.256848
0.320537,0.273187,0.46758,0.488441,0.37108,0.611043,0.233215,0.521117,0.118331,0.363082,0.559484,0.393047,0.619218,0.226862,0.508932,0.172373,0.706538,0.90805,0.646795,0.995248,0,0,0,0,0.769339,0.823583,0,0,0,0,0.292965,0.31132,0.371083,0.19418,0.303676,0.480251,0.479838,0.259566
0.314392,0.284077,0.462984,0.493882,0.371085,0.613781,0.219441,0.52931,0.109148,0.38215,0.551832,0.393079,0.626893,0.232302,0.493627,0.196884,0.700406,0.899876,0.634541,0.995247,0.663644,0.957098,0.884222,0.993884,0.76168,0.804512,0,0,0,0,0.288366,0.316756,0.363424,0.202359,0.296032,0.482996,0.473722,0.267683
0.314392,0.289545,0.459925,0.488454,0.366485,0.611043,0.219442,0.534747,0.107604,0.384901,0.551831,0.393054,0.629964,0.232322,0.489025,0.205067,0.701939,0.886254,0.643731,0.992522,0.677433,0.957098,0.887282,0.993885,0.760146,0.799054,0,0,0,0,0.288351,0.316792,0.361874,0.20506,0.294493,0.480263,0.472181,0.262286
0.312894,0.292214,0.458384,0.491167,0.368012,0.608337,0.224028,0.537486,0.109144,0.387609,0.548762,0.393059,0.631487,0.235032,0.496681,0.218674,0.682027,0.88625,0.628416,0.989797,0.680494,0.973448,0.888816,0.993884,0.74483,0.801784,0,0,0,0,0.288363,0.316804,0.360355,0.207756,0.300614,0.482973,0.472159,0.26225
0.314393,0.292211,0.455324,0.488449,0.364956,0.605604,0.224037,0.537487,0.109146,0.384912,0.548767,0.39033,0.633003,0.235036,0.496678,0.224117,0.678964,0.875356,0.626881,0.993883,0.688152,0.888982,0.891878,0.880803,0.743296,0.785441,0,0,0,0,0.288361,0.316776,0.360374,0.207772,0.294493,0.472081,0.47065,0.262255
0.319004,0.289553,0.455326,0.488434,0.369553,0.605609,0.227093,0.537475,0.115269,0.387635,0.544171,0.387608,0.625348,0.2323,0.495157,0.226838,0.680497,0.872629,0.628416,0.962548,0.705001,0.869909,0.891877,0.867182,0.740235,0.788158,0,0,0,0,0.291405,0.319515,0.361895,0.210508,0.300619,0.477542,0.472167,0.262243
0.322047,0.294949,0.456854,0.488416,0.372617,0.608324,0.228628,0.53476,0.118329,0.387633,0.542638,0.38216,0.623824,0.218656,0.502799,0.221396,0.680495,0.886246,0.628415,0.989797,0.703469,0.86173,0.890348,0.869908,0.73564,0.79361,0.672836,0.992522,0.916387,0.878077,0.292941,0.322241,0.363443,0.213231,0.294487,0.466656,0.472178,0.26229
0.323615,0.294955,0.458387,0.485717,0.374141,0.608334,0.233215,0.529309,0.122924,0.384876,0.545695,0.36855,0.603912,0.210499,0.513529,0.210516,0.678966,0.875356,0.628413,0.959824,0.7096,0.845368,0,0,0.732576,0.788158,0.680493,0.883531,0,0,0.297538,0.327667,0.368016,0.215931,0.296028,0.466622,0.47524,0.265001
0.325119,0.297715,0.455329,0.488436,0.375669,0.611039,0.237817,0.532036,0.124465,0.384903,0.536508,0.382159,0.599317,0.221398,0.501277,0.207774,0.685088,0.878082,0.636072,0.987073,0,0,0,0,0.737171,0.790886,0.680495,0.872631,0.922513,0.883531,0.297543,0.33314,0.36954,0.221383,0.299091,0.472073,0.47675,0.267697
0.325114,0.314036,0.456852,0.488427,0.375672,0.608313,0.242415,0.537487,0.126009,0.390355,0.53957,0.382159,0.591651,0.243205,0.498218,0.210514,0.683558,0.880808,0.629947,0.962549,0,0,0,0,0.734109,0.793609,0.695812,0.872632,0,0,0.297553,0.338619,0.369529,0.226859,0.29909,0.469363,0.475223,0.265003
0.323592,0.316768,0.455323,0.488444,0.375678,0.605607,0.245472,0.542918,0.130582,0.393077,0.533442,0.384883,0.591652,0.248654,0.498209,0.213231,0.683559,0.878078,0.628417,0.954376,0,0,0,0,0.735639,0.790888,0.691218,0.86446,0,0,0.297542,0.346744,0.366473,0.232291,0.303683,0.482969,0,0
0.322068,0.327655,0.453798,0.491165,0.377207,0.602879,0.245472,0.542934,0.130592,0.395809,0.530388,0.387609,0.58859,0.270446,0.496684,0.218682,0.678964,0.87808,0.62688,0.993884,0,0,0,0,0.731045,0.790887,0.672837,0.864461,0,0,0.296021,0.352198,0.361912,0.237762,0.296025,0.472079,0.470656,0.270453
0.323573,0.327688,0.450738,0.493892,0.374143,0.608328,0.245467,0.542942,0.130598,0.398516,0.530386,0.390334,0.591653,0.27863,0.498217,0.213235,0.675897,0.864461,0.622286,0.948923,0,0,0,0,0.72645,0.777266,0.66824,0.872629,0.92711,0.88898,0.296016,0.354938,0.361892,0.240476,0.297552,0.477539,0.469117,0.267739
0.323572,0.327662,0.452261,0.488433,0.375669,0.605597,0.245474,0.545637,0.132125,0.398521,0.528852,0.387603,0.594721,0.300418,0.50587,0.226842,0.675896,0.861728,0.622288,0.951649,0.705004,0.842658,0.922512,0.902605,0.727976,0.771809,0.662114,0.878078,0.931706,0.880801,0.296029,0.354935,0.361916,0.24319,0.300608,0.477536,0.470647,0.273155
0.323576,0.32767,0.455318,0.488438,0.377201,0.605607,0.245486,0.545652,0.133656,0.398524,0.528856,0.387606,0.596245,0.303145,0.50434,0.221403,0.677428,0.864459,0.62535,0.951655,0.708064,0.842658,0,0,0.729508,0.769087,0.663646,0.875359,0.930171,0.880806,0.296031,0.354935,0.361906,0.245883,0.300613,0.477542,0.470634,0.270468
0.323607,0.32494,0.455318,0.488425,0.378738,0.602866,0.247014,0.542927,0.136727,0.398521,0.530379,0.384893,0.596242,0.303142,0.505869,0.224111,0.680497,0.867177,0.628412,0.954373,0,0,0,0,0.73104,0.774539,0.671304,0.867175,0.916387,0.875357,0.297551,0.354902,0.363426,0.243207,0.30062,0.47481,0.470629,0.270428
0.326647,0.3304,0.453796,0.488418,0.378744,0.600157,0.25007,0.542941,0.13979,0.401236,0.528844,0.384883,0.596258,0.303161,0.505874,0.226846,0.678965,0.853563,0.626882,0.946205,0,0,0,0,0.731041,0.760909,0.677433,0.869903,0.927109,0.872629,0.299099,0.354922,0.366476,0.243216,0.302148,0.474805,0.469119,0.267714
0.331245,0.33038,0.459913,0.488427,0.383338,0.600145,0.254667,0.545654,0.142847,0.403963,0.531921,0.387616,0.600833,0.308602,0.510475,0.235017,0.682024,0.861732,0.628412,0.967999,0,0,0,0,0.734107,0.763637,0.686621,0.883531,0.922513,0.867186,0.303677,0.354906,0.372578,0.245924,0.305207,0.474813,0.475223,0.275881
0.334314,0.330409,0.462983,0.485725,0.387933,0.597418,0.257729,0.548366,0.145913,0.409406,0.53957,0.382163,0.602382,0.308608,0.513529,0.235024,0.685091,0.853559,0.631478,0.94893,0,0,0,0,0.738704,0.755471,0.700407,0.878084,0.931704,0.869909,0.306738,0.357604,0.372602,0.2486,0.309818,0.480239,0.475254,0.275922
0.337393,0.31952,0.459921,0.488426,0.387929,0.594698,0.259268,0.548381,0.145903,0.406689,0.530386,0.384898,0.616166,0.314054,0.52731,0.240488,0.695811,0.845387,0.642204,0.938027,0.717262,0.856291,0.916386,0.878082,0.746362,0.747287,0.709597,0.899877,0.930173,0.872634,0.309822,0.349481,0.374167,0.243227,0.311341,0.474803,0.478292,0.278648
0.338902,0.322238,0.461462,0.488427,0.386391,0.597433,0.260789,0.551113,0.142864,0.406674,0.536513,0.384897,0.623828,0.319507,0.528856,0.245941,0.68509,0.848114,0.636073,0.940743,0.724913,0.869907,0.924045,0.861733,0.73564,0.752744,0.708067,0.987072,0.93017,0.875353,0.311314,0.352172,0.375662,0.24589,0.312861,0.477534,0.476765,0.278619
0.34349,0.338569,0.461461,0.485693,0.386397,0.597417,0.260793,0.556551,0.14438,0.41488,0.536505,0.382168,0.642195,0.341322,0.538043,0.245944,0.686622,0.848111,0.642203,0.935304,0.752488,0.940749,0.888816,0.859005,0.735639,0.755468,0.717259,0.993884,0.905664,0.869907,0.31136,0.357635,0.377211,0.248614,0.312869,0.472074,0.476773,0.284043
0.341966,0.330398,0.462992,0.488434,0.387926,0.602871,0.262322,0.559286,0.14286,0.420324,0.539571,0.382176,0.655991,0.35219,0.553348,0.251399,0.70041,0.848104,0.652918,0.935304,0.763211,0.962549,0.896473,0.875354,0.749424,0.752747,0.738703,0.993885,0,0,0.312879,0.357659,0.378752,0.248665,0.319005,0.488417,0.478285,0.28953
0.341993,0.33313,0.472172,0.50206,0.390993,0.611047,0.262325,0.570191,0.144372,0.428489,0.5503,0.398507,0.674361,0.390351,0.571746,0.270425,0.688153,0.880807,0.639135,0.959822,0,0,0,0,0.741763,0.804511,0.769336,0.993885,0,0,0.314403,0.363127,0.381799,0.254087,0.322068,0.49933,0.479842,0.294976
0.345045,0.33858,0.473701,0.512964,0.390989,0.613773,0.263856,0.572911,0.144391,0.431192,0.557955,0.406684,0.680504,0.423045,0.582466,0.281357,0.692749,0.886253,0.645262,0.987072,0,0,0,0,0.747892,0.815408,0.795377,0.993885,0,0,0.317458,0.365855,0.383342,0.256835,0.322055,0.493885,0.482908,0.305883
0.352703,0.341327,0.473707,0.523843,0.39405,0.627406,0.26385,0.57562,0.145907,0.436647,0.557952,0.412151,0.685087,0.406706,0.580922,0.297701,0.692748,0.888981,0.640668,0.987072,0,0,0,0,0.754019,0.818134,0.784654,0.993885,0,0,0.322071,0.374004,0.387936,0.264979,0.320532,0.496613,0.484446,0.305866
0.354224,0.344035,0.473704,0.521134,0.392524,0.630112,0.263854,0.575628,0.144375,0.436687,0.557951,0.406705,0.683548,0.401228,0.556418,0.286814,0.694278,0.888976,0.642199,0.965276,0,0,0,0,0.752487,0.812684,0.773934,0.993885,0,0,0.323562,0.376733,0.389466,0.267736,0.319005,0.493904,0.484431,0.308567
0.354235,0.354903,0.475227,0.523835,0.397111,0.632845,0.260792,0.578369,0.145901,0.444821,0.554888,0.40669,0.677432,0.390322,0.554889,0.297678,0.697343,0.883533,0.649859,0.959825,0,0,0,0,0.749422,0.812688,0.760148,0.992521,0,0,0.323587,0.382198,0.389459,0.275894,0.319002,0.499345,0.482897,0.3086
0.352705,0.354937,0.475233,0.52658,0.398649,0.64103,0.260799,0.583812,0.142854,0.444859,0.554889,0.409424,0.677418,0.384882,0.545697,0.294993,0.686622,0.888974,0.639139,0.970725,0,0,0,0,0.740232,0.807243,0.73717,0.993884,0,0,0.322077,0.387609,0.387935,0.278608,0.320528,0.510239,0.48288,0.311322
0.354223,0.368526,0.472176,0.529318,0.395593,0.646474,0.25773,0.594688,0.142839,0.453018,0.548771,0.412145,0.666707,0.376711,0.516598,0.297707,0.688152,0.859004,0.634541,0.946196,0.705002,0.968,0,0,0.737173,0.760921,0.677431,0.989796,0,0,0.320515,0.398544,0.386377,0.286773,0.317458,0.518419,0.478312,0.31405
0.35423,0.373994,0.472172,0.532015,0.397117,0.649184,0.256202,0.602865,0.141333,0.458449,0.548756,0.414861,0.665182,0.376706,0.519664,0.303155,0.692751,0.859012,0.640667,0.940753,0,0,0,0,0.747892,0.760908,0,0,0,0,0.318999,0.401283,0.384852,0.28954,0.315949,0.523848,0.478312,0.316768
0.351165,0.379457,0.467575,0.542917,0.389465,0.65736,0.257721,0.608317,0.139797,0.466609,0.54571,0.428484,0.662123,0.368532,0.518126,0.31133,0.698875,0.88898,0.643733,0.976175,0,0,0,0,0.755548,0.796332,0,0,0,0,0.317456,0.406682,0.38181,0.294963,0.311357,0.518415,0.47678,0.322226
0.348109,0.37946,0.467574,0.540206,0.389456,0.657367,0.257736,0.611053,0.139776,0.46937,0.545699,0.425781,0.662109,0.368519,0.521194,0.316761,0.697346,0.888986,0.645263,0.984348,0,0,0,0,0.754022,0.79089,0,0,0,0,0.315925,0.40942,0.380275,0.297674,0.312854,0.523866,0.475249,0.324928
0.348099,0.393056,0.469117,0.548368,0.389466,0.66284,0.25772,0.616516,0.141307,0.480264,0.547235,0.431191,0.662103,0.365806,0.508944,0.333132,0.706531,0.924399,0.651388,0.992522,0,0,0,0,0.761681,0.818135,0,0,0,0,0.314421,0.423,0.377227,0.305864,0.314396,0.537479,0.476752,0.333133
0.348087,0.39309,0.472175,0.548387,0.390998,0.665549,0.247014,0.616516,0.141318,0.48572,0.548762,0.43123,0.660592,0.365804,0.50588,0.338569,0.697346,0.9026,0.646798,0.993885,0,0,0,0,0.754018,0.804516,0,0,0,0,0.314405,0.423054,0.377206,0.30858,0.314408,0.542935,0.476758,0.335826
0.348107,0.393091,0.473717,0.548398,0.392529,0.665563,0.254665,0.632844,0.142836,0.499322,0.553366,0.436654,0.660583,0.365833,0.510467,0.341267,0.705004,0.908056,0.651392,0.992525,0,0,0,0,0.761682,0.804513,0,0,0,0,0.315929,0.425797,0.380261,0.311356,0.314398,0.542948,0.478299,0.338593
0.352691,0.401267,0.47524,0.556545,0.398643,0.668284,0.257727,0.638323,0.142834,0.502046,0.554889,0.439379,0.663638,0.371266,0.508931,0.341302,0.703473,0.908054,0.651388,0.993887,0,0,0,0,0.761679,0.807236,0,0,0,0,0.317482,0.425811,0.381813,0.311348,0.312892,0.542933,0.478304,0.338604
0.354229,0.382178,0.476769,0.551121,0.397123,0.668266,0.259271,0.643732,0.14438,0.510218,0.557946,0.436692,0.668247,0.379451,0.515064,0.341309,0.708066,0.902597,0.655982,0.989799,0,0,0,0,0.763212,0.804518,0,0,0,0,0.322072,0.42306,0.38794,0.308599,0.320533,0.540216,0.482899,0.338612
0.360364,0.387627,0.478294,0.551085,0.39865,0.662835,0.260801,0.641033,0.147433,0.512965,0.559493,0.436652,0.671301,0.382179,0.515061,0.341284,0.708072,0.90533,0.655981,0.993887,0,0,0,0,0.766274,0.812681,0,0,0,0,0.325107,0.417603,0.391003,0.305892,0.315945,0.532041,0.484442,0.335809
0.364958,0.37125,0.479837,0.545636,0.400179,0.662805,0.257736,0.643734,0.147445,0.512933,0.559497,0.433929,0.677438,0.387611,0.53038,0.335847,0.706535,0.908052,0.65445,0.993889,0,0,0,0,0.76168,0.820864,0,0,0,0,0.326652,0.401221,0.39558,0.294945,0.322058,0.529328,0.490561,0.333089
0.371064,0.365804,0.478296,0.545632,0.398655,0.662815,0.256204,0.641042,0.147449,0.510245,0.559483,0.431238,0.680501,0.3849,0.527311,0.333129,0.709595,0.910776,0.657515,0.993888,0,0,0,0,0.76474,0.823583,0,0,0,0,0.3282,0.387649,0.398642,0.286786,0.322062,0.523841,0.492086,0.324925
0.372626,0.344018,0.478297,0.537489,0.395587,0.657362,0.254663,0.641032,0.147441,0.502065,0.561026,0.431191,0.682019,0.384874,0.531914,0.327678,0.703474,0.916228,0.651388,0.993889,0,0,0,0,0.758619,0.829031,0,0,0,0,0.33583,0.371278,0.404783,0.273129,0.323592,0.515668,0.492097,0.314075
0.375683,0.335855,0.479842,0.537478,0.400175,0.654647,0.257714,0.643737,0.152032,0.504776,0.562543,0.431207,0.685092,0.384888,0.539575,0.324941,0.704998,0.905333,0.654455,0.993888,0,0,0,0,0.758616,0.815413,0,0,0,0,0.337387,0.363074,0.409381,0.26769,0.326666,0.518396,0.496688,0.31681
0.380281,0.311293,0.479838,0.534751,0.398654,0.65463,0.335844,0.662823,0,0,0.562552,0.428505,0.689677,0.382187,0.544172,0.316759,0.708069,0.908052,0.66058,0.993886,0,0,0,0,0.763212,0.818136,0,0,0,0,0.343489,0.344055,0.417043,0.251438,0.33278,0.507518,0.502798,0.316775
0.386389,0.30042,0.481355,0.532028,0.398642,0.651913,0.256184,0.638277,0.15969,0.49117,0.56255,0.428502,0.689687,0.382189,0.544165,0.31405,0.715724,0.897158,0.669769,0.992521,0,0,0,0,0.775463,0.804505,0,0,0,0,0.346563,0.335854,0.421618,0.251333,0.337382,0.510217,0.50587,0.31406
0.397112,0.284067,0.481361,0.523865,0.397124,0.643762,0.248529,0.630137,0.159699,0.485711,0.564081,0.42303,0.691213,0.379423,0.545699,0.311337,0.718788,0.899873,0.668242,0.987077,0,0,0,0,0.780061,0.804513,0,0,0,0,0.352697,0.319487,0.426217,0.243191,0.338906,0.491164,0.507398,0.305851
0.400178,0.275875,0.482899,0.523842,0.398652,0.641017,0.248544,0.632829,0.162762,0.47208,0.565606,0.423044,0.691219,0.379435,0.550291,0.31133,0.71879,0.899883,0.668242,0.987075,0,0,0,0,0.781587,0.809961,0,0,0,0,0.357281,0.311356,0.430827,0.237745,0.340436,0.491144,0.507401,0.29771
0.407832,0.262288,0.481374,0.529311,0.400178,0.649206,0.257739,0.638328,0.185736,0.488409,0.559492,0.428485,0.691209,0.382153,0.528846,0.316764,0.724915,0.924401,0.672833,0.989801,0,0,0,0,0.783122,0.831756,0,0,0,0,0.360381,0.305862,0.438493,0.235042,0.343495,0.496588,0.50741,0.297686
0.410898,0.262256,0.482889,0.529324,0.400183,0.649209,0.254652,0.641024,0.193388,0.488441,0.559493,0.428509,0.691208,0.382174,0.527329,0.324952,0.721851,0.924402,0.671303,0.989798,0,0,0,0,0.778527,0.831757,0,0,0,0,0.361895,0.303169,0.443059,0.235022,0.340456,0.488467,0.505874,0.297695
0.417039,0.259578,0.481362,0.53475,0.401715,0.657367,0.260802,0.643759,0.208722,0.485694,0.557963,0.431206,0.692737,0.384907,0.52886,0.333111,0.726443,0.929855,0.675897,0.992525,0,0,0,0,0.781587,0.834481,0,0,0,0,0.368011,0.30315,0.446154,0.24321,0.340436,0.493869,0.510464,0.297713
0.421615,0.264999,0.481359,0.537483,0.401713,0.66009,0.2562,0.638312,0.22402,0.485713,0.559478,0.431233,0.691227,0.3876,0.528843,0.335843,0.727976,0.938027,0.675901,0.993885,0,0,0,0,0.783128,0.845375,0,0,0,0,0.371072,0.305846,0.447692,0.248616,0.337382,0.491169,0.510472,0.295012
0.42623,0.270449,0.482903,0.545655,0.400188,0.66282,0.251603,0.635567,0.239352,0.477526,0.561025,0.439386,0.691216,0.393041,0.539566,0.341257,0.727977,0.943481,0.678961,0.993888,0,0,0,0,0.784658,0.850834,0,0,0,0,0.374151,0.308589,0.458366,0.251421,0.343504,0.510239,0.511993,0.303167
0.426231,0.275892,0.482902,0.548384,0.401714,0.662818,0.251602,0.643764,0.242406,0.491149,0.561022,0.442106,0.689691,0.393085,0.541099,0.341309,0.729509,0.940755,0.680497,0.993886,0,0,0,0,0.783128,0.848101,0,0,0,0,0.375679,0.311323,0.458368,0.262277,0.345048,0.512923,0.512008,0.30858
0.430821,0.281323,0.49055,0.553828,0.407842,0.668255,0.254664,0.649211,0.253129,0.512958,0.564079,0.447575,0.69274,0.398534,0.541094,0.349484,0.738702,0.946202,0.692748,0.995249,0,0,0,0,0.793846,0.853559,0,0,0,0,0.375692,0.314097,0.459955,0.267737,0.345053,0.521098,0.51812,0.314082
