0.783033,0.228105,0.684001,0.345988,0.476091,0.332273,0.472766,0.340465,0,0,0.852323,0.356937,0.994241,0.35693,0,0,0.717014,0.92145,0.584998,0.924188,0,0,0,0,0.845715,0.913227,0,0,0,0,0.720297,0.197972,0.802783,0.192518,0.459609,0.244594,0,0
0.783032,0.228138,0.720312,0.351448,0.710404,0.351449,0.469463,0.340516,0.621298,0.598069,0.872122,0.362412,0,0,0,0,0,0,0,0,0,0,0,0,0,0,0,0,0,0,0.723657,0.195248,0.802779,0.200732,0.459632,0.244594,0,0
0.796194,0.225416,0.664219,0.318612,0.476084,0.315878,0.476101,0.351461,0.637796,0.548779,0.835828,0.337729,0.994262,0.252828,0.99427,0.244578,0.693904,0.877603,0.558601,0.874863,0,0,0,0,0.822609,0.888567,0,0,0,0,0.723588,0.189823,0.806078,0.189783,0.462875,0.23091,0,0
0.806101,0.233603,0.571789,0.472039,0.175754,0.535063,0,0,0,0,0.845734,0.376137,0.938169,0.211682,0.994261,0.0500219,0,0,0,0,0,0,0,0,0,0,0,0,0,0,0.736805,0.195271,0.812692,0.19526,0.462917,0.236392,0,0
0.819287,0.26922,0.70382,0.373375,0.535497,0.373386,0.51899,0.170591,0.578407,0.0171476,0.832521,0.365156,0.928267,0.230887,0.99428,0.0609687,0,0,0,0,0,0,0,0,0,0,0,0,0,0,0.759937,0.206171,0.8094,0.19526,0.588304,0.187018,0,0
0.809447,0.266481,0.697195,0.387077,0.522282,0.376118,0.462881,0.197995,0,0,0.83582,0.367911,0.915071,0.228113,0.994253,0.0555606,0,0,0,0,0,0,0,0,0,0,0,0,0,0,0.753356,0.211673,0.8127,0.206207,0.558606,0.178808,0,0
0.806137,0.266514,0.670801,0.378857,0.485989,0.370633,0.456264,0.203488,0.419993,0.0171585,0.832523,0.378868,0.911684,0.236376,0,0,0,0,0,0,0,0,0,0,0,0,0,0,0,0,0.73355,0.208973,0.806112,0.198004,0.5355,0.192508,0.882027,0.162379
0.769817,0.258268,0.654297,0.387075,0.45629,0.387092,0.406757,0.19252,0.34738,0.0226279,0.822609,0.381601,0,0,0,0,0,0,0,0,0,0,0,0,0,0,0,0,0,0,0.697242,0.214421,0.766493,0.203465,0.485999,0.214433,0.832518,0.195258
0.726942,0.23366,0.637821,0.384339,0.456274,0.395313,0.370484,0.189772,0.327569,0.0281049,0.809433,0.370625,0.878723,0.230896,0,0,0,0,0,0,0,0,0,0,0,0,0,0,0,0,0.66092,0.206242,0.749959,0.203434,0.479362,0.222647,0.829226,0.178819
0.677434,0.230848,0.621297,0.395315,0.443077,0.414485,0.320961,0.178819,0,0,0.786328,0.37613,0.858936,0.236369,0.881991,0.07191,0,0,0,0,0,0,0,0,0,0,0,0,0,0,0.614684,0.20898,0.710384,0.192529,0.439785,0.241846,0.766511,0.197996
0.64771,0.233613,0.598185,0.398046,0.419991,0.411753,0,0,0,0,0.773128,0.381607,0.84576,0.241833,0.872164,0.0746948,0,0,0,0,0,0,0,0,0,0,0,0,0,0,0.581674,0.214428,0.693919,0.195277,0.423278,0.241853,0.759916,0.181554
0.594852,0.250036,0.585003,0.430935,0.419992,0.450114,0.301175,0.266498,0.215363,0.0637374,0.756599,0.395314,0.812718,0.241826,0.832564,0.0829182,0,0,0,0,0,0,0,0,0,0,0,0,0,0,0.535483,0.225383,0.644387,0.211707,0.410055,0.27472,0.726929,0.219919
0.571836,0.250032,0.575103,0.43642,0.403466,0.441886,0.291278,0.291161,0.198858,0.0829162,0.750006,0.409012,0.806098,0.225407,0.809468,0.0883714,0,0,0,0,0,0,0,0,0,0,0,0,0,0,0.512379,0.228159,0.624554,0.214428,0.403453,0.282946,0.703817,0.228123
0.538826,0.252767,0.568513,0.436408,0.40018,0.461066,0.261559,0.291165,0.179071,0.107573,0.736784,0.403514,0.776423,0.252827,0.792904,0.0993362,0,0,0,0,0,0,0,0,0,0,0,0,0,0,0.476111,0.233661,0.588261,0.217158,0.386977,0.296637,0.69393,0.247341
0.532165,0.250091,0.555272,0.436414,0.383664,0.447385,0.251659,0.28843,0.172443,0.107595,0.72362,0.400791,0.769837,0.250065,0.779686,0.0993691,0,0,0,0,0,0,0,0,0,0,0,0,0,0,0.469479,0.233629,0.578389,0.219918,0.383668,0.299384,0.69057,0.250064
0.538749,0.247326,0.555286,0.436415,0.383675,0.450117,0.254959,0.288445,0.182338,0.115782,0.720301,0.403536,0.763237,0.250052,0.766547,0.104823,0.70381,0.935145,0.535492,0.946109,0,0,0,0,0.868821,0.907747,0,0,0,0,0.476083,0.236347,0.581677,0.211706,0.396866,0.302121,0.677414,0.247323
0.555271,0.247338,0.555308,0.43365,0.390292,0.44463,0.261558,0.28568,0.192276,0.107575,0.717,0.403512,0.763202,0.244582,0.766547,0.107553,0.71701,0.926926,0,0,0,0,0,0,0.915028,0.896781,0,0,0,0,0.486004,0.233645,0.591569,0.211689,0.396861,0.296653,0.66421,0.228133
0.617991,0.255544,0.565205,0.433679,0.410049,0.436419,0.291288,0.285701,0.231832,0.102094,0.72691,0.428173,0.763237,0.280215,0,0,0,0,0,0,0,0,0,0,0,0,0,0,0,0,0.555272,0.230895,0.644441,0.214461,0.42657,0.271974,0.693911,0.236369
0.657633,0.258307,0.578399,0.433675,0.419971,0.439143,0.297889,0.274712,0.248362,0.0965793,0.740091,0.425439,0.776404,0.271985,0.779702,0.129468,0,0,0,0,0,0,0,0,0,0,0,0,0,0,0.591654,0.230893,0.677443,0.217187,0.462899,0.263753,0.710407,0.225401
0.723636,0.280178,0.624594,0.447377,0.449668,0.430927,0.314378,0.271972,0.278056,0.0883744,0.763213,0.463816,0.806082,0.261028,0.802778,0.137708,0,0,0,0,0,0,0,0,0,0,0,0,0,0,0.660873,0.236384,0.733494,0.230881,0.479373,0.280208,0.799516,0.236363
0.746723,0.285678,0.624603,0.452851,0.449676,0.417221,0.324285,0.266498,0.291257,0.0829177,0.776412,0.485733,0,0,0,0,0,0,0,0,0,0,0,0,0,0,0,0,0,0,0.687323,0.241861,0.750032,0.236359,0.528867,0.263774,0.819313,0.187036
0.766521,0.285719,0.624606,0.458315,0.446378,0.425443,0.340774,0.269247,0.304454,0.0774663,0.769814,0.49396,0.36057,0.35146,0.311065,0.0911269,0,0,0,0,0,0,0,0,0,0,0,0,0,0,0.703856,0.250063,0.763197,0.247333,0.4827,0.293883,0.812719,0.263763
0.769832,0.291145,0.631225,0.455604,0.443069,0.419961,0.340736,0.271999,0.304402,0.0801945,0.776406,0.499441,0.357272,0.356936,0.311068,0.115791,0,0,0,0,0,0,0,0,0,0,0,0,0,0,0.713699,0.252769,0.759902,0.252782,0.476089,0.293895,0.802819,0.266505
0.756652,0.293935,0.654308,0.466559,0.436467,0.433689,0.327606,0.274755,0.294576,0.0993306,0.994238,0.556982,0,0,0,0,0,0,0,0,0,0,0,0,0,0,0,0,0,0,0.700566,0.255514,0.746732,0.25553,0.489297,0.299412,0.796217,0.258287
0.759897,0.296684,0.637808,0.463819,0.44309,0.433693,0.327533,0.288404,0.29125,0.107574,0.786316,0.524104,0.406779,0.409005,0.301163,0.137712,0,0,0,0,0,0,0,0,0,0,0,0,0,0,0.703787,0.258326,0.749993,0.258305,0.479385,0.307598,0.806122,0.269247
0.753299,0.29669,0.604798,0.458334,0.416682,0.428215,0.317692,0.285671,0.291257,0.110318,0.746726,0.496694,0.802775,0.277471,0.799503,0.167844,0,0,0,0,0,0,0,0,0,0,0,0,0,0,0.700497,0.263741,0.746724,0.263779,0.462925,0.31309,0.75331,0.274725
0.753334,0.296669,0.624594,0.463796,0.413406,0.430936,0.314358,0.282977,0.29125,0.107595,0.756629,0.510396,0.802883,0.228146,0.792909,0.165115,0,0,0,0,0,0,0,0,0,0,0,0,0,0,0.697217,0.263744,0.7434,0.261035,0.459557,0.315834,0.773115,0.269246
0.743413,0.293892,0.621283,0.458318,0.413413,0.430909,0.31107,0.280187,0.291261,0.107562,0.733531,0.463814,0.796193,0.252817,0.786312,0.165147,0,0,0,0,0,0,0,0,0,0,0,0,0,0,0.690564,0.25833,0.730227,0.258293,0.452986,0.318555,0.779716,0.266513
0.743407,0.291194,0.624612,0.458319,0.410068,0.433648,0.307777,0.277489,0.284639,0.107565,0.743414,0.461064,0.786316,0.282948,0.783032,0.167866,0,0,0,0,0,0,0,0,0,0,0,0,0,0,0.690565,0.258297,0.726934,0.255568,0.449691,0.318547,0.759913,0.271991
0.736823,0.280253,0.594904,0.450118,0.387006,0.430923,0.304503,0.277491,0.287985,0.104829,0.941433,0.56246,0,0,0,0,0,0,0,0,0,0,0,0,0,0,0,0,0,0,0.683997,0.255525,0.723604,0.255527,0.449681,0.313073,0.753307,0.274725
0.733549,0.28026,0.598202,0.452852,0.386984,0.428218,0.304421,0.272004,0.287991,0.0993187,0.994238,0.578901,0,0,0,0,0,0,0,0,0,0,0,0,0,0,0,0,0,0,0.674083,0.252886,0.717017,0.25283,0.446366,0.313105,0.74341,0.274729
0.730169,0.277461,0.581695,0.444622,0.383688,0.430967,0.301156,0.271971,0.284642,0.0829242,0.99259,0.570682,0,0,0,0,0,0,0,0,0,0,0,0,0,0,0,0,0,0,0.677382,0.252796,0.710391,0.252837,0.443042,0.310339,0.73351,0.271983
0.713672,0.271969,0.627894,0.452851,0.367177,0.419977,0.281337,0.266527,0.278036,0.0801713,0.70379,0.441893,0.756601,0.291188,0.776353,0.159613,0,0,0,0,0,0,0,0,0,0,0,0,0,0,0.654291,0.247348,0.697242,0.247318,0.433166,0.302107,0,0
0.703768,0.271956,0.584998,0.433651,0.36391,0.419971,0.278057,0.26104,0.297893,0.0774162,0.697204,0.430929,0.753344,0.285699,0.769858,0.151421,0,0,0,0,0,0,0,0,0,0,0,0,0,0,0.627915,0.236394,0.697147,0.239122,0.429851,0.299353,0,0
0.703793,0.261012,0.571798,0.428181,0.363891,0.40899,0.278104,0.258297,0.304407,0.0801828,0.697188,0.433653,0.753343,0.282946,0.773047,0.148653,0,0,0,0,0,0,0,0,0,0,0,0,0,0,0.637784,0.233612,0.697157,0.230907,0.426593,0.296639,0,0
0.70381,0.258341,0.634502,0.46381,0.357228,0.39804,0.278068,0.255528,0.327544,0.0965898,0,0,0,0,0,0,0,0,0,0,0,0,0,0,0,0,0,0,0,0,0.624578,0.228152,0.693922,0.22269,0.429907,0.293903,0,0
0.697271,0.274771,0.591596,0.436419,0.42988,0.447364,0.268138,0.266529,0.334118,0.140435,0,0,0,0,0,0,0,0,0,0,0,0,0,0,0,0,0,0,0,0,0.617979,0.239137,0.687317,0.241836,0.419963,0.299386,0,0
0.69722,0.280221,0.591581,0.441898,0.436481,0.447367,0.261591,0.271953,0.334139,0.143234,0.684017,0.42544,0,0,0,0,0,0,0,0,0,0,0,0,0,0,0,0,0,0,0.618,0.247312,0.690562,0.247298,0.419991,0.302099,0,0
0.700453,0.288399,0.6015,0.444627,0.449673,0.436432,0.261541,0.271948,0.334125,0.15142,0.687319,0.430942,0.759925,0.343286,0,0,0,0,0,0,0,0,0,0,0,0,0,0,0,0,0.617989,0.252862,0.683978,0.252751,0.42656,0.299445,0,0
0.700563,0.282986,0.617994,0.439161,0.429872,0.441891,0.261571,0.271991,0.334189,0.159596,0.992591,0.581638,0,0,0,0,0,0,0,0,0,0,0,0,0,0,0,0,0,0,0.624597,0.252771,0.687301,0.255537,0.426567,0.302113,0.717006,0.274723
0.70384,0.285738,0.591602,0.4419,0.443087,0.441898,0.261521,0.274758,0.334208,0.162396,0.690622,0.441891,0.756606,0.348715,0.799516,0.195282,0,0,0,0,0,0,0,0,0,0,0,0,0,0,0.637799,0.258262,0,0,0.429904,0.307592,0,0
0.703857,0.291158,0.59158,0.450116,0.433187,0.4419,0.26158,0.274763,0.334144,0.165083,0.964534,0.58164,0,0,0,0,0,0,0,0,0,0,0,0,0,0,0,0,0,0,0.621314,0.252852,0.690595,0.261028,0.433162,0.30217,0.717009,0.299394
0.703819,0.291205,0.591595,0.436425,0.456281,0.447364,0,0,0,0,0.674115,0.43916,0.753301,0.362429,0.799516,0.200746,0,0,0,0,0,0,0,0,0,0,0,0,0,0,0.62463,0.255559,0.680695,0.261037,0.433145,0.302182,0,0
0.697227,0.28301,0.568479,0.433679,0.452991,0.436406,0.251654,0.277483,0.327565,0.187004,0.654318,0.433691,0.746689,0.354204,0.779736,0.200729,0,0,0,0,0,0,0,0,0,0,0,0,0,0,0.627893,0.255554,0,0,0.429863,0.302126,0,0
0.697176,0.28027,0.578391,0.444628,0.462883,0.450117,0.245051,0.277482,0.314363,0.189801,0.657597,0.436411,0.746674,0.354172,0.776407,0.200706,0,0,0,0,0,0,0,0,0,0,0,0,0,0,0.631194,0.2556,0.677418,0.255535,0.426552,0.307577,0.713715,0.261023
0.690558,0.277515,0.578399,0.439167,0.469473,0.441904,0.235206,0.282929,0.301172,0.17882,0.651024,0.43368,0.733452,0.362421,0.76974,0.203454,0,0,0,0,0,0,0,0,0,0,0,0,0,0,0.614678,0.252837,0,0,0.413407,0.304862,0,0
0.66754,0.277503,0.568498,0.447378,0.42659,0.461072,0.208768,0.291181,0.274755,0.189788,0.644418,0.439145,0.713693,0.359691,0.746666,0.198009,0,0,0,0,0,0,0,0,0,0,0,0,0,0,0.601513,0.255566,0.644419,0.252779,0.40019,0.318569,0.697211,0.274725
0.664194,0.277539,0.571812,0.46382,0.443068,0.472027,0.202131,0.302125,0.258258,0.187042,0.647694,0.455599,0.707089,0.362384,0.74012,0.198007,0,0,0,0,0,0,0,0,0,0,0,0,0,0,0.588335,0.258288,0.641116,0.252753,0.40017,0.326782,0.6972,0.263762
0.654331,0.277542,0.558581,0.458327,0.42657,0.46381,0.195557,0.302149,0.248395,0.192525,0.6444,0.461059,0.703766,0.35694,0.733476,0.200709,0,0,0,0,0,0,0,0,0,0,0,0,0,0,0.58499,0.261023,0.634536,0.252823,0.390274,0.33228,0.697203,0.26377
0.654291,0.280218,0.571783,0.469296,0.433179,0.469292,0.192282,0.307582,0.248355,0.192523,0.647697,0.458337,0.703805,0.359678,0.730246,0.200753,0,0,0,0,0,0,0,0,0,0,0,0,0,0,0.575105,0.26649,0.631212,0.252827,0.400191,0.337759,0.697201,0.266509
0.654309,0.280284,0.575082,0.455597,0.443068,0.458323,0.192267,0.307641,0.258275,0.192546,0.855621,0.548768,0,0,0,0,0,0,0,0,0,0,0,0,0,0,0,0,0,0,0.575068,0.271957,0.631198,0.252813,0.396875,0.337772,0.69391,0.274723
0.654327,0.285712,0.581671,0.452856,0.446393,0.455597,0.188961,0.307606,0.258285,0.195289,0.86552,0.567946,0,0,0,0,0,0,0,0,0,0,0,0,0,0,0,0,0,0,0.571776,0.274761,0.631242,0.25283,0.393566,0.337731,0.693908,0.274727
0.664188,0.291158,0.578394,0.461074,0.459592,0.458336,0.192228,0.3049,0.264884,0.192538,0.855622,0.584383,0,0,0,0,0,0,0,0,0,0,0,0,0,0,0,0,0,0,0.578361,0.277437,0.641146,0.255529,0.410082,0.340458,0.693903,0.274731
0.670777,0.29939,0.584973,0.463805,0.443084,0.461078,0.198832,0.30212,0.294559,0.187041,0.657602,0.452843,0.72689,0.373393,0.756611,0.206221,0,0,0,0,0,0,0,0,0,0,0,0,0,0,0.581666,0.282976,0.650997,0.263748,0.416651,0.337742,0.697215,0.280208
0.674062,0.302148,0.591624,0.463812,0.44969,0.463799,0.198841,0.302126,0.297865,0.184299,0.875428,0.556985,0,0,0,0,0,0,0,0,0,0,0,0,0,0,0,0,0,0,0.584992,0.285687,0.654331,0.269252,0.413377,0.335023,0.697207,0.29117
0.677416,0.307614,0.588312,0.463806,0.449698,0.463825,0.198828,0.304841,0.297856,0.187016,0.882025,0.587128,0,0,0,0,0,0,0,0,0,0,0,0,0,0,0,0,0,0,0.588269,0.293892,0.654339,0.272022,0.416659,0.340531,0.700501,0.302133
0.677386,0.310365,0.59491,0.480268,0.472786,0.485727,0.195597,0.307611,0.304432,0.192526,0.924928,0.600828,0,0,0,0,0,0,0,0,0,0,0,0,0,0,0,0,0,0,0.588271,0.296646,0.657572,0.27473,0.416654,0.346002,0.700509,0.307611
0.674141,0.313114,0.59159,0.474772,0.449691,0.472037,0.195513,0.313105,0.301106,0.192507,0.987637,0.655634,0,0,0,0,0,0,0,0,0,0,0,0,0,0,0,0,0,0,0.591571,0.296703,0.654284,0.280198,0.41338,0.351454,0.700501,0.332275
0.674054,0.318594,0.594885,0.480265,0.479378,0.493956,0.195531,0.315852,0,0,0.992587,0.663853,0,0,0,0,0,0,0,0,0,0,0,0,0,0,0,0,0,0,0.585003,0.304897,0.657579,0.285729,0.406789,0.356949,0.697215,0.318578
0.677393,0.329571,0.591602,0.49396,0.449679,0.485743,0.188961,0.324051,0.301144,0.198001,0.941434,0.636455,0,0,0,0,0,0,0,0,0,0,0,0,0,0,0,0,0,0,0.59157,0.307594,0.657609,0.291195,0.403502,0.362392,0.697212,0.332275
0.674158,0.332281,0.591577,0.491223,0.429865,0.485724,0.192205,0.321313,0.304446,0.208981,0.938136,0.625487,0,0,0,0,0,0,0,0,0,0,0,0,0,0,0,0,0,0,0.588309,0.304899,0.654332,0.291197,0.403482,0.359668,0.697201,0.32954
0.674167,0.340433,0.585009,0.499451,0.406766,0.477521,0.188944,0.332292,0.307739,0.206231,0.674113,0.49669,0.743412,0.400798,0.707108,0.217186,0,0,0,0,0,0,0,0,0,0,0,0,0,0,0.581723,0.315871,0.654342,0.299434,0.406805,0.370639,0,0
0.680693,0.340424,0.581689,0.496703,0.413375,0.477512,0.182377,0.334984,0.304453,0.208977,0.677395,0.502185,0.746642,0.403495,0.710406,0.219948,0,0,0,0,0,0,0,0,0,0,0,0,0,0,0.59155,0.315837,0.657636,0.302145,0.406787,0.367909,0.700511,0.332276
0.680713,0.340493,0.58498,0.50219,0.436473,0.493945,0.182373,0.335016,0.301202,0.208955,0.674086,0.507668,0.74671,0.403502,0.713678,0.222648,0,0,0,0,0,0,0,0,0,0,0,0,0,0,0.591616,0.315867,0.657622,0.304895,0.400178,0.367907,0,0
0.684032,0.340454,0.588277,0.502183,0.429877,0.491205,0.185629,0.335002,0.301198,0.211708,0.677388,0.499439,0.746679,0.403563,0.713748,0.225431,0,0,0,0,0,0,0,0,0,0,0,0,0,0,0.598219,0.315779,0.660854,0.304897,0.403446,0.36244,0,0
0.690551,0.33776,0.525597,0.48847,0.350664,0.44735,0.172468,0.335007,0.307764,0.211702,0.657591,0.515894,0.746685,0.406237,0.716965,0.225424,0,0,0,0,0,0,0,0,0,0,0,0,0,0,0.611375,0.31036,0.66089,0.299413,0.403478,0.354176,0,0
0.687335,0.33774,0.522328,0.483001,0.334167,0.433698,0.169157,0.337709,0.301198,0.211682,0.657607,0.51862,0.746694,0.403516,0.717021,0.225425,0,0,0,0,0,0,0,0,0,0,0,0,0,0,0.611379,0.307603,0.664188,0.296659,0.406733,0.346029,0,0
0.683972,0.337778,0.518985,0.474773,0.334162,0.433677,0.165886,0.334989,0.301159,0.206209,0.650983,0.504921,0.743455,0.403517,0.707116,0.217169,0,0,0,0,0,0,0,0,0,0,0,0,0,0,0.598213,0.304887,0.657567,0.302095,0.406793,0.348702,0,0
0.684003,0.335006,0.518973,0.474755,0.330889,0.43092,0.165871,0.337691,0.297863,0.20898,0.644401,0.504932,0.746649,0.403526,0.707141,0.217212,0,0,0,0,0,0,0,0,0,0,0,0,0,0,0.601492,0.304837,0.6576,0.302126,0.406762,0.343284,0,0
0.683987,0.32952,0.502498,0.461087,0.327582,0.428162,0.162587,0.332266,0.294561,0.211688,0.6444,0.502189,0.743392,0.400766,0.713702,0.214416,0,0,0,0,0,0,0,0,0,0,0,0,0,0,0.594891,0.293877,0.647721,0.291176,0.403447,0.337734,0,0
0.680731,0.324073,0.515668,0.463814,0.324264,0.425422,0.159229,0.329561,0.284698,0.211708,0.647701,0.499427,0.743397,0.398039,0.707108,0.208915,0,0,0,0,0,0,0,0,0,0,0,0,0,0,0.591565,0.288413,0.641097,0.288445,0.400166,0.334989,0,0
0.677375,0.324044,0.495895,0.452849,0.317656,0.422679,0.14931,0.326814,0.274806,0.211718,0.647707,0.491251,0.743379,0.38985,0.707074,0.203442,0,0,0,0,0,0,0,0,0,0,0,0,0,0,0.594895,0.293888,0.637795,0.291165,0.387019,0.33773,0,0
0.670864,0.32405,0.518987,0.472037,0.307795,0.430917,0.142728,0.332255,0.278066,0.21169,0.654324,0.493972,0.736831,0.384359,0.70052,0.200733,0,0,0,0,0,0,0,0,0,0,0,0,0,0,0.591639,0.291205,0,0,0.380373,0.335015,0,0
0.667464,0.318612,0.5025,0.463823,0.311083,0.430921,0.1263,0.334972,0.264841,0.208962,0.651004,0.49393,0.730258,0.381605,0.690587,0.192491,0,0,0,0,0,0,0,0,0,0,0,0,0,0,0.601501,0.291146,0.63779,0.291146,0.373774,0.329533,0,0
0.657588,0.318563,0.518973,0.474772,0.301157,0.42819,0.11968,0.332257,0.25496,0.206244,0.654316,0.504932,0.726966,0.381547,0.687257,0.189847,0,0,0,0,0,0,0,0,0,0,0,0,0,0,0.581709,0.291158,0.631189,0.282984,0.367163,0.332259,0,0
0.647708,0.315871,0.495875,0.46379,0.30447,0.422705,0.113066,0.337726,0.251639,0.208992,0.651014,0.483001,0.717033,0.384326,0.674146,0.189774,0,0,0,0,0,0,0,0,0,0,0,0,0,0,0.571787,0.288409,0.624568,0.282955,0.360566,0.332282,0,0
0.647647,0.318526,0.476089,0.441902,0.287981,0.417221,0.109741,0.340471,0.241745,0.206228,0.631207,0.477515,0.713691,0.381605,0.670825,0.192539,0,0,0,0,0,0,0,0,0,0,0,0,0,0,0.571786,0.288432,0.624567,0.282937,0.360567,0.335004,0,0
0.634466,0.324039,0.4662,0.43916,0.291255,0.422701,0.109759,0.337798,0.238485,0.217181,0.621294,0.47751,0.707142,0.38155,0.664266,0.192492,0,0,0,0,0,0,0,0,0,0,0,0,0,0,0.535486,0.299408,0.617996,0.288434,0.353961,0.340466,0.690612,0.348713
0.627909,0.326821,0.462892,0.439152,0.287971,0.428175,0.109756,0.337734,0.241751,0.214428,0.627893,0.472042,0.710368,0.378825,0.660841,0.189819,0,0,0,0,0,0,0,0,0,0,0,0,0,0,0.535468,0.299353,0.617927,0.291128,0.353991,0.340438,0.687311,0.345978
0.621305,0.321327,0.47939,0.450095,0.294554,0.430948,0.106433,0.337755,0.202163,0.20622,0.634507,0.472065,0.707107,0.37882,0.64445,0.187053,0,0,0,0,0,0,0,0,0,0,0,0,0,0,0.525571,0.296652,0.608075,0.280238,0.340763,0.343223,0,0
0.61801,0.318606,0.472794,0.439157,0.30448,0.433677,0.106442,0.337764,0.205458,0.203489,0.647673,0.469261,0.707095,0.378882,0.637839,0.184327,0,0,0,0,0,0,0,0,0,0,0,0,0,0,0.512389,0.296621,0.598196,0.280184,0.314384,0.340467,0,0
0.608111,0.321315,0.48928,0.469296,0.307762,0.444629,0.116353,0.334979,0,0,0.631202,0.463806,0.707146,0.384327,0.63116,0.186973,0,0,0,0,0,0,0,0,0,0,0,0,0,0,0.495884,0.299406,0.591648,0.277494,0.320966,0.343236,0,0
0.614671,0.318617,0.515683,0.485725,0.317668,0.466555,0.122953,0.335015,0.24835,0.20898,0.641119,0.472035,0.716987,0.384375,0.627951,0.187059,0,0,0,0,0,0,0,0,0,0,0,0,0,0,0.492619,0.299401,0.591668,0.277469,0.320983,0.346004,0,0
0.617947,0.318531,0.485988,0.444618,0.311083,0.430956,0.126281,0.335,0,0,0.644373,0.466528,0.726953,0.387103,0.644365,0.211714,0,0,0,0,0,0,0,0,0,0,0,0,0,0,0.499176,0.299392,0.594921,0.277446,0.337459,0.343205,0,0
0.61799,0.318549,0.489307,0.450101,0.31437,0.436428,0.132851,0.335009,0.274767,0.21993,0.644388,0.463837,0.733513,0.392579,0.647689,0.225347,0,0,0,0,0,0,0,0,0,0,0,0,0,0,0.509076,0.299394,0.598202,0.272013,0.337457,0.340524,0,0
0.621341,0.321305,0.489282,0.439173,0.330886,0.439158,0.142764,0.335,0.24836,0.208939,0.6312,0.458358,0.743443,0.39804,0.654292,0.239135,0,0,0,0,0,0,0,0,0,0,0,0,0,0,0.515661,0.302109,0.61137,0.274701,0.340778,0.340492,0,0
0.621332,0.318534,0.48927,0.447359,0.337486,0.439162,0.146061,0.334987,0.245067,0.206202,0.627919,0.461093,0.746712,0.400825,0.657558,0.247256,0,0,0,0,0,0,0,0,0,0,0,0,0,0,0.518986,0.302104,0.614699,0.274719,0.347353,0.343283,0,0
0.627854,0.315837,0.509101,0.461049,0.330868,0.450122,0.149379,0.337756,0.307759,0.208955,0.654316,0.46383,0.753361,0.403536,0.657596,0.250109,0,0,0,0,0,0,0,0,0,0,0,0,0,0,0.525575,0.302117,0.621265,0.274739,0.360552,0.348753,0.670797,0.258285
0.631224,0.321336,0.50908,0.461097,0.334179,0.458323,0.152666,0.340491,0.347373,0.200751,0.657594,0.469273,0.756616,0.403609,0.66087,0.252794,0,0,0,0,0,0,0,0,0,0,0,0,0,0,0.535474,0.302148,0.621294,0.280229,0.357264,0.351439,0.674096,0.263771
0.627932,0.318575,0.519007,0.461051,0.340744,0.44738,0.155917,0.343267,0.344071,0.208969,0.660922,0.463813,0.763195,0.409042,0.660873,0.260989,0,0,0,0,0,0,0,0,0,0,0,0,0,0,0.532212,0.304905,0.624546,0.2775,0.367166,0.356918,0.667502,0.258289
0.627942,0.321344,0.509088,0.461048,0.324279,0.455598,0.152682,0.343267,0.238477,0.24183,0.664233,0.463782,0.763228,0.409009,0.657621,0.266506,0,0,0,0,0,0,0,0,0,0,0,0,0,0,0.532208,0.307631,0.624575,0.282958,0.340772,0.356908,0.667509,0.263768
0.627874,0.32131,0.49591,0.461102,0.317665,0.444638,0.146028,0.348723,0.248361,0.252805,0.654318,0.4693,0.766527,0.406356,0.651038,0.272017,0,0,0,0,0,0,0,0,0,0,0,0,0,0,0.519019,0.310332,0.624594,0.280205,0.340815,0.351493,0.647703,0.255547
0.627913,0.31861,0.485985,0.458345,0.314347,0.436415,0.142782,0.354212,0.235167,0.247332,0.657588,0.474768,0.766549,0.406304,0.647655,0.274822,0,0,0,0,0,0,0,0,0,0,0,0,0,0,0.552007,0.302154,0.627922,0.280198,0.363857,0.354171,0,0
0.624632,0.318572,0.509072,0.46108,0.350657,0.444649,0.13614,0.359665,0.271508,0.252832,0.65428,0.46383,0.769772,0.406226,0.627928,0.283009,0,0,0,0,0,0,0,0,0,0,0,0,0,0,0.558562,0.29939,0.624546,0.277504,0.390266,0.35147,0,0
0.624625,0.315863,0.495905,0.472023,0.353979,0.466546,0.142752,0.356914,0,0,0.644381,0.47202,0.769847,0.40358,0.624638,0.288465,0,0,0,0,0,0,0,0,0,0,0,0,0,0,0.555307,0.299359,0.624554,0.277486,0.396871,0.356905,0,0
0.624642,0.31584,0.492621,0.458367,0.317657,0.436403,0.142781,0.354188,0,0,0.657625,0.477532,0.773164,0.403549,0.624523,0.293903,0,0,0,0,0,0,0,0,0,0,0,0,0,0,0.5553,0.296704,0.624551,0.280218,0.373744,0.354217,0,0
0.621315,0.318539,0.495898,0.472048,0.324253,0.458303,0.142762,0.365161,0,0,0.657612,0.482983,0.776363,0.403457,0.624536,0.299389,0,0,0,0,0,0,0,0,0,0,0,0,0,0,0.525615,0.302173,0.624598,0.285691,0.380393,0.351457,0,0
0.624553,0.318582,0.492567,0.461049,0.307776,0.433668,0.136154,0.370656,0.261571,0.266501,0.657627,0.482996,0.779664,0.39807,0.621293,0.293955,0,0,0,0,0,0,0,0,0,0,0,0,0,0,0.558583,0.296685,0.624593,0.282996,0.377047,0.348709,0,0
0.621235,0.318572,0.492629,0.458367,0.311075,0.436439,0.139427,0.370656,0.264822,0.263757,0.664195,0.48024,0.779767,0.395317,0.61796,0.293887,0,0,0,0,0,0,0,0,0,0,0,0,0,0,0.55196,0.293937,0.621301,0.28297,0.377096,0.345995,0,0
0.60481,0.313068,0.495866,0.455624,0.317662,0.436402,0.13619,0.373423,0.258285,0.274713,0.664196,0.47479,0.789641,0.389848,0.611377,0.29116,0,0,0,0,0,0,0,0,0,0,0,0,0,0,0.53551,0.29388,0.617994,0.280231,0.393584,0.343201,0,0
0.604812,0.313087,0.489313,0.450148,0.317662,0.430927,0.139397,0.373377,0.258282,0.27477,0.660904,0.472019,0.796171,0.387111,0.611409,0.288405,0,0,0,0,0,0,0,0,0,0,0,0,0,0,0.548671,0.288449,0.6213,0.28291,0.393572,0.340497,0,0
0.571816,0.313089,0.472814,0.450109,0.287981,0.439166,0.136154,0.367891,0.248363,0.261051,0.657607,0.452891,0.806071,0.384391,0.641115,0.274738,0,0,0,0,0,0,0,0,0,0,0,0,0,0,0.512414,0.280184,0.59157,0.271979,0.373777,0.315873,0,0
0.542078,0.296685,0.466168,0.45285,0.281344,0.452845,0.129554,0.36789,0.261573,0.255527,0.651026,0.452842,0.806175,0.381651,0.64112,0.272025,0,0,0,0,0,0,0,0,0,0,0,0,0,0,0.482633,0.27469,0.568441,0.261053,0.363847,0.313078,0,0
0.482658,0.285672,0.449685,0.452867,0.268183,0.463833,0.1163,0.367898,0.23848,0.252835,0.63782,0.436442,0.806111,0.370636,0.631233,0.261049,0,0,0,0,0,0,0,0,0,0,0,0,0,0,0.423284,0.266499,0.519003,0.252835,0.30116,0.324074,0.588326,0.277461
0.45302,0.282954,0.439752,0.4556,0.248383,0.466568,0.09983,0.365206,0.238479,0.247338,0.637802,0.436429,0.802748,0.362401,0.62788,0.258322,0,0,0,0,0,0,0,0,0,0,0,0,0,0,0.390292,0.266504,0.502486,0.252834,0.27147,0.335011,0.588303,0.28843
0.410051,0.282921,0.423276,0.452843,0.228594,0.474761,0.0866736,0.370633,0.225261,0.228145,0.641084,0.428173,0.792913,0.351478,0.621248,0.252862,0,0,0,0,0,0,0,0,0,0,0,0,0,0,0.347378,0.263748,0.462843,0.250087,0.241764,0.340497,0.578382,0.293919
0.387017,0.277488,0.419975,0.45286,0.228594,0.4748,0.0833623,0.373404,0.212049,0.228139,0.634511,0.428158,0.792934,0.345979,0.61799,0.252801,0,0,0,0,0,0,0,0,0,0,0,0,0,0,0.330842,0.261022,0.443088,0.244607,0.228527,0.345963,0.56849,0.288425
0.373747,0.274759,0.439767,0.447396,0.241741,0.485733,0.0800213,0.37613,0.202168,0.230889,0.644394,0.408991,0.792894,0.343236,0.614711,0.250044,0.499182,0.89679,0.307762,0.877599,0,0,0,0,0.690601,0.883085,0,0,0,0,0.304493,0.266511,0.426568,0.233646,0.225271,0.356959,0.565194,0.28019
0.367207,0.274771,0.439807,0.450112,0.241755,0.48846,0.0833457,0.373383,0.208748,0.222666,0.647711,0.409001,0.796186,0.343237,0.617943,0.250049,0.588295,0.91871,0,0,0,0,0,0,0,0,0,0,0,0,0.304432,0.263743,0.423268,0.233631,0.225269,0.348706,0.565227,0.282961
0.360543,0.274726,0.446365,0.463806,0.24178,0.491197,0.0899094,0.37066,0.208762,0.219918,0.66092,0.428194,0.806095,0.346012,0.624582,0.2528,0,0,0,0,0,0,0,0,0,0,0,0,0,0,0.301171,0.261025,0.416651,0.230934,0.225275,0.351472,0.571804,0.29663
0.35402,0.274759,0.446409,0.458336,0.245072,0.482997,0.0899645,0.373393,0.215362,0.225393,0.664222,0.428178,0.806135,0.351455,0.627914,0.252826,0,0,0,0,0,0,0,0,0,0,0,0,0,0,0.297866,0.266498,0.413415,0.23365,0.228599,0.348738,0.571813,0.299374
0.350632,0.277493,0.452996,0.466539,0.251662,0.488451,0.106457,0.373403,0.221961,0.230885,0.670789,0.433677,0.80946,0.359669,0.634532,0.255596,0,0,0,0,0,0,0,0,0,0,0,0,0,0,0.294538,0.269221,0.410077,0.236378,0.228583,0.348727,0.578374,0.299397
0.3441,0.280211,0.456272,0.477521,0.248385,0.491204,0.119652,0.373363,0.202154,0.230893,0.670794,0.441902,0.812741,0.365138,0.64442,0.266529,0,0,0,0,0,0,0,0,0,0,0,0,0,0,0.291263,0.269241,0.410107,0.241854,0.228565,0.348731,0.584989,0.304863
0.347334,0.285699,0.47609,0.47205,0.274745,0.491237,0.132827,0.378817,0.215361,0.230871,0.683999,0.4419,0.822589,0.378885,0.654295,0.277452,0,0,0,0,0,0,0,0,0,0,0,0,0,0,0.297826,0.269255,0.410143,0.250038,0.231909,0.354193,0.588321,0.307614
0.344092,0.291177,0.476106,0.472014,0.27475,0.491195,0.142703,0.373341,0.297865,0.252802,0.684011,0.441887,0.825899,0.384334,0.660869,0.280236,0,0,0,0,0,0,0,0,0,0,0,0,0,0,0.297865,0.271974,0.413355,0.25277,0.235139,0.345996,0.591588,0.310378
0.350672,0.296645,0.472794,0.488481,0.274762,0.50492,0.149353,0.373352,0.29457,0.261028,0.680693,0.447375,0.83249,0.398009,0.667527,0.291171,0,0,0,0,0,0,0,0,0,0,0,0,0,0,0.301191,0.274741,0.41669,0.255546,0.235203,0.351478,0.594872,0.324057
0.35392,0.299417,0.469487,0.485741,0.271469,0.499424,0.155911,0.378858,0.208756,0.233615,0.674109,0.450131,0.832554,0.400824,0.670798,0.296611,0.617999,0.965293,0,0,0,0,0,0,0.769809,0.959807,0,0,0,0,0.304407,0.277462,0.419961,0.258317,0.23512,0.346007,0.594909,0.332276
0.34739,0.310321,0.46287,0.496689,0.264879,0.51589,0.152665,0.381613,0.274758,0.250059,0.667509,0.458355,0.839136,0.414506,0.680715,0.302171,0.594913,0.954333,0.472785,0.981735,0,0,0,0,0.736808,0.926925,0,0,0,0,0.301164,0.280238,0.413439,0.269258,0.231902,0.348728,0.59495,0.340537
0.344111,0.310367,0.472766,0.521363,0.271485,0.526842,0.155938,0.381602,0.330875,0.263765,0.670795,0.461095,0.842408,0.42273,0.687291,0.310362,0.561895,0.959809,0,0,0,0,0,0,0.707101,0.965288,0,0,0,0,0.297885,0.285716,0.41343,0.271962,0.231889,0.359639,0.598187,0.343269
0.347342,0.310369,0.462892,0.526835,0.264871,0.521354,0.155964,0.381616,0.337469,0.263773,0.667521,0.466554,0.842445,0.428155,0.687324,0.313095,0.535495,0.978996,0,0,0,0,0,0,0.703804,0.95707,0,0,0,0,0.297836,0.282963,0.413402,0.272017,0.225281,0.354219,0.598191,0.348713
0.337476,0.310341,0.466174,0.529579,0.264856,0.524101,0.159223,0.381588,0.330869,0.280206,0.670797,0.466544,0.845722,0.428171,0.690593,0.313102,0,0,0,0,0,0,0,0,0,0,0,0,0,0,0.294538,0.282938,0.410137,0.271995,0.225316,0.351458,0.594967,0.346
0.330867,0.30761,0.459599,0.540529,0.258273,0.554241,0.0404368,0.844719,0,0,0.674103,0.463821,0.842436,0.425475,0.690633,0.310337,0,0,0,0,0,0,0,0,0,0,0,0,0,0,0.28136,0.28021,0.406776,0.266526,0.225237,0.34872,0.594906,0.345973
0.330874,0.302129,0.45628,0.535064,0.25497,0.543282,0.152661,0.373383,0,0,0.670812,0.466542,0.845701,0.425418,0.693907,0.310313,0,0,0,0,0,0,0,0,0,0,0,0,0,0,0.278049,0.277494,0.406788,0.263746,0.221955,0.343278,0.594885,0.343282
0.327514,0.293899,0.456287,0.518617,0.254971,0.532321,0.152642,0.36789,0,0,0.677402,0.461084,0.845748,0.419949,0.693941,0.299395,0,0,0,0,0,0,0,0,0,0,0,0,0,0,0.274767,0.266516,0.403481,0.25287,0.22195,0.343228,0.594846,0.340501
0.320958,0.291154,0.456278,0.510402,0.251664,0.521358,0.149371,0.3679,0,0,0.677404,0.458347,0.852265,0.411744,0.697163,0.296653,0,0,0,0,0,0,0,0,0,0,0,0,0,0,0.274726,0.258293,0.403452,0.252803,0.215377,0.340511,0.594893,0.337733
0.311108,0.280215,0.449687,0.493957,0.251646,0.51862,0.149356,0.359685,0.185642,0.192514,0.670791,0.452853,0.855584,0.403566,0.697238,0.288445,0,0,0,0,0,0,0,0,0,0,0,0,0,0,0.268168,0.252807,0.393578,0.247321,0,0,0.591659,0.335016
0.311092,0.277505,0.452964,0.491221,0.25164,0.507666,0.149383,0.359644,0.195521,0.192516,0.670796,0.444639,0.855617,0.403529,0.697254,0.2857,0,0,0,0,0,0,0,0,0,0,0,0,0,0,0.271469,0.250081,0.393589,0.244581,0,0,0.591669,0.332273
0.30778,0.274778,0.456264,0.483005,0.251695,0.507656,0.146043,0.359668,0.284655,0.255544,0.6741,0.441901,0.858948,0.403475,0.700458,0.282922,0,0,0,0,0,0,0,0,0,0,0,0,0,0,0.254985,0.252846,0.383697,0.236387,0.202157,0.337744,0.591637,0.326806
0.304528,0.277455,0.452996,0.48572,0.251642,0.507663,0.149322,0.367868,0,0,0.674107,0.444622,0.858953,0.400824,0.700461,0.282944,0,0,0,0,0,0,0,0,0,0,0,0,0,0,0.251698,0.252816,0.383653,0.236367,0.198829,0.315821,0.591592,0.324077
0.304448,0.27747,0.452994,0.480252,0.245041,0.504923,0.142779,0.373361,0.238458,0.285693,0.677409,0.444635,0.862243,0.403565,0.700451,0.285719,0,0,0,0,0,0,0,0,0,0,0,0,0,0,0.264839,0.24731,0.380375,0.239106,0,0,0.591549,0.332253
0.301167,0.280226,0.452975,0.480266,0.245049,0.504926,0.142744,0.381626,0,0,0.674115,0.447354,0.865512,0.40899,0.700497,0.291152,0,0,0,0,0,0,0,0,0,0,0,0,0,0,0.258292,0.25008,0.37709,0.247307,0,0,0.588314,0.337697
0.301139,0.282968,0.459583,0.480261,0.25168,0.510393,0.142798,0.403473,0,0,0.674119,0.450102,0.87545,0.425473,0.703859,0.296611,0,0,0,0,0,0,0,0,0,0,0,0,0,0,0.254953,0.255599,0.377088,0.252731,0,0,0.591588,0.340484
0.301122,0.285682,0.459558,0.480259,0.254977,0.510409,0.142768,0.406237,0.231873,0.252813,0.674117,0.450094,0.878673,0.430911,0.710422,0.299384,0,0,0,0,0,0,0,0,0,0,0,0,0,0,0.254978,0.255573,0.380318,0.252735,0,0,0.591627,0.340532
0.307762,0.288466,0.46291,0.480269,0.261545,0.513116,0.149391,0.411739,0.23519,0.271957,0.674118,0.452852,0.878704,0.444589,0.720323,0.307624,0,0,0,0,0,0,0,0,0,0,0,0,0,0,0.274722,0.255595,0.387012,0.255528,0,0,0.594864,0.343267
0.311062,0.288447,0.466211,0.488459,0.264863,0.518594,0.159219,0.411745,0.23515,0.263785,0.680693,0.455585,0.878764,0.447405,0.726885,0.313073,0,0,0,0,0,0,0,0,0,0,0,0,0,0,0.274758,0.255597,0.393564,0.252852,0,0,0.59493,0.345958
0.334156,0.291137,0.472805,0.474792,0.274754,0.510393,0.169148,0.409026,0.254948,0.271976,0.687311,0.444649,0.882016,0.455562,0.736841,0.315838,0,0,0,0,0,0,0,0,0,0,0,0,0,0,0.297874,0.258309,0.413377,0.255571,0,0,0.614666,0.345975
0.3408,0.288436,0.482661,0.482994,0.281388,0.502169,0.175753,0.408984,0.261587,0.263773,0.693879,0.455571,0.882014,0.458294,0.746745,0.318587,0,0,0,0,0,0,0,0,0,0,0,0,0,0,0.301164,0.255593,0.419998,0.255516,0,0,0.621332,0.343273
0.360541,0.282907,0.485991,0.477526,0.2814,0.493941,0.188945,0.403524,0.284687,0.250061,0.703795,0.458347,0.882005,0.461075,0.75333,0.318621,0,0,0,0,0,0,0,0,0,0,0,0,0,0,0.304452,0.261049,0.43652,0.252775,0.245086,0.335022,0.627917,0.340558
0.363897,0.274712,0.489265,0.477505,0.281397,0.491208,0.18898,0.400742,0.301165,0.23636,0.703797,0.45561,0.881964,0.458342,0.756592,0.315882,0.614704,0.96256,0,0,0,0,0,0,0.756604,0.946114,0,0,0,0,0.304509,0.255531,0.439827,0.247311,0.248361,0.321356,0.631175,0.340518
0.370467,0.258281,0.482694,0.480261,0.287976,0.488487,0.192239,0.392544,0.317665,0.236362,0.697232,0.450117,0.881996,0.447369,0.753275,0.307589,0.614698,0.957076,0.472788,0.954335,0,0,0,0,0.756621,0.926924,0,0,0,0,0.304476,0.250083,0.446425,0.230942,0.251699,0.321327,0.634503,0.329552
0.370498,0.252857,0.4794,0.477507,0.281364,0.485732,0.192207,0.389833,0.340769,0.217185,0.697202,0.444644,0.881985,0.447316,0.750046,0.299424,0,0,0,0,0,0,0,0,0,0,0,0,0,0,0.30445,0.247284,0.449717,0.228159,0.248377,0.318561,0.634495,0.324078
0.377053,0.250082,0.482666,0.455579,0.274786,0.466549,0.182345,0.384326,0.284678,0.228144,0.700503,0.439155,0.882051,0.439161,0.749962,0.29389,0.601499,0.968031,0,0,0,0,0,0,0.756626,0.93789,0,0,0,0,0.347332,0.211721,0.456249,0.22265,0,0,0.637786,0.318619
0.38032,0.247321,0.482659,0.455592,0.281358,0.463801,0.179081,0.384363,0.353969,0.200744,0.700487,0.433681,0.882087,0.436377,0.74999,0.28846,0.601505,0.962561,0,0,0,0,0,0,0.756619,0.940629,0,0,0,0,0.35066,0.208935,0.459581,0.217213,0,0,0.641061,0.318577
0.383687,0.230869,0.479397,0.444627,0.278051,0.458309,0.172498,0.378896,0.254945,0.203496,0.697203,0.428183,0.885324,0.422728,0.749957,0.277498,0,0,0,0,0,0,0,0,0,0,0,0,0,0,0.353998,0.200746,0.469453,0.208918,0,0,0.641104,0.313083
0.393597,0.225398,0.472804,0.447388,0.268182,0.461054,0.169198,0.373409,0,0,0.693891,0.430921,0.885334,0.406261,0.746666,0.271997,0,0,0,0,0,0,0,0,0,0,0,0,0,0,0.334193,0.20893,0.472805,0.200763,0.261546,0.258306,0.637781,0.3131
0.406798,0.211705,0.479374,0.433669,0.268158,0.447364,0.162513,0.365167,0.297866,0.217181,0.69719,0.40625,0.898546,0.376091,0.733471,0.250017,0,0,0,0,0,0,0,0,0,0,0,0,0,0,0.344082,0.195246,0.482702,0.189784,0.2616,0.252835,0.641108,0.296695
0.413363,0.206241,0.479368,0.433667,0.264871,0.444627,0.159223,0.359686,0.264846,0.208972,0.697194,0.403525,0.9018,0.356912,0.726868,0.233647,0,0,0,0,0,0,0,0,0,0,0,0,0,0,0.357281,0.187009,0.489266,0.187,0.271422,0.25005,0.64441,0.288446
0.433175,0.197982,0.479396,0.433664,0.271456,0.444645,0.162525,0.356948,0.278073,0.195261,0.700513,0.403517,0.905111,0.318619,0.697231,0.203495,0,0,0,0,0,0,0,0,0,0,0,0,0,0,0.367157,0.181543,0.509074,0.173354,0.281375,0.250085,0.650989,0.274761
0.443045,0.192526,0.482663,0.433664,0.274793,0.441895,0.162572,0.35692,0.274769,0.217186,0.700485,0.403527,0.898525,0.304887,0.68728,0.1925,0,0,0,0,0,0,0,0,0,0,0,0,0,0,0.377056,0.173353,0.518949,0.170578,0.294542,0.250055,0.654278,0.277491
0.462881,0.187086,0.485954,0.406259,0.284676,0.436405,0.165864,0.348694,0.304474,0.222658,0.7038,0.381615,0.90512,0.28298,0.700479,0.189758,0.601491,0.970769,0,0,0,0,0,0,0.769813,0.93515,0,0,0,0,0.41004,0.165152,0.535496,0.165134,0.307768,0.244569,0.660889,0.255575
0.46951,0.184305,0.489268,0.400776,0.291268,0.430951,0.165887,0.345978,0.30777,0.21718,0.703788,0.378848,0.89525,0.274756,0.660923,0.167838,0.617994,0.96529,0,0,0,0,0,0,0.78631,0.92967,0,0,0,0,0.413359,0.162387,0.542113,0.162434,0.311086,0.233627,0.667487,0.258272
0.482646,0.170631,0.489277,0.387103,0.287951,0.422715,0.165844,0.340478,0.304497,0.222663,0.707124,0.365138,0.888662,0.255573,0.637783,0.159634,0.641102,0.954338,0,0,0,0,0,0,0.809414,0.915962,0,0,0,0,0.419977,0.156887,0.548697,0.156912,0.31437,0.225414,0.667489,0.239119
0.482634,0.16512,0.492571,0.384346,0.294553,0.419974,0.162529,0.335024,0.314383,0.206227,0.707098,0.356939,0.885361,0.252768,0.618013,0.14593,0.647693,0.948855,0,0,0,0,0,0,0.80943,0.907742,0,0,0,0,0.416715,0.143223,0.551959,0.145974,0.314392,0.217183,0.667495,0.23637
0.482684,0.156893,0.489313,0.373391,0.291266,0.409004,0.15265,0.324044,0.307774,0.203491,0.710424,0.348709,0.885311,0.244581,0.627912,0.14867,0.641093,0.948842,0.472783,0.976254,0,0,0,0,0.806117,0.907751,0,0,0,0,0.416703,0.137722,0.551979,0.137749,0.314346,0.214451,0.664219,0.222633
0.482674,0.151393,0.489294,0.370641,0.284678,0.406268,0.149337,0.318539,0.307803,0.198006,0.710396,0.345966,0.885296,0.239095,0.621309,0.143193,0.641085,0.943362,0.472777,0.965289,0,0,0,0,0.809407,0.907738,0,0,0,0,0.413414,0.134977,0.548725,0.135005,0.314383,0.211717,0.664194,0.219912
0.482649,0.14321,0.486011,0.373392,0.281365,0.406265,0.146082,0.313113,0.307772,0.195247,0.707115,0.34871,0.882015,0.241831,0.604796,0.140463,0.637807,0.948851,0.476089,0.976253,0,0,0,0,0.806125,0.905008,0,0,0,0,0.410123,0.134997,0.548711,0.132237,0.314349,0.214434,0.6675,0.228166
0.482718,0.143183,0.489273,0.376108,0.284675,0.40353,0.146046,0.313074,0.307778,0.200717,0.707095,0.348736,0.88201,0.244564,0.611408,0.145935,0.621301,0.948845,0.459582,0.970779,0,0,0,0,0.796223,0.907743,0,0,0,0,0.416663,0.132246,0.551994,0.132233,0.311095,0.211681,0.667497,0.228156
0.485973,0.143179,0.492604,0.373383,0.291258,0.403502,0.146038,0.313067,0.307771,0.19524,0.710413,0.351455,0.882077,0.247347,0.624591,0.148676,0.617996,0.951588,0.456281,0.973513,0,0,0,0,0.802817,0.918709,0,0,0,0,0.419956,0.137696,0.552041,0.13225,0.317648,0.214438,0.667541,0.239104
0.485946,0.140491,0.495872,0.376144,0.294575,0.403521,0.142802,0.313064,0.3078,0.195281,0.707121,0.351462,0.885298,0.247303,0.611404,0.143198,0.641093,0.954324,0,0,0,0,0,0,0.809414,0.907746,0,0,0,0,0.416676,0.132258,0.552013,0.132208,0.317685,0.211712,0.670842,0.247293
0.482625,0.134971,0.485978,0.367894,0.27809,0.398023,0.142736,0.310362,0.307779,0.200733,0.700482,0.345978,0.881994,0.233605,0.644386,0.162372,0.558602,0.957076,0.416675,0.96255,0,0,0,0,0.730209,0.935152,0,0,0,0,0.41011,0.132207,0.545454,0.123994,0.311093,0.208957,0.670756,0.241829
0.476054,0.132205,0.485964,0.365184,0.278088,0.395297,0.139421,0.310347,0.304494,0.200727,0.697221,0.343267,0.878711,0.230867,0.641074,0.159648,0.561887,0.954327,0.410083,0.959818,0,0,0,0,0.713714,0.937886,0,0,0,0,0.406809,0.124005,0.545361,0.121306,0.307789,0.206206,0.66421,0.239112
0.462914,0.123984,0.482686,0.359679,0.274776,0.387064,0.126277,0.30487,0.304433,0.189764,0.697202,0.340504,0.872106,0.219945,0.608089,0.143197,0.565189,0.948846,0.416668,0.95433,0,0,0,0,0.713708,0.926931,0,0,0,0,0.390284,0.121272,0.535511,0.115754,0.304494,0.198005,0.660873,0.230885
0.462882,0.118501,0.47938,0.351475,0.27805,0.381607,0.129559,0.299404,0.301157,0.184295,0.697177,0.335003,0.868855,0.208997,0.637795,0.156878,0.591597,0.935148,0.443076,0.954338,0,0,0,0,0.75001,0.910487,0,0,0,0,0.390267,0.107602,0.528927,0.104831,0.304451,0.192512,0.654319,0.21993
0.459569,0.102093,0.4827,0.340479,0.278073,0.370634,0.126253,0.293883,0.297876,0.192522,0.697198,0.307605,0.862253,0.187003,0.641093,0.162344,0.644402,0.929667,0.50248,0.951599,0,0,0,0,0.806107,0.905004,0,0,0,0,0.38368,0.102123,0.525574,0.0992901,0.297855,0.189792,0.647699,0.189788
0.459584,0.0994046,0.482684,0.335022,0.27479,0.367887,0.126263,0.293886,0.297848,0.181543,0.697236,0.302114,0.865538,0.176079,0.644387,0.159616,0.651005,0.937889,0.512381,0.957069,0,0,0,0,0.812713,0.907754,0,0,0,0,0.390273,0.102104,0.522333,0.0911375,0.297882,0.189785,0.651031,0.189771
0.459612,0.102048,0.485948,0.332273,0.278087,0.367881,0.13288,0.293907,0.301141,0.1843,0.700493,0.296641,0.875402,0.176063,0.644425,0.156894,0.644407,0.926923,0.505788,0.951583,0,0,0,0,0.802817,0.902261,0,0,0,0,0.386958,0.102105,0.528863,0.0911415,0.304458,0.189769,0.654311,0.19252
0.462877,0.0994062,0.48599,0.335023,0.281364,0.370642,0.136146,0.296688,0.301134,0.189763,0.700528,0.299379,0.875415,0.178812,0.647705,0.162339,0.644424,0.932406,0.499186,0.951601,0,0,0,0,0.809413,0.904999,0,0,0,0,0.383651,0.102114,0.532157,0.0965644,0.301183,0.192544,0.6576,0.195238
0.466222,0.107566,0.489314,0.343252,0.287962,0.381602,0.139411,0.307587,0.304461,0.195271,0.703793,0.310337,0.87541,0.1843,0.657585,0.167873,0.667496,0.935153,0.522291,0.95706,0,0,0,0,0.819314,0.905004,0,0,0,0,0.390279,0.113026,0.535499,0.102044,0.307758,0.200748,0.654312,0.189795
0.472799,0.110319,0.492579,0.345982,0.291255,0.387072,0.136164,0.310346,0.307755,0.200722,0.703827,0.310371,0.875443,0.187036,0.664186,0.17608,0.654314,0.946102,0.499188,0.962558,0,0,0,0,0.819325,0.910489,0,0,0,0,0.400162,0.110321,0.542035,0.104802,0.307766,0.198017,0.651015,0.189792
0.479332,0.11852,0.489286,0.346011,0.284682,0.38435,0.136115,0.315808,0.304443,0.203484,0.703824,0.315851,0.878691,0.189798,0.664192,0.178818,0.647695,0.948839,0.482685,0.96255,0,0,0,0,0.816013,0.915972,0,0,0,0,0.413344,0.118543,0.542108,0.107592,0.311085,0.200738,0.657591,0.195254
0.479336,0.118533,0.489275,0.348746,0.281374,0.389813,0.132835,0.315858,0.304489,0.20075,0.703799,0.318558,0.878666,0.192523,0.664202,0.178816,0.64111,0.948839,0.472784,0.962561,0,0,0,0,0.812711,0.91322,0,0,0,0,0.410044,0.11853,0.545366,0.110286,0.314354,0.200753,0.657592,0.195259
0.499164,0.121241,0.486009,0.356939,0.284681,0.392551,0.122932,0.329538,0.307772,0.200742,0.697226,0.326797,0.872092,0.192557,0.594882,0.156885,0.641089,0.951596,0.472772,0.970776,0,0,0,0,0.80943,0.924189,0,0,0,0,0.443079,0.121298,0.561861,0.115794,0.317654,0.206232,0.654297,0.19527
0.515733,0.123987,0.489287,0.356952,0.281359,0.389839,0.116383,0.335026,0.307791,0.208948,0.700502,0.332263,0.868797,0.19525,0.594885,0.159624,0.637808,0.951584,0.46949,0.970772,0,0,0,0,0.806123,0.91871,0,0,0,0,0.459588,0.12399,0.571815,0.118567,0.324271,0.200727,0.651021,0.198008
0.555275,0.132241,0.492572,0.356954,0.28466,0.392553,0.109755,0.340495,0.320972,0.195258,0.700496,0.329546,0.865502,0.200722,0.594904,0.159636,0.627893,0.946101,0.449675,0.957074,0,0,0,0,0.802808,0.910481,0,0,0,0,0.492589,0.12403,0.60148,0.129477,0.350671,0.184285,0.654316,0.189763
0.571841,0.151407,0.486006,0.362403,0.274775,0.392567,0.106452,0.340525,0.330865,0.187031,0.700537,0.337763,0.865563,0.206233,0.604802,0.159606,0.604796,0.940629,0.41999,0.954325,0,0,0,0,0.796214,0.907751,0,0,0,0,0.519022,0.132212,0.618017,0.140405,0.363843,0.16787,0.664256,0.187008
0.614712,0.17061,0.479375,0.378843,0.268158,0.39806,0.0998485,0.343242,0.304487,0.198014,0.697222,0.356945,0.872094,0.21995,0.634503,0.176093,0.594894,0.954326,0,0,0,0,0,0,0.783021,0.924183,0,0,0,0,0.56516,0.143189,0.647707,0.159635,0.353972,0.192514,0,0
0.624649,0.187008,0.482672,0.387078,0.274756,0.408997,0.103134,0.343252,0.330875,0.19801,0.697197,0.365153,0.872148,0.233643,0.657593,0.192519,0.624593,0.948846,0.436477,0.948849,0,0,0,0,0.796222,0.918703,0,0,0,0,0.581688,0.154138,0.66092,0.165174,0.33418,0.211717,0,0
0.654314,0.195281,0.485983,0.398048,0.271466,0.41723,0.103141,0.351431,0.294571,0.241835,0.703823,0.376124,0.878733,0.252832,0.664227,0.200725,0.5916,0.954323,0.416682,0.95981,0,0,0,0,0.77641,0.929665,0,0,0,0,0.611378,0.165106,0.680722,0.181524,0.340809,0.244593,0,0
0.667518,0.195292,0.489292,0.400768,0.274782,0.417236,0.109765,0.35143,0.297843,0.239107,0.707092,0.378878,0.878768,0.258297,0.670841,0.203477,0.591593,0.948852,0.419977,0.954328,0,0,0,0,0.77641,0.926931,0,0,0,0,0.62126,0.167869,0.690634,0.184288,0.353945,0.244604,0,0
0.683993,0.208986,0.489325,0.403513,0.278075,0.425462,0.116387,0.356971,0.301128,0.244609,0.700534,0.387094,0.878761,0.2747,0.67741,0.21171,0.588296,0.951596,0.426581,0.973514,0,0,0,0,0.753332,0.935144,0,0,0,0,0.634478,0.186992,0.697194,0.197987,0.360542,0.252848,0,0
0.684026,0.211671,0.492587,0.406302,0.281352,0.430906,0.116392,0.359686,0.297816,0.252755,0.7071,0.392588,0.881992,0.277443,0.680727,0.214447,0.611392,0.954322,0,0,0,0,0,0,0.779714,0.92967,0,0,0,0,0.634508,0.18703,0.697208,0.198023,0.357338,0.258311,0,0
0.674083,0.206224,0.495891,0.41447,0.284673,0.43641,0.119654,0.362424,0.294552,0.252864,0.707101,0.392579,0.88196,0.277477,0.667479,0.211708,0.608107,0.957061,0,0,0,0,0,0,0.773113,0.93515,0,0,0,0,0.621271,0.184326,0.687286,0.189745,0.354009,0.266507,0,0
0.654287,0.211718,0.495875,0.409003,0.284672,0.433674,0.119688,0.365127,0.297847,0.25556,0.707095,0.389826,0.878674,0.27472,0.660931,0.208998,0.608097,0.957073,0,0,0,0,0,0,0.779715,0.918706,0,0,0,0,0.591645,0.173362,0.674142,0.187058,0.347386,0.277446,0,0
0.5784,0.211688,0.489278,0.406262,0.284669,0.436398,0.126215,0.365161,0.297867,0.2528,0.697207,0.384339,0.86549,0.269238,0.598213,0.208945,0.644404,0.970773,0,0,0,0,0,0,0.806109,0.92967,0,0,0,0,0.515693,0.170572,0.614673,0.178833,0.304476,0.252828,0,0
0.522303,0.203447,0.489285,0.406288,0.291257,0.44463,0.126236,0.365187,0.304475,0.244586,0.697197,0.378869,0.855633,0.261041,0.552004,0.200731,0.621298,0.968033,0,0,0,0,0,0,0.789616,0.946107,0,0,0,0,0.459596,0.167889,0.565156,0.165102,0.320966,0.250083,0.621266,0.189809
0.429873,0.211714,0.4662,0.409013,0.25495,0.447362,0.109728,0.370629,0.258264,0.258298,0.684016,0.378855,0.842391,0.252864,0.611393,0.20348,0.617993,0.962554,0,0,0,0,0,0,0.769809,0.93241,0,0,0,0,0.363867,0.195234,0.482682,0.17059,0.268143,0.28021,0.617997,0.250086
0.396879,0.206241,0.449669,0.40899,0.231866,0.450101,0.093232,0.37067,0.231869,0.25554,0.670821,0.373402,0.832491,0.252795,0.591591,0.187049,0.627897,0.96803,0,0,0,0,0,0,0.779711,0.943369,0,0,0,0,0.33414,0.200717,0.456253,0.170625,0.248353,0.29115,0.601474,0.25831
0.360589,0.20899,0.436462,0.419977,0.215361,0.458313,0.0833615,0.373401,0.212061,0.261038,0.657595,0.381582,0.816026,0.252836,0.58827,0.184315,0.624602,0.970773,0,0,0,0,0,0,0.773112,0.948848,0,0,0,0,0.301161,0.206202,0.423285,0.181533,0.221969,0.293883,0.588253,0.261032
0.350646,0.208986,0.433149,0.41177,0.208762,0.455589,0.0767534,0.373397,0.202175,0.263767,0.654324,0.373394,0.809456,0.255542,0.588289,0.187018,0,0,0,0,0,0,0,0,0,0,0,0,0,0,0.287975,0.211691,0.413394,0.178816,0.218626,0.299391,0.581698,0.261046
0.334149,0.211733,0.419994,0.411741,0.198877,0.455576,0.0635453,0.37615,0.202162,0.258287,0.647693,0.373375,0.799533,0.261048,0.568488,0.181561,0.598208,0.973514,0,0,0,0,0,0,0.76321,0.951583,0,0,0,0,0.271486,0.211738,0.406732,0.181554,0.20219,0.296666,0.568511,0.261047
0.330909,0.21718,0.41341,0.409012,0.195554,0.455588,0.0602695,0.378821,0.192267,0.26377,0.644402,0.370621,0.79619,0.266491,0.561874,0.17608,0,0,0,0,0,0,0,0,0,0,0,0,0,0,0.271409,0.211708,0.400201,0.184253,0.198861,0.293892,0.56524,0.261037
0.317666,0.214471,0.410052,0.419963,0.19225,0.458343,0.0503346,0.378874,0.185651,0.252821,0.627926,0.376118,0.776453,0.263762,0.558596,0.170612,0.588311,0.968034,0,0,0,0,0,0,0,0,0,0,0,0,0.254962,0.211718,0.386949,0.181573,0.19226,0.288418,0.55859,0.263749
0.311101,0.211746,0.403494,0.411774,0.185667,0.458348,0.0437639,0.38157,0.182349,0.25006,0.624579,0.370641,0.773145,0.258314,0.555316,0.165147,0,0,0,0,0,0,0,0,0,0,0,0,0,0,0.25166,0.208927,0.383641,0.178824,0.185642,0.288409,0.55527,0.263734
0.307762,0.208947,0.386959,0.414499,0.17576,0.450122,0.0338173,0.378855,0.165845,0.250056,0.611409,0.376139,0.753322,0.250019,0.545398,0.137718,0,0,0,0,0,0,0,0,0,0,0,0,0,0,0.248319,0.198031,0.377098,0.170611,0.172438,0.282953,0.548719,0.255576
0.304492,0.206241,0.383702,0.422699,0.172462,0.450118,0.0338242,0.373383,0.159261,0.255536,0.60809,0.381601,0.743411,0.236381,0.545388,0.12401,0,0,0,0,0,0,0,0,0,0,0,0,0,0,0.245048,0.195258,0.377039,0.167884,0.172445,0.277504,0.545404,0.255584
0.301177,0.203499,0.377098,0.417221,0.169173,0.444626,0,0,0,0,0.588303,0.384342,0.726925,0.2199,0.57179,0.107577,0,0,0,0,0,0,0,0,0,0,0,0,0,0,0.245038,0.187049,0.367215,0.165109,0.169155,0.263786,0.542123,0.244597
0.297885,0.198,0.377096,0.411757,0.169168,0.439173,0,0,0,0,0.591589,0.378856,0.710427,0.211682,0.555298,0.07741,0,0,0,0,0,0,0,0,0,0,0,0,0,0,0.241736,0.184303,0.36721,0.16242,0.165851,0.261023,0.542115,0.233638
0.301131,0.186995,0.377068,0.409018,0.162547,0.436399,0.0107559,0.362426,0.149367,0.244574,0.585014,0.376128,0.697248,0.19251,0.555295,0.0171378,0,0,0,0,0,0,0,0,0,0,0,0,0,0,0.245068,0.165105,0.367197,0.154155,0.162562,0.244598,0.54207,0.225399
0.304435,0.173333,0.373751,0.403525,0.152653,0.430925,0.0140323,0.345997,0.146057,0.244586,0.585009,0.373379,0.697167,0.181572,0.502487,0.0171307,0,0,0,0,0,0,0,0,0,0,0,0,0,0,0.241749,0.162391,0.373735,0.143218,0.169128,0.241862,0.538776,0.214447
0.304501,0.162357,0.367169,0.387088,0.142762,0.417228,0.0140301,0.337762,0.155947,0.228148,0.584978,0.345979,0.670806,0.165117,0.512373,0.0116777,0,0,0,0,0,0,0,0,0,0,0,0,0,0,0.245042,0.143232,0.377028,0.129491,0.169112,0.228165,0.532221,0.192496
0.307762,0.154136,0.367189,0.378863,0.142755,0.406278,0.0140324,0.332292,0.155951,0.225406,0.585001,0.340479,0.66416,0.156907,0.509085,0.0143811,0,0,0,0,0,0,0,0,0,0,0,0,0,0,0.245043,0.140482,0.380321,0.121282,0.175743,0.219909,0.535468,0.167876
0.320969,0.143199,0.37377,0.387073,0.146072,0.400779,0.0239184,0.313112,0.165855,0.208971,0.588286,0.348717,0.660918,0.151423,0,0,0,0,0,0,0,0,0,0,0,0,0,0,0,0,0.254935,0.129478,0.390287,0.118504,0.175762,0.20619,0.528925,0.167862
0.324287,0.143187,0.370495,0.373357,0.149363,0.395313,0.0206284,0.313101,0.169138,0.206221,0.588268,0.326791,0.660918,0.154157,0.594891,0.0143984,0,0,0,0,0,0,0,0,0,0,0,0,0,0,0.258254,0.126771,0.393605,0.115808,0.179073,0.203484,0.535459,0.167858
0.327573,0.140446,0.373776,0.362433,0.149359,0.395302,0.014028,0.313058,0.169153,0.208957,0.588293,0.324054,0.6774,0.162339,0,0,0,0,0,0,0,0,0,0,0,0,0,0,0,0,0.26156,0.126743,0.406718,0.11575,0.185672,0.200754,0.535457,0.167868
0.330903,0.140436,0.370497,0.354193,0.152668,0.389833,0.0107248,0.313085,0.172486,0.206204,0.588296,0.315841,0.693893,0.151418,0.703812,0.0116916,0.538783,0.976255,0,0,0,0,0,0,0.703808,0.946107,0,0,0,0,0.268168,0.124016,0.410052,0.115768,0.192276,0.195279,0.538793,0.165147
0.353962,0.143158,0.383686,0.356926,0.169149,0.392562,0.04042,0.307604,0.215357,0.154153,0.608096,0.318571,0.746728,0.145939,0.825919,0.0171536,0.535498,0.95708,0.357266,0.968031,0,0,0,0,0.710405,0.943371,0,0,0,0,0.284666,0.126758,0.423271,0.118503,0.198881,0.203473,0.561898,0.170594
0.360609,0.143173,0.400181,0.359676,0.179048,0.392546,0.0437391,0.307632,0.208759,0.184292,0.624616,0.321325,0.769796,0.165118,0,0,0,0,0,0,0,0,0,0,0,0,0,0,0,0,0.297891,0.126768,0.4365,0.121247,0.218678,0.198001,0.581661,0.181549
0.393557,0.154176,0.41341,0.36791,0.192233,0.395307,0.056915,0.310372,0.215359,0.206224,0.63781,0.340501,0.806094,0.192494,0.948035,0.0116787,0.535504,0.948848,0.36387,0.957068,0,0,0,0,0.710413,0.937888,0,0,0,0,0.327599,0.140427,0.462925,0.132208,0.235143,0.211702,0.598202,0.195292
0.406819,0.159651,0.419981,0.373369,0.195547,0.39803,0.0635417,0.310355,0.228559,0.219916,0.647706,0.345967,0.796235,0.222629,0.957933,0.0335545,0.525584,0.921444,0.357278,0.937886,0,0,0,0,0.684009,0.907741,0,0,0,0,0.340754,0.140465,0.479349,0.140444,0.241744,0.217182,0.614693,0.206216
0.433142,0.167894,0.429883,0.378869,0.205454,0.39532,0.0767281,0.313071,0.304465,0.137722,0.651004,0.351455,0.81603,0.22545,0.964472,0.0472727,0.443084,0.951582,0.274764,0.946103,0,0,0,0,0.588301,0.943368,0,0,0,0,0.367167,0.148657,0.49918,0.154134,0.258288,0.203495,0.621294,0.21992
0.439752,0.170598,0.449678,0.376124,0.251665,0.392576,0.0767498,0.315842,0.27146,0.176071,0.654289,0.356946,0.812738,0.228143,0.961302,0.0500456,0.476086,0.951581,0.327571,0.951591,0,0,0,0,0.608101,0.932409,0,0,0,0,0.373786,0.159588,0.509085,0.156905,0.264879,0.206218,0.624586,0.222641
0.456276,0.181556,0.416698,0.430934,0.169169,0.463798,0,0,0,0,0.644433,0.3624,0.806135,0.230883,0.944791,0.0444998,0,0,0,0,0,0,0,0,0,0,0,0,0,0,0.386973,0.162399,0.519049,0.162423,0.278042,0.21991,0.624573,0.228151
0.459557,0.184282,0.410094,0.43641,0.136162,0.480245,0,0,0,0,0.641094,0.373371,0.809466,0.230888,0.934884,0.0390253,0,0,0,0,0,0,0,0,0,0,0,0,0,0,0.390273,0.162344,0.522307,0.162421,0.274763,0.21993,0.624606,0.230891
0.462858,0.187044,0.419965,0.408998,0.202153,0.411748,0.080063,0.315829,0,0,0.637781,0.381582,0.806127,0.228182,0.911784,0.0335666,0,0,0,0,0,0,0,0,0,0,0,0,0,0,0.39027,0.165071,0.525587,0.165142,0.271461,0.219918,0.631166,0.241844
0.46285,0.189749,0.423267,0.406263,0.205466,0.409,0.0767395,0.324054,0,0,0.641107,0.376132,0.802773,0.225422,0.908344,0.0362869,0,0,0,0,0,0,0,0,0,0,0,0,0,0,0.387002,0.162428,0.525576,0.165164,0.27473,0.217177,0.631212,0.241846
0.469481,0.189753,0.433191,0.400798,0.231869,0.406257,0.0800114,0.315811,0,0,0.644387,0.376116,0.786304,0.225433,0.872101,0.0308428,0,0,0,0,0,0,0,0,0,0,0,0,0,0,0.400186,0.165074,0.532219,0.167896,0.274769,0.214466,0.627866,0.24733
0.472789,0.187074,0.436469,0.400774,0.228566,0.406276,0.0833549,0.31307,0.258274,0.20896,0.64769,0.376128,0.779746,0.225411,0.858875,0.0363034,0.509092,0.946111,0,0,0,0,0,0,0.674107,0.935147,0,0,0,0,0.39358,0.162396,0.538754,0.170624,0.264894,0.214463,0.624631,0.247306
0.492573,0.184293,0.459593,0.38436,0.258264,0.400774,0.0866691,0.307633,0.297872,0.162377,0.657604,0.370624,0.782991,0.222674,0.842414,0.0363267,0.515687,0.924184,0.317667,0.921448,0,0,0,0,0.680707,0.924188,0,0,0,0,0.4134,0.162364,0.55527,0.167871,0.278086,0.211712,0.627942,0.233632
0.512349,0.184279,0.469459,0.381589,0.27144,0.389839,0.0899838,0.30215,0.287963,0.170595,0.664213,0.365155,0.779776,0.225385,0.842419,0.0390499,0,0,0,0,0,0,0,0,0,0,0,0,0,0,0.423283,0.162341,0.565169,0.17058,0.294573,0.208988,0.631189,0.23087
0.528858,0.184328,0.479389,0.37887,0.271478,0.384369,0.103168,0.296633,0.304463,0.167849,0.6708,0.37066,0.786325,0.228182,0.842376,0.0582548,0,0,0,0,0,0,0,0,0,0,0,0,0,0,0.439777,0.159654,0.585012,0.173361,0.297882,0.208943,0.644382,0.23359
0.538775,0.189744,0.482713,0.384311,0.278055,0.392552,0.116287,0.293915,0.304452,0.151417,0.6774,0.373376,0.786333,0.236356,0.845759,0.0664554,0,0,0,0,0,0,0,0,0,0,0,0,0,0,0.446389,0.162331,0.59155,0.181526,0.301168,0.211711,0.64777,0.230844
0.5553,0.195258,0.485988,0.392564,0.284655,0.398066,0.122956,0.296678,0.30778,0.140462,0.687316,0.38431,0.792916,0.250012,0.849046,0.0746453,0,0,0,0,0,0,0,0,0,0,0,0,0,0,0.466168,0.165193,0.608136,0.189738,0.304537,0.217195,0,0
0.565168,0.198019,0.48932,0.398042,0.294555,0.403524,0.129523,0.30215,0.28135,0.17059,0.693918,0.384377,0.799486,0.250094,0.852285,0.0746905,0,0,0,0,0,0,0,0,0,0,0,0,0,0,0.476067,0.170625,0.621248,0.192481,0.317687,0.228113,0.670837,0.239107
0.571812,0.20896,0.515708,0.406271,0.317686,0.419982,0.142753,0.304864,0.311082,0.165133,0.700509,0.389836,0.806052,0.255575,0.849033,0.0829332,0,0,0,0,0,0,0,0,0,0,0,0,0,0,0.479397,0.186997,0.624603,0.203456,0.344065,0.247344,0.677452,0.255537
0.578375,0.214423,0.515721,0.411749,0.320976,0.428166,0.146086,0.307607,0.314374,0.162387,0.700532,0.398044,0.806123,0.261013,0.852321,0.0966003,0,0,0,0,0,0,0,0,0,0,0,0,0,0,0.489301,0.18978,0.627889,0.20621,0.347363,0.252801,0.680708,0.252819
0.575121,0.217195,0.51572,0.417221,0.324253,0.4309,0.146073,0.315831,0.311063,0.162375,0.700476,0.403526,0.806163,0.271972,0.855618,0.102085,0.575089,0.932412,0.42658,0.95707,0,0,0,0,0.703804,0.92693,0,0,0,0,0.486034,0.192552,0.627922,0.21169,0.344067,0.255564,0.684002,0.258285
0.578397,0.222665,0.518987,0.422707,0.320985,0.430946,0.149321,0.318579,0.311084,0.162364,0.700537,0.403532,0.809397,0.272021,0.855603,0.104804,0.555295,0.943368,0.406778,0.959815,0,0,0,0,0.700497,0.946103,0,0,0,0,0.48931,0.197988,0.627944,0.21442,0.344055,0.255567,0.684,0.26923
0.584975,0.228127,0.519007,0.425434,0.320956,0.430957,0.146083,0.318594,0.311078,0.162372,0.707093,0.406267,0.80945,0.274725,0.855612,0.102107,0.584991,0.94337,0,0,0,0,0,0,0.713716,0.94337,0,0,0,0,0.489314,0.200726,0.631244,0.214452,0.344081,0.255588,0.684032,0.261037
0.585005,0.225434,0.515715,0.425453,0.31438,0.433656,0.152621,0.318586,0.314378,0.162382,0.703804,0.406284,0.81269,0.274754,0.855637,0.10214,0.568493,0.946106,0.419979,0.962554,0,0,0,0,0.700511,0.954321,0,0,0,0,0.489294,0.198027,0.634545,0.214456,0.34409,0.258269,0.690597,0.269236
0.591532,0.228188,0.528884,0.425457,0.327568,0.433651,0.155935,0.321321,0.33747,0.173336,0.7203,0.406247,0.816048,0.277468,0.862229,0.107597,0.581689,0.943374,0.416687,0.95981,0,0,0,0,0.726902,0.943374,0,0,0,0,0.509098,0.206244,0.637833,0.219939,0.363846,0.261034,0.697197,0.274731
0.594878,0.233619,0.528901,0.428163,0.33086,0.43367,0.155981,0.324043,0.357268,0.170604,0.720311,0.406283,0.819341,0.277504,0.865502,0.107573,0.584993,0.946105,0.426577,0.962555,0,0,0,0,0.723611,0.94337,0,0,0,0,0.538756,0.222644,0.64111,0.225362,0.370445,0.261048,0,0
0.594935,0.233629,0.53548,0.428182,0.33418,0.4364,0.159246,0.326787,0.347369,0.178815,0.723614,0.406303,0.819347,0.280198,0.865536,0.11307,0.584985,0.957076,0.436485,0.970768,0,0,0,0,0.7203,0.957068,0,0,0,0,0.53545,0.217199,0.644426,0.225422,0.367182,0.261045,0,0
0.59494,0.236357,0.53878,0.428208,0.337452,0.436414,0.155977,0.329515,0.35727,0.187036,0.726871,0.409005,0.819313,0.28292,0.865494,0.115819,0.581688,0.95159,0.423286,0.95981,0,0,0,0,0.71371,0.948856,0,0,0,0,0.525593,0.214448,0.647699,0.225404,0.363869,0.261033,0.703795,0.266517
0.598191,0.2364,0.535506,0.430939,0.330864,0.439157,0.159237,0.326791,0.393573,0.176078,0.726885,0.411772,0.822589,0.282962,0.865498,0.121277,0.578396,0.95434,0.426572,0.973517,0,0,0,0,0.707097,0.951582,0,0,0,0,0.525599,0.217179,0.650975,0.228126,0.373769,0.263755,0.703816,0.274727
0.598213,0.239104,0.53219,0.430925,0.324278,0.439131,0.159247,0.326792,0.393574,0.173338,0.72687,0.414477,0.819325,0.285684,0.865519,0.124005,0.578403,0.951596,0.426587,0.970765,0,0,0,0,0.7038,0.94884,0,0,0,0,0.528868,0.217189,0.650974,0.228111,0.370478,0.263749,0.703824,0.271999
0.598231,0.241834,0.5322,0.430933,0.324267,0.439135,0.159242,0.326787,0.360573,0.178816,0.726885,0.414485,0.816055,0.28568,0.865516,0.124021,0.578387,0.940623,0.423276,0.959807,0,0,0,0,0.710417,0.940624,0,0,0,0,0.522308,0.217155,0.65103,0.228108,0.370451,0.261015,0.700553,0.277487
0.601501,0.241844,0.535461,0.43092,0.327578,0.436421,0.159253,0.332249,0.396873,0.173339,0.726891,0.414489,0.819323,0.285683,0.865533,0.124024,0.5718,0.946113,0.423279,0.954331,0,0,0,0,0.703819,0.946101,0,0,0,0,0.522327,0.214451,0.654294,0.225439,0.377053,0.261026,0.703806,0.274731
0.611377,0.244562,0.5355,0.430942,0.327562,0.439132,0.162565,0.326801,0.390275,0.170593,0.730204,0.411756,0.822625,0.288404,0.868856,0.126729,0.584984,0.973518,0,0,0,0,0,0,0.723611,0.957076,0,0,0,0,0.52228,0.211735,0.660887,0.228147,0.347404,0.274743,0,0
0.614663,0.247305,0.535511,0.433654,0.334157,0.441883,0.162545,0.329542,0.396881,0.173341,0.726924,0.417222,0.822633,0.291145,0.872093,0.126775,0,0,0,0,0,0,0,0,0,0,0,0,0,0,0.525605,0.214475,0.66092,0.230876,0.353952,0.274715,0,0
0.61468,0.252817,0.532214,0.436396,0.324261,0.444617,0.155944,0.337772,0.363868,0.200738,0.726874,0.419985,0.819306,0.296632,0.86226,0.134971,0.58169,0.978994,0,0,0,0,0,0,0.710419,0.959809,0,0,0,0,0.535496,0.225408,0.660898,0.239126,0.347403,0.288438,0,0
0.614705,0.255526,0.525579,0.439145,0.314384,0.44735,0.14937,0.340534,0.337476,0.203475,0.720308,0.42818,0.812706,0.299412,0.862204,0.13774,0,0,0,0,0,0,0,0,0,0,0,0,0,0,0.538788,0.228176,0.660898,0.244591,0.344081,0.307602,0.700512,0.291179
0.611413,0.258263,0.519028,0.441916,0.314352,0.450101,0.142793,0.348735,0.317665,0.208957,0.713717,0.430965,0.809429,0.304863,0.855669,0.140454,0,0,0,0,0,0,0,0,0,0,0,0,0,0,0.522288,0.22815,0.657639,0.250033,0.3375,0.310347,0.700539,0.29665
0.614693,0.258278,0.525581,0.447378,0.317659,0.452869,0.139467,0.354187,0.307761,0.222667,0.716991,0.433688,0.809447,0.304901,0.852357,0.143173,0.5718,0.96529,0,0,0,0,0,0,0.710407,0.957069,0,0,0,0,0.522304,0.230929,0.660869,0.250086,0.337484,0.313059,0.703804,0.296642
0.614693,0.261031,0.518995,0.450098,0.311067,0.455582,0.13286,0.356903,0.311067,0.222661,0.713714,0.436405,0.806146,0.307636,0.849042,0.148655,0.575086,0.948844,0.419983,0.951589,0,0,0,0,0.717014,0.935142,0,0,0,0,0.532205,0.239091,0.654284,0.252844,0.334137,0.313078,0,0
0.614664,0.258291,0.515661,0.45012,0.304466,0.455585,0.126279,0.356901,0.307762,0.208963,0.713725,0.436392,0.806085,0.304894,0.842415,0.145917,0.551999,0.943363,0.410082,0.948845,0,0,0,0,0.70051,0.93788,0,0,0,0,0.532189,0.230914,0.651049,0.252774,0.330832,0.31034,0,0
0.604812,0.255547,0.495894,0.439169,0.291269,0.447358,0.116321,0.351424,0.301163,0.206237,0.700498,0.428214,0.799488,0.299402,0.829239,0.140444,0.515697,0.918705,0.353972,0.915964,0,0,0,0,0.680704,0.913222,0,0,0,0,0.542104,0.233641,0.644371,0.247321,0.317662,0.310301,0,0
0.598192,0.252808,0.489294,0.43367,0.27479,0.441884,0.103129,0.345977,0.304474,0.19525,0.697246,0.419975,0.792895,0.293908,0.825927,0.134955,0.512386,0.93241,0.353971,0.948848,0,0,0,0,0.651006,0.940625,0,0,0,0,0.542081,0.233602,0.637777,0.24187,0.307829,0.302118,0,0
0.588257,0.233658,0.479366,0.428167,0.271455,0.43091,0.0866773,0.340492,0.291263,0.192525,0.684012,0.411738,0.776467,0.282972,0.80939,0.121253,0.485983,0.957068,0.347371,0.973512,0,0,0,0,0.634507,0.948845,0,0,0,0,0.519029,0.21172,0.624639,0.225448,0.304444,0.29395,0,0
0.581724,0.22814,0.4662,0.422686,0.264855,0.428159,0.0865979,0.33501,0.261557,0.203463,0.674123,0.403551,0.773084,0.274771,0.802867,0.11308,0,0,0,0,0,0,0,0,0,0,0,0,0,0,0.515686,0.206187,0.621282,0.214455,0.301149,0.285707,0,0
0.568527,0.21716,0.462884,0.403511,0.248367,0.409006,0.0734363,0.321297,0.248357,0.181552,0.667523,0.387062,0.759924,0.261009,0.796241,0.0993956,0.4761,0.976258,0,0,0,0,0,0,0.631194,0.957074,0,0,0,0,0.512411,0.197981,0.608076,0.203435,0.284651,0.271985,0,0
0.561922,0.208966,0.462893,0.400773,0.25498,0.40626,0.0668687,0.31581,0.248362,0.165124,0.660885,0.384316,0.753314,0.252802,0.786293,0.085662,0,0,0,0,0,0,0,0,0,0,0,0,0,0,0.502486,0.187013,0.598203,0.192512,0.278059,0.26648,0,0
0.548696,0.192551,0.449664,0.387086,0.245046,0.398036,0.0602217,0.304883,0.238469,0.145937,0.644396,0.370621,0.740115,0.244589,0.769826,0.0719118,0.476093,0.968034,0,0,0,0,0,0,0.624609,0.954324,0,0,0,0,0.47941,0.170583,0.591526,0.178825,0.268146,0.252851,0,0
0.542088,0.187041,0.446367,0.381596,0.23187,0.395293,0.0536574,0.296649,0.235159,0.134975,0.64438,0.359688,0.736785,0.233636,0.769759,0.0582276,0.482678,0.968036,0,0,0,0,0,0,0.627903,0.948853,0,0,0,0,0.476079,0.162409,0.584975,0.167834,0.25828,0.250064,0,0
0.519029,0.170625,0.429886,0.37063,0.215352,0.381584,0.0437622,0.28571,0.19225,0.145932,0.631224,0.345971,0.726894,0.211685,0.74673,0.0363213,0.469487,0.959812,0.327571,0.978995,0,0,0,0,0.601502,0.948846,0,0,0,0,0.433185,0.14592,0.565178,0.162307,0.245025,0.230906,0,0
0.509045,0.165138,0.426583,0.359682,0.215355,0.373359,0.0371303,0.277479,0.182363,0.154146,0.624627,0.340478,0.723604,0.206224,0,0,0.456285,0.948852,0.311059,0.954328,0,0,0,0,0.591591,0.943364,0,0,0,0,0.413416,0.140446,0.558583,0.154132,0.235198,0.228156,0,0
0.486013,0.156894,0.419986,0.348715,0.202166,0.359701,0.0305079,0.280187,0.146054,0.129493,0.624608,0.329526,0.710438,0.189772,0.730178,0.00889423,0.429878,0.929671,0.291267,0.937888,0,0,0,0,0.578406,0.921447,0,0,0,0,0.406761,0.126759,0.54211,0.137698,0.231832,0.217192,0.59492,0.187014
0.486012,0.15689,0.419985,0.348709,0.202164,0.362393,0.030511,0.280194,0.142764,0.132228,0.624609,0.326817,0.710441,0.189763,0.730184,0.00889418,0.429874,0.932405,0.287962,0.937885,0,0,0,0,0.581684,0.924183,0,0,0,0,0.406762,0.126757,0.542111,0.137695,0.231826,0.219875,0.594921,0.187014
0.476112,0.145933,0.413354,0.345971,0.19885,0.354205,0.00908656,0.277483,0,0,0.618023,0.32405,0.70384,0.16788,0.730232,0.00894194,0.406782,0.973514,0,0,0,0,0,0,0.558591,0.970774,0,0,0,0,0.396868,0.118552,0.53223,0.124002,0.225258,0.203463,0.591654,0.173349
0.47606,0.143184,0.41337,0.343263,0.195535,0.35422,0.0107313,0.269231,0.202153,0.0993429,0.621264,0.31859,0.707112,0.16517,0.733538,0.00896131,0.413368,0.954334,0.254957,0.957082,0.185651,0.907754,0,0,0.568483,0.954331,0,0,0,0,0.387007,0.118491,0.532196,0.12131,0.221971,0.203484,0.591628,0.170612
0.472804,0.140473,0.41012,0.340475,0.192262,0.351445,0.0107218,0.274705,0,0,0.618005,0.315804,0.710406,0.165115,0.750073,0.00892259,0.42,0.948851,0.274755,0.951589,0.14937,0.907724,0,0,0.581704,0.951584,0,0,0,0,0.400196,0.118475,0.525623,0.118552,0.21538,0.189764,0.591546,0.170583
0.472782,0.140452,0.413357,0.337773,0.192245,0.345999,0.0107593,0.277452,0,0,0.617994,0.313109,0.71041,0.165117,0.753311,0.00895562,0.443087,0.924187,0.294565,0.943372,0.152655,0.904983,0,0,0.591599,0.921445,0,0,0,0,0.400199,0.11577,0.525569,0.118525,0.21208,0.195223,0.59153,0.165136
0.469477,0.14045,0.413355,0.340465,0.192259,0.35144,0.0107475,0.26378,0.0899746,0.162385,0.621271,0.310353,0.723579,0.162383,0.766515,0.00892477,0.419973,0.937889,0.261567,0.940629,0.155962,0.902256,0,0,0.568494,0.937886,0,0,0,0,0.38696,0.115806,0.522318,0.118547,0.215346,0.187047,0.588312,0.165115
0.466199,0.140475,0.410048,0.340506,0.19224,0.351458,0.0107454,0.266514,0,0,0.617987,0.313087,0.723644,0.165137,0.776401,0.00889582,0.413373,0.948856,0.254961,0.951586,0.172467,0.905028,0,0,0.558593,0.951584,0,0,0,0,0.380416,0.115811,0.522298,0.118569,0.212046,0.197963,0.588281,0.165161
0.459586,0.14046,0.406736,0.332264,0.188938,0.343222,0.0107603,0.266491,0.142763,0.107562,0.611418,0.307592,0.730215,0.173346,0.806105,0.00896448,0.42326,0.921443,0.268166,0.921447,0,0,0,0,0.565179,0.918699,0,0,0,0,0.383671,0.110306,0.515733,0.118502,0.20545,0.184305,0.578429,0.165096
0.452978,0.137715,0.400189,0.335029,0.18237,0.345968,0.0140658,0.263773,0.136164,0.113053,0.611405,0.304897,0.733501,0.170609,0.806119,0.0116207,0.423267,0.929671,0.271464,0.937879,0,0,0,0,0.568483,0.926934,0,0,0,0,0.377115,0.11028,0.512378,0.110342,0.202168,0.184316,0.575141,0.165102
0.453018,0.137744,0.406752,0.329523,0.188962,0.343222,0.0107643,0.269254,0.139438,0.115765,0.614684,0.304867,0.730222,0.170604,0.809444,0.00896188,0.446389,0.915964,0.301157,0.940617,0,0,0,0,0.588284,0.902273,0,0,0,0,0.380338,0.110301,0.512386,0.113018,0.202161,0.18975,0.571851,0.159643
0.45953,0.137672,0.406774,0.326802,0.192275,0.340495,0.010727,0.263737,0.122928,0.126733,0.608103,0.307604,0.730214,0.167888,0.812691,0.00895898,0.446398,0.918709,0.301159,0.937888,0,0,0,0,0.588289,0.910483,0,0,0,0,0.377113,0.107558,0.515632,0.110296,0.205461,0.195231,0.571797,0.156908
0.459612,0.129514,0.410088,0.318589,0.195558,0.335013,0.0140262,0.250092,0.122947,0.118515,0.614711,0.2994,0.733541,0.162426,0.816026,0.00896172,0.443056,0.888563,0.287961,0.899523,0,0,0,0,0.581692,0.88583,0,0,0,0,0.377076,0.104794,0.518955,0.107542,0.218641,0.176081,0.584959,0.159622
0.459626,0.13221,0.410071,0.318563,0.198836,0.332277,0.0107328,0.252763,0.126235,0.118531,0.614704,0.299416,0.733549,0.1624,0.816024,0.0089628,0.443082,0.896786,0.287973,0.918707,0,0,0,0,0.5817,0.888566,0,0,0,0,0.377097,0.104811,0.518956,0.107556,0.225261,0.167868,0.581729,0.159635
0.459594,0.118575,0.416712,0.302163,0.212053,0.307602,0.0337744,0.228173,0,0,0.617968,0.291161,0.730183,0.145941,0.79622,0.00894704,0.452967,0.894042,0.29785,0.918706,0,0,0,0,0.588286,0.915966,0,0,0,0,0.380392,0.0938763,0.518952,0.0992958,0.245069,0.13497,0.588279,0.145951
0.459584,0.11855,0.416703,0.299367,0.208779,0.304853,0.0404387,0.219901,0.142775,0.0116603,0.614697,0.285728,0.730212,0.126747,0.773101,0.00890287,0.44969,0.877606,0.304446,0.894048,0,0,0,0,0.588315,0.869373,0,0,0,0,0.380396,0.0856424,0.518945,0.0993794,0.238438,0.124012,0.584929,0.143235
0.459535,0.121245,0.410104,0.29942,0.202175,0.30214,0.0470714,0.195247,0.139456,0.0143912,0.608124,0.291173,0.703848,0.143187,0.756616,0.008998,0.443089,0.858434,0.294568,0.888556,0,0,0,0,0.58828,0.850198,0,0,0,0,0.38369,0.0911193,0.515763,0.102093,0.254988,0.126735,0.58504,0.14594
0.456244,0.121275,0.410101,0.302118,0.198878,0.299427,0.0503716,0.187032,0.132833,0.0335782,0.608123,0.29388,0.703806,0.151398,0.750012,0.00891026,0.4431,0.8639,0.287967,0.89678,0,0,0,0,0.588291,0.850187,0,0,0,0,0.380387,0.0938337,0.515726,0.102125,0.248378,0.126755,0.584998,0.148687
0.45625,0.132218,0.406808,0.313078,0.198845,0.307624,0.0569531,0.173348,0.146055,0.0226179,0.608071,0.299385,0.697232,0.162383,0,0,0.433164,0.866632,0.287971,0.885814,0,0,0,0,0.578393,0.852934,0,0,0,0,0.377117,0.0993739,0.51574,0.115735,0.241738,0.134956,0.588246,0.162336
0.456249,0.132216,0.40681,0.31307,0.198846,0.307613,0.0569554,0.173346,0.146054,0.0280916,0.608074,0.299386,0.69723,0.162382,0,0,0.433167,0.86391,0.287964,0.883087,0,0,0,0,0.578398,0.852932,0,0,0,0,0.377107,0.0993731,0.51574,0.115734,0.24173,0.134966,0.588242,0.162332
0.446384,0.145965,0.39689,0.337758,0.195567,0.332271,0.0833469,0.151399,0.159243,0.0116482,0.591593,0.321321,0.687318,0.184266,0.736778,0.0363384,0.400179,0.877599,0.241762,0.89678,0.353971,0.910484,0,0,0.545382,0.858422,0.700502,0.94338,0,0,0.373745,0.118559,0.512393,0.132221,0.231869,0.151424,0.571801,0.181533
0.44967,0.154158,0.390282,0.34324,0.195561,0.345985,0,0,0,0,0.594872,0.321336,0.687297,0.187025,0.733543,0.0390722,0.406778,0.863894,0.258256,0.880336,0.373785,0.913221,0,0,0.548689,0.852934,0.697188,0.918706,0,0,0.373744,0.121282,0.515625,0.137666,0.241744,0.159642,0.571773,0.181562
0.449681,0.159617,0.396873,0.343261,0.195547,0.35419,0.0833486,0.156892,0.0932471,0.0198762,0.591622,0.326811,0.687316,0.192513,0.730271,0.050053,0.403471,0.831016,0.248359,0.825534,0.327562,0.888557,0,0,0.538799,0.822794,0.697198,0.913229,0,0,0.373771,0.129462,0.512399,0.140467,0.264826,0.162398,0.571779,0.184286
0.452947,0.162353,0.396865,0.345997,0.188962,0.351464,0.0800442,0.126758,0.0734462,0.0171501,0.588323,0.337751,0.680735,0.198009,0.730172,0.0555124,0.403472,0.820065,0.26155,0.820056,0.311077,0.877593,0,0,0.538784,0.82006,0.687315,0.904988,0,0,0.373811,0.132231,0.512426,0.143209,0.268109,0.165151,0.571791,0.189758
0.443113,0.170627,0.393575,0.354185,0.195562,0.356924,0.0701303,0.11853,0,0,0.588304,0.340507,0.677413,0.206191,0.72026,0.0664581,0.403483,0.825544,0.25498,0.820057,0.284672,0.869384,0,0,0.538781,0.825524,0.664208,0.877607,0,0,0.370445,0.143217,0.509089,0.162314,0.264857,0.18701,0.56847,0.20345
0.443113,0.170627,0.393592,0.351478,0.19558,0.354202,0.070128,0.118521,0,0,0.588307,0.340503,0.677418,0.206187,0.720256,0.066458,0.403473,0.828269,0.254974,0.82006,0.284657,0.869382,0,0,0.538772,0.82553,0.66421,0.877607,0,0,0.370445,0.143219,0.509088,0.162311,0.264864,0.187013,0.568467,0.203448
0.416678,0.189766,0.370497,0.365154,0.165843,0.359682,0.0635301,0.176071,0,0,0.578387,0.351453,0.660924,0.217168,0.70043,0.0746362,0.393578,0.869389,0.251663,0.866638,0.179068,0.833749,0,0,0.535501,0.869386,0.684006,0.839229,0,0,0.344109,0.162327,0.482671,0.17058,0.23187,0.195257,0.55528,0.217151
0.41013,0.192512,0.363861,0.373379,0.142753,0.387091,0.0701541,0.252804,0,0,0.571791,0.351466,0.651026,0.225368,0.693901,0.0773876,0.373772,0.880349,0.235173,0.877603,0.169152,0.82554,0,0,0.522299,0.880347,0.693901,0.844723,0,0,0.337496,0.162383,0.472827,0.173324,0.231874,0.197979,0.542176,0.217172
0.393597,0.197981,0.360586,0.37062,0.159259,0.345966,0.0767208,0.252829,0.0371408,0.0445714,0.561895,0.362399,0.64107,0.225366,0.674059,0.0801636,0.370472,0.902251,0.228564,0.902251,0.146066,0.850191,0,0,0.519,0.896793,0.700478,0.850178,0,0,0.317676,0.165123,0.459619,0.181551,0.205479,0.203489,0.532191,0.225392
0.386996,0.198031,0.35727,0.381595,0.159265,0.362423,0.0668282,0.255542,0.0602879,0.214436,0.558597,0.365176,0.631238,0.228143,0.667452,0.0802092,0.380387,0.910475,0.248347,0.91049,0.13947,0.852954,0,0,0.528883,0.905004,0.697238,0.850193,0,0,0.31438,0.165156,0.449704,0.181553,0.198902,0.206205,0.532182,0.228196
0.390291,0.206177,0.363844,0.376125,0.155954,0.365149,0.047051,0.266498,0,0,0.555307,0.362435,0.624573,0.219933,0.650982,0.0883691,0.380381,0.905014,0.248353,0.902262,0.139475,0.858395,0,0,0.5256,0.905015,0.697156,0.861181,0,0,0.320952,0.176094,0.446436,0.187015,0.20544,0.208968,0.519018,0.228138
0.390287,0.206171,0.363845,0.376122,0.15595,0.365155,0.0173429,0.200735,0,0,0.55531,0.362435,0.624575,0.219937,0.650986,0.0883688,0.380375,0.907732,0.248355,0.90227,0.139463,0.858398,0,0,0.525582,0.90773,0.697163,0.861179,0,0,0.320963,0.176086,0.44644,0.187018,0.202177,0.208962,0.519016,0.228158
0.383679,0.208941,0.357257,0.378867,0.149363,0.37886,0.0173499,0.192522,0,0,0.548718,0.35695,0.62127,0.206208,0.641081,0.085649,0.383668,0.913234,0.251686,0.913218,0.12955,0.858447,0,0,0.525603,0.910488,0.683991,0.869381,0,0,0.311084,0.178822,0.439862,0.186991,0.202161,0.208976,0.512468,0.228102
0.380375,0.209003,0.363839,0.373396,0.169144,0.373378,0.0140391,0.230884,0,0,0.545394,0.362415,0.614665,0.211698,0.637778,0.0883846,0.383672,0.910484,0.258256,0.907748,0.126287,0.858435,0,0,0.522297,0.907756,0.680729,0.872128,0,0,0.307806,0.184255,0.436526,0.187073,0.198883,0.211674,0.515626,0.228095
0.373778,0.209003,0.357289,0.370638,0.169141,0.376102,0.017342,0.247333,0,0,0.542082,0.35149,0.598228,0.217158,0.627886,0.082901,0.383686,0.907754,0.251655,0.907733,0.122968,0.858435,0,0,0.519002,0.905006,0.674081,0.869414,0,0,0.301128,0.184308,0.429864,0.189758,0.195603,0.214423,0.502512,0.219906
0.367205,0.208989,0.357262,0.370609,0.165867,0.378847,0.0173295,0.241854,0,0,0.538763,0.348742,0.594944,0.219891,0.62456,0.0801795,0.377089,0.904997,0.245088,0.902274,0.119664,0.858393,0,0,0.518975,0.902261,0.667535,0.8694,0,0,0.297894,0.184335,0.423252,0.187105,0.195522,0.211723,0.495929,0.222616
0.36387,0.208955,0.347357,0.367886,0.155944,0.37064,0.0437274,0.258286,0.0140443,0.077422,0.532192,0.348704,0.59489,0.208953,0.621235,0.0801667,0.380361,0.905014,0.245075,0.905002,0.119641,0.8584,0,0,0.515698,0.904995,0.667508,0.869398,0,0,0.297854,0.184269,0.416677,0.187031,0.192238,0.211702,0.48931,0.21994
0.363862,0.208962,0.347389,0.365161,0.155957,0.370643,0.0404334,0.252809,0.0437175,0.219919,0.5322,0.348713,0.594889,0.208977,0.621228,0.0801607,0.383663,0.902275,0.248362,0.902268,0.119645,0.858401,0,0,0.518982,0.902253,0.667523,0.869405,0,0,0.297847,0.184268,0.416702,0.187029,0.195515,0.211715,0.492572,0.225386
0.357233,0.211724,0.3375,0.373364,0.152636,0.387096,0.0206386,0.225411,0,0,0.528893,0.346016,0.59162,0.206209,0.614673,0.0774779,0.370488,0.894034,0.23845,0.88582,0.103164,0.863891,0,0,0.512385,0.894042,0.664225,0.869359,0,0,0.284689,0.18427,0.413345,0.187018,0.185638,0.214439,0.485988,0.219903
0.350667,0.21171,0.340752,0.370666,0.146057,0.387076,0.0338366,0.247322,0.0173169,0.0664713,0.528872,0.348715,0.588338,0.20622,0.611416,0.0774922,0.377068,0.896778,0.245052,0.891309,0.103154,0.863891,0,0,0.512383,0.894033,0.664222,0.866656,0,0,0.274758,0.184268,0.410115,0.187065,0.185645,0.217176,0.489254,0.228198
0.347357,0.214414,0.347388,0.367928,0.159246,0.381622,0.020621,0.222672,0.0140512,0.058247,0.528888,0.346019,0.588327,0.206246,0.611425,0.0801451,0.373772,0.894053,0.241782,0.88857,0.103144,0.866636,0,0,0.50909,0.894048,0.664207,0.866658,0,0,0.274765,0.184292,0.410071,0.189822,0.188966,0.217186,0.48936,0.233637
0.344064,0.214468,0.337488,0.373382,0.13946,0.387081,0.0173592,0.225403,0.0140457,0.0554898,0.525607,0.348741,0.588324,0.208988,0.614674,0.0801915,0.370482,0.891313,0.238486,0.883096,0.106454,0.869354,0,0,0.502494,0.894041,0.664165,0.866652,0,0,0.274711,0.184293,0.410035,0.19249,0.182327,0.214455,0.49258,0.241818
0.340774,0.219893,0.340813,0.373406,0.146056,0.387078,0.0206415,0.233635,0.0140827,0.0664696,0.528883,0.354201,0.591571,0.214421,0.617977,0.0856387,0.373746,0.8913,0.245053,0.883075,0.106433,0.866663,0,0,0.502504,0.894034,0.664175,0.866658,0,0,0.271477,0.187027,0.410001,0.195267,0.188912,0.219895,0.495854,0.247297
0.340771,0.219895,0.340808,0.373396,0.146058,0.387069,0.0173545,0.225409,0,0,0.528886,0.354191,0.591571,0.214423,0.617977,0.085649,0.373746,0.891316,0.245057,0.883096,0.106432,0.866656,0,0,0.502509,0.89404,0.664169,0.866657,0,0,0.271472,0.187024,0.410003,0.195265,0.18891,0.219893,0.495858,0.247304
0.337488,0.222669,0.337488,0.387084,0.136137,0.389839,0.0338343,0.239105,0.0140706,0.0664383,0.528923,0.36516,0.59491,0.225428,0.621384,0.096592,0.363896,0.899514,0.23847,0.891313,0.119624,0.872098,0,0,0.499171,0.899519,0.664207,0.86666,0,0,0.268167,0.189765,0.410054,0.200747,0.175749,0.222661,0.50249,0.252862
0.33746,0.222669,0.337477,0.389832,0.132839,0.39532,0.040427,0.252801,0.0107893,0.0527838,0.532212,0.367889,0.598184,0.228157,0.624605,0.0993131,0.36388,0.902277,0.238465,0.899521,0.119644,0.872129,0,0,0.495879,0.902256,0.66424,0.866678,0,0,0.271416,0.189827,0.410034,0.203429,0.175753,0.225374,0.50577,0.258295
0.3342,0.222632,0.337483,0.389821,0.136128,0.381602,0.0470452,0.266497,0,0,0.535489,0.376142,0.60811,0.228114,0.631224,0.102084,0.370464,0.9105,0.248379,0.910474,0.129564,0.880326,0,0,0.492606,0.910478,0.66093,0.866627,0,0,0.271438,0.189765,0.406821,0.203485,0.185629,0.222644,0.512365,0.271967
0.334205,0.222639,0.334197,0.3898,0.129538,0.376129,0.0502915,0.258305,0.0272191,0.0445473,0.53875,0.381579,0.614684,0.228151,0.637832,0.107551,0.363892,0.910475,0.245045,0.90773,0.13285,0.883095,0,0,0.495904,0.910477,0.66421,0.869412,0,0,0.271505,0.187074,0.410025,0.206175,0.185637,0.217211,0.515619,0.27471
0.344067,0.21994,0.344079,0.398061,0.139463,0.387091,0.056945,0.324053,0.0272221,0.0472998,0.545369,0.389823,0.621312,0.241845,0.647742,0.115745,0.363881,0.932398,0.245045,0.932411,0.142743,0.891307,0,0,0.495881,0.921453,0.667515,0.874857,0,0,0.284665,0.187024,0.413423,0.203501,0.195541,0.222665,0.519027,0.277446
0.354,0.219947,0.344058,0.403535,0.142738,0.395301,0.0602403,0.335006,0,0,0.545386,0.392562,0.624589,0.252841,0.657571,0.118505,0.373776,0.932414,0.248353,0.940622,0.142776,0.896779,0,0,0.515673,0.921449,0.670796,0.877612,0,0,0.297872,0.187004,0.423312,0.206178,0.198827,0.217197,0.52559,0.282966
0.377096,0.217168,0.360558,0.4035,0.152643,0.37885,0.0800077,0.31308,0.0404141,0.0555095,0.561894,0.3953,0.644372,0.255531,0.670871,0.124036,0.370487,0.943375,0.245062,0.946098,0.142774,0.902259,0,0,0.512381,0.935145,0.677387,0.885827,0,0,0.307798,0.184323,0.446408,0.208942,0.212052,0.219911,0.538765,0.288407
0.386993,0.217175,0.367184,0.40079,0.152642,0.373396,0.0833086,0.307619,0.0338365,0.0582322,0.571811,0.395289,0.647703,0.255553,0.680704,0.129499,0.377085,0.948842,0.248344,0.95159,0.149346,0.905034,0,0,0.518996,0.937881,0.683984,0.89131,0,0,0.320988,0.184301,0.46285,0.208959,0.228567,0.219895,0.542152,0.285689
0.416667,0.219915,0.390279,0.400784,0.179064,0.376116,0.0800649,0.261039,0.0502919,0.0527898,0.58501,0.395311,0.664202,0.271983,0.700491,0.134946,0.393579,0.9461,0.251676,0.951587,0.152651,0.907753,0,0,0.525585,0.940621,0.690585,0.902262,0,0,0.347371,0.187022,0.48598,0.21172,0.248368,0.225385,0.561877,0.291167
0.433183,0.219956,0.40674,0.403535,0.185646,0.381607,0.0866299,0.271989,0.0502959,0.0582483,0.591575,0.398059,0.67078,0.282913,0.707101,0.137697,0.39028,0.951577,0.251654,0.948856,0.162544,0.907765,0,0,0.525587,0.94338,0.690617,0.904994,0,0,0.360557,0.189771,0.492642,0.214479,0.251695,0.225411,0.565166,0.293873
0.456232,0.230853,0.410126,0.403559,0.198867,0.387069,0.0998409,0.274728,0.0602245,0.0692318,0.601505,0.403516,0.683994,0.288441,0.723644,0.143252,0.416667,0.946117,0.287963,0.951569,0.172445,0.918694,0,0,0.545385,0.94338,0.693942,0.910485,0,0,0.377101,0.195269,0.515665,0.228075,0.264857,0.23085,0.571795,0.291157
0.456229,0.230858,0.410063,0.406252,0.195583,0.387104,0.103136,0.274729,0.0602252,0.0692105,0.601524,0.406238,0.683985,0.288436,0.723648,0.145907,0.4134,0.948836,0.284664,0.951591,0.169149,0.921459,0,0,0.545379,0.94338,0.697176,0.910498,0,0,0.377105,0.19527,0.515666,0.225448,0.261578,0.230903,0.57182,0.291126
0.469503,0.233646,0.426587,0.41175,0.212078,0.395294,0.116334,0.261017,0.0800334,0.0746536,0.621284,0.409003,0.693917,0.293946,0.733567,0.159591,0.419987,0.948855,0.297861,0.948848,0.188925,0.929673,0,0,0.555274,0.94885,0.700555,0.913266,0,0,0.390326,0.203495,0.532179,0.230913,0.281352,0.247334,0.588278,0.293927
0.479399,0.252877,0.439782,0.422706,0.23848,0.398041,0.139475,0.293904,0.0899682,0.0883944,0.627953,0.419962,0.700488,0.302125,0.736803,0.162354,0.423282,0.943365,0.304462,0.943371,0.192279,0.929663,0,0,0.558604,0.948846,0.707113,0.921449,0,0,0.410004,0.222675,0.538724,0.250012,0.304501,0.258323,0.591636,0.299416
0.485992,0.261052,0.446391,0.433679,0.241751,0.419966,0.149348,0.293896,0.106448,0.0938835,0.644349,0.425416,0.703879,0.307605,0.74344,0.16519,0.43978,0.94885,0.307758,0.951584,0.205469,0.940627,0,0,0.581703,0.951597,0.73019,0.929668,0,0,0.416716,0.236359,0.54542,0.252804,0.311074,0.274712,0.611401,0.310355
0.48607,0.271954,0.449707,0.433668,0.251676,0.417233,0.155948,0.302134,0.113059,0.102086,0.64438,0.42819,0.710436,0.31306,0.743434,0.16785,0.459565,0.951589,0.324276,0.951595,0.21204,0.937902,0,0,0.585007,0.951576,0.730241,0.932395,0,0,0.42983,0.247294,0.54869,0.25552,0.307737,0.272005,0.61803,0.310362
0.489239,0.285733,0.459566,0.43915,0.261586,0.428203,0.172443,0.307616,0.126242,0.110306,0.647733,0.433671,0.720306,0.313079,0.750017,0.173323,0.462875,0.951587,0.330881,0.951581,0.221977,0.940633,0,0,0.59159,0.951595,0.7434,0.937899,0,0,0.4266,0.255522,0.551951,0.269243,0.311091,0.282936,0.621282,0.315823
0.485979,0.296633,0.456277,0.447353,0.261574,0.433685,0.182328,0.31584,0.129596,0.118504,0.651002,0.436428,0.72362,0.31309,0.750006,0.178817,0.459597,0.954347,0.324268,0.954348,0.23185,0.943383,0,0,0.594892,0.957058,0.743408,0.940628,0,0,0.429842,0.269195,0.545419,0.277486,0.314383,0.293894,0.621348,0.332259
0.479361,0.315767,0.462883,0.466543,0.254956,0.463793,0.185633,0.332275,0.136164,0.121273,0.651026,0.452842,0.723593,0.318586,0.746722,0.189745,0.472769,0.954324,0.347361,0.957057,0.231837,0.94885,0,0,0.608106,0.954325,0.746729,0.946102,0,0,0.416695,0.280186,0.538762,0.291155,0.314381,0.310335,0.627943,0.340521
0.469522,0.315881,0.462853,0.472012,0.258258,0.469284,0.188958,0.348719,0.139445,0.12675,0.651043,0.455594,0.726876,0.315837,0.746745,0.19248,0.476102,0.951594,0.35396,0.954334,0.228575,0.951585,0,0,0.621305,0.951605,0.753302,0.948833,0,0,0.413423,0.280171,0.53223,0.293947,0.307748,0.302156,0.627889,0.345937
0.459646,0.326822,0.459578,0.482995,0.261553,0.483005,0.192229,0.362412,0.139442,0.132247,0.651,0.466536,0.72691,0.321313,0.750033,0.19523,0.46948,0.954329,0.324263,0.968027,0.241779,0.957078,0,0,0.608108,0.959802,0.750026,0.954361,0,0,0.406821,0.288449,0.522306,0.299421,0.304516,0.315804,0.631166,0.348749
0.456293,0.33227,0.466176,0.477508,0.264869,0.474785,0.188972,0.348732,0.139466,0.135,0.651039,0.463843,0.730188,0.321306,0.750059,0.197969,0.47607,0.957074,0.324261,0.965296,0.238474,0.957063,0,0,0.621297,0.954342,0.753317,0.95708,0,0,0.406824,0.291171,0.519026,0.304837,0.30452,0.313106,0.63117,0.354195
0.449714,0.337738,0.462891,0.482995,0.261559,0.483,0.185629,0.348705,0.139487,0.140439,0.650971,0.469309,0.726929,0.335002,0.749997,0.200725,0.472788,0.957073,0.337463,0.959822,0.235179,0.957053,0,0,0.608109,0.957065,0.756592,0.959811,0,0,0.400192,0.293944,0.518923,0.307649,0.304422,0.326799,0.631176,0.359654
0.446431,0.33781,0.452984,0.488467,0.258261,0.485721,0.18894,0.356935,0.142749,0.14866,0.647672,0.477539,0.730191,0.33503,0.750074,0.203436,0.476065,0.954351,0.344071,0.957076,0.235182,0.962553,0,0,0.618,0.957069,0.756616,0.962572,0,0,0.393592,0.296628,0.515759,0.310357,0.304413,0.329534,0.631159,0.365119
0.429904,0.340542,0.446361,0.493969,0.245062,0.493964,0.17577,0.362414,0.129573,0.162364,0.644404,0.482992,0.726881,0.337749,0.750006,0.206196,0.472806,0.959807,0.347357,0.959817,0.241758,0.970764,0,0,0.61801,0.959818,0.756603,0.970776,0,0,0.377057,0.304844,0.499163,0.313085,0.291302,0.340546,0.624623,0.373409
0.419988,0.343191,0.439794,0.504919,0.231861,0.510392,0.152639,0.33227,0.122905,0.16236,0.641113,0.488493,0.723601,0.34596,0.746694,0.208928,0.472809,0.959824,0.344057,0.965288,0.241773,0.968018,0,0,0.62459,0.962543,0.753347,0.973523,0,0,0.373731,0.304878,0.489334,0.313138,0.284703,0.340523,0.621287,0.381568
0.410127,0.340524,0.449706,0.496688,0.251667,0.502176,0.14275,0.337768,0.0998412,0.162416,0.641108,0.48575,0.713728,0.34325,0.736854,0.206192,0.476063,0.957075,0.347365,0.954348,0.235181,0.968041,0,0,0.618004,0.96256,0.75659,0.973509,0,0,0.363868,0.304842,0.482716,0.313084,0.284661,0.343204,0.617939,0.381588
0.410086,0.340457,0.439788,0.49397,0.235164,0.491206,0.136149,0.326798,0.0965737,0.16242,0.637821,0.491207,0.710408,0.34324,0.733582,0.203487,0.476111,0.962556,0.350686,0.965294,0.235172,0.973512,0,0,0.624594,0.965298,0,0,0,0,0.363831,0.299387,0.482719,0.313089,0.281379,0.337756,0.61466,0.38162
0.410068,0.340467,0.439771,0.493969,0.235142,0.491198,0.136123,0.32406,0.0965676,0.162368,0.637801,0.485755,0.707143,0.343214,0.733534,0.206175,0.476082,0.962564,0.34738,0.973517,0.235178,0.965307,0,0,0.621301,0.96256,0.756584,0.973511,0,0,0.363886,0.299384,0.482644,0.313079,0.284665,0.340471,0.614649,0.381582
0.410059,0.340458,0.439767,0.493983,0.235168,0.491207,0.136123,0.324071,0.0998263,0.162387,0.637785,0.491194,0.707125,0.340536,0.733464,0.206171,0.472807,0.965291,0.340783,0.999543,0,0,0,0,0.617993,0.965287,0.753333,0.97077,0,0,0.360564,0.302104,0.482637,0.313075,0.278074,0.340462,0.611423,0.38161
0.410005,0.340545,0.439785,0.496694,0.235178,0.493961,0.139448,0.33227,0.0998692,0.16511,0.637829,0.491225,0.710427,0.340528,0.733486,0.208998,0.479392,0.970774,0,0,0,0,0,0,0.627898,0.968023,0,0,0,0,0.360586,0.302144,0.482618,0.315816,0.281416,0.340547,0.611428,0.384401
0.410019,0.343232,0.443105,0.496715,0.238478,0.496719,0.142752,0.337752,0.0998687,0.167835,0.641108,0.491215,0.710439,0.343243,0.733526,0.211708,0.479379,0.97078,0,0,0,0,0,0,0.624601,0.968033,0,0,0,0,0.367127,0.302132,0.482632,0.315845,0.294579,0.340514,0.614652,0.3844
0.410137,0.348728,0.443058,0.499438,0.238467,0.499432,0.142733,0.33501,0.109754,0.1706,0.641122,0.493955,0.713726,0.343246,0.733582,0.219896,0.482697,0.968045,0.350685,0.999544,0.228551,0.973516,0,0,0.631204,0.965297,0,0,0,0,0.370499,0.304907,0.486002,0.321367,0.29454,0.343227,0.617956,0.392535
0.413409,0.351475,0.439807,0.507658,0.245049,0.507657,0.149337,0.345957,0.119612,0.173339,0.64108,0.49672,0.717002,0.345987,0.736813,0.219933,0.482671,0.973509,0.350686,0.970772,0,0,0,0,0,0,0,0,0,0,0.37376,0.310343,0.489262,0.329555,0.294592,0.343225,0.617983,0.395279
0.429858,0.359685,0.446373,0.515876,0.251655,0.524089,0.162549,0.365166,0.129525,0.176077,0.641115,0.502164,0.720315,0.351459,0.74015,0.225366,0.476101,0.962548,0.347363,0.978995,0,0,0,0,0.634498,0.959811,0,0,0,0,0.380374,0.31859,0.502462,0.337742,0.301182,0.348742,0.624574,0.397999
0.433219,0.362428,0.446384,0.521339,0.24835,0.524084,0.169153,0.367902,0.136149,0.176077,0.644393,0.502187,0.723599,0.351481,0.740169,0.225438,0.479385,0.959819,0.350659,0.959819,0,0,0,0,0.637786,0.962548,0,0,0,0,0.380386,0.321358,0.509109,0.340461,0.301133,0.348719,0.627853,0.398036
0.439816,0.365176,0.4464,0.52411,0.248377,0.524087,0.17247,0.354212,0.139465,0.167874,0.644419,0.515879,0.723596,0.365181,0.746687,0.228168,0.482705,0.968041,0.350674,0.973512,0,0,0,0,0.641087,0.968028,0,0,0,0,0.383678,0.326815,0.515747,0.340569,0.304438,0.354193,0.631227,0.400821
0.443065,0.370599,0.449712,0.524084,0.251648,0.524111,0.179066,0.354211,0.142748,0.167849,0.650976,0.510384,0.726857,0.367884,0.746728,0.228189,0.482702,0.968043,0.350674,0.97078,0,0,0,0,0.641079,0.970778,0,0,0,0,0.393571,0.332249,0.51896,0.343315,0.30776,0.359674,0.637754,0.400774
0.459522,0.373405,0.466162,0.52684,0.261548,0.521355,0.185658,0.356946,0.149333,0.167836,0.65759,0.515898,0.730217,0.367896,0.749997,0.230866,0.482677,0.970776,0.347376,0.968035,0,0,0,0,0.637816,0.978995,0,0,0,0,0.406768,0.334994,0.525633,0.34875,0.317674,0.35693,0.641113,0.403535
0.459624,0.376072,0.469475,0.526842,0.268157,0.524099,0.188944,0.362411,0.149338,0.16787,0.657617,0.515888,0.7335,0.370635,0.750059,0.23087,0,0,0,0,0,0,0,0,0,0,0,0,0,0,0.410036,0.335005,0.532191,0.351474,0.32096,0.362404,0.644377,0.403549
0.472776,0.381632,0.472765,0.5323,0.264864,0.535046,0.192268,0.362415,0.165823,0.16515,0.667532,0.513131,0.74008,0.378877,0.753329,0.236392,0,0,0,0,0,0,0,0,0,0,0,0,0,0,0.419937,0.340509,0.545383,0.362373,0.330899,0.362425,0.65097,0.406322
0.472773,0.381614,0.469496,0.53232,0.264857,0.532335,0.192247,0.359667,0.165856,0.167853,0.667509,0.515864,0.736863,0.378856,0.753291,0.236385,0,0,0,0,0,0,0,0,0,0,0,0,0,0,0.41997,0.34048,0.545372,0.359723,0.334149,0.362385,0.650974,0.40632
0.485931,0.389789,0.476059,0.540547,0.261562,0.540551,0.192264,0.354202,0.19558,0.173337,0.677384,0.52408,0.749957,0.387085,0.756606,0.247321,0,0,0,0,0,0,0,0,0,0,0,0,0,0,0.429838,0.343207,0.558601,0.365212,0.34405,0.365151,0.664132,0.41996
0.489238,0.389824,0.476077,0.546038,0.261565,0.546018,0.195519,0.373383,0.198835,0.17883,0.680708,0.51863,0.75008,0.387126,0.756679,0.250003,0,0,0,0,0,0,0,0,0,0,0,0,0,0,0.436511,0.343205,0.565123,0.367906,0.347359,0.365148,0.664229,0.414504
0.499174,0.395264,0.482712,0.540553,0.26486,0.543262,0,0,0,0,0.687308,0.518646,0.753399,0.38981,0.759962,0.250048,0,0,0,0,0,0,0,0,0,0,0,0,0,0,0.446349,0.345988,0.571788,0.370637,0.353978,0.367883,0.670729,0.417228
0.509096,0.3926,0.485972,0.54326,0.271473,0.543297,0.195569,0.395308,0.228537,0.189791,0.690616,0.521357,0.756653,0.39527,0.766487,0.250117,0,0,0,0,0,0,0,0,0,0,0,0,0,0,0.446393,0.346023,0.578392,0.370593,0.357277,0.367921,0.67405,0.419957
0.518936,0.392577,0.495913,0.537816,0.294575,0.535053,0.195571,0.400785,0,0,0.693938,0.518647,0.763204,0.39532,0.769865,0.252809,0,0,0,0,0,0,0,0,0,0,0,0,0,0,0.459583,0.34596,0.588287,0.367924,0.367154,0.365146,0.687282,0.419937
0.519073,0.395257,0.492571,0.540542,0.294568,0.535068,0.195548,0.37338,0.258283,0.214426,0.697214,0.524116,0.769765,0.3953,0.769829,0.252775,0,0,0,0,0,0,0,0,0,0,0,0,0,0,0.462869,0.346031,0.591563,0.37063,0.357244,0.365144,0.690585,0.419966
0.528857,0.395313,0.50578,0.532327,0.307781,0.521359,0.198844,0.378844,0.274807,0.214446,0.700467,0.52683,0.773058,0.400735,0.773105,0.252858,0,0,0,0,0,0,0,0,0,0,0,0,0,0,0.469486,0.348758,0.59487,0.37342,0.360548,0.370632,0.69389,0.422689
0.535443,0.398005,0.505778,0.529605,0.304483,0.51586,0.202141,0.378869,0.281365,0.219934,0.697229,0.529568,0.773148,0.400773,0.77636,0.255521,0,0,0,0,0,0,0,0,0,0,0,0,0,0,0.472811,0.354172,0.594989,0.376137,0.357308,0.370622,0.69392,0.425408
0.542055,0.395288,0.51242,0.532343,0.311072,0.51863,0.205468,0.389849,0.287943,0.228093,0.70379,0.526825,0.776464,0.403504,0.786286,0.255592,0,0,0,0,0,0,0,0,0,0,0,0,0,0,0.479335,0.351492,0.604784,0.376128,0.360587,0.370618,0.697187,0.425416
0.542101,0.395311,0.512387,0.532343,0.311085,0.515875,0.205447,0.392548,0.28468,0.225384,0.703804,0.526872,0.779678,0.403476,0.796181,0.255603,0,0,0,0,0,0,0,0,0,0,0,0,0,0,0.479348,0.354189,0.604829,0.376132,0.3606,0.373373,0.697218,0.425403
0.542149,0.39533,0.515691,0.532347,0.32097,0.521361,0.202173,0.395273,0.278055,0.228169,0.703832,0.526855,0.78301,0.40354,0.815999,0.255535,0,0,0,0,0,0,0,0,0,0,0,0,0,0,0.482622,0.354218,0.60484,0.376128,0.360575,0.370665,0.69723,0.425399
0.542108,0.395279,0.518985,0.529568,0.317671,0.502172,0.202184,0.400787,0.271463,0.23911,0.703838,0.526835,0.786335,0.406236,0.839183,0.271932,0,0,0,0,0,0,0,0,0,0,0,0,0,0,0.482614,0.354204,0.604826,0.376129,0.373753,0.373364,0.69724,0.425421
0.542052,0.395339,0.522281,0.526864,0.334155,0.510396,0.202138,0.40354,0.255012,0.247329,0.707093,0.521345,0.802867,0.414466,0.881989,0.277474,0,0,0,0,0,0,0,0,0,0,0,0,0,0,0.479384,0.356909,0.604781,0.378851,0.37375,0.376119,0.697196,0.425441
0.542038,0.398019,0.519018,0.532309,0.320962,0.521373,0.198873,0.400768,0.258241,0.236376,0.703844,0.521381,0.809372,0.40904,0.898504,0.274772,0,0,0,0,0,0,0,0,0,0,0,0,0,0,0.476125,0.359645,0.601552,0.378877,0.373741,0.378848,0.69721,0.428152
0.542051,0.400748,0.518964,0.537805,0.320961,0.521353,0.198894,0.409011,0.231887,0.208969,0.703844,0.524085,0.822609,0.417221,0.91839,0.280195,0,0,0,0,0,0,0,0,0,0,0,0,0,0,0.479334,0.362398,0.604806,0.38159,0.370486,0.381567,0.69723,0.428157
0.54207,0.400797,0.519016,0.537823,0.327556,0.526841,0.198863,0.414496,0.208782,0.200756,0.710383,0.524092,0.825905,0.419964,0.928225,0.285685,0,0,0,0,0,0,0,0,0,0,0,0,0,0,0.479373,0.365118,0.604806,0.381659,0.3738,0.381583,0.697252,0.428185
0.5421,0.403514,0.515673,0.551511,0.314369,0.546018,0.198887,0.389828,0.185672,0.195245,0.707124,0.526855,0.829187,0.425411,0.938069,0.282922,0,0,0,0,0,0,0,0,0,0,0,0,0,0,0.479364,0.365207,0.60809,0.38437,0.360595,0.387085,0.697248,0.4282
0.542094,0.403586,0.51571,0.546042,0.327559,0.546016,0.212045,0.406276,0.162543,0.206234,0.710423,0.526841,0.829226,0.425476,0.938087,0.288389,0,0,0,0,0,0,0,0,0,0,0,0,0,0,0.479432,0.367878,0.608077,0.387079,0.363886,0.384356,0.697254,0.430875
0.542092,0.406223,0.519011,0.543279,0.327576,0.535057,0.231854,0.455593,0,0,0.717022,0.524128,0.835861,0.425415,0.944769,0.291142,0,0,0,0,0,0,0,0,0,0,0,0,0,0,0.482645,0.367881,0.608096,0.387069,0.380354,0.387107,0.697233,0.428229
0.545366,0.403495,0.518981,0.526851,0.320971,0.51313,0.195567,0.422706,0.0932338,0.250057,0.720276,0.526812,0.839083,0.428165,0.951354,0.293923,0,0,0,0,0,0,0,0,0,0,0,0,0,0,0.482658,0.365191,0.611422,0.384345,0.367216,0.38438,0.697259,0.428231
0.548735,0.400823,0.519012,0.526867,0.330849,0.518611,0.172435,0.43916,0.0569274,0.310358,0.720299,0.524118,0.849056,0.42822,0.994259,0.282914,0,0,0,0,0,0,0,0,0,0,0,0,0,0,0.485959,0.365148,0.618014,0.384312,0.373789,0.389796,0.700491,0.428211
0.555248,0.403455,0.522327,0.526837,0.337494,0.513127,0.165833,0.447407,0.0404402,0.335011,0.723575,0.529574,0.855577,0.430913,0.994272,0.266498,0,0,0,0,0,0,0,0,0,0,0,0,0,0,0.486052,0.365171,0.621246,0.384326,0.380437,0.392531,0.700554,0.428243
0.555294,0.403535,0.528876,0.529573,0.340759,0.518588,0.165817,0.461045,0.0338086,0.354217,0.730208,0.529558,0.85892,0.436371,0.994274,0.293876,0,0,0,0,0,0,0,0,0,0,0,0,0,0,0.489263,0.367896,0.621296,0.387051,0.383643,0.398066,0.703816,0.430922
0.555315,0.406228,0.528877,0.532301,0.33748,0.515903,0.162572,0.455608,0.0370978,0.34869,0.730232,0.532298,0.862254,0.43643,0.994277,0.293871,0,0,0,0,0,0,0,0,0,0,0,0,0,0,0.489285,0.367938,0.621295,0.387105,0.383651,0.39807,0.703823,0.433685
0.558581,0.403558,0.532181,0.532302,0.337501,0.521334,0.179044,0.455575,0.0503347,0.343238,0.736789,0.529601,0.868866,0.436402,0.994277,0.299429,0,0,0,0,0,0,0,0,0,0,0,0,0,0,0.492559,0.370627,0.621354,0.387094,0.377063,0.400752,0.703862,0.433634
0.561845,0.403549,0.5388,0.532311,0.347374,0.518641,0.188962,0.45831,0.0602645,0.34597,0.73684,0.532319,0.872163,0.439142,0.99428,0.302118,0,0,0,0,0,0,0,0,0,0,0,0,0,0,0.495869,0.370648,0.624588,0.387061,0.383698,0.40082,0.710397,0.430984
0.571772,0.403573,0.542118,0.532309,0.353977,0.521351,0.195584,0.458327,0.0734721,0.345967,0.743418,0.532342,0.878689,0.441917,0.994282,0.304848,0,0,0,0,0,0,0,0,0,0,0,0,0,0,0.509098,0.370664,0.631243,0.387086,0.387007,0.40352,0.716974,0.433714
0.578367,0.403563,0.545367,0.537795,0.360551,0.526825,0.20215,0.461025,0.0800503,0.345987,0.74343,0.5378,0.875387,0.4446,0.994284,0.307634,0,0,0,0,0,0,0,0,0,0,0,0,0,0,0.515636,0.373366,0.637823,0.387127,0.390282,0.406272,0.723567,0.436429
0.58832,0.406322,0.548682,0.540549,0.363865,0.529566,0.218681,0.452865,0.093246,0.326803,0.746693,0.540572,0.868852,0.447329,0,0,0,0,0,0,0,0,0,0,0,0,0,0,0,0,0.52228,0.37609,0.647726,0.389856,0.403479,0.403576,0.730167,0.43372
0.591639,0.409015,0.551996,0.548747,0.373748,0.535066,0.228609,0.452854,0.116309,0.315812,0.740138,0.551481,0.868846,0.444639,0.994273,0.293928,0,0,0,0,0,0,0,0,0,0,0,0,0,0,0.528868,0.378821,0.654272,0.392552,0.416649,0.406289,0.730213,0.439166
0.598225,0.414486,0.565176,0.548757,0.377091,0.537802,0.251674,0.441895,0.152635,0.269267,0.750031,0.546032,0.862272,0.447321,0.994263,0.296699,0,0,0,0,0,0,0,0,0,0,0,0,0,0,0.538806,0.381564,0.6642,0.398048,0.416713,0.409006,0.736801,0.43915
0.608071,0.411776,0.5652,0.54601,0.377098,0.535048,0.254985,0.425469,0.175786,0.250091,0.753296,0.546008,0.865577,0.444602,0.994253,0.291194,0.575086,0.981736,0.423282,0.96803,0.231865,0.948839,0,0,0.703821,0.973513,0,0,0,0,0.54208,0.378883,0.667515,0.398051,0.426545,0.406287,0.740131,0.444579
0.618023,0.414491,0.575075,0.543298,0.383658,0.532313,0.274776,0.406257,0.218621,0.217162,0.763224,0.543296,0.868839,0.444588,0.994238,0.296669,0.578389,0.970772,0.423274,0.959808,0.228557,0.929679,0,0,0.71042,0.968037,0,0,0,0,0.555273,0.381571,0.674122,0.398028,0.429908,0.40625,0.746685,0.441876
0.621247,0.414472,0.571822,0.551489,0.3804,0.535074,0.28466,0.400793,0.225286,0.200766,0.766492,0.548743,0.872101,0.44185,0.992584,0.302148,0.561893,0.976253,0.39688,0.951591,0.221965,0.92693,0,0,0,0,0,0,0,0,0.551983,0.37884,0.677413,0.398013,0.436483,0.403508,0.749976,0.441883
