0.444618,0.578347,0.541104,0.801789,0.462984,0.848113,0.315934,0.785431,0.138241,0.60834,0.639138,0.646472,0.646798,0.324946,0.610037,0.0224988,0,0,0,0,0,0,0,0,0,0,0,0,0,0,0.386415,0.532055,0.496681,0.493866,0.351166,0.59471,0.610023,0.493914
0.450726,0.581057,0.550293,0.834487,0.464517,0.842648,0.323593,0.799045,0.13825,0.61105,0.614628,0.83993,0,0,0,0,0,0,0,0,0,0,0,0,0,0,0,0,0,0,0.391006,0.537514,0.502815,0.496599,0.354222,0.600167,0.614636,0.499341
0.462976,0.57836,0.553358,0.820861,0.481365,0.850838,0.357294,0.818134,0.144376,0.611045,0.637607,0.739113,0.652921,0.384893,0.6131,0.0197659,0,0,0,0,0,0,0,0,0,0,0,0,0,0,0.404784,0.537502,0.519649,0.496606,0.36342,0.602877,0.625333,0.512933
0.470656,0.575613,0.554892,0.823587,0.462984,0.85083,0.351164,0.809963,0.145906,0.602899,0.64067,0.77181,0,0,0,0,0,0,0,0,0,0,0,0,0,0,0,0,0,0,0.410888,0.532053,0.524261,0.493873,0.368011,0.600142,0.626899,0.515673
0.484439,0.559305,0.553362,0.785441,0.476769,0.859001,0.318994,0.785444,0.141315,0.589244,0.654451,0.657372,0.657524,0.387616,0.623829,0.0279354,0,0,0,0,0,0,0,0,0,0,0,0,0,0,0.423161,0.521099,0.53956,0.485734,0.375673,0.600145,0.634534,0.515691
0.492099,0.553791,0.556421,0.785434,0.475235,0.856288,0.306745,0.771816,0.13672,0.575617,0.65292,0.66282,0.657525,0.373993,0.626874,0.0388342,0,0,0,0,0,0,0,0,0,0,0,0,0,0,0.42622,0.51297,0.544185,0.48296,0.37568,0.589248,0.637616,0.515693
0.502811,0.532059,0.550299,0.777259,0.464517,0.85084,0.311339,0.771809,0.141324,0.572903,0.654457,0.65465,0.660583,0.371264,0.628418,0.0497283,0,0,0,0,0,0,0,0,0,0,0,0,0,0,0.433895,0.49119,0.554883,0.466629,0.381803,0.575638,0.640677,0.512992
0.510463,0.521153,0.553362,0.755473,0.453796,0.842654,0.302151,0.755458,0.139782,0.553852,0.657524,0.651925,0.668243,0.387616,0.631467,0.0442947,0,0,0,0,0,0,0,0,0,0,0,0,0,0,0.447686,0.485672,0.561014,0.46117,0.387937,0.556572,0.643717,0.512918
0.525767,0.499319,0.553364,0.752745,0.449201,0.826311,0.300618,0.739115,0.139789,0.532036,0.662113,0.646474,0.672834,0.349465,0.636075,0.0415717,0,0,0,0,0,0,0,0,0,0,0,0,0,0,0.453797,0.461178,0.574798,0.439408,0.390997,0.537481,0.648315,0.493886
0.530393,0.491124,0.557951,0.752743,0.449199,0.829033,0.299081,0.739113,0.138246,0.529325,0.66365,0.649193,0.67743,0.368541,0.642191,0.0524472,0,0,0,0,0,0,0,0,0,0,0,0,0,0,0.459912,0.450305,0.579392,0.436635,0.39407,0.537488,0.651405,0.491153
0.541104,0.485672,0.550298,0.75001,0.438478,0.826306,0.296018,0.730954,0.112209,0.482985,0.659054,0.654646,0.677433,0.379435,0.642192,0.0497441,0,0,0,0,0,0,0,0,0,0,0,0,0,0,0.464522,0.444854,0.585522,0.43119,0.395578,0.537476,0.654434,0.491147
0.544189,0.482992,0.55182,0.747292,0.435413,0.823581,0.296022,0.733666,0.125983,0.507498,0.66211,0.646474,0.677431,0.376719,0.643736,0.0551712,0,0,0,0,0,0,0,0,0,0,0,0,0,0,0.470627,0.44214,0.591648,0.428518,0.397129,0.534748,0.654455,0.483003
0.557937,0.47752,0.551823,0.744564,0.433879,0.826307,0.294481,0.730922,0.112209,0.480268,0.665175,0.649198,0.680493,0.368547,0.651395,0.0606524,0,0,0,0,0,0,0,0,0,0,0,0,0,0,0.481376,0.433957,0.602386,0.428486,0.398668,0.526598,0.660576,0.485721
0.56867,0.469366,0.551822,0.747291,0.433881,0.815408,0.283768,0.711869,0.116805,0.482995,0.668242,0.65193,0.68203,0.357645,0.655996,0.0606449,0,0,0,0,0,0,0,0,0,0,0,0,0,0,0.485976,0.428452,0.60851,0.423045,0.401714,0.499355,0.663651,0.49388
0.582447,0.458474,0.55489,0.750014,0.44154,0.818127,0.297547,0.709156,0.129062,0.482983,0.67284,0.654642,0.697349,0.387615,0.675899,0.0579269,0,0,0,0,0,0,0,0,0,0,0,0,0,0,0.502812,0.41759,0.625341,0.412139,0.412434,0.507507,0.6759,0.482999
0.588586,0.453023,0.557952,0.747283,0.440008,0.809958,0.292949,0.70368,0.138231,0.485727,0.675897,0.651925,0.700406,0.368544,0.678964,0.0579254,0,0,0,0,0,0,0,0,0,0,0,0,0,0,0.508925,0.406668,0.626884,0.404006,0.413969,0.529292,0.680489,0.488431
0.597786,0.444846,0.561021,0.74184,0.436942,0.799062,0.282235,0.684628,0.122923,0.444837,0.677433,0.660089,0.708068,0.368548,0.697345,0.0579243,0,0,0,0,0,0,0,0,0,0,0,0,0,0,0.519664,0.398517,0.637608,0.40127,0.417043,0.523843,0.682032,0.477547
0.605424,0.442126,0.56102,0.747293,0.433878,0.801785,0.291432,0.690068,0.121405,0.428491,0.678962,0.662816,0.709603,0.360374,0.706534,0.0606235,0,0,0,0,0,0,0,0,0,0,0,0,0,0,0.525788,0.395786,0.642191,0.401234,0.420084,0.51568,0.680511,0.469376
0.614622,0.442097,0.561015,0.750008,0.435416,0.799065,0.299082,0.681884,0.138247,0.384894,0.680492,0.668266,0.714192,0.371274,0.724908,0.0633566,0,0,0,0,0,0,0,0,0,0,0,0,0,0,0.530397,0.390332,0.646808,0.401211,0.42314,0.507517,0,0
0.619224,0.433953,0.562552,0.747291,0.43541,0.796335,0.292959,0.668256,0.155091,0.395797,0.680492,0.66828,0.721853,0.373997,0.73257,0.0688172,0,0,0,0,0,0,0,0,0,0,0,0,0,0,0.534983,0.387591,0.651399,0.398468,0.42468,0.502064,0,0
0.633026,0.42575,0.571737,0.736389,0.443074,0.788156,0.283769,0.638302,0.168877,0.374004,0.691213,0.662833,0.743304,0.382167,0.758631,0.0742725,0,0,0,0,0,0,0,0,0,0,0,0,0,0,0.553361,0.371244,0.663647,0.382156,0.433885,0.49115,0,0
0.64219,0.423037,0.570208,0.739113,0.441534,0.785437,0.282236,0.624676,0.173475,0.371279,0.692745,0.668288,0.758604,0.387621,0.778542,0.0824401,0,0,0,0,0,0,0,0,0,0,0,0,0,0,0.559488,0.363113,0.66976,0.379431,0.438468,0.491165,0,0
0.646793,0.409406,0.568674,0.728223,0.435417,0.777264,0.296011,0.641034,0.178082,0.37127,0.692753,0.665561,0.787715,0.406696,0.833668,0.123293,0,0,0,0,0,0,0,0,0,0,0,0,0,0,0.561014,0.354909,0.671316,0.365833,0.438473,0.482994,0,0
0.646796,0.40399,0.56714,0.722777,0.433884,0.763642,0.291419,0.638302,0.176548,0.371259,0.692751,0.665543,0.806092,0.433922,0.867371,0.161447,0,0,0,0,0,0,0,0,0,0,0,0,0,0,0.559499,0.35489,0.672821,0.360415,0.436957,0.485691,0,0
0.633025,0.412159,0.557948,0.736387,0.426227,0.779986,0.274591,0.64376,0.159686,0.36855,0.68356,0.676454,0.81988,0.510226,0.914865,0.273187,0,0,0,0,0,0,0,0,0,0,0,0,0,0,0.550306,0.360356,0.657511,0.365853,0.424676,0.488467,0,0
0.628408,0.428494,0.557951,0.752739,0.42469,0.796329,0.271515,0.665568,0.153565,0.384873,0.682031,0.698252,0.824486,0.537498,0.9271,0.338577,0,0,0,0,0,0,0,0,0,0,0,0,0,0,0.544156,0.368525,0.64834,0.379389,0.418552,0.515699,0,0
0.619235,0.463889,0.553355,0.785437,0.421622,0.820854,0.271507,0.692798,0.148978,0.406703,0.68816,0.752711,0.832138,0.632865,0.940903,0.458445,0,0,0,0,0,0,0,0,0,0,0,0,0,0,0.534993,0.403964,0.640679,0.403981,0.412435,0.553828,0,0
0.611553,0.480254,0.547244,0.790897,0.420099,0.831758,0.271524,0.703707,0.148973,0.423044,0.688151,0.75546,0.832135,0.660119,0.936308,0.510213,0,0,0,0,0,0,0,0,0,0,0,0,0,0,0.5258,0.428473,0.62997,0.423038,0.407848,0.562015,0,0
0.594716,0.523847,0.538042,0.804517,0.410906,0.842657,0.269987,0.706399,0.14437,0.431208,0.675904,0.758205,0.815286,0.673741,0.910241,0.567433,0,0,0,0,0,0,0,0,0,0,0,0,0,0,0.508947,0.48572,0.610048,0.45298,0.395579,0.602858,0,0
0.587064,0.553795,0.531913,0.812688,0.400186,0.848092,0.266929,0.711852,0.150502,0.444831,0.666713,0.76093,0.806094,0.670983,0.898013,0.553821,0,0,0,0,0,0,0,0,0,0,0,0,0,0,0.499739,0.523841,0.603884,0.472065,0.392523,0.638268,0,0
0.564086,0.600123,0.525782,0.793621,0.404778,0.850828,0.263848,0.728213,0.141308,0.46663,0.649852,0.717332,0.764735,0.619232,0.844385,0.472098,0,0,0,0,0,0,0,0,0,0,0,0,0,0,0.479827,0.575596,0.580905,0.504773,0.374137,0.649196,0,0
0.557951,0.60835,0.524254,0.799055,0.40478,0.853562,0.263854,0.736381,0.133648,0.472102,0.645262,0.711856,0.735631,0.597428,0.790776,0.423043,0,0,0,0,0,0,0,0,0,0,0,0,0,0,0.473696,0.589241,0.573288,0.515662,0.372619,0.66829,0,0
0.556398,0.627425,0.519659,0.790888,0.401718,0.858998,0.260784,0.752753,0.116805,0.491151,0.637609,0.709146,0.724915,0.48843,0.761677,0.297698,0,0,0,0,0,0,0,0,0,0,0,0,0,0,0.467592,0.61379,0.570197,0.529278,0.3726,0.684609,0,0
0.551831,0.627426,0.519664,0.788162,0.401712,0.85628,0.260794,0.752728,0.115259,0.491145,0.640664,0.706419,0.704998,0.507513,0.740226,0.286802,0,0,0,0,0,0,0,0,0,0,0,0,0,0,0.462994,0.61652,0.567137,0.529278,0.371081,0.676435,0.605452,0.510223
0.539582,0.619221,0.507408,0.763628,0.394053,0.842663,0.256202,0.741828,0.113742,0.49116,0.631481,0.67917,0.654459,0.608338,0,0,0,0,0,0,0,0,0,0,0,0,0,0,0,0,0.452256,0.605599,0.554893,0.518376,0.363416,0.673726,0.596247,0.488438
0.531914,0.613784,0.502814,0.758177,0.387931,0.839932,0.251602,0.736381,0.109147,0.482984,0.62995,0.668263,0.672831,0.431205,0.675895,0.215947,0,0,0,0,0,0,0,0,0,0,0,0,0,0,0.447661,0.600155,0.54725,0.512957,0.360346,0.662823,0.591652,0.482989
0.518129,0.621972,0.495153,0.758178,0.378733,0.842669,0.246998,0.75001,0.0968917,0.48842,0.622293,0.662834,0.654436,0.398529,0.652919,0.194142,0,0,0,0,0,0,0,0,0,0,0,0,0,0,0.435414,0.608297,0.536503,0.5157,0.34657,0.65465,0.57328,0.461188
0.510462,0.630109,0.493623,0.758201,0.375676,0.845397,0.247,0.755443,0.101477,0.504781,0.617686,0.665541,0.643722,0.409408,0.642201,0.196873,0,0,0,0,0,0,0,0,0,0,0,0,0,0,0.432342,0.611024,0.531909,0.521136,0.341981,0.643738,0.573269,0.472099
0.505882,0.638267,0.493617,0.763628,0.375672,0.850841,0.243931,0.758176,0.0907708,0.515667,0.613091,0.665562,0.631475,0.401258,0.623825,0.188724,0,0,0,0,0,0,0,0,0,0,0,0,0,0,0.424701,0.624658,0.52733,0.526609,0.341982,0.662814,0.570201,0.474808
0.504334,0.63015,0.493612,0.760903,0.375678,0.848121,0.240877,0.758209,0.0785132,0.507498,0.608507,0.665537,0.626886,0.387635,0.611578,0.172372,0,0,0,0,0,0,0,0,0,0,0,0,0,0,0.424678,0.621961,0.52578,0.526556,0.343504,0.67644,0.567142,0.469361
0.504351,0.627413,0.489021,0.758195,0.371085,0.848099,0.23934,0.755472,0.0785134,0.512958,0.608509,0.662821,0.619227,0.3849,0.602373,0.158748,0,0,0,0,0,0,0,0,0,0,0,0,0,0,0.423172,0.621931,0.524267,0.523885,0.341965,0.662803,0.571735,0.466641
0.504333,0.630115,0.489024,0.758191,0.372613,0.84811,0.240887,0.758191,0.0846348,0.526574,0.608509,0.660094,0.614625,0.384889,0.594721,0.158745,0,0,0,0,0,0,0,0,0,0,0,0,0,0,0.424676,0.621935,0.52274,0.52658,0.33892,0.662806,0.568672,0.461185
0.496696,0.638328,0.492087,0.76364,0.374143,0.850843,0.236287,0.760929,0.0892248,0.559293,0.610038,0.662806,0.608491,0.37127,0.576334,0.136937,0,0,0,0,0,0,0,0,0,0,0,0,0,0,0.417024,0.627411,0.518116,0.532003,0.341977,0.684619,0.576322,0.488437
0.495143,0.641021,0.493618,0.763635,0.375669,0.853557,0.237809,0.766357,0.0877077,0.564705,0.61004,0.660083,0.606969,0.37127,0.570208,0.136949,0,0,0,0,0,0,0,0,0,0,0,0,0,0,0.413978,0.630133,0.51354,0.532067,0.341979,0.687336,0.577857,0.499314
0.492091,0.646473,0.496683,0.766358,0.377204,0.861732,0.24088,0.782713,0.0922834,0.578367,0.614625,0.660093,0.606974,0.365805,0.55948,0.136955,0,0,0,0,0,0,0,0,0,0,0,0,0,0,0.41244,0.638286,0.510483,0.54291,0.346567,0.687346,0.576329,0.48298
0.489012,0.64646,0.498219,0.763648,0.377209,0.859014,0.243937,0.785446,0.0907786,0.578367,0.617691,0.66281,0.608508,0.360376,0.559486,0.136921,0,0,0,0,0,0,0,0,0,0,0,0,0,0,0.407833,0.63829,0.508946,0.540205,0.346573,0.690072,0.576322,0.480252
0.478301,0.646496,0.501286,0.763634,0.384862,0.859005,0.243934,0.788171,0.0984222,0.586513,0.623826,0.660085,0.613104,0.363084,0.561028,0.131464,0,0,0,0,0,0,0,0,0,0,0,0,0,0,0.403246,0.635578,0.505853,0.537456,0.346571,0.671011,0.57632,0.472079
0.476757,0.649223,0.499751,0.760924,0.380266,0.85357,0.242414,0.796329,0.0999561,0.59742,0.623813,0.660089,0.614627,0.36037,0.561027,0.128762,0,0,0,0,0,0,0,0,0,0,0,0,0,0,0.398659,0.63829,0.49975,0.540195,0.343502,0.668274,0.574794,0.469341
0.462978,0.662836,0.496678,0.779992,0.375676,0.869905,0.240877,0.818163,0.0953707,0.616514,0.617688,0.668284,0.611577,0.382149,0.548755,0.12877,0,0,0,0,0,0,0,0,0,0,0,0,0,0,0.386378,0.646499,0.487496,0.548393,0.337379,0.681906,0.564074,0.474802
0.455307,0.662812,0.493621,0.78543,0.37261,0.875342,0.233222,0.826298,0.0953655,0.624684,0.613099,0.671002,0.613106,0.379437,0.544186,0.131484,0,0,0,0,0,0,0,0,0,0,0,0,0,0,0.378737,0.646487,0.481379,0.548411,0.332788,0.679174,0.561027,0.48024
0.441525,0.67099,0.489022,0.790875,0.366488,0.878088,0.228616,0.84264,0.0938402,0.635596,0.610031,0.673714,0.613095,0.379451,0.541104,0.156013,0,0,0,0,0,0,0,0,0,0,0,0,0,0,0.371072,0.651906,0.472151,0.553804,0.32512,0.684634,0.557928,0.485712
0.435409,0.676432,0.490551,0.793607,0.368017,0.880804,0.230155,0.84539,0.0984331,0.641026,0.613095,0.679173,0.61463,0.390324,0.536509,0.158731,0,0,0,0,0,0,0,0,0,0,0,0,0,0,0.369533,0.654635,0.470622,0.553863,0.325113,0.687346,0.557947,0.488462
0.424681,0.687349,0.482895,0.799052,0.354234,0.886261,0.224026,0.850832,0.10303,0.643752,0.611568,0.69006,0.614635,0.393049,0.527332,0.164198,0,0,0,0,0,0,0,0,0,0,0,0,0,0,0.357296,0.660118,0.459944,0.561997,0.320518,0.68736,0.556437,0.499345
0.421632,0.687362,0.481366,0.801798,0.35423,0.891698,0.224036,0.859001,0.10763,0.646469,0.611563,0.695506,0.616159,0.395779,0.527321,0.18053,0,0,0,0,0,0,0,0,0,0,0,0,0,0,0.354238,0.662807,0.458378,0.567469,0.312889,0.684607,0.557929,0.507499
0.404787,0.69009,0.484433,0.818131,0.366483,0.908058,0.225554,0.878093,0.115265,0.649191,0.606973,0.698243,0.619212,0.395806,0.513529,0.196862,0,0,0,0,0,0,0,0,0,0,0,0,0,0,0.341991,0.662797,0.44461,0.572891,0.308286,0.692783,0.551838,0.512935
0.397133,0.695492,0.490554,0.837204,0.377206,0.924401,0.224017,0.880828,0.119863,0.641039,0.605439,0.703684,0.616171,0.395796,0.504329,0.199604,0,0,0,0,0,0,0,0,0,0,0,0,0,0,0.337386,0.662829,0.438489,0.575585,0.305221,0.695492,0.550296,0.512974
0.383339,0.698255,0.487494,0.845382,0.374144,0.929844,0.222486,0.897133,0.122936,0.643755,0.603907,0.706426,0.620768,0.401217,0.495158,0.22141,0,0,0,0,0,0,0,0,0,0,0,0,0,0,0.32515,0.662826,0.426241,0.578374,0.29448,0.684633,0.548757,0.523872
0.374159,0.703668,0.489024,0.842665,0.372611,0.929856,0.22096,0.897138,0.126002,0.646477,0.603914,0.706428,0.625354,0.403957,0.495142,0.226852,0,0,0,0,0,0,0,0,0,0,0,0,0,0,0.323582,0.665499,0.423186,0.581087,0,0,0.548774,0.529325
0.360363,0.706425,0.487496,0.84539,0.371081,0.932581,0.216378,0.899892,0.127518,0.65464,0.603899,0.720043,0.639125,0.420311,0.50433,0.243215,0,0,0,0,0,0,0,0,0,0,0,0,0,0,0.312881,0.665545,0.40936,0.594662,0,0,0.544157,0.54563
0.355761,0.709148,0.490557,0.850828,0.375672,0.938031,0.216365,0.908049,0.130583,0.654645,0.602368,0.706419,0.645261,0.42846,0.507392,0.243218,0,0,0,0,0,0,0,0,0,0,0,0,0,0,0.309813,0.665529,0.401713,0.600169,0,0,0.542617,0.542939
0.349632,0.71457,0.490554,0.856283,0.381801,0.935297,0.219437,0.927116,0.138244,0.657375,0.596252,0.74729,0.66519,0.428521,0.525769,0.251351,0,0,0,0,0,0,0,0,0,0,0,0,0,0,0.302168,0.668236,0.395574,0.605588,0,0,0.539571,0.548379
0.348091,0.714593,0.489024,0.845383,0.384863,0.935293,0.22249,0.929844,0.141302,0.660097,0.602371,0.714592,0.678962,0.43392,0.531907,0.254113,0,0,0,0,0,0,0,0,0,0,0,0,0,0,0.302147,0.66825,0.394046,0.605618,0,0,0.539576,0.545679
0.340436,0.711878,0.481371,0.834488,0.366484,0.921672,0.224032,0.940765,0.142842,0.662828,0.602368,0.695514,0.691211,0.444857,0.548756,0.28133,0,0,0,0,0,0,0,0,0,0,0,0,0,0,0.297548,0.665601,0.384864,0.60558,0,0,0.533439,0.542953
0.335836,0.709174,0.482894,0.826306,0.366486,0.92168,0.224033,0.935302,0.144375,0.65466,0.602368,0.684616,0.692736,0.447585,0.547236,0.286814,0,0,0,0,0,0,0,0,0,0,0,0,0,0,0.296014,0.665494,0.380269,0.602902,0,0,0.531913,0.542914
0.323602,0.720033,0.475233,0.845373,0.348103,0.943477,0.228622,0.995249,0.141311,0.709142,0.591657,0.692797,0.692763,0.461155,0.544156,0.311327,0,0,0,0,0,0,0,0,0,0,0,0,0,0,0.288362,0.662786,0.37109,0.608362,0,0,0.522729,0.548353
0.320519,0.728225,0.473706,0.85355,0.345037,0.959825,0.228621,0.995255,0.136719,0.747291,0.594719,0.695519,0.69582,0.466604,0.545701,0.330408,0,0,0,0,0,0,0,0,0,0,0,0,0,0,0.285291,0.668268,0.363438,0.619211,0,0,0.519651,0.55113
0.308285,0.75275,0.472177,0.875363,0.351166,0.993889,0,0,0,0,0.594712,0.706408,0.706534,0.488416,0.548766,0.36309,0,0,0,0,0,0,0,0,0,0,0,0,0,0,0.274583,0.690092,0.352711,0.641047,0,0,0.510468,0.572867
0.300623,0.758192,0.470642,0.883532,0.355761,0.993891,0,0,0,0,0.596246,0.70097,0.708067,0.491146,0.547238,0.37399,0,0,0,0,0,0,0,0,0,0,0,0,0,0,0.27151,0.695534,0.348106,0.649219,0,0,0.507417,0.575642
0.294474,0.771782,0.473709,0.886248,0.364952,0.993891,0,0,0,0,0.596251,0.703701,0.714185,0.502063,0.551813,0.398508,0,0,0,0,0,0,0,0,0,0,0,0,0,0,0.266909,0.703674,0.338932,0.662854,0,0,0.50434,0.581081
0.294478,0.771831,0.475243,0.883538,0.369546,0.99389,0,0,0,0,0.597784,0.706428,0.717254,0.504759,0.550298,0.406687,0,0,0,0,0,0,0,0,0,0,0,0,0,0,0.266916,0.706372,0.337373,0.665551,0,0,0.504341,0.591974
0.289904,0.774565,0.475231,0.888975,0.369547,0.99389,0,0,0,0,0.59625,0.706412,0.726434,0.507491,0.553365,0.433923,0,0,0,0,0,0,0,0,0,0,0,0,0,0,0.26387,0.706406,0.331258,0.668242,0,0,0.499737,0.594701
0.286844,0.774523,0.4737,0.886246,0.36495,0.993891,0,0,0,0,0.596251,0.703691,0.726443,0.49932,0.545698,0.433953,0,0,0,0,0,0,0,0,0,0,0,0,0,0,0.259264,0.706386,0.325155,0.665561,0,0,0.496689,0.586542
0.276093,0.760932,0.47371,0.875361,0.364954,0.99389,0,0,0,0,0.591652,0.695511,0.721855,0.485711,0.530387,0.436647,0,0,0,0,0,0,0,0,0,0,0,0,0,0,0.254665,0.690066,0.320537,0.65738,0,0,0.490562,0.581059
0.274575,0.758163,0.472167,0.867177,0.357295,0.995249,0,0,0,0,0.593177,0.679171,0.718789,0.474811,0.530386,0.442098,0,0,0,0,0,0,0,0,0,0,0,0,0,0,0.251613,0.684621,0.31593,0.649192,0,0,0.485975,0.575645
0.266923,0.736386,0.467581,0.850827,0.360352,0.993891,0,0,0,0,0.582465,0.665545,0.711138,0.455717,0.527316,0.436658,0,0,0,0,0,0,0,0,0,0,0,0,0,0,0.247014,0.665534,0.311352,0.630124,0,0,0.482899,0.559301
0.263876,0.725486,0.467585,0.837201,0.360355,0.995247,0,0,0,0,0.580935,0.649204,0.709601,0.439377,0.524248,0.439374,0,0,0,0,0,0,0,0,0,0,0,0,0,0,0.245478,0.657364,0.311324,0.619197,0,0,0.482889,0.551086
0.26385,0.692792,0.472176,0.78816,0.366483,0.940746,0,0,0,0,0.577872,0.621953,0.698883,0.403944,0.52426,0.409405,0,0,0,0,0,0,0,0,0,0,0,0,0,0,0.24091,0.621934,0.311346,0.586508,0,0,0.481357,0.521172
0.268458,0.673733,0.475234,0.779992,0.371077,0.940746,0,0,0,0,0.580929,0.613779,0.695805,0.387618,0.528845,0.398498,0,0,0,0,0,0,0,0,0,0,0,0,0,0,0.245483,0.608296,0.314425,0.575653,0,0,0.484429,0.518398
0.276117,0.643778,0.475241,0.760907,0.374142,0.888979,0,0,0,0,0.582462,0.591979,0.683557,0.365827,0.53803,0.401211,0,0,0,0,0,0,0,0,0,0,0,0,0,0,0.251614,0.578303,0.325112,0.551101,0,0,0.495134,0.504777
0.277647,0.630126,0.475235,0.766361,0.372607,0.87808,0,0,0,0,0.582464,0.594702,0.682034,0.354936,0.536514,0.398503,0,0,0,0,0,0,0,0,0,0,0,0,0,0,0.254674,0.562018,0.328183,0.534797,0,0,0.496681,0.493877
0.288362,0.583785,0.475236,0.725496,0.369546,0.84266,0.317465,0.993887,0.205647,0.842662,0.580926,0.578347,0.680503,0.338562,0.541093,0.373968,0,0,0,0,0,0,0,0,0,0,0,0,0,0,0.263868,0.515708,0.343507,0.493912,0,0,0.508929,0.461215
0.292946,0.556575,0.475241,0.706415,0.364953,0.823586,0.315933,0.99525,0.210239,0.812676,0.582459,0.564731,0.680488,0.322234,0.541102,0.34948,0,0,0,0,0,0,0,0,0,0,0,0,0,0,0.268456,0.488427,0.34812,0.46936,0,0,0.511992,0.447571
0.303674,0.496623,0.472174,0.695514,0.36189,0.774534,0.323579,0.995265,0.208714,0.755447,0.577865,0.540208,0.677436,0.30042,0.522719,0.319498,0,0,0,0,0,0,0,0,0,0,0,0,0,0,0.276112,0.428524,0.361881,0.417577,0,0,0.521205,0.403967
0.305217,0.474815,0.469111,0.665546,0.355757,0.760916,0.320526,0.995261,0.208711,0.736395,0.585526,0.485708,0.675901,0.292236,0.528848,0.267729,0,0,0,0,0,0,0,0,0,0,0,0,0,0,0.276128,0.406716,0.364956,0.390353,0,0,0.522731,0.393072
0.3098,0.428513,0.462984,0.690064,0.346565,0.736391,0.303684,0.993896,0.205647,0.709121,0.557955,0.493885,0.64833,0.286803,0.538041,0.25683,0,0,0,0,0,0,0,0,0,0,0,0,0,0,0.279167,0.363095,0.371062,0.349476,0,0,0.52425,0.357639
0.312871,0.406724,0.452263,0.668266,0.343502,0.733664,0.300617,0.99389,0.207185,0.698253,0.568677,0.463909,0.645266,0.284075,0.50281,0.245926,0,0,0,0,0,0,0,0,0,0,0,0,0,0,0.28528,0.341296,0.374161,0.335811,0,0,0.524265,0.344026
0.323594,0.387596,0.450736,0.619229,0.340455,0.733663,0.297555,0.993895,0.208708,0.692798,0.567145,0.48571,0.61769,0.338574,0.548764,0.205057,0,0,0,0,0,0,0,0,0,0,0,0,0,0,0.288357,0.324951,0.390991,0.31405,0,0,0.519656,0.346752
0.325112,0.382157,0.450736,0.627398,0.338921,0.741835,0.296021,0.995252,0.207186,0.690076,0.568675,0.515677,0.602377,0.341295,0,0,0,0,0,0,0,0,0,0,0,0,0,0,0,0,0.288381,0.316808,0.392534,0.314017,0,0,0.508944,0.346763
0.32512,0.390349,0.449201,0.654654,0.334313,0.763627,0.29296,0.995263,0.210244,0.714596,0.567141,0.545654,0.579404,0.384891,0,0,0,0,0,0,0,0,0,0,0,0,0,0,0,0,0.297544,0.316748,0.394053,0.3304,0,0,0.505877,0.374002
0.325146,0.40125,0.449199,0.687343,0.329717,0.782718,0.291434,0.995264,0.213295,0.733654,0.556423,0.597423,0.577861,0.433941,0,0,0,0,0,0,0,0,0,0,0,0,0,0,0,0,0.29603,0.335827,0.397104,0.34128,0,0,0.50894,0.390351
0.326653,0.423042,0.456855,0.766366,0.323592,0.812671,0.288355,0.995264,0.213287,0.76365,0.561018,0.720042,0,0,0,0,0,0,0,0,0,0,0,0,0,0,0,0,0,0,0.294477,0.346774,0.398663,0.360376,0,0,0.512007,0.409414
0.326667,0.433915,0.456857,0.793612,0.323583,0.829041,0.283765,0.995268,0.210239,0.774545,0.559486,0.755464,0,0,0,0,0,0,0,0,0,0,0,0,0,0,0,0,0,0,0.294503,0.363081,0.398669,0.373976,0,0,0.512005,0.425772
0.332795,0.461172,0.470638,0.820867,0.322068,0.864457,0,0,0,0,0.602373,0.793609,0,0,0,0,0,0,0,0,0,0,0,0,0,0,0,0,0,0,0.300624,0.384898,0.406318,0.401217,0,0,0.512,0.450282
0.338898,0.466669,0.469107,0.839927,0.323598,0.875363,0,0,0,0,0.570207,0.771814,0,0,0,0,0,0,0,0,0,0,0,0,0,0,0,0,0,0,0.303679,0.395786,0.410909,0.406711,0,0,0.521191,0.453011
0.345049,0.469371,0.4737,0.839924,0.329719,0.875355,0,0,0,0,0.606968,0.826309,0,0,0,0,0,0,0,0,0,0,0,0,0,0,0,0,0,0,0.311346,0.398521,0.421624,0.414853,0,0,0.524258,0.461199
0.351162,0.472127,0.476767,0.820868,0.335849,0.878069,0,0,0,0,0.611565,0.80451,0,0,0,0,0,0,0,0,0,0,0,0,0,0,0,0,0,0,0.317472,0.398519,0.426206,0.420289,0,0,0.531909,0.469357
0.360343,0.482989,0.481364,0.837203,0.338916,0.883537,0,0,0,0,0.606969,0.801782,0,0,0,0,0,0,0,0,0,0,0,0,0,0,0,0,0,0,0.323593,0.406689,0.433875,0.428445,0,0,0.538044,0.491149
0.363418,0.485737,0.484424,0.842654,0.340444,0.886258,0,0,0,0,0.60544,0.779988,0,0,0,0,0,0,0,0,0,0,0,0,0,0,0,0,0,0,0.323592,0.414845,0.435423,0.428503,0,0,0.541097,0.49661
0.368007,0.48842,0.487491,0.842652,0.345037,0.89171,0,0,0,0,0.614628,0.755462,0.629937,0.665542,0.574806,0.379435,0,0,0,0,0,0,0,0,0,0,0,0,0,0,0.326673,0.414854,0.443054,0.433935,0,0,0.551826,0.491159
0.371065,0.488454,0.489021,0.837213,0.346578,0.89443,0,0,0,0,0.611566,0.752734,0.631483,0.665543,0.577872,0.38489,0,0,0,0,0,0,0,0,0,0,0,0,0,0,0.331248,0.414862,0.44461,0.433931,0,0,0.545697,0.493895
0.374129,0.488385,0.484426,0.820866,0.346563,0.891687,0,0,0,0,0.610034,0.736395,0.648329,0.679165,0.580942,0.390355,0,0,0,0,0,0,0,0,0,0,0,0,0,0,0.335834,0.41758,0.450729,0.431233,0,0,0.5503,0.51023
0.37566,0.488407,0.4829,0.820864,0.346573,0.894424,0,0,0,0,0.611567,0.739114,0.649852,0.706412,0.580922,0.387635,0,0,0,0,0,0,0,0,0,0,0,0,0,0,0.337375,0.417571,0.450739,0.433905,0,0,0.550297,0.502066
0.377196,0.488452,0.478304,0.809962,0.348096,0.897137,0,0,0,0,0.599307,0.722762,0.665183,0.711859,0.590122,0.417587,0,0,0,0,0,0,0,0,0,0,0,0,0,0,0.34196,0.41488,0.455317,0.436644,0,0,0.551824,0.518402
0.377205,0.488472,0.485962,0.815407,0.351159,0.897166,0,0,0,0,0.602376,0.736386,0.671309,0.72004,0.590118,0.420302,0,0,0,0,0,0,0,0,0,0,0,0,0,0,0.341982,0.417591,0.456836,0.436652,0,0,0.556416,0.523847
0.386406,0.488398,0.485958,0.796337,0.352693,0.886259,0,0,0,0,0.600841,0.709137,0.689691,0.725495,0.591643,0.395797,0,0,0,0,0,0,0,0,0,0,0,0,0,0,0.343522,0.420319,0.459923,0.43123,0.309816,0.469349,0.564084,0.515676
0.386398,0.480252,0.484432,0.779994,0.352696,0.87807,0,0,0,0,0.600847,0.692795,0.691217,0.728196,0.594714,0.406692,0,0,0,0,0,0,0,0,0,0,0,0,0,0,0.346559,0.40667,0.45993,0.425782,0.311364,0.444842,0.559494,0.50479
0.387916,0.46667,0.4783,0.769096,0.351163,0.872616,0,0,0,0,0.593184,0.676446,0.691223,0.730936,0.588587,0.382162,0,0,0,0,0,0,0,0,0,0,0,0,0,0,0.345037,0.398523,0.461442,0.412161,0.308286,0.453025,0.565613,0.493897
0.384856,0.463933,0.479828,0.771819,0.348097,0.872623,0,0,0,0,0.596249,0.676446,0.694285,0.728198,0.591649,0.390339,0,0,0,0,0,0,0,0,0,0,0,0,0,0,0.343496,0.395763,0.459904,0.406674,0.305204,0.4503,0.561021,0.491164
0.386388,0.439397,0.479836,0.752734,0.351173,0.848109,0.311339,0.99389,0.233219,0.859009,0.597775,0.657376,0.708074,0.714602,0.596249,0.395784,0,0,0,0,0,0,0,0,0,0,0,0,0,0,0.346579,0.371271,0.458385,0.382205,0.30981,0.428496,0.557961,0.463892
0.387945,0.42578,0.479837,0.73094,0.351158,0.834474,0.311339,0.995251,0.233219,0.839917,0.596247,0.641032,0.714191,0.709147,0.59778,0.390341,0,0,0,0,0,0,0,0,0,0,0,0,0,0,0.348101,0.354886,0.459944,0.365845,0.311331,0.423037,0.557961,0.44212
0.392529,0.393044,0.478301,0.700972,0.34811,0.801776,0.311338,0.995257,0.228627,0.812688,0.594721,0.611059,0.723379,0.711885,0.587063,0.34401,0,0,0,0,0,0,0,0,0,0,0,0,0,0,0.349636,0.31675,0.461445,0.341338,0.309821,0.379448,0.550303,0.425777
0.384876,0.382136,0.475241,0.69552,0.343503,0.793598,0.306744,0.995255,0.222486,0.812666,0.594712,0.608325,0.724907,0.717322,0.577858,0.338576,0,0,0,0,0,0,0,0,0,0,0,0,0,0,0.346555,0.311298,0.458375,0.335851,0.309804,0.363092,0.542644,0.406692
0.37875,0.384892,0.469115,0.68461,0.337375,0.804496,0.297551,0.995264,0.216363,0.815426,0.58859,0.578353,0.729505,0.752734,0.576328,0.428486,0,0,0,0,0,0,0,0,0,0,0,0,0,0,0.335844,0.3168,0.450731,0.338591,0.294482,0.398517,0.534978,0.387607
0.377214,0.393091,0.470644,0.700976,0.337374,0.815418,0.300618,0.995254,0.213318,0.834479,0.591653,0.600153,0.732573,0.760913,0.559489,0.444847,0,0,0,0,0,0,0,0,0,0,0,0,0,0,0.332775,0.324956,0.447684,0.344012,0.292942,0.409423,0.538047,0.379437
0.380281,0.403984,0.478303,0.728209,0.337378,0.839918,0,0,0,0,0.603909,0.627406,0.737173,0.774553,0.54111,0.586534,0,0,0,0,0,0,0,0,0,0,0,0,0,0,0.332791,0.341277,0.450723,0.354912,0.288357,0.428499,0.565609,0.403984
0.384858,0.406696,0.475233,0.71732,0.337376,0.839932,0.315935,0.993888,0.213304,0.848106,0.600846,0.608315,0.738702,0.782702,0.524252,0.630125,0,0,0,0,0,0,0,0,0,0,0,0,0,0,0.337371,0.341279,0.45532,0.357633,0.292947,0.420312,0.55949,0.423058
0.383324,0.414867,0.473711,0.714595,0.33432,0.839944,0,0,0,0,0.605445,0.586527,0.735637,0.793619,0.528846,0.668279,0,0,0,0,0,0,0,0,0,0,0,0,0,0,0.334318,0.341338,0.453787,0.360395,0.289897,0.439389,0.556436,0.425762
0.377196,0.425723,0.472176,0.714589,0.332781,0.839943,0,0,0,0,0.605429,0.591968,0.740226,0.79634,0.533444,0.662816,0,0,0,0,0,0,0,0,0,0,0,0,0,0,0.326667,0.354909,0.449192,0.365829,0.285307,0.453022,0.554904,0.431194
0.358826,0.44481,0.470649,0.7146,0.331256,0.839913,0.308278,0.99389,0.214844,0.84538,0.600842,0.586525,0.746369,0.796345,0.556427,0.65193,0,0,0,0,0,0,0,0,0,0,0,0,0,0,0.311318,0.379413,0.426232,0.376746,0.27459,0.447564,0.544162,0.428461
0.348108,0.45028,0.472177,0.711864,0.33279,0.837199,0.309809,0.993889,0.217903,0.845373,0.602377,0.583809,0.747894,0.793588,0.559489,0.638309,0,0,0,0,0,0,0,0,0,0,0,0,0,0,0.303682,0.382201,0.415507,0.379484,0.271521,0.442099,0.541109,0.406684
0.328197,0.469331,0.464519,0.703699,0.328185,0.834469,0.306745,0.995251,0.216362,0.831768,0.599308,0.575618,0.744827,0.780001,0.551833,0.621958,0,0,0,0,0,0,0,0,0,0,0,0,0,0,0.288377,0.401248,0.400179,0.393081,0.257729,0.453029,0.528865,0.398489
0.31899,0.483005,0.461451,0.700957,0.32665,0.829022,0.291429,0.995255,0.214829,0.826314,0.594721,0.572891,0.741769,0.777261,0.547232,0.621952,0,0,0,0,0,0,0,0,0,0,0,0,0,0,0.277651,0.420274,0.389463,0.398546,0,0,0.525783,0.390335
0.305207,0.504785,0.464511,0.692792,0.328186,0.81814,0.300619,0.995255,0.216369,0.804499,0.59778,0.567463,0.744825,0.777263,0.547231,0.621962,0,0,0,0,0,0,0,0,0,0,0,0,0,0,0.265399,0.442069,0.369549,0.41488,0,0,0.513527,0.387608
0.296025,0.515713,0.46298,0.687346,0.326668,0.809951,0.299089,0.995256,0.214836,0.79634,0.597776,0.56473,0.743307,0.777248,0.547229,0.621942,0,0,0,0,0,0,0,0,0,0,0,0,0,0,0.257742,0.447563,0.354241,0.42574,0,0,0.507419,0.384873
0.283765,0.540187,0.466049,0.68461,0.329727,0.807234,0.296027,0.995258,0.214837,0.779988,0.602363,0.559292,0.747896,0.777259,0.550298,0.616509,0,0,0,0,0,0,0,0,0,0,0,0,0,0,0.248518,0.480239,0.335856,0.439404,0,0,0.498217,0.382162
0.273033,0.553834,0.464518,0.67918,0.326666,0.804507,0.294488,0.99526,0.214823,0.779994,0.602377,0.556564,0.747898,0.774547,0.548765,0.613785,0,0,0,0,0,0,0,0,0,0,0,0,0,0,0.243935,0.482967,0.325115,0.447563,0,0,0.493603,0.371299
0.257715,0.57293,0.453788,0.671001,0.319005,0.796319,0.291431,0.995257,0.202588,0.774531,0.597777,0.545665,0.741756,0.760905,0.548756,0.619218,0,0,0,0,0,0,0,0,0,0,0,0,0,0,0.230152,0.502046,0.30522,0.46662,0,0,0.47524,0.365835
0.253138,0.583788,0.450734,0.673709,0.314412,0.799051,0.291423,0.995256,0.19799,0.774528,0.597776,0.545662,0.740227,0.752748,0.538034,0.61649,0,0,0,0,0,0,0,0,0,0,0,0,0,0,0.22557,0.518376,0.297562,0.477514,0,0,0.470643,0.37129
0.24089,0.597415,0.449194,0.662838,0.314408,0.796343,0.273042,0.995259,0.176549,0.771817,0.583996,0.523877,0.731032,0.711869,0.527309,0.602857,0,0,0,0,0,0,0,0,0,0,0,0,0,0,0.217905,0.526582,0.282234,0.488449,0,0,0.453804,0.36312
0.240876,0.5947,0.447665,0.660085,0.315934,0.788155,0.273038,0.995259,0.167367,0.793611,0.580927,0.515663,0.72799,0.690077,0.522721,0.589246,0,0,0,0,0,0,0,0,0,0,0,0,0,0,0.216373,0.526605,0.277665,0.488413,0,0,0.455311,0.368543
0.242417,0.578335,0.446137,0.646466,0.317468,0.779975,0.266917,0.995262,0.136716,0.839927,0.576333,0.488437,0.72951,0.65466,0.525792,0.570157,0,0,0,0,0,0,0,0,0,0,0,0,0,0,0.214833,0.51569,0.276132,0.469393,0,0,0.453792,0.349457
0.242418,0.575616,0.446138,0.6383,0.318999,0.777263,0.25467,0.995257,0.113746,0.845382,0.576333,0.480262,0.731053,0.64103,0.528854,0.553816,0,0,0,0,0,0,0,0,0,0,0,0,0,0,0.214837,0.512917,0.279177,0.466588,0,0,0.455314,0.34404
0.245482,0.570163,0.446135,0.63284,0.320524,0.769098,0.25466,0.995259,0.103024,0.856281,0.570204,0.480255,0.74022,0.632841,0.531914,0.534761,0,0,0,0,0,0,0,0,0,0,0,0,0,0,0.214837,0.504791,0.2853,0.458428,0,0,0.456843,0.344006
0.247009,0.567451,0.443077,0.638302,0.320526,0.766374,0.259257,0.995258,0.106083,0.853575,0.565614,0.485702,0.740226,0.624663,0.541108,0.5266,0,0,0,0,0,0,0,0,0,0,0,0,0,0,0.21486,0.502036,0.286848,0.453006,0,0,0.458386,0.341276
0.26078,0.559311,0.447668,0.632846,0.322057,0.76909,0.26079,0.995259,0.107618,0.845399,0.573269,0.482989,0.749417,0.624664,0.545697,0.51842,0,0,0,0,0,0,0,0,0,0,0,0,0,0,0.224019,0.493916,0.299091,0.447527,0,0,0.470651,0.338544
0.263849,0.553846,0.449191,0.635577,0.323586,0.769094,0.260794,0.995262,0.106079,0.84264,0.570206,0.485703,0.749412,0.619249,0.547231,0.515677,0,0,0,0,0,0,0,0,0,0,0,0,0,0,0.225589,0.488484,0.302169,0.444793,0,0,0.473701,0.33586
0.273027,0.548382,0.449198,0.632857,0.323587,0.766359,0.259262,0.995257,0.104545,0.83176,0.574801,0.482982,0.754006,0.616493,0.551829,0.49933,0,0,0,0,0,0,0,0,0,0,0,0,0,0,0.233217,0.485699,0.312895,0.433955,0,0,0.479835,0.335831
0.27151,0.542913,0.449196,0.632854,0.322069,0.763644,0.262325,0.995259,0.106083,0.829039,0.574798,0.485721,0.754007,0.613794,0.553355,0.493891,0,0,0,0,0,0,0,0,0,0,0,0,0,0,0.234761,0.482956,0.314411,0.431222,0,0,0.481369,0.335829
0.273037,0.537472,0.44919,0.630128,0.322057,0.766355,0.262322,0.995257,0.107617,0.820878,0.570204,0.491162,0.755543,0.613765,0.562544,0.4857,0,0,0,0,0,0,0,0,0,0,0,0,0,0,0.236279,0.4721,0.320513,0.428476,0,0,0.484428,0.330387
0.273047,0.534757,0.446139,0.632847,0.319005,0.763638,0.262321,0.99526,0.103028,0.815391,0.567144,0.499328,0.754013,0.613744,0.561014,0.482983,0,0,0,0,0,0,0,0,0,0,0,0,0,0,0.23779,0.469399,0.320512,0.425787,0,0,0.484426,0.327687
0.27304,0.532046,0.446132,0.630127,0.319004,0.760917,0.265382,0.99526,0.103024,0.812673,0.567145,0.49933,0.754007,0.613754,0.562542,0.482999,0,0,0,0,0,0,0,0,0,0,0,0,0,0,0.236282,0.469369,0.320536,0.425772,0,0,0.484424,0.335839
0.273034,0.529297,0.446131,0.632839,0.318995,0.758204,0.268455,0.995264,0.109141,0.815414,0.567146,0.49389,0.750961,0.613788,0.559482,0.480278,0,0,0,0,0,0,0,0,0,0,0,0,0,0,0.23323,0.466633,0.32206,0.425725,0,0,0.484424,0.330391
