0.334317,0.700993,0.455325,0.668266,0.440008,0.929843,0.418555,0.995261,0.346589,0.867192,0.427758,0.382173,0,0,0,0,0.822949,0.534757,0,0,0,0,0,0,0,0,0,0,0,0,0.285297,0.730976,0.325101,0.589232,0.291432,0.872609,0.354231,0.463909
0.326648,0.700985,0.455327,0.665543,0.433877,0.897153,0.420098,0.995253,0.345019,0.861737,0.424687,0.373994,0,0,0,0,0.809162,0.567453,0,0,0,0,0,0,0.819885,0.390342,0,0,0,0,0.276086,0.728264,0.318992,0.583792,0.29449,0.848097,0.346561,0.455724
0.323613,0.69823,0.449198,0.660102,0.432351,0.886255,0.421626,0.995252,0.343498,0.856265,0.423159,0.373994,0,0,0,0,0.793845,0.551102,0.786186,0.750013,0,0,0,0,0.804568,0.373994,0,0,0,0,0.274558,0.728241,0.315942,0.578392,0.305213,0.837207,0.34502,0.450316
0.319001,0.695504,0.458387,0.657364,0.436945,0.905332,0.423148,0.995253,0.337393,0.848098,0.42163,0.363099,0,0,0,0,0.839798,0.556554,0,0,0,0,0,0,0,0,0,0,0,0,0.269973,0.725491,0.312853,0.578405,0.303683,0.842657,0.340445,0.450292
0.312858,0.698212,0.443074,0.649198,0.424687,0.87536,0.420086,0.995253,0.33583,0.84536,0.410909,0.357647,0,0,0,0,0.786187,0.534754,0,0,0,0,0,0,0.78006,0.368541,0,0,0,0,0.263846,0.725507,0.309782,0.578383,0.296019,0.845386,0.337376,0.45028
0.312874,0.69277,0.44001,0.627404,0.424696,0.869906,0.421617,0.995252,0.335848,0.839938,0.417035,0.341301,0,0,0,0,0.830608,0.496607,0,0,0,0,0,0,0.829076,0.352194,0,0,0,0,0.260789,0.717339,0.308273,0.575652,0.306744,0.834484,0.337375,0.442107
0.309796,0.690092,0.432352,0.641024,0.423153,0.856289,0.420094,0.995253,0.331255,0.837192,0.415498,0.352199,0,0,0,0,0.778528,0.477536,0,0,0,0,0,0,0.773934,0.338573,0,0,0,0,0.257714,0.714589,0.303685,0.572918,0.302148,0.823585,0.332781,0.439388
0.308279,0.684608,0.432346,0.621952,0.423151,0.869901,0.409369,0.993892,0.325136,0.826291,0.410906,0.303148,0,0,0,0,0.965403,0.548379,0.994506,0.68462,0,0,0,0,0.9363,0.352192,0,0,0,0,0.256197,0.709145,0.300628,0.567441,0.296019,0.815409,0.332776,0.436645
0.3098,0.681886,0.438476,0.62468,0.424685,0.856274,0.401709,0.993885,0.326656,0.81543,0.413965,0.338568,0,0,0,0,0.842862,0.482984,0,0,0,0,0,0,0.813758,0.294973,0,0,0,0,0.257724,0.7064,0.302147,0.562012,0.297556,0.812687,0.332774,0.431217
0.308285,0.668273,0.429284,0.627399,0.421627,0.853563,0.400189,0.970705,0.329728,0.812697,0.415501,0.344026,0,0,0,0,0.812226,0.482984,0,0,0,0,0,0,0.809163,0.314046,0,0,0,0,0.256205,0.700972,0.30064,0.556537,0.277643,0.809969,0.329721,0.428486
0.309813,0.668266,0.430817,0.619228,0.423153,0.842654,0.403242,0.97071,0.332793,0.809933,0.415499,0.341303,0,0,0,0,0.786187,0.450287,0,0,0,0,0,0,0.78006,0.284073,0,0,0,0,0.257715,0.695542,0.303668,0.55112,0.297553,0.801787,0.334318,0.428459
0.311344,0.662847,0.436943,0.6274,0.424692,0.850834,0.398641,0.957107,0.334324,0.804503,0.415498,0.344019,0.424693,0.245932,0,0,0.790782,0.45301,0,0,0,0,0,0,0.773934,0.294976,0,0,0,0,0.260775,0.690075,0.306726,0.548394,0.251592,0.785452,0.341967,0.428463
0.311326,0.665521,0.435412,0.627402,0.423156,0.850824,0.400193,0.957107,0.331262,0.807215,0.418561,0.341291,0,0,0,0,0.784655,0.474808,0,0,0,0,0,0,0.772401,0.344021,0,0,0,0,0.259255,0.690065,0.303688,0.545653,0.242417,0.774547,0.343499,0.425781
0.30981,0.662838,0.432352,0.619229,0.423162,0.848114,0.410911,0.967991,0.334299,0.80452,0.41856,0.344013,0,0,0,0,0.778528,0.485709,0,0,0,0,0,0,0.7724,0.344019,0,0,0,0,0.257724,0.690051,0.303681,0.545653,0.239362,0.782689,0.345027,0.431193
0.308281,0.662828,0.430816,0.61922,0.423151,0.853562,0.401711,0.957103,0.328195,0.801779,0.418565,0.335844,0,0,0,0,0.783123,0.477535,0,0,0,0,0,0,0.770869,0.349468,0,0,0,0,0.256189,0.687383,0.300635,0.545647,0.239348,0.771815,0.343514,0.42849
0.299092,0.657372,0.435412,0.660086,0.410902,0.86718,0.395582,0.948948,0.322047,0.80724,0.415497,0.352191,0,0,0,0,0.783123,0.47481,0,0,0,0,0,0,0.7724,0.344018,0,0,0,0,0.248525,0.6846,0.296014,0.537468,0.245478,0.774547,0.332782,0.425782
0.300623,0.654663,0.435416,0.660098,0.415501,0.864451,0.39252,0.946213,0.323567,0.80179,0.423154,0.368538,0,0,0,0,0.795377,0.472084,0,0,0,0,0,0,0.7724,0.349469,0,0,0,0,0.250057,0.6819,0.297572,0.534779,0.24088,0.771824,0.337387,0.428476
0.30063,0.649214,0.429284,0.641023,0.415499,0.861728,0.398656,0.951658,0.322065,0.79907,0.418563,0.349469,0,0,0,0,0.776997,0.493884,0,0,0,0,0,0,0.769338,0.35764,0,0,0,0,0.250067,0.681855,0.297541,0.534733,0.24701,0.769101,0.334305,0.425737
0.300639,0.646498,0.42622,0.635573,0.410902,0.861723,0.397126,0.94891,0.32206,0.799051,0.417032,0.349464,0,0,0,0,0.776995,0.477534,0,0,0,0,0,0,0.769336,0.352191,0,0,0,0,0.250066,0.676441,0.297549,0.532046,0.26079,0.769089,0.334307,0.42573
0.306735,0.641058,0.446133,0.662826,0.418566,0.869902,0.410893,0.959826,0.326644,0.796295,0.424685,0.360363,0,0,0,0,0.796909,0.493883,0,0,0,0,0,0,0.778527,0.349469,0,0,0,0,0.253138,0.668242,0.300644,0.529272,0.268449,0.76091,0.343512,0.423012
0.30828,0.641016,0.450728,0.665546,0.421626,0.861727,0.413963,0.954379,0.329707,0.793599,0.42622,0.365818,0,0,0,0,0.766273,0.453012,0,0,0,0,0,0,0.763211,0.333121,0,0,0,0,0.25466,0.665521,0.302154,0.52386,0.269977,0.758187,0.345042,0.422999
0.309789,0.630129,0.450726,0.662817,0.413971,0.842652,0.4155,0.959822,0.331249,0.793568,0.429288,0.417586,0,0,0,0,0.752487,0.472085,0,0,0,0,0,0,0.760147,0.360371,0,0,0,0,0.256183,0.662779,0.305209,0.518412,0.239342,0.763641,0.34658,0.417603
0.309808,0.624699,0.447664,0.660095,0.412436,0.83993,0.41397,0.951654,0.332764,0.7909,0.42622,0.390344,0,0,0,0,0.752487,0.507506,0.735638,0.681893,0,0,0,0,0.761678,0.352194,0,0,0,0,0.254669,0.662775,0.306724,0.51571,0.237806,0.763643,0.346571,0.412152
0.309813,0.621921,0.438477,0.632843,0.41856,0.837204,0.417028,0.951643,0.328182,0.790885,0.426222,0.365815,0,0,0,0,0.766275,0.496609,0.740233,0.703692,0,0,0,0,0.775465,0.352193,0,0,0,0,0.256205,0.651946,0.306732,0.515661,0.240868,0.755435,0.345044,0.406692
0.311332,0.619194,0.447668,0.646471,0.415499,0.837205,0.418555,0.954367,0.326666,0.785423,0.430819,0.395793,0,0,0,0,0.758615,0.510231,0,0,0,0,0,0,0.767804,0.360366,0,0,0,0,0.256209,0.649181,0.308255,0.512941,0.240886,0.752733,0.345048,0.403989
0.308265,0.619202,0.438475,0.635569,0.409374,0.84266,0.409373,0.95165,0.322056,0.779988,0.426218,0.346747,0,0,0,0,0.773933,0.466633,0,0,0,0,0,0,0.775465,0.333122,0,0,0,0,0.251624,0.643795,0.302152,0.510234,0.239355,0.749989,0.346558,0.406683
0.303688,0.619206,0.429283,0.6165,0.404779,0.839931,0.401719,0.951669,0.322037,0.785441,0.421626,0.324944,0.536508,0.0333874,0,0,0.775464,0.463911,0,0,0,0,0,0,0.773932,0.319496,0,0,0,0,0.250064,0.646457,0.299109,0.510243,0.228624,0.752723,0.345028,0.403966
0.302139,0.619186,0.424686,0.616495,0.410903,0.845377,0.397126,0.957105,0.314394,0.78544,0.420094,0.341287,0,0,0,0,0.773933,0.469361,0,0,0,0,0,0,0.764742,0.344021,0,0,0,0,0.245491,0.646474,0.297568,0.510228,0.230155,0.752711,0.341961,0.403983
0.291419,0.616523,0.421626,0.611051,0.395588,0.831757,0.392517,0.965279,0.306752,0.785421,0.401716,0.344027,0,0,0,0,0.755552,0.521132,0,0,0,0,0,0,0.763212,0.357642,0,0,0,0,0.237811,0.646499,0.288354,0.510237,0.21792,0.750003,0.332786,0.406717
0.285299,0.62194,0.413968,0.616505,0.392522,0.812689,0.381804,0.96527,0.300607,0.788132,0.401716,0.357642,0,0,0,0,0.767807,0.542929,0,0,0,0,0,0,0.767805,0.360367,0,0,0,0,0.228625,0.65192,0.277662,0.512946,0.210251,0.744553,0.32666,0.412142
0.276123,0.624687,0.406312,0.619222,0.377201,0.845383,0.372601,0.987074,0.297529,0.785448,0.392521,0.344025,0,0,0,0,0.769337,0.540204,0,0,0,0,0,0,0.766273,0.36309,0,0,0,0,0.224006,0.657344,0.274568,0.515678,0.205648,0.752711,0.322068,0.414879
0.274557,0.6247,0.403242,0.624671,0.377209,0.839935,0.371087,0.976176,0.291434,0.785441,0.39712,0.360369,0,0,0,0,0.780059,0.518408,0,0,0,0,0,0,0.795377,0.363094,0,0,0,0,0.217908,0.657358,0.271503,0.515657,0.193402,0.750037,0.314409,0.409402
0.268459,0.624659,0.403251,0.632847,0.371084,0.829036,0.369538,0.981628,0.286831,0.7827,0.475238,0.458465,0,0,0,0,0,0,0,0,0,0,0,0,0,0,0,0,0,0,0.214823,0.65464,0.265372,0.51295,0.188806,0.744553,0.311338,0.403969
0.266919,0.621971,0.409376,0.654643,0.37108,0.829036,0.364951,0.989799,0.286831,0.785428,0.472175,0.469362,0,0,0,0,0,0,0,0,0,0,0,0,0,0,0,0,0,0,0.213296,0.651945,0.263864,0.512948,0.187269,0.739126,0.311353,0.403996
0.262325,0.621927,0.401712,0.62467,0.371084,0.81269,0.36189,0.978896,0.279174,0.785425,0.462984,0.458466,0,0,0,0,0,0,0,0,0,0,0,0,0,0,0,0,0,0,0.207187,0.64922,0.260785,0.51023,0.182668,0.736377,0.309796,0.403962
0.260804,0.621937,0.398653,0.630119,0.36801,0.837213,0.360351,0.978897,0.279178,0.788134,0.377208,0.34129,0,0,0,0,0,0,0,0,0,0,0,0,0,0,0,0,0,0,0.204122,0.64918,0.257724,0.507514,0.179606,0.73367,0.302158,0.401266
0.251597,0.616508,0.389461,0.635571,0.364953,0.845389,0.346578,0.992522,0.266921,0.774546,0.446135,0.442108,0,0,0,0,0,0,0,0,0,0,0,0,0,0,0,0,0,0,0.193413,0.643743,0.248519,0.49664,0.170426,0.736402,0.294492,0.401216
0.251592,0.616486,0.378735,0.621958,0.366481,0.829031,0.346577,0.995249,0.263856,0.769097,0.440007,0.447561,0,0,0,0,0,0,0,0,0,0,0,0,0,0,0,0,0,0,0.193411,0.643736,0.247014,0.499338,0.167357,0.736376,0.294494,0.401257
0.247003,0.611073,0.377203,0.619228,0.364947,0.831761,0.345042,0.995251,0.263847,0.771827,0.37108,0.338574,0,0,0,0,0,0,0,0,0,0,0,0,0,0,0,0,0,0,0.191882,0.641024,0.245481,0.493876,0.170413,0.739103,0.296008,0.401239
0.243958,0.613754,0.37414,0.608325,0.358825,0.839935,0.343507,0.995249,0.260796,0.771828,0.368018,0.305881,0,0,0,0,0.760147,0.444838,0,0,0,0,0,0,0.747893,0.327671,0,0,0,0,0.19184,0.64097,0.242435,0.491201,0.165833,0.728224,0.292955,0.401192
0.240895,0.611071,0.37414,0.608323,0.355763,0.850834,0.343502,0.995251,0.2562,0.77181,0.369549,0.316771,0.374142,0.19415,0,0,0,0,0,0,0,0,0,0,0,0,0,0,0,0,0.188782,0.640994,0.240865,0.49386,0.165829,0.73094,0.285293,0.398481
0.242424,0.61104,0.375677,0.621945,0.352699,0.845382,0.345034,0.995254,0.26078,0.771776,0.374136,0.341292,0.378735,0.19689,0,0,0,0,0,0,0,0,0,0,0,0,0,0,0,0,0.190318,0.638315,0.240903,0.493867,0.165811,0.730962,0.286822,0.398502
0.243931,0.611072,0.374145,0.621954,0.354231,0.842653,0.345042,0.995253,0.26079,0.771819,0.374145,0.349468,0.375675,0.196885,0,0,0,0,0,0,0,0,0,0,0,0,0,0,0,0,0.190347,0.638317,0.242401,0.493864,0.16581,0.730937,0.289901,0.401219
0.242434,0.608308,0.372617,0.621952,0.352697,0.845381,0.341981,0.995252,0.262309,0.771822,0.374144,0.357642,0.375667,0.196886,0,0,0,0,0,0,0,0,0,0,0,0,0,0,0,0,0.190329,0.638288,0.240906,0.491145,0.162756,0.730919,0.279171,0.395788
0.242423,0.608303,0.374142,0.613774,0.358823,0.839929,0.346559,0.995252,0.260794,0.771804,0.375668,0.34947,0.37262,0.202322,0,0,0,0,0,0,0,0,0,0,0,0,0,0,0,0,0.190327,0.638252,0.2424,0.49115,0.159708,0.728191,0.285288,0.395782
0.242434,0.60833,0.374144,0.611051,0.361888,0.848108,0.345033,0.995249,0.263848,0.771814,0.375672,0.346751,0.554889,0.115132,0,0,0,0,0,0,0,0,0,0,0,0,0,0,0,0,0.190357,0.638308,0.242407,0.491163,0.159707,0.728214,0.285297,0.395797
0.242428,0.611069,0.374149,0.611048,0.363421,0.856286,0.341974,0.995251,0.26386,0.774533,0.374146,0.341304,0.374137,0.205045,0,0,0.905665,0.442113,0,0,0,0,0,0,0.873497,0.265001,0,0,0,0,0.190336,0.641015,0.242395,0.491208,0.165816,0.730944,0.280696,0.398489
0.245456,0.613743,0.377203,0.624675,0.361886,0.861735,0.340443,0.99525,0.263865,0.771818,0.377209,0.349477,0,0,0,0,0,0,0,0,0,0,0,0,0,0,0,0,0,0,0.190354,0.641039,0.242398,0.49119,0.16736,0.733661,0.279176,0.395806
0.245456,0.613744,0.375676,0.621952,0.355762,0.848103,0.340446,0.995251,0.265394,0.774528,0.427753,0.447561,0,0,0,0,0,0,0,0,0,0,0,0,0,0,0,0,0,0,0.191844,0.64101,0.242404,0.491216,0.16889,0.725511,0.285302,0.398488
0.246995,0.608349,0.377209,0.61923,0.360358,0.853558,0.345044,0.99525,0.269981,0.771827,0.378739,0.357646,0.384865,0.20779,0,0,0,0,0,0,0,0,0,0,0,0,0,0,0,0,0.193386,0.63833,0.245456,0.493866,0.168905,0.730918,0.294481,0.398476
0.247012,0.611034,0.378736,0.621954,0.360354,0.861727,0.34504,0.995249,0.269983,0.771835,0.378741,0.346744,0,0,0,0,0,0,0,0,0,0,0,0,0,0,0,0,0,0,0.193392,0.640972,0.245482,0.491205,0.179609,0.730942,0.288351,0.398472
0.246996,0.608348,0.377204,0.619219,0.363418,0.856275,0.346574,0.99525,0.268445,0.771802,0.3818,0.35219,0.378739,0.20233,0,0,0,0,0,0,0,0,0,0,0,0,0,0,0,0,0.191893,0.640978,0.245471,0.493866,0.17807,0.736396,0.291428,0.398495
0.24702,0.61103,0.374145,0.619219,0.357296,0.869904,0.346574,0.995251,0.268452,0.769084,0.378736,0.354925,0.378742,0.199611,0,0,0.761679,0.466635,0,0,0,0,0,0,0.76321,0.341295,0,0,0,0,0.193392,0.640985,0.245481,0.491201,0.179614,0.73911,0.292946,0.398473
0.247016,0.608312,0.377205,0.619223,0.358823,0.853553,0.345045,0.995252,0.271519,0.771833,0.380271,0.352193,0.386397,0.199612,0,0,0,0,0,0,0,0,0,0,0,0,0,0,0,0,0.193417,0.638318,0.246997,0.491187,0.179614,0.741852,0.29449,0.395799
0.247009,0.608297,0.375669,0.61377,0.358821,0.850825,0.346567,0.995252,0.26999,0.774543,0.381798,0.349478,0.387924,0.202312,0,0,0,0,0,0,0,0,0,0,0,0,0,0,0,0,0.193395,0.638288,0.245491,0.491129,0.179614,0.736391,0.294498,0.39579
0.248543,0.602906,0.375675,0.605598,0.364949,0.853549,0.343508,0.995252,0.271496,0.774533,0.378737,0.344018,0.386396,0.194149,0,0,0,0,0,0,0,0,0,0,0,0,0,0,0,0,0.194937,0.638326,0.247006,0.491136,0.182669,0.725493,0.289906,0.393085
0.250074,0.60289,0.387925,0.621953,0.368018,0.869912,0.34504,0.995253,0.271511,0.774552,0.381798,0.346738,0.389456,0.194154,0,0,0,0,0,0,0,0,0,0,0,0,0,0,0,0,0.194936,0.638271,0.248539,0.48845,0.181143,0.722764,0.291413,0.39307
0.251623,0.597386,0.377205,0.589251,0.369551,0.826314,0.346579,0.995253,0.269964,0.769071,0.378734,0.330395,0,0,0,0,0.81529,0.376716,0,0,0,0,0,0,0,0,0,0,0,0,0.197984,0.632865,0.250071,0.485688,0.179602,0.728191,0.288362,0.384896
0.253129,0.594705,0.378741,0.602875,0.368012,0.850835,0.349635,0.995254,0.268449,0.760919,0.384862,0.33584,0,0,0,0,0,0,0,0,0,0,0,0,0,0,0,0,0,0,0.201033,0.630102,0.251598,0.480288,0.17961,0.720044,0.291423,0.382162
0.256191,0.591994,0.392522,0.616494,0.371081,0.839929,0.346562,0.995254,0.273035,0.769042,0.39099,0.3413,0,0,0,0,0,0,0,0,0,0,0,0,0,0,0,0,0,0,0.202582,0.624707,0.254662,0.477531,0.181148,0.720024,0.292973,0.382143
0.257744,0.594693,0.389462,0.597429,0.372608,0.834488,0.34811,0.995254,0.273038,0.76907,0.387926,0.338577,0,0,0,0,0.790782,0.401241,0,0,0,0,0,0,0.764742,0.284071,0,0,0,0,0.205632,0.624659,0.257721,0.474828,0.190324,0.717316,0.297542,0.379462
0.260777,0.586524,0.390991,0.597425,0.37414,0.834479,0.34964,0.993892,0.269979,0.758183,0.390994,0.33584,0,0,0,0,0.796909,0.363093,0,0,0,0,0,0,0.761677,0.28135,0,0,0,0,0.207181,0.619176,0.259275,0.472066,0.191864,0.714595,0.29296,0.376732
