0.810687,0.393065,0.688153,0.477529,0.67897,0.267716,0.576326,0.128761,0.677449,0.128759,0.714192,0.676445,0.783119,0.864462,0.901066,0.842658,0.0203046,0.766361,0,0,0,0,0,0,0.0938289,0.993883,0,0,0,0,0.815271,0.319494,0.850512,0.4612,0.76014,0.248672,0.845927,0.624678
0.801508,0.387649,0.685091,0.482991,0.678961,0.259557,0.568684,0.131463,0.669761,0.128743,0.708071,0.673722,0.781595,0.864459,0.894941,0.831756,0.0218345,0.760913,0,0,0,0,0,0,0.0968919,0.924402,0,0,0,0,0.80764,0.316783,0.841327,0.461187,0.758611,0.251354,0.838271,0.632852
0.781603,0.38214,0.682028,0.493878,0.668239,0.270444,0.559475,0.134198,0.654464,0.131514,0.706536,0.68734,0.778529,0.856272,0.893412,0.820864,0,0,0,0,0,0,0,0,0,0,0,0,0,0,0.792305,0.31406,0.830613,0.46118,0.744828,0.248685,0.827563,0.638323
0.776992,0.382167,0.680493,0.510239,0.665173,0.281352,0.557948,0.136942,0.652916,0.134237,0.703473,0.690072,0.780056,0.850847,0.891882,0.815409,0,0,0,0,0,0,0,0,0,0,0,0,0,0,0.789224,0.3141,0.827522,0.453001,0.740235,0.248683,0.824474,0.643727
0.766281,0.382189,0.678964,0.518407,0.657517,0.281347,0.554883,0.136971,0.643751,0.13964,0.70806,0.703697,0.773928,0.853554,0.894939,0.837205,0,0,0,0,0,0,0,0,0,0,0,0,0,0,0.777005,0.316803,0.816842,0.453027,0.731036,0.251401,0.816819,0.643781
0.763221,0.387621,0.672838,0.493882,0.657525,0.27862,0.554878,0.136955,0.643755,0.13969,0.700407,0.692794,0.767804,0.850837,0.891879,0.831757,0,0,0,0,0,0,0,0,0,0,0,0,0,0,0.775449,0.31948,0.813752,0.458469,0.7295,0.254107,0.812228,0.651922
0.757084,0.401193,0.663646,0.512951,0.646797,0.289511,0.559464,0.134243,0.645256,0.145088,0.69275,0.709133,0.769339,0.853558,0.896475,0.842653,0,0,0,0,0,0,0,0,0,0,0,0,0,0,0.767822,0.333131,0.809147,0.46665,0.726442,0.259531,0.813739,0.660101
0.755566,0.404011,0.659059,0.510223,0.646792,0.286791,0.568663,0.13697,0.663643,0.156009,0.685089,0.692794,0.766277,0.853566,0.896474,0.842658,0,0,0,0,0,0,0,0,0,0,0,0,0,0,0.766267,0.33855,0.80457,0.469378,0.723383,0.26501,0.80918,0.662863
0.754011,0.423041,0.654463,0.485707,0.62382,0.232306,0.590117,0.117865,0.709575,0.191465,0.680495,0.676451,0.764745,0.845398,0.890346,0.826315,0.0172423,0.750013,0,0,0,0,0,0,0.0907665,0.883531,0,0,0,0,0.764725,0.344046,0.799962,0.48842,0.726434,0.273153,0.806092,0.671017
0.753996,0.425763,0.655985,0.4857,0.640669,0.224135,0.608512,0.104253,0,0,0.67743,0.673724,0.761681,0.845376,0.888815,0.820855,0.00422018,0.755463,0,0,0,0,0,0,0.121399,0.883528,0,0,0,0,0.763224,0.352188,0.795367,0.488454,0.727994,0.275939,0.798451,0.673713
0.750961,0.428498,0.65445,0.466632,0.651392,0.240468,0.654465,0.0851533,0.754022,0.248654,0.671301,0.662824,0.764747,0.831752,0.890348,0.807243,0.0203036,0.733665,0,0,0,0,0,0,0.116804,0.872629,0,0,0,0,0.764743,0.352207,0.790788,0.491183,0.741768,0.273174,0.795389,0.679167
0.750962,0.428453,0.652923,0.455739,0.655991,0.232313,0.67437,0.0824467,0.757092,0.248662,0.662114,0.65192,0.764746,0.804513,0.891879,0.796336,0.0218357,0.744564,0,0,0,0,0,0,0.122932,0.872633,0,0,0,0,0.764729,0.349489,0.790783,0.491174,0.744828,0.27318,0.79538,0.679165
0.749428,0.417578,0.654457,0.453018,0.671298,0.224139,0.703463,0.0960546,0.780054,0.25409,0.665177,0.654639,0.772401,0.796321,0.896472,0.769087,0.0310261,0.725492,0.0172421,0.556554,0,0,0,0,0.125995,0.861735,0,0,0,0,0.766277,0.346751,0.787716,0.485717,0.741765,0.270437,0.795382,0.665563
0.749425,0.4176,0.655976,0.447555,0.678963,0.21868,0.709589,0.0988024,0.781586,0.251357,0.660585,0.641018,0.776997,0.788169,0.910259,0.779988,0.0218357,0.730941,0.0172393,0.553831,0,0,0,0,0.122931,0.864456,0,0,0,0,0.766285,0.344039,0.786193,0.482996,0.734113,0.265006,0.795375,0.662836
0.744845,0.409416,0.654456,0.455731,0.682025,0.221394,0.724906,0.109661,0.787716,0.256827,0.671305,0.646469,0.775462,0.779994,0.907197,0.782709,0.0218359,0.741841,0,0,0,0,0,0,0.116805,0.867184,0,0,0,0,0.767817,0.344035,0.784658,0.477543,0.760149,0.267717,0.795374,0.66008
0.744832,0.406685,0.654452,0.45301,0.682027,0.221401,0.727967,0.112394,0.784656,0.256835,0.669771,0.646472,0.775463,0.779985,0.905662,0.788157,0.024898,0.747289,0,0,0,0,0,0,0.104552,0.864455,0,0,0,0,0.767809,0.344005,0.783134,0.477546,0.764742,0.273177,0.796907,0.660086
0.747886,0.414866,0.651391,0.444839,0.691217,0.21324,0.735639,0.11242,0.796909,0.264996,0.66211,0.63285,0.773933,0.779981,0.90413,0.788163,0.0233677,0.755463,0,0,0,0,0,0,0.0907663,0.880805,0,0,0,0,0.769349,0.346725,0.783124,0.485727,0.76934,0.286778,0.79384,0.660105
0.749421,0.420325,0.648331,0.436672,0.674368,0.215955,0.74024,0.120577,0.804565,0.284069,0.65752,0.627398,0.772401,0.777257,0.904134,0.788157,0.0233658,0.774538,0,0,0,0,0,0,0.0907651,0.89443,0,0,0,0,0.773932,0.34675,0.783134,0.485705,0.769333,0.278615,0.795372,0.660102
0.749426,0.414854,0.648333,0.433928,0.655986,0.213228,0.743295,0.120597,0.804568,0.270449,0.655984,0.619219,0.773929,0.774534,0.902602,0.788156,0.0233663,0.771814,0,0,0,0,0,0,0.0938274,0.89443,0,0,0,0,0.77393,0.346755,0.784649,0.480257,0.761679,0.275889,0.796906,0.660095
0.750956,0.414844,0.648327,0.43665,0.654454,0.213233,0.743289,0.120582,0.804567,0.267716,0.657514,0.624671,0.772399,0.771814,0.905667,0.785433,0.0233693,0.752739,0,0,0,0,0,0,0.0922958,0.880804,0,0,0,0,0.773921,0.344052,0.78313,0.474808,0.741762,0.251418,0.795379,0.657381
0.747894,0.40671,0.649858,0.417593,0.672836,0.21595,0.743303,0.117845,0.810704,0.28135,0.652919,0.60288,0.769334,0.758209,0.907199,0.76636,0.0233687,0.809958,0,0,0,0,0,0,0.0922972,0.962549,0,0,0,0,0.775444,0.341308,0.781598,0.472089,0.74636,0.251386,0.789248,0.630122
0.744827,0.401226,0.646797,0.398528,0.652923,0.22412,0.744835,0.115136,0.812227,0.28135,0.649861,0.594703,0.767808,0.758175,0.907198,0.758181,0.0248975,0.785436,0,0,0,0,0,0,0.0907647,0.924402,0,0,0,0,0.773937,0.341291,0.780061,0.463906,0.754014,0.254115,0.789246,0.641019
0.749431,0.387626,0.651385,0.395798,0.655984,0.202336,0.522719,0.0715373,0.413962,0.126022,0.654448,0.583802,0.766273,0.752744,0.908731,0.758194,0.0264322,0.763637,0,0,0,0,0,0,0.0999565,0.89443,0,0,0,0,0.778532,0.335843,0.783131,0.458454,0.781588,0.278611,0.780058,0.61378
0.752485,0.37672,0.651384,0.393062,0.652919,0.202329,0.522718,0.0688365,0.41244,0.123304,0.657519,0.589247,0.772403,0.74728,0.913324,0.755468,0.0249005,0.755464,0,0,0,0,0,0,0.0953605,0.891703,0,0,0,0,0.777011,0.319504,0.780068,0.43666,0.760146,0.25137,0.780063,0.608331
0.74789,0.363109,0.649855,0.382159,0.649861,0.199604,0.757075,0.0988007,0.816826,0.254102,0.654455,0.562003,0.776993,0.728222,0.917921,0.755463,0.0233686,0.78816,0,0,0,0,0,0,0.098423,0.987072,0,0,0,0,0.780054,0.32766,0.778527,0.431225,0.789238,0.281357,0.783119,0.605607
0.750955,0.360372,0.648329,0.371276,0.640667,0.191438,0.757096,0.0960677,0.829077,0.254117,0.655981,0.553837,0.772398,0.722762,0.924045,0.750015,0.024899,0.801786,0,0,0,0,0,0,0.096893,0.976172,0,0,0,0,0.78158,0.305866,0.781584,0.42577,0.784645,0.259556,0.781596,0.602866
0.754021,0.341312,0.649854,0.35493,0.652924,0.180527,0.522715,0.0579018,0,0,0.657514,0.548384,0.775467,0.720032,0.931706,0.744568,0.0233681,0.779988,0,0,0,0,0,0,0.0938298,0.910778,0,0,0,0,0.783129,0.294961,0.780067,0.406694,0.789243,0.251374,0.773931,0.581082
0.750951,0.338564,0.648326,0.365823,0.649861,0.191434,0.51966,0.0551832,0,0,0.657519,0.556556,0.776992,0.720025,0.956215,0.684625,0,0,0,0,0,0,0,0,0,0,0,0,0,0,0.784656,0.29225,0.778534,0.401251,0.793852,0.256829,0.769339,0.578348
0.750951,0.330398,0.645265,0.352196,0.634541,0.175082,0.51047,0.0551914,0,0,0.662111,0.5511,0.775465,0.720051,0.92864,0.752732,0,0,0,0,0,0,0,0,0,0,0,0,0,0,0.784649,0.286789,0.776992,0.390341,0.792315,0.256832,0.766275,0.575621
0.744839,0.324942,0.649858,0.354927,0.643733,0.1887,0.507404,0.057911,0,0,0.657521,0.542935,0.773932,0.717323,0.922512,0.752742,0.0233667,0.820858,0,0,0,0,0,0,0,0,0,0,0,0,0.781595,0.28679,0.778531,0.393072,0.790779,0.256825,0.766276,0.567463
0.757071,0.335832,0.648326,0.352203,0.634543,0.150561,0.498218,0.0606278,0,0,0.657514,0.548383,0.775464,0.73367,0.911791,0.760911,0,0,0,0,0,0,0,0,0,0,0,0,0,0,0.786177,0.28951,0.781585,0.403959,0.775466,0.243195,0.772404,0.575622
0.757078,0.335847,0.64833,0.352185,0.637606,0.13694,0.502813,0.0633516,0,0,0.659052,0.553825,0.778528,0.741841,0.910256,0.763645,0,0,0,0,0,0,0,0,0,0,0,0,0,0,0.786192,0.289514,0.78312,0.406681,0.757083,0.215958,0.772399,0.572909
0.755543,0.333108,0.652916,0.368535,0.645266,0.196875,0.521183,0.066074,0,0,0.659049,0.548384,0.772399,0.744566,0.905662,0.774538,0,0,0,0,0,0,0,0,0,0,0,0,0,0,0.786177,0.28407,0.781593,0.401238,0.769336,0.23775,0.781588,0.586522
0.755547,0.330379,0.651394,0.371265,0.645266,0.207776,0.766279,0.109668,0.833664,0.270452,0.657514,0.553827,0.772401,0.752737,0.901069,0.790891,0,0,0,0,0,0,0,0,0,0,0,0,0,0,0.784651,0.281349,0.783117,0.401235,0.77087,0.243194,0.781591,0.578348
0.75554,0.33311,0.652927,0.382168,0.652926,0.221409,0.769338,0.115145,0.836737,0.275898,0.657519,0.556557,0.767808,0.76092,0.896475,0.804505,0,0,0,0,0,0,0,0,0,0,0,0,0,0,0.783126,0.284065,0.780069,0.395778,0.761677,0.229574,0.784654,0.591974
0.755563,0.33855,0.651392,0.382162,0.652922,0.21595,0.767805,0.115153,0.841334,0.292236,0.657515,0.55383,0.766275,0.769086,0.896475,0.82086,0,0,0,0,0,0,0,0,0,0,0,0,0,0,0.784644,0.284088,0.784652,0.398525,0.746358,0.199622,0.78006,0.58652
0.749427,0.330394,0.651395,0.376725,0.648327,0.199608,0.369548,0.0306728,0,0,0.659046,0.562006,0.769341,0.782709,0.898004,0.823582,0.0233674,0.774539,0,0,0,0,0,0,0.090766,0.993884,0,0,0,0,0.781586,0.292249,0.77546,0.395777,0,0,0.783121,0.586528
0.750964,0.338545,0.652915,0.376719,0.652926,0.21051,0.368015,0.0306737,0,0,0.66058,0.559282,0.769339,0.788169,0.896472,0.823582,0.0233652,0.845383,0,0,0,0,0,0,0.0892329,0.993884,0,0,0,0,0.78006,0.292237,0.776999,0.398516,0.775471,0.243194,0.78772,0.59198
0.750955,0.333123,0.65292,0.393064,0.665179,0.221397,0.723375,0.117848,0.830607,0.284079,0.66518,0.589248,0.773936,0.79905,0.896472,0.826303,0.0203059,0.839934,0,0,0,0,0,0,0.0922974,0.993884,0,0,0,0,0.781584,0.300424,0.778528,0.401235,0.790779,0.270445,0,0
0.754025,0.338533,0.651389,0.39034,0.655987,0.221401,0.697352,0.117874,0.810687,0.25954,0.660586,0.570176,0.775462,0.799074,0.894939,0.820861,0.0203061,0.853556,0,0,0,0,0,0,0,0,0,0,0,0,0.781583,0.297679,0.787725,0.403976,0.752487,0.243206,0.790781,0.594694
0.755549,0.333118,0.652928,0.403961,0.654461,0.224139,0.660574,0.134211,0.787722,0.251378,0.662114,0.578352,0.77393,0.801783,0.89188,0.823589,0.0218373,0.859006,0,0,0,0,0,0,0.0892337,0.993884,0,0,0,0,0.778537,0.292247,0.787714,0.395796,0.743296,0.245925,0.787716,0.597423
0.755541,0.327677,0.654451,0.403967,0.646797,0.224138,0,0,0,0,0.666712,0.578354,0.780058,0.804501,0.898006,0.831761,0.0218368,0.859007,0,0,0,0,0,0,0.0892326,0.993884,0,0,0,0,0.778533,0.292234,0.784651,0.393071,0.764742,0.232306,0.786189,0.602883
0.754022,0.319517,0.651387,0.42032,0.631475,0.24048,0,0,0,0,0.666711,0.581081,0.778521,0.799061,0.894942,0.823582,0.0218356,0.848107,0,0,0,0,0,0,0.0892325,0.993884,0,0,0,0,0.778526,0.286809,0.789247,0.390336,0,0,0.790783,0.605597
0.754025,0.316785,0.648322,0.414869,0.633007,0.243196,0,0,0,0,0.662112,0.578352,0.776999,0.796344,0.896472,0.829036,0.0218332,0.850833,0,0,0,0,0,0,0.0877008,0.993884,0,0,0,0,0.778519,0.28681,0.78618,0.384905,0,0,0.792308,0.605582
0.757069,0.316796,0.637609,0.409414,0.610031,0.235028,0,0,0,0,0.663644,0.581083,0.776998,0.79634,0.896476,0.826308,0.0218357,0.856282,0,0,0,0,0,0,0.0877003,0.993883,0,0,0,0,0.778533,0.286794,0.789254,0.401229,0,0,0.783125,0.600141
0.755565,0.319503,0.64067,0.417585,0.622281,0.248644,0,0,0,0,0.665177,0.586523,0.776997,0.799056,0.89341,0.818141,0.0218332,0.859006,0,0,0,0,0,0,0.087701,0.993884,0,0,0,0,0.776988,0.286801,0.787716,0.398509,0,0,0.781595,0.597428
0.758606,0.322226,0.645263,0.431219,0.619224,0.254117,0.556436,0.221348,0.727982,0.202335,0.668238,0.591984,0.773933,0.796332,0.893407,0.812679,0.0187697,0.867177,0,0,0,0,0,0,0.0815764,0.993885,0,0,0,0,0.778532,0.292257,0.790769,0.401242,0,0,0.790774,0.602866
0.757082,0.319517,0.6422,0.433935,0.617689,0.256833,0.556408,0.218668,0,0,0.66058,0.59743,0.769337,0.790885,0.891876,0.809964,0.0187736,0.861725,0,0,0,0,0,0,0.0831066,0.993885,0,0,0,0,0.775462,0.294973,0.778534,0.379441,0,0,0.789242,0.602882
0.758621,0.311338,0.645267,0.439389,0.616164,0.262271,0.554882,0.207795,0.727973,0.20506,0.663644,0.600148,0.764742,0.785445,0.891878,0.793614,0.0203019,0.861729,0,0,0,0,0,0,0.0831057,0.993885,0,0,0,0,0.776993,0.297701,0.776995,0.371258,0,0,0.78925,0.594694
0.758613,0.311328,0.643737,0.433952,0.613095,0.259554,0.550298,0.205042,0.712662,0.199624,0.666707,0.591979,0.766279,0.782705,0.89341,0.790884,0.0249006,0.861728,0,0,0,0,0,0,0.0861723,0.993885,0,0,0,0,0.775472,0.297697,0.77699,0.368551,0,0,0.786183,0.589254
0.758614,0.308592,0.648328,0.43394,0.610031,0.254091,0.547229,0.194184,0.605437,0.185978,0.669771,0.597429,0.761682,0.76908,0.898007,0.788153,0.0218327,0.848106,0,0,0,0,0,0,0.0831076,0.993884,0,0,0,0,0.773929,0.292246,0.770879,0.354911,0,0,0.786187,0.572896
0.757092,0.308594,0.642196,0.431219,0.603913,0.251365,0,0,0,0,0.668237,0.597426,0.76015,0.769081,0.894943,0.779981,0.0203017,0.842656,0,0,0,0,0,0,0,0,0,0,0,0,0.773923,0.294963,0.775466,0.363097,0,0,0.789255,0.581083
0.758617,0.308588,0.643725,0.43121,0.605442,0.248658,0,0,0,0,0.663646,0.589252,0.760143,0.77182,0.896477,0.777263,0.0187705,0.820858,0,0,0,0,0,0,0,0,0,0,0,0,0.773929,0.294964,0.776988,0.36581,0,0,0.786187,0.583797
0.758624,0.314059,0.642195,0.428476,0.6085,0.251361,0.538046,0.194164,0,0,0.659052,0.570188,0.758617,0.774543,0.894945,0.785433,0.0187716,0.829033,0,0,0,0,0,0,0,0,0,0,0,0,0.775474,0.297681,0.777006,0.371258,0,0,0.786188,0.591972
0.79079,0.338605,0.666711,0.436659,0.663646,0.207787,0,0,0,0,0.678961,0.643749,0.755547,0.799052,0.896472,0.829029,0.0187723,0.804511,0,0,0,0,0,0,0,0,0,0,0,0,0.809174,0.338566,0.806093,0.403959,0,0,0,0
0.79537,0.338568,0.660585,0.43667,0.665179,0.207783,0,0,0,0,0.674369,0.657372,0.761677,0.779991,0.894944,0.845379,0.018774,0.793612,0,0,0,0,0,0,0,0,0,0,0,0,0.816813,0.319483,0.806097,0.393087,0.827547,0.28954,0,0
0.796899,0.338596,0.672833,0.428479,0.674364,0.221415,0.561011,0.155977,0.671298,0.139688,0.680493,0.63557,0.75249,0.796341,0.894943,0.829034,0.0187749,0.785439,0,0,0,0,0,0,0.0815753,0.913502,0,0,0,0,0.81528,0.319486,0.809158,0.398513,0,0,0,0
0.798432,0.338528,0.672834,0.417591,0.675905,0.229581,0.568675,0.136979,0.672845,0.13963,0.678962,0.61923,0.757079,0.790892,0.89035,0.809957,0.0203036,0.777264,0,0,0,0,0,0,0,0,0,0,0,0,0.816827,0.311318,0.809163,0.395788,0.822955,0.281346,0,0
0.799968,0.333134,0.672839,0.417593,0.675909,0.224142,0.571758,0.134242,0.675905,0.13968,0.678962,0.621954,0.757078,0.796344,0.89035,0.807232,0.0203033,0.785436,0,0,0,0,0,0,0,0,0,0,0,0,0.818359,0.305854,0.809163,0.387628,0.821421,0.284079,0,0
0.80149,0.335818,0.67436,0.406694,0.677431,0.221398,0.574808,0.131486,0.678941,0.142359,0.678967,0.619224,0.755554,0.799052,0.902602,0.799065,0.0187732,0.785436,0,0,0,0,0,0,0,0,0,0,0,0,0.819884,0.30587,0.809154,0.384929,0.821418,0.281363,0,0
0.801487,0.333105,0.675894,0.406682,0.68049,0.224132,0.576325,0.131487,0.678967,0.142363,0.68049,0.6165,0.75249,0.796337,0.90413,0.796337,0.0187747,0.788159,0,0,0,0,0,0,0,0,0,0,0,0,0.819883,0.305865,0.809161,0.384896,0.818347,0.286785,0,0
0.803036,0.338579,0.674375,0.41214,0.677437,0.224133,0.579378,0.128803,0.68203,0.142389,0.675898,0.616502,0.750958,0.796328,0.90107,0.790891,0.018773,0.796338,0,0,0,0,0,0,0.0800427,0.905327,0,0,0,0,0.822951,0.314046,0.810712,0.401218,0.824479,0.286783,0,0
0.804566,0.341278,0.67589,0.417585,0.678961,0.226862,0.58093,0.131471,0.680515,0.139718,0.678965,0.621945,0.74636,0.801795,0.896473,0.79089,0.0187752,0.79906,0,0,0,0,0,0,0.0800442,0.924402,0,0,0,0,0.822946,0.32222,0.810712,0.401264,0.82141,0.28951,0.822949,0.635558
0.807648,0.346751,0.675897,0.425757,0.68815,0.226854,0.588584,0.126071,0.686624,0.145128,0.68049,0.627403,0.743297,0.80725,0.888815,0.782711,0.0187691,0.799059,0,0,0,0,0,0,0,0,0,0,0,0,0.827554,0.335836,0.816834,0.406709,0.833662,0.297708,0.806087,0.403906
