0.433243,0.396602,0.447228,0.485732,0.318322,0.530293,0.224265,0.753138,0.234715,0.998259,0.569161,0.480143,0.725915,0.647281,0,0,0.450711,0.867344,0.339226,0.872912,0,0,0,0,0.572632,0.867339,0,0,0,0,0.398438,0.371522,0.475118,0.371528,0.346162,0.385433,0.541272,0.391008
0.436765,0.393817,0.457679,0.541437,0.321799,0.541438,0.224266,0.666779,0,0,0.579598,0.480154,0,0,0,0,0,0,0,0,0,0,0,0,0,0,0,0,0,0,0.401965,0.371545,0.482057,0.36875,0.353149,0.388211,0.544802,0.385467
0.440292,0.391067,0.482059,0.558141,0.314844,0.563715,0.328771,0.78099,0,0,0.684107,0.549789,0,0,0,0,0,0,0,0,0,0,0,0,0,0,0,0,0,0,0.405347,0.371494,0.485555,0.365953,0.353143,0.388221,0.551751,0.385475
0.44724,0.388245,0.485514,0.480125,0.374076,0.499652,0.391479,0.758707,0,0,0.590074,0.457849,0.792106,0.697425,0.715442,0.285186,0,0,0,0,0,0,0,0,0,0,0,0,0,0,0.405406,0.368692,0.488988,0.35483,0.356667,0.388277,0.548318,0.371487
0.447225,0.388216,0.482074,0.477354,0.370569,0.4913,0.370593,0.622216,0,0,0.593515,0.455084,0,0,0,0,0.544739,0.69742,0.468114,0.711344,0,0,0,0,0.614447,0.680704,0,0,0,0,0.405349,0.368668,0.485595,0.349288,0.356627,0.391023,0.544819,0.365931
0.436751,0.388221,0.489007,0.474583,0.398448,0.494084,0.534311,0.783774,0,0,0.58656,0.449516,0.642351,0.418873,0.718959,0.282423,0.781658,0.867344,0.701528,0.975974,0,0,0,0,0.833915,0.845056,0,0,0,0,0.398399,0.371555,0.478584,0.352061,0.353145,0.404955,0.544759,0.36588
0.433321,0.390974,0.485531,0.474563,0.398428,0.491296,0,0,0,0,0.572667,0.449527,0.649244,0.413301,0.718991,0.293475,0.691078,0.920264,0,0,0,0,0,0,0,0,0,0,0,0,0.394974,0.382641,0.471621,0.357617,0.35317,0.410522,0.544711,0.36596
0.433287,0.391046,0.489046,0.477383,0.401922,0.505228,0.47161,0.800487,0,0,0.576132,0.45228,0.642286,0.427227,0.718989,0.293517,0.746819,0.864557,0.691081,0.889623,0,0,0,0,0.826947,0.836698,0,0,0,0,0.391483,0.38541,0.47157,0.360358,0.35316,0.4133,0.544686,0.365983
0.433215,0.39381,0.48904,0.482921,0.401931,0.508005,0.468124,0.814412,0,0,0.572621,0.455117,0.642306,0.443938,0.715558,0.29633,0.757274,0.867335,0.694559,0.889625,0,0,0,0,0.830437,0.8367,0,0,0,0,0.391453,0.388185,0.468099,0.363163,0.356644,0.418869,0.544712,0.371562
0.433223,0.396587,0.485551,0.480204,0.401894,0.50246,0,0,0,0,0.565683,0.457896,0.635307,0.446693,0.715422,0.304674,0.684116,0.884054,0,0,0,0,0,0,0,0,0,0,0,0,0.391463,0.388218,0.464697,0.363197,0.360135,0.418879,0.544748,0.374295
0.42983,0.396583,0.489051,0.485747,0.40192,0.513598,0.478572,0.794915,0,0,0.576156,0.463452,0.649195,0.435582,0.715468,0.310239,0.715468,0.867341,0.677142,0.89241,0,0,0,0,0.819971,0.856193,0,0,0,0,0.391466,0.388267,0.464637,0.365952,0.36361,0.424431,0.544783,0.379855
0.433221,0.39661,0.492483,0.485747,0.401909,0.513576,0.464641,0.778201,0,0,0.579627,0.468999,0.64927,0.432844,0,0,0.694563,0.861771,0.61444,0.884053,0,0,0,0,0.785143,0.850629,0,0,0,0,0.388033,0.390975,0.464621,0.365943,0.363633,0.421651,0.544842,0.382639
0.433242,0.402175,0.496031,0.485747,0.405399,0.516368,0,0,0,0,0.596976,0.46343,0.656305,0.452294,0.715519,0.324173,0,0,0,0,0,0,0,0,0,0,0,0,0,0,0.394962,0.39104,0.46114,0.368769,0.370533,0.427197,0.54477,0.382654
0.433226,0.402186,0.499496,0.491301,0.401957,0.521951,0,0,0,0,0.600478,0.46621,0.659751,0.44949,0.715471,0.326922,0,0,0,0,0,0,0,0,0,0,0,0,0,0,0.394986,0.391053,0.461152,0.371495,0.37058,0.427229,0.544771,0.385409
0.429798,0.404951,0.502937,0.491292,0.405397,0.519164,0,0,0,0,0.597048,0.466229,0.743347,0.438365,0.712061,0.335293,0.593541,0.733638,0.502964,0.755915,0,0,0,0,0.673656,0.703002,0,0,0,0,0.391453,0.3938,0.457664,0.371507,0.3706,0.429982,0.544709,0.382689
0.426322,0.404952,0.502968,0.494092,0.408896,0.52472,0,0,0,0,0.600506,0.466222,0.746815,0.438347,0.712051,0.329768,0.597005,0.767063,0.499488,0.778207,0,0,0,0,0.67367,0.73642,0,0,0,0,0.384496,0.393787,0.45418,0.368802,0.37055,0.427219,0.541351,0.379866
0.422831,0.399368,0.499473,0.488494,0.401958,0.52193,0,0,0,0,0.600478,0.463457,0.739843,0.43837,0.71195,0.332518,0.586578,0.78377,0.492514,0.783777,0,0,0,0,0.663196,0.758706,0,0,0,0,0.381025,0.391064,0.450688,0.368699,0.370559,0.427237,0.541322,0.37707
0.419365,0.399369,0.499494,0.488495,0.405402,0.521944,0,0,0,0,0.603967,0.46068,0.74338,0.443921,0.7119,0.329762,0.562179,0.755916,0.485543,0.764278,0,0,0,0,0,0,0,0,0,0,0.377602,0.391039,0.447218,0.365961,0.36707,0.427204,0.541303,0.374281
0.412378,0.402144,0.499481,0.485724,0.405394,0.513576,0,0,0,0,0.600544,0.466225,0.753741,0.443944,0.711896,0.329764,0.600514,0.80606,0.516893,0.817202,0,0,0,0,0.687601,0.794912,0,0,0,0,0.377514,0.391053,0.440271,0.365962,0.3636,0.424425,0.541295,0.37709
0.408931,0.404907,0.502974,0.488516,0.40541,0.513595,0,0,0,0,0.603998,0.471771,0.75724,0.443944,0.711902,0.338058,0.614436,0.833916,0.530822,0.842266,0,0,0,0,0.712,0.836698,0,0,0,0,0.374133,0.391068,0.440206,0.365964,0.363592,0.424446,0.541322,0.379842
0.405343,0.402142,0.499476,0.485727,0.398463,0.510807,0,0,0,0,0.607471,0.469,0.764137,0.44397,0.70849,0.340846,0,0,0,0,0,0,0,0,0,0,0,0,0,0,0.370603,0.391046,0.433271,0.365926,0.36013,0.424416,0.541276,0.379848
0.398462,0.404923,0.49603,0.485714,0.398448,0.510783,0,0,0,0,0.603994,0.463455,0.764192,0.446723,0.708537,0.340877,0,0,0,0,0,0,0,0,0,0,0,0,0,0,0.370488,0.39104,0.429834,0.365919,0,0,0.541291,0.382613
0.384511,0.407721,0.492498,0.491286,0.384521,0.513576,0,0,0,0,0.600522,0.466245,0.764207,0.441171,0.680549,0.324235,0,0,0,0,0,0,0,0,0,0,0,0,0,0,0.363596,0.393766,0.426287,0.366005,0,0,0.541223,0.382603
0.38451,0.407744,0.516881,0.507993,0.384524,0.527496,0,0,0,0,0.624881,0.47458,0.774658,0.441133,0.694546,0.326959,0,0,0,0,0,0,0,0,0,0,0,0,0,0,0.363631,0.393782,0.42626,0.368708,0,0,0.541267,0.382657
0.405471,0.41328,0.523862,0.496855,0.412397,0.510794,0,0,0,0,0.635307,0.474561,0.767711,0.452274,0.673638,0.351997,0,0,0,0,0,0,0,0,0,0,0,0,0,0,0.380993,0.399348,0.443727,0.377088,0,0,0.562185,0.385417
0.489052,0.388207,0.544791,0.485735,0.426292,0.496871,0.300907,0.48013,0.30092,0.35481,0.66321,0.480133,0.711992,0.391018,0.725901,0.251749,0,0,0,0,0,0,0,0,0,0,0,0,0,0,0.461108,0.36872,0.541285,0.363139,0.42284,0.391021,0.628436,0.385447
0.492528,0.385487,0.54131,0.48295,0.422852,0.485739,0,0,0,0,0.65973,0.474581,0.71198,0.416107,0.72595,0.25455,0,0,0,0,0,0,0,0,0,0,0,0,0,0,0.461222,0.365908,0.544758,0.360328,0.422858,0.391007,0.631836,0.382667
0.509921,0.379867,0.544764,0.477369,0.433286,0.482932,0,0,0,0,0.659727,0.466226,0.711977,0.399363,0.729419,0.257353,0,0,0,0,0,0,0,0,0,0,0,0,0,0,0.471633,0.360371,0.555204,0.352038,0.429833,0.382664,0.638846,0.377106
0.523852,0.365962,0.541247,0.463448,0.433309,0.463476,0,0,0,0,0.645787,0.460646,0.687638,0.39656,0.718997,0.279581,0,0,0,0,0,0,0,0,0,0,0,0,0,0,0.489039,0.346401,0.569217,0.349222,0.443739,0.368708,0.63189,0.382653
0.534308,0.368734,0.544714,0.463471,0.433322,0.469008,0,0,0,0,0.652748,0.460674,0.687605,0.410531,0.719014,0.282406,0,0,0,0,0,0,0,0,0,0,0,0,0,0,0.492566,0.34645,0.579567,0.352022,0.454188,0.365964,0.635384,0.388233
0.541234,0.368793,0.541277,0.480179,0.429774,0.485711,0.304368,0.441165,0,0,0.65277,0.477369,0.705004,0.402142,0.722435,0.287955,0,0,0,0,0,0,0,0,0,0,0,0,0,0,0.502959,0.346449,0.586563,0.354785,0.457662,0.368744,0.638842,0.388279
0.544691,0.37434,0.5448,0.480184,0.433276,0.485733,0.307885,0.441168,0.377574,0.388225,0.663217,0.47735,0,0,0,0,0,0,0,0,0,0,0,0,0,0,0,0,0,0,0.509954,0.349268,0.586592,0.363109,0.457689,0.368782,0.638819,0.391011
0.534329,0.38267,0.55171,0.477382,0.447226,0.485742,0.422819,0.65564,0,0,0.652739,0.463436,0.677179,0.416088,0.701562,0.310262,0.614446,0.725279,0.534305,0.747563,0,0,0,0,0.711992,0.716922,0,0,0,0,0.496007,0.363126,0.572583,0.365872,0.457641,0.382678,0.628338,0.385421
0.527341,0.38541,0.544791,0.474584,0.443736,0.488496,0.353161,0.586001,0,0,0.642313,0.455086,0.684087,0.38265,0.684159,0.279652,0.593541,0.803275,0.541283,0.8367,0,0,0,0,0.698044,0.79213,0,0,0,0,0.492509,0.365937,0.565657,0.365979,0.457646,0.38828,0.621379,0.388219
0.516867,0.385473,0.544816,0.477337,0.454182,0.494079,0.433277,0.669571,0.485545,0.764279,0.638863,0.457854,0.680562,0.39938,0.666747,0.301858,0.638818,0.728066,0.544774,0.750353,0,0,0,0,0.718959,0.708557,0,0,0,0,0.482061,0.368755,0.548261,0.363174,0.440307,0.393788,0.610921,0.38268
0.509897,0.385501,0.541331,0.477402,0.447227,0.502417,0.429811,0.686279,0,0,0.638814,0.460648,0.691101,0.42724,0.656236,0.312987,0.65277,0.750352,0.562181,0.772635,0,0,0,0,0.732891,0.714141,0,0,0,0,0.4751,0.371528,0.541294,0.363145,0.440252,0.399346,0.603953,0.385411
0.489053,0.388142,0.530882,0.482954,0.443705,0.510764,0,0,0,0,0.617924,0.460672,0.670148,0.413303,0.638767,0.318596,0,0,0,0,0,0,0,0,0,0,0,0,0,0,0.457637,0.374328,0.523875,0.360385,0.429828,0.402179,0.596941,0.382644
0.485466,0.388172,0.544736,0.519143,0.39844,0.555354,0,0,0,0,0.687605,0.482932,0,0,0,0,0,0,0,0,0,0,0,0,0,0,0,0,0,0,0.443729,0.37432,0.516939,0.360386,0.42628,0.399381,0.593489,0.377091
