0.516899,0.212738,0.485505,0.40493,0.29741,0.385454,0.0570349,0.352033,0,0,0.677167,0.424426,0.764218,0.597151,0.788651,0.761495,0.412374,0.850602,0.283479,0.81998,0.140691,0.822791,0,0,0.555192,0.878464,0.597006,0.992688,0,0,0.419367,0.201564,0.576154,0.176545,0.293948,0.274042,0.645804,0.237815
0.523881,0.215535,0.492484,0.402166,0.314819,0.385429,0.109306,0.287956,0.0257061,0.126393,0.680625,0.418878,0.764204,0.588757,0.785115,0.753115,0.426333,0.842279,0.29741,0.814409,0.151099,0.811631,0,0,0.565673,0.856216,0.597008,0.948125,0,0,0.433268,0.204361,0.590013,0.187677,0.318268,0.276841,0.652693,0.246145
0.527365,0.223893,0.495967,0.393826,0.314874,0.377098,0.144126,0.257329,0.123228,0.112462,0.680628,0.41614,0.764194,0.580453,0.778205,0.739231,0.436749,0.833905,0.300931,0.800508,0.161542,0.803263,0,0,0.569167,0.850616,0.597005,0.939766,0,0,0.436774,0.207216,0.593488,0.190516,0.318263,0.279584,0.652716,0.24614
0.54125,0.235062,0.51338,0.399386,0.332257,0.382635,0.192933,0.25173,0.137211,0.0985318,0.684107,0.421676,0.767688,0.585974,0.781627,0.744752,0.447225,0.828353,0.318332,0.806069,0.182477,0.797722,0,0,0.593504,0.842271,0.600483,0.920257,0,0,0.447252,0.226689,0.596975,0.201612,0.339247,0.285148,0.656268,0.254516
0.544774,0.243389,0.516873,0.404944,0.335769,0.385407,0.199889,0.260069,0.144179,0.1041,0.687587,0.427228,0.767704,0.583217,0.778146,0.736428,0.464627,0.825562,0.325307,0.806069,0.192891,0.80049,0,0,0.597048,0.839474,0.597027,0.923041,0,0,0.454222,0.232195,0.600442,0.207164,0.346168,0.287946,0.656263,0.254533
0.544783,0.257328,0.520419,0.416057,0.349708,0.39101,0.206827,0.268459,0.158082,0.112448,0.687626,0.435584,0.771182,0.588759,0.774716,0.730865,0.482025,0.831141,0.346184,0.817202,0.199902,0.80326,0.255619,0.992701,0.604012,0.839496,0.600473,0.911915,0,0,0.461126,0.243397,0.600464,0.221085,0.353152,0.299103,0.673627,0.279601
0.544748,0.262854,0.520374,0.418844,0.349699,0.393812,0.21036,0.271233,0.165028,0.118011,0.687569,0.438359,0.767775,0.58602,0.774653,0.728104,0.478589,0.828357,0.349677,0.817198,0.203352,0.800501,0.255607,0.998253,0.600524,0.839497,0.600463,0.909122,0,0,0.4577,0.251719,0.597041,0.23222,0.353188,0.30189,0.656202,0.276788
0.534311,0.271241,0.516905,0.4272,0.34972,0.410519,0.227716,0.287958,0.178998,0.140294,0.680606,0.441132,0.767757,0.583227,0.767741,0.725305,0.485517,0.836711,0.360114,0.819991,0.206863,0.797686,0.255601,0.995482,0.607468,0.845041,0.597,0.911898,0,0,0.450705,0.257325,0.590076,0.237827,0.35319,0.31303,0.645786,0.276827
0.527365,0.276768,0.516858,0.430033,0.353131,0.416087,0.227739,0.290742,0.178987,0.143104,0.677158,0.441159,0.767739,0.577679,0.764291,0.728082,0.485568,0.839497,0.360143,0.822779,0.210363,0.800468,0.255607,0.995473,0.614442,0.842283,0.593549,0.91192,0,0,0.443774,0.260119,0.583083,0.23785,0.349708,0.321403,0.64233,0.279599
0.516927,0.276823,0.516839,0.432784,0.349717,0.421664,0.234746,0.296331,0.175521,0.154257,0.677114,0.438374,0.767693,0.569298,0.774656,0.708579,0.485565,0.825558,0.367064,0.811642,0.220798,0.797711,0.259115,0.989907,0.607467,0.831133,0.597013,0.909127,0,0,0.436788,0.262863,0.572627,0.240621,0.346208,0.324179,0.638855,0.290711
0.513432,0.279589,0.516869,0.432796,0.353148,0.424453,0.234695,0.296301,0.178962,0.157033,0.677129,0.438343,0.767756,0.566465,0.774708,0.700218,0.489022,0.828336,0.367107,0.814418,0.227756,0.797686,0.269538,0.995469,0.610953,0.83393,0.600497,0.903559,0,0,0.433315,0.265643,0.569098,0.243366,0.346145,0.329714,0.63185,0.282392
0.496023,0.282414,0.516844,0.432798,0.353182,0.427224,0.231188,0.301902,0.175534,0.16258,0.673612,0.435576,0.774687,0.538627,0.792122,0.658436,0.485533,0.819999,0.367127,0.806054,0.234715,0.79772,0.269571,0.992682,0.600532,0.828357,0.603974,0.90912,0,0,0.422867,0.271235,0.555225,0.246165,0.346159,0.329752,0.624897,0.287958
0.489019,0.282411,0.516837,0.432789,0.353194,0.427224,0.22429,0.304668,0.171986,0.162597,0.670192,0.432816,0.788629,0.507992,0.830431,0.616651,0.488995,0.831113,0.370587,0.814423,0.238182,0.800503,0,0,0.607451,0.84225,0,0,0,0,0.412441,0.273993,0.548265,0.248955,0.342716,0.329748,0.628359,0.290711
0.478576,0.282425,0.506463,0.432778,0.349647,0.435567,0.227759,0.324153,0.168525,0.179304,0.656283,0.427203,0.92799,0.435598,0,0,0.499486,0.828327,0.377552,0.814425,0.241684,0.800504,0.628371,0.998259,0.617899,0.833914,0,0,0,0,0.405348,0.274021,0.534282,0.246151,0.328781,0.338093,0.607485,0.279613
0.468107,0.282421,0.502925,0.432749,0.346189,0.438371,0.238225,0.332519,0.165048,0.184868,0.65273,0.418921,0.840888,0.390999,0.785151,0.296344,0.492519,0.81996,0.374044,0.803274,0.23124,0.808831,0,0,0.610973,0.822761,0.610948,0.939769,0,0,0.394967,0.276816,0.523885,0.243402,0.325314,0.340885,0.607484,0.290711
0.454196,0.285173,0.489003,0.435608,0.349649,0.446687,0.234709,0.335324,0.158119,0.190452,0.631821,0.427253,0.736306,0.379877,0.698056,0.235029,0.489024,0.831119,0.370568,0.817196,0.234723,0.808857,0,0,0.603962,0.839472,0,0,0,0,0.377592,0.27683,0.516832,0.243367,0.318311,0.340879,0.617912,0.296303
0.44718,0.285169,0.489062,0.446708,0.353156,0.45232,0.231213,0.338101,0.158062,0.193223,0.63183,0.435615,0.711966,0.296319,0.670185,0.209977,0.482089,0.833911,0.363606,0.819993,0.238167,0.811619,0,0,0.600479,0.842264,0,0,0,0,0.374021,0.276834,0.513354,0.243359,0.31485,0.346432,0.624839,0.299073
0.426312,0.287975,0.482072,0.44951,0.332247,0.455078,0.210385,0.335305,0.144127,0.201613,0.6249,0.438367,0.70852,0.340863,0.687626,0.218287,0.475095,0.822762,0.360111,0.806073,0.224254,0.814431,0,0,0.59007,0.828352,0,0,0,0,0.353189,0.282381,0.485486,0.246142,0.304401,0.357572,0.603976,0.293538
0.419354,0.287965,0.478551,0.446691,0.328744,0.455111,0.20681,0.338077,0.137128,0.204406,0.62139,0.427252,0.708471,0.343642,0.712005,0.212778,0.471609,0.825565,0.349691,0.808835,0.21731,0.819971,0,0,0.590061,0.836712,0,0,0,0,0.349671,0.282399,0.478587,0.246175,0.300904,0.357571,0.597048,0.296277
0.415844,0.290729,0.478553,0.443951,0.32875,0.46066,0.199879,0.335303,0.137193,0.204367,0.617918,0.421674,0.701549,0.31858,0.691061,0.168163,0.478591,0.845042,0.360104,0.825554,0.217315,0.825572,0,0,0.597025,0.850625,0,0,0,0,0.346198,0.285151,0.478533,0.248954,0.297443,0.357562,0.597058,0.29633
0.415845,0.290731,0.475082,0.443932,0.32526,0.457875,0.19984,0.332515,0.137164,0.201621,0.610959,0.424422,0.684102,0.338073,0.684103,0.165431,0.471591,0.833925,0.346201,0.814411,0.220773,0.828341,0,0,0.593516,0.85061,0,0,0,0,0.346211,0.285161,0.478529,0.248924,0.297458,0.357575,0.596996,0.29629
0.419373,0.287927,0.468099,0.446727,0.314858,0.463451,0.192917,0.324149,0.144106,0.196013,0.61791,0.42168,0.69457,0.282388,0.687639,0.162602,0.482078,0.853403,0.36359,0.842263,0.231218,0.828346,0,0,0.600536,0.8562,0,0,0,0,0.349657,0.282366,0.482018,0.243412,0.293942,0.354777,0.597024,0.296271
0.422803,0.287922,0.471604,0.446719,0.321789,0.463449,0.196395,0.326952,0.144151,0.19882,0.617931,0.421671,0.698053,0.299084,0.708449,0.157034,0.482086,0.847828,0.363601,0.831128,0.231237,0.83393,0,0,0.603974,0.850616,0,0,0,0,0.349683,0.279637,0.482032,0.246147,0.293983,0.35203,0.597014,0.296288
0.422804,0.28796,0.475118,0.443946,0.325314,0.460672,0.192892,0.321378,0.151076,0.193276,0.621403,0.421643,0.704998,0.293528,0.708509,0.148659,0.482064,0.850621,0.363597,0.83948,0.231218,0.836699,0,0,0.60397,0.856208,0,0,0,0,0.349688,0.282383,0.482046,0.246181,0.297465,0.352027,0.59702,0.296323
0.419349,0.287982,0.478531,0.446723,0.325264,0.463448,0.19638,0.321373,0.151137,0.196056,0.6249,0.421666,0.704997,0.301877,0.708528,0.145864,0.485548,0.847826,0.36707,0.836705,0.234719,0.842251,0,0,0.607452,0.850647,0,0,0,0,0.349677,0.282381,0.482046,0.248925,0.297466,0.354786,0.59704,0.299046
0.415843,0.290716,0.478533,0.449508,0.321826,0.471779,0.196353,0.321406,0.161568,0.201557,0.631824,0.427221,0.711962,0.290745,0.711929,0.143076,0.489011,0.853419,0.367103,0.847832,0.238202,0.845045,0,0,0.614428,0.861759,0,0,0,0,0.346235,0.2824,0.482008,0.248949,0.300892,0.35203,0.59701,0.299062
0.415848,0.290708,0.475116,0.449541,0.321802,0.469026,0.196415,0.324145,0.171976,0.198841,0.631879,0.427249,0.715425,0.27961,0.711985,0.140323,0.489026,0.853428,0.36711,0.847843,0.241693,0.847836,0,0,0.614431,0.861774,0,0,0,0,0.349645,0.282355,0.482052,0.246192,0.300895,0.349231,0.600463,0.299076
0.419373,0.287944,0.485493,0.446756,0.328762,0.469022,0.203408,0.324154,0.175487,0.204376,0.638852,0.424458,0.718944,0.285167,0.715523,0.140295,0.49251,0.858977,0.370559,0.850626,0.248643,0.847823,0,0,0.621394,0.867347,0,0,0,0,0.353144,0.279638,0.485537,0.246145,0.31137,0.349242,0.600566,0.299067
0.426293,0.282422,0.48552,0.446727,0.328769,0.460647,0.210276,0.324158,0.179024,0.204377,0.645778,0.424467,0.729397,0.274035,0.718935,0.137528,0.506439,0.858979,0.37755,0.85063,0.252148,0.845034,0,0,0.631854,0.86733,0,0,0,0,0.356651,0.276804,0.488989,0.243367,0.311368,0.346424,0.60396,0.296282
0.443731,0.274031,0.492539,0.441145,0.349669,0.452287,0.213766,0.318612,0.189438,0.198807,0.652747,0.418869,0.743333,0.282394,0.743306,0.134731,0.513421,0.853401,0.38105,0.847823,0.255634,0.842246,0,0,0.638847,0.856192,0,0,0,0,0.3741,0.260118,0.516887,0.235089,0.321738,0.329742,0.624838,0.296278
0.46464,0.262881,0.502965,0.441131,0.356631,0.446746,0.227766,0.326966,0.196386,0.204383,0.656228,0.421667,0.743332,0.296307,0.75379,0.143096,0.523872,0.850643,0.401907,0.847823,0.259103,0.842245,0,0,0.645781,0.853431,0,0,0,0,0.398431,0.254532,0.541225,0.23506,0.325269,0.329736,0.631905,0.293537
0.513425,0.254506,0.523884,0.438382,0.370561,0.443917,0.241702,0.329748,0.210283,0.204363,0.670192,0.427243,0.757291,0.304655,0.781626,0.143127,0.502955,0.842273,0.374066,0.825557,0.266056,0.845046,0,0,0.635326,0.850622,0,0,0,0,0.440291,0.237818,0.583057,0.232284,0.367057,0.332515,0.670138,0.296312
0.544759,0.248974,0.537772,0.441176,0.374056,0.441173,0.245153,0.321384,0.220762,0.198798,0.677142,0.435589,0.771221,0.299094,0.7921,0.143111,0.516888,0.847846,0.381028,0.831131,0.269567,0.842285,0,0,0.645801,0.856203,0,0,0,0,0.471606,0.23224,0.607448,0.232291,0.363602,0.307439,0.680631,0.30187
0.597055,0.240609,0.548224,0.435611,0.387974,0.438399,0.266078,0.313002,0.259104,0.190477,0.687617,0.438376,0.795619,0.296326,0.82694,0.145915,0.530843,0.833905,0.408892,0.806062,0.286991,0.845058,0,0,0.656231,0.845057,0.722449,0.995474,0,0,0.523882,0.218345,0.659745,0.235008,0.398405,0.315813,0.715448,0.315806
0.624859,0.243387,0.555204,0.443914,0.401908,0.435612,0.27306,0.301888,0.287,0.184848,0.694579,0.443958,0.806055,0.318608,0.851337,0.162602,0.527355,0.83947,0.401945,0.811622,0.293926,0.845031,0,0,0.652735,0.84507,0,0,0,0,0.544821,0.215522,0.680693,0.232281,0.405462,0.301924,0.732882,0.321368
0.677114,0.243374,0.576126,0.443953,0.429804,0.432784,0.297459,0.296287,0.335738,0.18488,0.715444,0.441149,0.830425,0.315793,0.886149,0.173757,0.537769,0.850617,0.412393,0.833909,0.304372,0.845045,0,0,0.656248,0.858981,0,0,0,0,0.600464,0.209993,0.722429,0.232251,0.436804,0.296331,0.799074,0.343667
0.712029,0.248929,0.586569,0.438358,0.436759,0.418879,0.321825,0.293521,0.426333,0.179325,0.72243,0.443928,0.837396,0.343642,0.900106,0.176521,0.534294,0.847838,0.408888,0.822777,0.311368,0.839483,0,0,0.656231,0.8562,0.71545,0.998257,0,0,0.642308,0.209982,0.757235,0.232258,0.464614,0.299039,0.837403,0.349239
0.729393,0.248969,0.593541,0.438377,0.440254,0.413307,0.325288,0.290719,0.464638,0.184881,0.72592,0.441149,0.861799,0.326954,0.903543,0.184877,0.534308,0.845064,0.415867,0.817203,0.311369,0.836696,0,0,0.652753,0.856207,0.736374,0.995478,0,0,0.656201,0.21272,0.764215,0.232227,0.475115,0.299041,0,0
0.739897,0.251704,0.600495,0.441151,0.450697,0.410523,0.32182,0.29073,0.495985,0.198813,0.746822,0.441159,0.882663,0.318601,0.907039,0.187678,0.537771,0.850625,0.415881,0.825557,0.311325,0.836705,0,0,0.656245,0.867339,0.72591,0.998256,0,0,0.666703,0.212748,0.767703,0.232201,0.48208,0.29631,0,0
0.764214,0.254537,0.603995,0.43557,0.447217,0.410523,0.314841,0.29906,0.485553,0.20438,0.753792,0.44395,0.896618,0.299097,0.924489,0.168191,0.530818,0.845053,0.412388,0.814414,0.314813,0.828331,0,0,0.652749,0.858977,0,0,0,0,0.684073,0.215541,0.774684,0.226661,0.48908,0.293532,0,0
0.760781,0.254541,0.600519,0.435598,0.443725,0.410519,0.297459,0.310221,0.461165,0.218314,0.736362,0.446738,0.889664,0.307458,0.910557,0.193244,0.523876,0.845048,0.408891,0.808855,0.311357,0.822779,0,0,0.64927,0.856205,0,0,0,0,0.680653,0.218336,0.767757,0.229458,0.489031,0.296271,0,0
0.750327,0.257261,0.590036,0.435586,0.436789,0.413299,0.286998,0.321356,0.436787,0.235021,0.715499,0.452307,0.861801,0.332526,0.907039,0.201595,0.523855,0.836693,0.40192,0.806062,0.304392,0.822779,0,0,0.6458,0.847852,0.715475,0.942542,0,0,0.677172,0.221108,0.764226,0.229463,0.485493,0.296305,0,0
0.736339,0.260133,0.569135,0.43282,0.422842,0.413317,0.259113,0.326986,0.408898,0.260083,0.705021,0.446756,0.833923,0.343654,0.900066,0.215522,0.489037,0.847838,0.370611,0.817205,0.283486,0.814423,0,0,0.614439,0.861772,0.715464,0.936957,0,0,0.663187,0.229426,0.743379,0.235024,0.4716,0.299055,0,0
0.715523,0.262858,0.548271,0.432808,0.405448,0.41332,0.238227,0.340878,0.398466,0.271236,0.680625,0.446747,0.819991,0.346475,0.882724,0.223889,0.48552,0.842267,0.36712,0.814412,0.26608,0.817213,0,0,0.603977,0.85342,0.705011,0.939745,0,0,0.652721,0.229478,0.729402,0.240586,0.461134,0.299061,0,0
0.715468,0.260132,0.544791,0.430037,0.405389,0.413299,0.234735,0.340882,0.384531,0.279552,0.677116,0.44673,0.809539,0.352025,0.879189,0.22945,0.482086,0.839492,0.367122,0.817189,0.262615,0.814426,0,0,0.600523,0.8534,0.708509,0.936991,0,0,0.649288,0.229487,0.722456,0.237804,0.457646,0.299047,0,0
0.712045,0.26006,0.544766,0.429991,0.405384,0.410498,0.224257,0.343629,0.377549,0.282382,0.670195,0.446708,0.795578,0.36036,0.879223,0.226684,0.482044,0.831123,0.367104,0.803265,0.262582,0.80884,0,0,0.597022,0.847832,0.708481,0.931402,0,0,0.642332,0.229424,0.718938,0.234997,0.457628,0.296282,0,0
0.715454,0.257305,0.54475,0.427237,0.405382,0.407725,0.224267,0.343656,0.377584,0.282366,0.673639,0.443951,0.795599,0.352037,0.87917,0.226645,0.485511,0.825549,0.37056,0.797716,0.262577,0.806051,0,0,0.600488,0.842269,0.71198,0.931403,0,0,0.645755,0.22667,0.715522,0.232218,0.457668,0.293552,0,0
0.715501,0.25455,0.544806,0.424445,0.405425,0.399384,0.217324,0.346405,0.384519,0.279634,0.673686,0.441177,0.806072,0.343687,0.87919,0.218314,0,0,0,0,0,0,0,0,0,0,0,0,0,0,0.649231,0.221081,0.71549,0.226653,0.457681,0.290754,0,0
0.715429,0.254495,0.548256,0.424424,0.408874,0.399383,0.217324,0.346431,0.377588,0.282384,0.677166,0.438375,0.806049,0.338094,0.879194,0.209978,0,0,0,0,0,0,0,0,0,0,0,0,0,0,0.645764,0.215544,0.712035,0.218329,0.457658,0.290753,0,0
0.712003,0.251762,0.544746,0.421656,0.405426,0.396573,0.213831,0.346488,0.377544,0.279605,0.673651,0.441137,0.792079,0.340889,0.875749,0.215537,0.482041,0.825565,0.367111,0.794924,0.262571,0.792139,0,0,0.597032,0.845052,0.652754,0.939771,0,0,0.638834,0.212786,0.708491,0.21555,0.454186,0.29076,0,0
0.708524,0.251697,0.541263,0.416106,0.401926,0.393823,0.213792,0.349226,0.3741,0.282388,0.670165,0.435572,0.788612,0.34087,0.868777,0.215523,0.482042,0.819992,0.367107,0.792145,0.259105,0.792108,0,0,0.597037,0.83114,0.652771,0.928612,0,0,0.635334,0.215502,0.701524,0.215512,0.450739,0.290732,0,0
0.701536,0.254474,0.541252,0.418848,0.401926,0.396609,0.213798,0.349268,0.37409,0.282392,0.666705,0.438348,0.781664,0.3353,0.851349,0.209941,0.478558,0.806057,0.367077,0.789332,0.255617,0.789359,0,0,0.593513,0.822784,0.67017,0.939767,0,0,0.628397,0.215526,0.687602,0.215531,0.443731,0.293489,0,0
0.694539,0.254518,0.541287,0.418878,0.405383,0.399376,0.210375,0.352008,0.370561,0.285163,0.67017,0.435583,0.77471,0.3381,0.840865,0.207196,0.478565,0.825564,0.367084,0.797707,0.255603,0.789334,0.544762,0.995473,0.593536,0.836704,0.673664,0.934191,0.597018,0.995477,0.621394,0.221084,0.684117,0.218322,0.440222,0.296259,0,0
0.680583,0.251758,0.530813,0.416087,0.391492,0.402174,0.210366,0.357565,0.363623,0.293511,0.656238,0.432795,0.767701,0.34363,0.823466,0.198805,0.475111,0.814412,0.367091,0.792132,0.255585,0.786568,0.565672,0.992687,0.590043,0.825556,0.694566,0.93418,0,0,0.600544,0.229414,0.673654,0.221078,0.429786,0.304656,0,0
0.670142,0.25452,0.527325,0.416109,0.38801,0.407725,0.210347,0.357611,0.363618,0.296269,0.652777,0.432776,0.76076,0.343663,0.813034,0.198814,0.478549,0.814417,0.367097,0.792142,0.255593,0.786568,0.565669,0.992687,0.590034,0.82557,0.666697,0.920268,0,0,0.590028,0.232199,0.659735,0.221088,0.419348,0.313012,0,0
0.649235,0.257324,0.520406,0.41887,0.377585,0.410529,0.210306,0.360408,0.363632,0.296283,0.649275,0.432809,0.746801,0.349239,0.799069,0.196057,0.478578,0.814419,0.370555,0.794909,0.252151,0.78657,0,0,0.590067,0.822779,0.677154,0.917471,0,0,0.569102,0.235089,0.649302,0.23219,0.405491,0.321379,0,0
0.63879,0.260116,0.520395,0.424429,0.377519,0.413311,0.206845,0.363175,0.35663,0.296318,0.649302,0.435593,0.7468,0.343659,0.79206,0.204367,0.461168,0.814413,0.360144,0.792125,0.248651,0.789335,0,0,0.572632,0.828332,0.652768,0.906337,0,0,0.555197,0.240613,0.642336,0.232249,0.401907,0.324157,0,0
0.614458,0.262899,0.516865,0.424446,0.370591,0.413334,0.196401,0.368757,0.339234,0.30746,0.64233,0.435608,0.736385,0.349223,0.77126,0.209999,0.461166,0.819975,0.360103,0.797701,0.24518,0.792115,0,0,0.576112,0.831118,0.652756,0.906336,0,0,0.53432,0.248976,0.631854,0.237795,0.3845,0.329722,0,0
0.607485,0.265652,0.513382,0.421684,0.367127,0.413334,0.196384,0.368757,0.332295,0.310251,0.642303,0.432821,0.736369,0.349237,0.76779,0.212717,0.464621,0.814407,0.356653,0.79491,0.245171,0.792129,0,0,0.579588,0.822785,0.65973,0.90078,0,0,0.527328,0.251713,0.628353,0.237827,0.381001,0.332519,0,0
0.600509,0.262872,0.513419,0.418904,0.367128,0.413312,0.19643,0.368719,0.332289,0.313023,0.645798,0.429997,0.7468,0.326935,0.760724,0.207185,0.471593,0.808838,0.363605,0.789346,0.241716,0.789339,0,0,0.579604,0.819995,0.66322,0.900766,0,0,0.520345,0.251696,0.617945,0.235051,0.377521,0.335286,0,0
0.600525,0.260102,0.516891,0.41612,0.370605,0.410496,0.196434,0.368736,0.335749,0.312993,0.649303,0.427207,0.750284,0.310225,0.757256,0.196032,0.471608,0.814416,0.363617,0.794912,0.245177,0.789307,0,0,0.583069,0.825547,0.656263,0.906331,0,0,0.520347,0.248943,0.621349,0.234977,0.377487,0.329776,0,0
0.600489,0.257299,0.516923,0.413295,0.374016,0.404956,0.203341,0.365958,0.339199,0.310238,0.652719,0.418919,0.743358,0.324193,0.743406,0.201571,0.475074,0.800492,0.363637,0.783784,0.252099,0.783755,0,0,0.583091,0.814406,0.670169,0.903548,0,0,0.516935,0.246142,0.617914,0.232234,0.377545,0.327009,0,0
0.600523,0.257291,0.516907,0.413266,0.374029,0.404959,0.206763,0.365956,0.339241,0.310242,0.652703,0.418871,0.743324,0.326933,0.739885,0.204375,0.475087,0.797707,0.367063,0.780979,0.252122,0.780991,0,0,0.583097,0.811615,0.687603,0.897982,0,0,0.516959,0.246132,0.614471,0.232214,0.377541,0.326973,0,0
0.59707,0.254516,0.520352,0.407735,0.377501,0.399387,0.206878,0.365906,0.346143,0.307427,0.652767,0.416062,0.746809,0.324149,0.729411,0.201582,0.482059,0.789352,0.370595,0.76984,0.255604,0.772633,0,0,0.590064,0.797697,0.684124,0.889641,0,0,0.516924,0.237864,0.617882,0.229499,0.377582,0.324252,0,0
0.596979,0.25446,0.520342,0.407752,0.374126,0.396594,0.206889,0.363164,0.346206,0.304648,0.649291,0.416087,0.746791,0.318575,0.722475,0.19886,0.475097,0.792138,0.367102,0.76984,0.255566,0.769824,0,0,0.579609,0.803285,0.691082,0.886838,0,0,0.516865,0.237822,0.610956,0.229393,0.377612,0.324193,0,0
0.596998,0.246185,0.520389,0.402146,0.377559,0.393781,0.206894,0.360405,0.346202,0.301881,0.652744,0.410536,0.746814,0.313013,0.712051,0.196001,0.468107,0.789342,0.363602,0.764266,0.255598,0.758726,0.307882,0.984343,0.576128,0.79769,0.684114,0.878487,0,0,0.516863,0.23501,0.614426,0.223901,0.381036,0.324122,0,0
0.596992,0.24339,0.520384,0.399369,0.377548,0.391047,0.210282,0.360398,0.346206,0.301878,0.65275,0.410504,0.746818,0.307445,0.711968,0.196011,0.471618,0.778202,0.367068,0.758688,0.255597,0.758707,0,0,0.583066,0.792124,0.687598,0.875695,0,0,0.516856,0.232295,0.617895,0.223867,0.381069,0.324114,0,0
0.600488,0.240587,0.520373,0.402148,0.381015,0.393816,0.210324,0.363166,0.349657,0.304659,0.652772,0.410539,0.750264,0.318567,0.708562,0.195994,0.468116,0.775423,0.363616,0.755909,0.252139,0.758718,0,0,0.576131,0.79215,0.67715,0.875698,0,0,0.516941,0.23223,0.624833,0.212784,0.387985,0.32143,0,0
0.600512,0.237857,0.520422,0.399375,0.381072,0.393789,0.210404,0.363166,0.353168,0.304646,0.656213,0.410495,0.750321,0.318561,0.708508,0.20158,0.471601,0.7782,0.367094,0.75593,0.259081,0.758702,0,0,0.579612,0.79212,0.698052,0.87848,0,0,0.516955,0.232235,0.624875,0.212742,0.394937,0.324113,0,0
0.60396,0.235093,0.537787,0.393845,0.401868,0.390997,0.227725,0.363164,0.360176,0.301871,0.666714,0.404957,0.757318,0.313016,0.711902,0.204409,0.478603,0.775424,0.370572,0.747572,0.266074,0.755941,0,0,0.593532,0.789355,0,0,0,0,0.523889,0.229485,0.628421,0.209952,0.402,0.321373,0,0
0.60744,0.235061,0.54123,0.391025,0.40537,0.38822,0.234732,0.363181,0.370542,0.301859,0.670152,0.402142,0.760765,0.310229,0.708555,0.201611,0.48206,0.767066,0.374053,0.741983,0.273025,0.753115,0,0,0.590064,0.789334,0,0,0,0,0.530806,0.229442,0.628432,0.209913,0.405438,0.321333,0,0
0.614423,0.232226,0.548232,0.38829,0.415872,0.388167,0.248593,0.360407,0.374092,0.29913,0.673635,0.396607,0.767707,0.313001,0.705028,0.204379,0.482095,0.758683,0.377576,0.728072,0.276537,0.744788,0,0,0.593517,0.775421,0,0,0,0,0.54121,0.229398,0.635349,0.20436,0.415887,0.321318,0,0
0.62139,0.22947,0.551772,0.388246,0.422832,0.385464,0.25217,0.357616,0.374101,0.301857,0.68061,0.396576,0.771213,0.30467,0.70844,0.207162,0.489027,0.750355,0.391472,0.722486,0.286956,0.744752,0,0,0.600488,0.764263,0,0,0,0,0.544746,0.223897,0.642311,0.198854,0.422851,0.321317,0,0
0.624905,0.223891,0.558727,0.388234,0.426316,0.3854,0.255607,0.360348,0.384494,0.299064,0.684129,0.396578,0.781669,0.304704,0.694563,0.201589,0.48903,0.753127,0.391476,0.722505,0.286974,0.736408,0,0,0.597024,0.769839,0,0,0,0,0.548254,0.218351,0.649298,0.19883,0.429804,0.318576,0,0
0.624859,0.223888,0.558744,0.388246,0.422875,0.385406,0.252175,0.36311,0.38104,0.299087,0.68417,0.396605,0.781674,0.304699,0.687584,0.201577,0.489024,0.753118,0.391474,0.725272,0.28698,0.736417,0,0,0.597044,0.76706,0,0,0,0,0.54824,0.218338,0.652701,0.201623,0.429818,0.318569,0,0
0.621436,0.226634,0.55523,0.388253,0.4228,0.385435,0.248705,0.368732,0.374113,0.299096,0.684098,0.39935,0.781637,0.31578,0.673642,0.207212,0.489021,0.744782,0.38106,0.719695,0.286966,0.733631,0,0,0.597013,0.758684,0,0,0,0,0.544784,0.218341,0.645779,0.201581,0.426302,0.318619,0,0
0.61795,0.223889,0.551694,0.388272,0.412414,0.385457,0.245186,0.374336,0.374096,0.296328,0.68059,0.399363,0.778148,0.315811,0.67706,0.218298,0.485503,0.736432,0.377566,0.714141,0.269584,0.733645,0,0,0.583102,0.753112,0,0,0,0,0.544723,0.218347,0.642341,0.201587,0.422827,0.321324,0,0
0.610979,0.226648,0.544772,0.388281,0.408964,0.388181,0.245117,0.385478,0.374084,0.29628,0.673621,0.396583,0.778139,0.321384,0.649275,0.235054,0.496001,0.733627,0.388016,0.708574,0.283482,0.733663,0,0,0.603996,0.747549,0,0,0,0,0.541255,0.221106,0.63189,0.204349,0.419344,0.321346,0,0
0.614415,0.223892,0.544818,0.390985,0.412363,0.388192,0.245135,0.388182,0.374104,0.296304,0.673688,0.399348,0.778163,0.321401,0.642336,0.237802,0.502961,0.730838,0.398458,0.711352,0.269595,0.72533,0,0,0.607478,0.74756,0,0,0,0,0.541285,0.221102,0.631822,0.201643,0.419363,0.321352,0,0
0.610955,0.223892,0.551719,0.391054,0.415884,0.388289,0.248672,0.391021,0.374121,0.296342,0.677131,0.402159,0.78168,0.324196,0.656263,0.248961,0.509915,0.767056,0.405414,0.753137,0,0,0,0,0.607492,0.778203,0,0,0,0,0.541305,0.221094,0.631902,0.204368,0.42281,0.321399,0,0
0.614447,0.226635,0.551747,0.393794,0.419382,0.391023,0.248685,0.393791,0.377504,0.296317,0.677118,0.404941,0.785144,0.326956,0.652763,0.246193,0.516895,0.761499,0.415861,0.753136,0,0,0,0,0.610971,0.772631,0,0,0,0,0.541328,0.221122,0.635295,0.204351,0.422824,0.32413,0,0
0.614434,0.229419,0.548268,0.396593,0.415888,0.393806,0.24175,0.407675,0.374125,0.299059,0.677098,0.407722,0.785168,0.335296,0.65622,0.254511,0.516892,0.764281,0.412376,0.758695,0,0,0,0,0.628372,0.77541,0,0,0,0,0.541255,0.22666,0.631821,0.204393,0.419366,0.326947,0,0
0.607497,0.22946,0.544809,0.402159,0.408941,0.399373,0.241634,0.410533,0.373999,0.299053,0.673645,0.410538,0.785179,0.340882,0.652753,0.257304,0.506435,0.775424,0.398444,0.764268,0,0,0,0,0.617923,0.78377,0,0,0,0,0.534327,0.229423,0.628395,0.209914,0.419316,0.329773,0,0
0.600564,0.234996,0.541233,0.407714,0.405433,0.407724,0.234693,0.424476,0.367114,0.299071,0.663198,0.413275,0.788581,0.346495,0.677148,0.282387,0.516894,0.800477,0.405423,0.800482,0,0,0,0,0.628383,0.797688,0.604009,0.856207,0,0,0.527331,0.232246,0.621371,0.212705,0.408982,0.338081,0,0
0.600477,0.235024,0.537822,0.41048,0.405426,0.410473,0.231202,0.435546,0.363636,0.301884,0.659737,0.413317,0.788661,0.349241,0.680595,0.290709,0.51687,0.794923,0.405422,0.794925,0,0,0,0,0.624894,0.794913,0,0,0,0,0.523848,0.232291,0.614424,0.210006,0.408888,0.340875,0,0
0.597008,0.235035,0.537826,0.413287,0.405389,0.416083,0.23126,0.449469,0.360157,0.313009,0.659743,0.413333,0.795558,0.352015,0.680669,0.299098,0.513412,0.80048,0.408908,0.803271,0,0,0,0,0.624903,0.797703,0,0,0,0,0.520368,0.235061,0.603952,0.209912,0.405494,0.343653,0,0
0.593566,0.23506,0.537814,0.413344,0.401965,0.418878,0.234759,0.452288,0.356697,0.315811,0.65975,0.416051,0.795589,0.352054,0.68064,0.299046,0.520395,0.797712,0.412393,0.800475,0,0,0,0,0.63186,0.797695,0,0,0,0,0.516915,0.237812,0.600544,0.209954,0.405442,0.343697,0,0
0.583092,0.237865,0.534297,0.418888,0.394988,0.430015,0.234675,0.47729,0.342743,0.321414,0.659768,0.416101,0.795627,0.357583,0.680587,0.301875,0.5343,0.80051,0.426332,0.806047,0,0,0,0,0.631868,0.797703,0,0,0,0,0.509956,0.243385,0.596979,0.212795,0.401941,0.349265,0,0
0.576156,0.243371,0.530815,0.424426,0.388003,0.435543,0.231189,0.477421,0.339257,0.32693,0.659756,0.418862,0.795578,0.35759,0.673636,0.301883,0.52384,0.808831,0.419356,0.814401,0,0,0,0,0.624887,0.80327,0,0,0,0,0.506413,0.246149,0.596979,0.218314,0.401871,0.35481,0,0
