0.562203,0.368736,0.48205,0.672343,0.165048,0.624998,0.0361525,0.769844,0,0,0.809517,0.700201,0.969778,0.772632,0.990682,0.488508,0,0,0,0,0,0,0,0,0,0,0,0,0,0,0.433248,0.349253,0.666716,0.363144,0.26604,0.471773,0.806036,0.474581
0.548279,0.368777,0.48903,0.683495,0.19986,0.675149,0.0431176,0.6055,0.151107,0.691856,0.795574,0.694629,0.994193,0.811634,0.969792,0.599937,0,0,0,0,0,0,0,0,0,0,0,0,0,0,0.412395,0.352003,0.652771,0.360406,0.255587,0.474591,0.788621,0.474577
0.45071,0.346431,0.374062,0.65842,0.0152514,0.627786,0.0256952,0.998258,0.203374,0.630567,0.746825,0.658433,0,0,0,0,0,0,0,0,0,0,0,0,0,0,0,0,0,0,0.321783,0.340845,0.558699,0.329729,0.175485,0.438366,0.722425,0.446729
0.485492,0.346467,0.398454,0.644505,0.0152444,0.625011,0.0500789,0.8952,0.245162,0.569282,0.750312,0.655633,0,0,0,0,0,0,0,0,0,0,0,0,0,0,0,0,0,0,0.356649,0.329762,0.586546,0.329723,0.18243,0.42723,0.753787,0.438357
0.569189,0.349242,0.45766,0.636127,0.0187277,0.608292,0.064007,0.858979,0.26259,0.519164,0.764251,0.647296,0,0,0,0,0,0,0,0,0,0,0,0,0,0,0,0,0,0,0.478582,0.321367,0.659716,0.343608,0.259105,0.399373,0.774698,0.463441
0.60049,0.349272,0.482068,0.616653,0.0605191,0.599934,0.0988508,0.811625,0.269548,0.474589,0.767726,0.641727,0,0,0,0,0,0,0,0,0,0,0,0,0,0,0,0,0,0,0.513413,0.321365,0.684092,0.343647,0.307855,0.385435,0.788623,0.460647
0.600556,0.349219,0.489044,0.605493,0.206831,0.577658,0.0361363,0.811631,0.269535,0.455063,0.760775,0.633348,0,0,0,0,0,0,0,0,0,0,0,0,0,0,0,0,0,0,0.475073,0.301851,0.687649,0.340855,0.318309,0.360376,0.795635,0.435576
0.596998,0.349269,0.478583,0.597154,0.206832,0.566496,0.0431074,0.806056,0.245151,0.44393,0.750285,0.633358,0,0,0,0,0,0,0,0,0,0,0,0,0,0,0,0,0,0,0.485581,0.299079,0.68064,0.338108,0.318321,0.349227,0.788568,0.435603
0.555216,0.340883,0.461163,0.594358,0.20337,0.552585,0.0291758,0.800489,0.196384,0.421682,0.718932,0.625012,0,0,0,0,0,0,0,0,0,0,0,0,0,0,0,0,0,0,0.440267,0.304691,0.652751,0.332508,0.286952,0.374302,0.750292,0.432776
0.548274,0.343693,0.436743,0.599934,0.161544,0.566496,0.0222218,0.797699,0.17895,0.418889,0.711978,0.630566,0,0,0,0,0,0,0,0,0,0,0,0,0,0,0,0,0,0,0.433265,0.307432,0.642342,0.329762,0.266082,0.368741,0.757227,0.427241
0.541255,0.352043,0.429801,0.602722,0.140658,0.572088,0.057057,0.664001,0.158049,0.416123,0.701528,0.625013,0,0,0,0,0,0,0,0,0,0,0,0,0,0,0,0,0,0,0.419359,0.313035,0.631907,0.343636,0.255612,0.374308,0.732865,0.427228
0.537808,0.352035,0.436753,0.602698,0.158062,0.572074,0.0674986,0.641713,0.151155,0.416069,0.704987,0.622211,0,0,0,0,0,0,0,0,0,0,0,0,0,0,0,0,0,0,0.41935,0.3158,0.631917,0.34364,0.255615,0.374319,0.736412,0.424434
0.537826,0.354819,0.436755,0.602698,0.165044,0.574862,0.0640068,0.666782,0.144141,0.416068,0.708469,0.619434,0,0,0,0,0,0,0,0,0,0,0,0,0,0,0,0,0,0,0.419335,0.315817,0.635343,0.34366,0.252168,0.371532,0.732917,0.421679
0.541264,0.354786,0.450693,0.591593,0.189424,0.563713,0.0883845,0.630565,0.147589,0.402159,0.715443,0.616662,0,0,0,0,0,0,0,0,0,0,0,0,0,0,0,0,0,0,0.426306,0.315785,0.63883,0.343665,0.262569,0.371497,0.736365,0.421682
0.548243,0.354779,0.475098,0.580447,0.22775,0.552584,0.0744858,0.57207,0.151098,0.382682,0.715492,0.611083,0,0,0,0,0,0,0,0,0,0,0,0,0,0,0,0,0,0,0.433264,0.310219,0.649286,0.343699,0.279973,0.365942,0.750304,0.424463
0.551719,0.354805,0.468101,0.577654,0.213804,0.558146,0.0535302,0.530307,0.147637,0.371523,0.715456,0.60827,0,0,0,0,0,0,0,0,0,0,0,0,0,0,0,0,0,0,0.436748,0.30747,0.652781,0.346406,0.273054,0.35203,0.743343,0.427222
0.558741,0.357619,0.461124,0.580438,0.20335,0.552582,0.0152463,0.538651,0.147605,0.382683,0.715482,0.611081,0,0,0,0,0,0,0,0,0,0,0,0,0,0,0,0,0,0,0.443744,0.310257,0.65972,0.351991,0.262577,0.340856,0.74332,0.418886
0.565697,0.357593,0.4577,0.577641,0.196376,0.55537,0.0187169,0.5303,0.147622,0.388202,0.712007,0.605503,0,0,0,0,0,0,0,0,0,0,0,0,0,0,0,0,0,0,0.45765,0.301928,0.663244,0.351983,0.262597,0.335319,0.743342,0.413345
0.62837,0.349259,0.457673,0.574846,0.196406,0.546986,0.0152439,0.502451,0.140688,0.396566,0.718938,0.608309,0,0,0,0,0,0,0,0,0,0,0,0,0,0,0,0,0,0,0.516862,0.2991,0.708484,0.346424,0.286951,0.326963,0,0
0.677108,0.34645,0.447212,0.572073,0.18941,0.53865,0.011843,0.474583,0.140669,0.393801,0.708501,0.605499,0.994182,0.577661,0.767705,0.385464,0,0,0,0,0,0,0,0,0,0,0,0,0,0,0.558703,0.296339,0.736374,0.340845,0.304381,0.315805,0,0
0.680619,0.304655,0.443743,0.569274,0.168532,0.538635,0.0153057,0.438383,0.130227,0.388187,0.715466,0.594354,0,0,0,0,0,0,0,0,0,0,0,0,0,0,0,0,0,0,0.548284,0.265639,0.73981,0.301903,0.255634,0.354779,0,0
0.673667,0.301875,0.443706,0.566498,0.168516,0.530309,0.0187671,0.446723,0.126742,0.388195,0.711994,0.594365,0,0,0,0,0,0,0,0,0,0,0,0,0,0,0,0,0,0,0.530844,0.262852,0.722433,0.299073,0.248685,0.354785,0,0
0.628409,0.296348,0.443723,0.558158,0.168513,0.524741,0.0256896,0.449511,0.14412,0.38547,0.718948,0.591556,0,0,0,0,0.387998,0.998258,0,0,0,0,0,0,0,0,0,0,0,0,0.485576,0.260072,0.698046,0.285182,0.255604,0.326964,0,0
0.596978,0.287955,0.447224,0.560934,0.168509,0.530287,0.025691,0.449518,0.144152,0.38543,0.729406,0.586014,0,0,0,0,0,0,0,0,0,0,0,0,0,0,0,0,0,0,0.464679,0.260058,0.677124,0.279593,0.252137,0.340876,0.736375,0.349227
0.572651,0.293489,0.44026,0.560936,0.165038,0.530298,0.0222356,0.446733,0.144166,0.385448,0.72243,0.586014,0,0,0,0,0,0,0,0,0,0,0,0,0,0,0,0,0,0,0.443721,0.260134,0.652785,0.276806,0.227749,0.379865,0.736343,0.349256
0.541272,0.293487,0.42283,0.569304,0.147614,0.544212,0.0256938,0.460647,0.137138,0.388248,0.715469,0.591572,0,0,0,0,0,0,0,0,0,0,0,0,0,0,0,0,0,0,0.408897,0.265689,0.621409,0.268469,0.220791,0.34922,0.722396,0.365935
0.537817,0.285182,0.433304,0.566511,0.154605,0.538661,0.0222255,0.460652,0.133652,0.388251,0.718952,0.588776,0,0,0,0,0,0,0,0,0,0,0,0,0,0,0,0,0,0,0.405454,0.265687,0.617927,0.265681,0.217289,0.360381,0.725905,0.374315
0.537805,0.282386,0.436774,0.569297,0.165048,0.53866,0.0222268,0.457866,0.13368,0.388202,0.718965,0.591575,0,0,0,0,0,0,0,0,0,0,0,0,0,0,0,0,0,0,0.405453,0.268434,0.617915,0.26564,0.227734,0.349255,0.722438,0.368741
0.541302,0.279639,0.440243,0.569307,0.168525,0.53866,0.0222197,0.460656,0.133688,0.388206,0.722414,0.59159,0,0,0,0,0,0,0,0,0,0,0,0,0,0,0,0,0,0,0.408896,0.265694,0.621376,0.262914,0.224245,0.36872,0.722418,0.374287
0.548226,0.276849,0.436756,0.572078,0.165049,0.538651,0.0256749,0.46344,0.133671,0.385428,0.725905,0.59436,0,0,0,0,0,0,0,0,0,0,0,0,0,0,0,0,0,0,0.408916,0.268443,0.624879,0.262922,0.231252,0.357601,0.711965,0.354798
0.56918,0.2768,0.426307,0.572063,0.165043,0.541447,0.0222059,0.455087,0.137181,0.360394,0.729384,0.591587,0,0,0,0,0,0,0,0,0,0,0,0,0,0,0,0,0,0,0.429801,0.265666,0.638858,0.265688,0.245162,0.354816,0.71544,0.352018
0.593566,0.274018,0.440246,0.572096,0.172013,0.544212,0.0187569,0.443935,0.144129,0.349236,0.739835,0.599927,0,0,0,0,0,0,0,0,0,0,0,0,0,0,0,0,0,0,0.443733,0.262872,0.656299,0.268442,0.255621,0.363162,0.739859,0.379863
0.652791,0.279611,0.454187,0.57207,0.17551,0.53587,0.0152692,0.427223,0.147625,0.318606,0.736373,0.602733,0,0,0,0,0,0,0,0,0,0,0,0,0,0,0,0,0,0,0.516855,0.254547,0.70855,0.279578,0.259119,0.382676,0,0
0.67368,0.28517,0.461128,0.569323,0.192896,0.533088,0.0153046,0.432786,0.154602,0.318603,0.739854,0.6055,0,0,0,0,0,0,0,0,0,0,0,0,0,0,0,0,0,0,0.54472,0.254549,0.715462,0.279604,0.276502,0.38264,0,0
0.722423,0.301904,0.461177,0.577656,0.19641,0.541438,0.0152933,0.427242,0.171966,0.31581,0.739856,0.616641,0,0,0,0,0,0,0,0,0,0,0,0,0,0,0,0,0,0,0.583113,0.257275,0.725911,0.268466,0.293899,0.379863,0,0
0.718949,0.296313,0.461174,0.574864,0.199874,0.54145,0.0152891,0.430019,0.175474,0.313034,0.739864,0.613845,0,0,0,0,0,0,0,0,0,0,0,0,0,0,0,0,0,0,0.590042,0.254487,0.72242,0.265673,0.297407,0.374288,0,0
0.739855,0.293522,0.464635,0.583199,0.19989,0.5498,0.0152739,0.427233,0.178957,0.304671,0.739859,0.616635,0,0,0,0,0,0,0,0,0,0,0,0,0,0,0,0,0,0,0.600494,0.248946,0.71896,0.243405,0.304386,0.365946,0,0
0.739853,0.29628,0.45768,0.580442,0.196396,0.549781,0.0152715,0.424443,0.17902,0.304658,0.746804,0.619442,0,0,0,0,0,0,0,0,0,0,0,0,0,0,0,0,0,0,0.604034,0.243422,0.718977,0.251735,0.307857,0.360363,0,0
0.753752,0.290748,0.454209,0.583223,0.199859,0.555353,0.0187107,0.424444,0.179012,0.310224,0.732892,0.619436,0,0,0,0,0,0,0,0,0,0,0,0,0,0,0,0,0,0,0.61791,0.243399,0.722439,0.246175,0.311392,0.354771,0,0
0.750276,0.287944,0.461164,0.580432,0.199878,0.549796,0.0187307,0.427227,0.179004,0.315777,0.729415,0.619443,0,0,0,0,0,0,0,0,0,0,0,0,0,0,0,0,0,0,0.617911,0.240626,0.718945,0.240588,0.314809,0.352006,0,0
0.750307,0.293486,0.461138,0.577639,0.196405,0.549774,0.0187058,0.427221,0.178979,0.315792,0.722429,0.616628,0,0,0,0,0,0,0,0,0,0,0,0,0,0,0,0,0,0,0.617934,0.243381,0,0,0.311375,0.349229,0,0
0.746827,0.287942,0.461143,0.577641,0.199864,0.549797,0.0186977,0.427231,0.178973,0.315787,0.718982,0.613863,0,0,0,0,0,0,0,0,0,0,0,0,0,0,0,0,0,0,0.621392,0.237852,0,0,0.311333,0.349272,0,0
0.715497,0.287963,0.454172,0.580441,0.185965,0.55259,0.0152671,0.424455,0.165036,0.318593,0.715466,0.61386,0,0,0,0,0,0,0,0,0,0,0,0,0,0,0,0,0,0,0.579608,0.240625,0.701528,0.24059,0.290393,0.365983,0,0
0.687608,0.290715,0.440223,0.577654,0.175481,0.552572,0.0153031,0.427232,0.154607,0.318564,0.705004,0.61107,0.994183,0.697427,0.767717,0.477319,0,0,0,0,0,0,0,0,0,0,0,0,0,0,0.534308,0.248961,0.694562,0.251749,0.262574,0.379889,0,0
0.569137,0.279587,0.4124,0.574875,0.151091,0.552582,0.0152784,0.421667,0.137176,0.30468,0.680646,0.602715,0.980235,0.697403,0.774664,0.477344,0,0,0,0,0,0,0,0,0,0,0,0,0,0,0.457679,0.254508,0.649276,0.282371,0.234722,0.385424,0.736318,0.421653
0.590017,0.26566,0.39495,0.572096,0.133664,0.544202,0.0153247,0.424444,0.133674,0.293542,0.666709,0.597146,0.94888,0.691848,0.774679,0.477386,0,0,0,0,0,0,0,0,0,0,0,0,0,0,0.450698,0.251718,0.652755,0.285146,0.210341,0.391048,0.718976,0.430012
0.541252,0.276816,0.367101,0.572058,0.0988576,0.544218,0,0,0,0,0.649301,0.58601,0.934952,0.680703,0.771189,0.480122,0,0,0,0,0,0,0,0,0,0,0,0,0,0,0.408893,0.257338,0.614431,0.28798,0.196377,0.407697,0.677174,0.430035
0.520422,0.276854,0.363622,0.57208,0.0988588,0.54423,0.0187291,0.499651,0,0,0.649265,0.586018,0.93149,0.677899,0.76769,0.477345,0,0,0,0,0,0,0,0,0,0,0,0,0,0,0.412385,0.257301,0.600536,0.285159,0.189474,0.404961,0.69456,0.421682
0.495975,0.271224,0.367119,0.572077,0.105811,0.547024,0.0187124,0.499653,0,0,0.652736,0.586015,0.934916,0.675138,0.76428,0.474544,0,0,0,0,0,0,0,0,0,0,0,0,0,0,0.401944,0.260074,0.586593,0.276812,0.185968,0.410524,0.65972,0.430005
0.485506,0.268432,0.367118,0.569292,0.10582,0.547016,0.0186884,0.496873,0,0,0.649248,0.583219,0.93495,0.675143,0.767714,0.46902,0,0,0,0,0,0,0,0,0,0,0,0,0,0,0.391489,0.25731,0.576142,0.271229,0.185933,0.410519,0.659752,0.430017
0.450737,0.26291,0.374055,0.569301,0.130208,0.54699,0.0187057,0.477369,0,0,0.659712,0.586,0.94538,0.672375,0.767745,0.463431,0,0,0,0,0,0,0,0,0,0,0,0,0,0,0.367059,0.262892,0.558701,0.260141,0.189403,0.404917,0.677157,0.43278
0.429843,0.260127,0.391489,0.572078,0.137181,0.547024,0.0153106,0.477359,0,0,0.663204,0.594341,0.948889,0.669572,0.767718,0.457887,0,0,0,0,0,0,0,0,0,0,0,0,0,0,0.335769,0.260098,0.544785,0.26009,0.196423,0.382664,0.67363,0.432815
0.374092,0.257326,0.405419,0.572098,0.144156,0.552576,0.0152792,0.477382,0,0,0.673645,0.588799,0.955863,0.672331,0.774682,0.463443,0,0,0,0,0,0,0,0,0,0,0,0,0,0,0.293913,0.257343,0.502961,0.254524,0.185967,0.365967,0.659734,0.421661
0.34618,0.257329,0.405412,0.574862,0.144116,0.555349,0.0152879,0.477374,0,0,0.673678,0.588803,0.959319,0.664002,0.771207,0.460638,0,0,0,0,0,0,0,0,0,0,0,0,0,0,0.26604,0.265656,0.475091,0.251726,0.178969,0.379851,0.652725,0.421635
0.297445,0.257331,0.405408,0.574847,0.137164,0.56092,0.0152469,0.480153,0,0,0.677162,0.585991,0.969793,0.661203,0.774689,0.455111,0,0,0,0,0,0,0,0,0,0,0,0,0,0,0.231197,0.273997,0.429756,0.246187,0.161555,0.379869,0.635301,0.413322
0.279979,0.257306,0.405448,0.577664,0.140636,0.566479,0.0152729,0.485731,0,0,0.680639,0.585992,0.98024,0.661215,0.774707,0.455043,0,0,0,0,0,0,0,0,0,0,0,0,0,0,0.24168,0.232219,0.408868,0.240615,0,0,0.624927,0.410527
0.241707,0.254555,0.412367,0.580435,0.140681,0.569258,0.0152893,0.496864,0,0,0.687585,0.586016,0.987203,0.655633,0.781678,0.449502,0,0,0,0,0,0,0,0,0,0,0,0,0,0,0.255609,0.207183,0.387987,0.23509,0,0,0.621389,0.399384
0.224254,0.257291,0.412374,0.580419,0.144112,0.569259,0.015277,0.496854,0,0,0.684135,0.583211,0.990679,0.655645,0.788573,0.44672,0,0,0,0,0,0,0,0,0,0,0,0,0,0,0.255564,0.212717,0.374067,0.23506,0,0,0.621359,0.393798
0.206828,0.260063,0.415861,0.580448,0.147616,0.569292,0.0152678,0.496873,0,0,0.684125,0.585988,0.994186,0.655617,0.792126,0.449508,0,0,0,0,0,0,0,0,0,0,0,0,0,0,0.234657,0.21279,0.346147,0.235039,0,0,0.60396,0.388262
0.199872,0.260068,0.412401,0.583221,0.144157,0.569321,0.0152744,0.505216,0,0,0.684119,0.585986,0.994187,0.655644,0.795582,0.449478,0,0,0,0,0,0,0,0,0,0,0,0,0,0,0.23465,0.212782,0.335774,0.235035,0,0,0.597083,0.388201
0.192945,0.257263,0.415868,0.588785,0.147616,0.572087,0.0152784,0.508009,0,0,0.687591,0.588772,0.994185,0.658425,0.799072,0.443953,0,0,0,0,0,0,0,0,0,0,0,0,0,0,0,0,0.335712,0.232191,0,0,0.596959,0.38269
0.192948,0.257249,0.408883,0.588807,0.144119,0.574855,0.0152893,0.50802,0,0,0.680634,0.588777,0.994191,0.658436,0.7991,0.443928,0,0,0,0,0,0,0,0,0,0,0,0,0,0,0,0,0.332297,0.229451,0,0,0.590037,0.379903
0.189461,0.25449,0.408926,0.583223,0.144141,0.572084,0.0152414,0.505229,0,0,0.680606,0.58321,0.994186,0.661206,0.795631,0.443919,0,0,0,0,0,0,0,0,0,0,0,0,0,0,0,0,0.332265,0.223891,0,0,0.579611,0.371521
0.206842,0.240622,0.415852,0.574881,0.140644,0.558137,0.0152579,0.502439,0,0,0.684133,0.583207,0.994192,0.661238,0.802562,0.42444,0,0,0,0,0,0,0,0,0,0,0,0,0,0,0,0,0.346174,0.207173,0,0,0.590067,0.365945
0.603983,0.329729,0.433302,0.591564,0.16853,0.563711,0.0187142,0.508016,0,0,0.694568,0.605509,0.9942,0.691854,0.830424,0.452289,0,0,0,0,0,0,0,0,0,0,0,0,0,0,0.555217,0.29631,0.624895,0.329734,0,0,0.600529,0.365925
0.269547,0.254505,0.419364,0.594361,0.168523,0.572076,0.0187284,0.533068,0,0,0.677154,0.602716,0.994206,0.708546,0.819967,0.443943,0,0,0,0,0,0,0,0,0,0,0,0,0,0,0,0,0.398462,0.223909,0,0,0.600482,0.379851
0.293977,0.321335,0.41586,0.583219,0.172031,0.569303,0.0153,0.494072,0.015192,0.296335,0.666699,0.585987,0,0,0,0,0,0,0,0,0,0,0,0,0,0,0,0,0,0,0.332256,0.262875,0.426325,0.299071,0,0,0.63881,0.441168
0.297429,0.318558,0.419363,0.577644,0.17546,0.569248,0.0187107,0.488514,0.0152631,0.296312,0.670168,0.577653,0,0,0,0,0,0,0,0,0,0,0,0,0,0,0,0,0,0,0.332292,0.260082,0.433275,0.296342,0,0,0.642289,0.438396
0.300903,0.310253,0.415882,0.574857,0.172026,0.563735,0.0187106,0.477377,0.0152762,0.290748,0.670179,0.572099,0,0,0,0,0,0,0,0,0,0,0,0,0,0,0,0,0,0,0.346206,0.260073,0.433293,0.296327,0,0,0.642319,0.441134
0.304396,0.31303,0.419358,0.572073,0.175506,0.560934,0.0187192,0.480163,0.0152747,0.287944,0.670192,0.572079,0,0,0,0,0,0,0,0,0,0,0,0,0,0,0,0,0,0,0.346178,0.257352,0.43332,0.296309,0,0,0.64581,0.441151
0.307856,0.304664,0.422834,0.569268,0.178962,0.558137,0.018713,0.469006,0.0152888,0.282375,0.673657,0.566518,0,0,0,0,0,0,0,0,0,0,0,0,0,0,0,0,0,0,0.349695,0.25176,0.44023,0.293516,0,0,0.642296,0.43
0.307884,0.301918,0.415892,0.566516,0.175483,0.552577,0.0187043,0.457872,0.0152746,0.27403,0.67366,0.566517,0,0,0,0,0,0,0,0,0,0,0,0,0,0,0,0,0,0,0.353134,0.251716,0.440248,0.290756,0,0,0.642324,0.432801
0.311354,0.304656,0.419339,0.566494,0.175492,0.55257,0.0187168,0.455092,0.0152547,0.274035,0.673676,0.566491,0,0,0,0,0,0,0,0,0,0,0,0,0,0,0,0,0,0,0.349698,0.251763,0.44027,0.29348,0,0,0.642316,0.42999
0.311385,0.307455,0.419357,0.566504,0.175503,0.552591,0.0187118,0.463441,0.0152711,0.2796,0.673684,0.563731,0,0,0,0,0,0,0,0,0,0,0,0,0,0,0,0,0,0,0.349673,0.251728,0.440285,0.293512,0,0,0.642308,0.429994
0.314838,0.315816,0.422832,0.566527,0.178964,0.555373,0.0186991,0.471799,0.0152586,0.28239,0.673651,0.56652,0,0,0,0,0,0,0,0,0,0,0,0,0,0,0,0,0,0,0.339239,0.257305,0.440265,0.296326,0,0,0.649295,0.42722
0.314873,0.31861,0.422824,0.56929,0.178941,0.558137,0.0187141,0.477368,0.0187035,0.285158,0.673649,0.569314,0,0,0,0,0,0,0,0,0,0,0,0,0,0,0,0,0,0,0.349683,0.260085,0.440271,0.299097,0,0,0.645777,0.432782
0.318305,0.321355,0.415883,0.569293,0.178944,0.55813,0.0187036,0.477361,0.0152997,0.287955,0.67018,0.569309,0,0,0,0,0,0,0,0,0,0,0,0,0,0,0,0,0,0,0.349642,0.260127,0.443726,0.299134,0,0,0.645779,0.432779
0.321751,0.321358,0.42285,0.569289,0.178984,0.555366,0.0153175,0.474571,0.0153053,0.290738,0.673649,0.572066,0,0,0,0,0,0,0,0,0,0,0,0,0,0,0,0,0,0,0.353129,0.262895,0.447204,0.299135,0,0,0.656249,0.432813
0.325307,0.318605,0.433278,0.563728,0.189427,0.549815,0.0152207,0.441177,0.015202,0.285177,0.680645,0.566502,0,0,0,0,0,0,0,0,0,0,0,0,0,0,0,0,0,0,0.35662,0.260122,0.457694,0.299084,0,0,0.666685,0.430004
0.328739,0.321341,0.433294,0.566474,0.192892,0.549795,0.0152257,0.44118,0.0151983,0.285178,0.684094,0.569266,0,0,0,0,0.447215,0.998259,0,0,0,0,0,0,0,0,0,0,0,0,0.356632,0.262873,0.461127,0.299094,0,0,0.673649,0.427243
0.332245,0.321347,0.436802,0.566509,0.196412,0.549781,0.01523,0.446736,0.0152085,0.290736,0.691084,0.572061,0,0,0,0,0.443743,0.998259,0,0,0,0,0,0,0,0,0,0,0,0,0.363597,0.260118,0.464613,0.299122,0,0,0.680609,0.443948
0.335719,0.32137,0.440228,0.566517,0.199872,0.549804,0.0152167,0.446743,0.0118462,0.293495,0.687595,0.569317,0,0,0,0,0.450702,0.998259,0,0,0,0,0,0,0,0,0,0,0,0,0.363643,0.26287,0.461198,0.301873,0,0,0.677174,0.44675
0.335744,0.318613,0.436744,0.5693,0.196389,0.547034,0.0152063,0.4523,0.0118318,0.29075,0.687595,0.580418,0,0,0,0,0.450708,0.998259,0,0,0,0,0,0,0,0,0,0,0,0,0.367061,0.260105,0.464674,0.299122,0,0,0.698067,0.441179
0.339222,0.321328,0.436785,0.569297,0.199852,0.547037,0.015211,0.45508,0.0118367,0.293533,0.687612,0.574866,0,0,0,0,0.457673,0.998258,0,0,0,0,0,0,0,0,0,0,0,0,0.367067,0.260127,0.468138,0.29913,0,0,0.70497,0.441175
0.34272,0.318614,0.440257,0.569319,0.203385,0.547025,0.0152449,0.466218,0.0152015,0.299103,0.687593,0.577637,0,0,0,0,0.440255,0.998259,0.290453,0.995475,0.144144,0.850611,0,0,0,0,0,0,0,0,0.370595,0.262907,0.471645,0.301867,0,0,0.694579,0.446748
0.342736,0.318613,0.443727,0.572072,0.206832,0.547025,0.0152066,0.469019,0.0118328,0.299102,0.691083,0.580438,0,0,0,0,0.433288,0.998259,0.290457,0.998258,0.144153,0.850601,0,0,0.572632,0.998258,0,0,0,0,0.374034,0.26011,0.475067,0.30189,0,0,0.701539,0.446712
0.349655,0.318584,0.447209,0.569296,0.206876,0.547008,0.0118869,0.466228,0.0117758,0.279596,0.698032,0.580421,0,0,0,0,0.457667,0.998258,0,0,0,0,0,0,0,0,0,0,0,0,0.377525,0.262864,0.478578,0.30184,0,0,0.704989,0.443947
0.349687,0.321322,0.443759,0.569268,0.210303,0.546985,0.0118831,0.474579,0.0117558,0.282373,0.694574,0.574857,0,0,0,0,0,0,0,0,0,0,0,0,0,0,0,0,0,0,0.377512,0.265649,0.478554,0.301875,0,0,0.698028,0.443959
0.349685,0.321355,0.447199,0.566507,0.210295,0.546991,0.0151996,0.474568,0.0360946,0.282375,0.698034,0.572078,0,0,0,0,0,0,0,0,0,0,0,0,0,0,0,0,0,0,0.374031,0.265661,0.478597,0.304646,0,0,0.701542,0.443922
0.3462,0.32139,0.447199,0.56652,0.210292,0.547006,0.0152022,0.474569,0.0395607,0.28238,0.698034,0.574845,0,0,0,0,0.454192,0.998259,0,0,0,0,0,0,0,0,0,0,0,0,0.37059,0.265674,0.478596,0.304656,0,0,0.708461,0.443914
0.346197,0.321405,0.447225,0.56653,0.206868,0.54977,0.0152175,0.471782,0.0500912,0.285183,0.701522,0.574845,0,0,0,0,0.464639,0.998259,0,0,0,0,0,0,0,0,0,0,0,0,0.367097,0.268442,0.478543,0.304668,0,0,0.7085,0.441173
0.346193,0.324109,0.447204,0.569271,0.206863,0.549774,0.0151948,0.469018,0.0674861,0.287928,0.701516,0.572093,0,0,0,0,0.46812,0.998259,0,0,0,0,0,0,0,0,0,0,0,0,0.367107,0.27123,0.478544,0.304659,0,0,0.708482,0.443923
0.346197,0.324187,0.447235,0.569302,0.206879,0.552577,0.0118544,0.477353,0.0953463,0.290746,0.701511,0.574868,0,0,0,0,0.468119,0.998259,0,0,0,0,0,0,0,0,0,0,0,0,0.367058,0.276781,0.478546,0.310218,0,0,0.708479,0.44396
0.3462,0.326985,0.45068,0.572068,0.210322,0.552566,0.011859,0.480188,0.0987969,0.296325,0.698058,0.583203,0,0,0,0,0.461154,0.998259,0,0,0,0,0,0,0,0,0,0,0,0,0.363597,0.276843,0.475113,0.313011,0,0,0.708451,0.446749
0.346213,0.329713,0.454172,0.572069,0.21383,0.558129,0.015197,0.491288,0.109314,0.307465,0.705007,0.583216,0,0,0,0,0.454191,0.998259,0,0,0,0,0,0,0,0,0,0,0,0,0.363638,0.276827,0.47856,0.315794,0,0,0.705012,0.44952
0.349666,0.329752,0.450716,0.574847,0.213834,0.560917,0.0152052,0.499656,0.119743,0.321411,0.701543,0.585995,0,0,0,0,0.450708,0.998259,0,0,0,0,0,0,0,0,0,0,0,0,0.363593,0.279584,0.478575,0.315806,0,0,0.708477,0.452301
0.349645,0.329763,0.450715,0.572072,0.213823,0.555363,0.015219,0.505232,0.123261,0.332508,0.704991,0.577651,0,0,0,0,0.450701,0.998259,0.297418,0.995475,0.144146,0.850635,0,0,0,0,0,0,0,0,0.360146,0.279598,0.478536,0.315791,0,0,0.708476,0.452316
0.346222,0.329739,0.447246,0.574871,0.213836,0.558156,0.0152301,0.505218,0.126716,0.338076,0.705,0.580436,0,0,0,0,0.468122,0.998259,0,0,0,0,0,0,0,0,0,0,0,0,0.363578,0.276812,0.478541,0.31303,0,0,0.70502,0.455097
0.349685,0.329767,0.450705,0.574885,0.21384,0.56091,0.0152075,0.502445,0.130166,0.340837,0.705003,0.586,0,0,0,0,0,0,0,0,0,0,0,0,0,0,0,0,0,0,0.36016,0.279577,0.478573,0.313016,0,0,0.70848,0.457853
0.349674,0.332496,0.45418,0.574886,0.217301,0.560928,0.0151933,0.502445,0.130249,0.340906,0.708479,0.588775,0,0,0,0,0,0,0,0,0,0,0,0,0,0,0,0,0,0,0.363572,0.27956,0.478581,0.313028,0,0,0.708521,0.455075
0.349688,0.326934,0.461193,0.572103,0.220759,0.552584,0.0118676,0.499663,0.137141,0.346437,0.711995,0.586012,0,0,0,0,0.482059,0.998258,0,0,0,0,0,0,0,0,0,0,0,0,0.360145,0.274024,0.482033,0.304678,0,0,0.701535,0.446702
0.34968,0.326933,0.461183,0.572066,0.217306,0.549798,0.0151951,0.50244,0.137202,0.346452,0.711989,0.583229,0,0,0,0,0.485544,0.998258,0,0,0,0,0,0,0,0,0,0,0,0,0.356692,0.274047,0.482045,0.301926,0,0,0.705014,0.446706
0.349694,0.32417,0.471594,0.572048,0.220774,0.547019,0.0152395,0.513594,0.137178,0.354831,0.71894,0.586003,0,0,0,0,0,0,0,0,0,0,0,0,0,0,0,0,0,0,0.356638,0.271258,0.482066,0.299151,0,0,0.705008,0.432829
0.349702,0.324197,0.478567,0.572073,0.224249,0.549782,0.0152699,0.521939,0.140667,0.357606,0.729416,0.591559,0,0,0,0,0.489019,0.998258,0,0,0,0,0,0,0,0,0,0,0,0,0.353175,0.274029,0.482068,0.299148,0,0,0.711957,0.438355
0.353199,0.326964,0.478602,0.572074,0.224253,0.549816,0.0152742,0.521931,0.140645,0.363168,0.739839,0.588793,0,0,0,0,0.489028,0.998258,0,0,0,0,0,0,0,0,0,0,0,0,0.353204,0.276805,0.482043,0.301859,0,0,0.708487,0.443967
0.353179,0.32699,0.478568,0.572079,0.224278,0.549804,0.0152715,0.521926,0.140665,0.363185,0.736377,0.588806,0,0,0,0,0.492507,0.998259,0,0,0,0,0,0,0,0,0,0,0,0,0.356612,0.276811,0.482068,0.301863,0,0,0.705036,0.446703
0.349714,0.326985,0.478566,0.574837,0.22426,0.552579,0.0152367,0.516373,0.144112,0.365929,0.736384,0.591569,0,0,0,0,0.502963,0.998258,0,0,0,0,0,0,0,0,0,0,0,0,0.353141,0.276808,0.482045,0.301841,0,0,0.704996,0.446727
0.349675,0.326967,0.478598,0.572091,0.224253,0.552562,0.0152538,0.516383,0.144123,0.365917,0.73987,0.591555,0,0,0,0,0.502964,0.998258,0,0,0,0,0,0,0,0,0,0,0,0,0.353195,0.276816,0.478582,0.29913,0,0,0.70498,0.446705
0.349674,0.324203,0.482042,0.572085,0.22077,0.549797,0.0152518,0.516376,0.144146,0.365924,0.746811,0.588783,0,0,0,0,0.51341,0.998258,0,0,0,0,0,0,0,0,0,0,0,0,0.353172,0.27676,0.478584,0.299081,0,0,0.708465,0.438401
0.349694,0.324157,0.478604,0.572048,0.220785,0.549784,0.0152584,0.519159,0.144123,0.365974,0.743318,0.583218,0,0,0,0,0.520377,0.998258,0,0,0,0,0,0,0,0,0,0,0,0,0.353182,0.273999,0.47855,0.299039,0,0,0.708442,0.438346
0.349664,0.324146,0.48205,0.569321,0.224257,0.547026,0.0152652,0.519152,0.144147,0.368736,0.743347,0.585988,0,0,0,0,0.520381,0.998259,0,0,0,0,0,0,0,0,0,0,0,0,0.353178,0.273984,0.475119,0.296326,0,0,0.708431,0.435612
0.349661,0.324127,0.482059,0.572056,0.224252,0.547026,0.0152782,0.521924,0.144147,0.371516,0.746826,0.588799,0,0,0,0,0.523862,0.998258,0,0,0,0,0,0,0,0,0,0,0,0,0.353196,0.271252,0.478546,0.296319,0,0,0.708462,0.435593
0.346226,0.321356,0.482026,0.569304,0.220764,0.546991,0.0152653,0.519156,0.144144,0.368743,0.746807,0.58877,0,0,0,0,0,0,0,0,0,0,0,0,0,0,0,0,0,0,0.353164,0.268471,0.471636,0.2935,0,0,0.708478,0.432766
0.346201,0.32134,0.482034,0.569324,0.217319,0.547001,0.0152693,0.519147,0.144121,0.368713,0.746819,0.588789,0,0,0,0,0.506442,0.998258,0,0,0,0,0,0,0,0,0,0,0,0,0.35317,0.268433,0.47164,0.293496,0,0,0.708491,0.432757
0.346201,0.30747,0.482047,0.566508,0.220765,0.541452,0.0152471,0.508018,0.144109,0.360398,0.746806,0.580418,0,0,0,0,0.499479,0.998258,0,0,0,0,0,0,0,0,0,0,0,0,0.353177,0.257348,0.47509,0.285148,0,0,0.708536,0.418891
0.346216,0.307434,0.48209,0.56649,0.224252,0.541404,0.0152422,0.508008,0.144116,0.360352,0.74683,0.580416,0,0,0,0,0.499478,0.998258,0,0,0,0,0,0,0,0,0,0,0,0,0.349719,0.257364,0.475093,0.279621,0,0,0.708542,0.418858
0.346205,0.304649,0.482019,0.566492,0.217311,0.541404,0.0152595,0.505221,0.140665,0.357609,0.746805,0.577633,0,0,0,0,0.509931,0.998258,0,0,0,0,0,0,0,0,0,0,0,0,0.353154,0.257302,0.478574,0.276831,0,0,0.711963,0.416118
0.349634,0.301912,0.482047,0.566495,0.220773,0.541403,0.0152644,0.505223,0.140654,0.357588,0.750286,0.577639,0,0,0,0,0.506445,0.998258,0,0,0,0,0,0,0,0,0,0,0,0,0.353143,0.257298,0.478571,0.27681,0,0,0.711996,0.416083
0.34622,0.301863,0.482024,0.566492,0.217314,0.541404,0.0152682,0.502445,0.140621,0.357569,0.746831,0.574879,0,0,0,0,0.499477,0.998258,0,0,0,0,0,0,0,0,0,0,0,0,0.349732,0.254549,0.47858,0.276784,0,0,0.711982,0.416077
0.342707,0.299071,0.482025,0.563706,0.217296,0.538639,0.0152493,0.499649,0.137176,0.35481,0.746816,0.574846,0,0,0,0,0,0,0,0,0,0,0,0,0,0,0,0,0,0,0.349641,0.2545,0.475054,0.271242,0,0,0.711964,0.413302
0.342691,0.296323,0.47512,0.560943,0.213819,0.535849,0.0152888,0.499648,0.137189,0.352041,0.746827,0.572079,0,0,0,0,0.489024,0.998258,0,0,0,0,0,0,0,0,0,0,0,0,0.346195,0.254475,0.47158,0.265686,0,0,0.711924,0.410498
0.342734,0.296256,0.475124,0.560939,0.213805,0.535853,0.0152963,0.502436,0.137189,0.352041,0.750291,0.572071,0,0,0,0,0.471604,0.998258,0,0,0,0,0,0,0,0,0,0,0,0,0.349683,0.251702,0.471607,0.265679,0,0,0.71194,0.410507
0.346158,0.29628,0.482042,0.560939,0.217286,0.535862,0.0152831,0.499653,0.140631,0.35203,0.753785,0.572066,0,0,0,0,0.478578,0.998258,0,0,0,0,0,0,0,0,0,0,0,0,0.349672,0.251705,0.475077,0.265687,0,0,0.711957,0.410503
0.346173,0.296304,0.482062,0.56093,0.217296,0.535859,0.0152777,0.499657,0.137201,0.354824,0.750297,0.572083,0,0,0,0,0.495993,0.998258,0,0,0,0,0,0,0,0,0,0,0,0,0.349653,0.251761,0.475063,0.265689,0,0,0.711959,0.410513
0.346173,0.29627,0.482048,0.560923,0.213839,0.535861,0.0152783,0.499648,0.137192,0.354775,0.753768,0.572071,0,0,0,0,0.499479,0.998258,0,0,0,0,0,0,0,0,0,0,0,0,0.349705,0.24896,0.475074,0.262927,0,0,0.711984,0.410505
0.346155,0.293556,0.482041,0.560922,0.213829,0.535852,0.0152738,0.496871,0.137175,0.354798,0.75031,0.572079,0,0,0,0,0.499477,0.998258,0,0,0,0,0,0,0,0,0,0,0,0,0.349715,0.248951,0.475092,0.262925,0,0,0.711965,0.410506
0.34615,0.293523,0.482052,0.560914,0.21381,0.533085,0.0152533,0.49408,0.140659,0.352003,0.75376,0.572064,0,0,0,0,0,0,0,0,0,0,0,0,0,0,0,0,0,0,0.35313,0.248943,0.475065,0.262866,0,0,0.711959,0.410473
0.34618,0.293505,0.482066,0.558134,0.21382,0.533061,0.015262,0.491307,0.144102,0.349261,0.75377,0.572053,0,0,0,0,0,0,0,0,0,0,0,0,0,0,0,0,0,0,0.349738,0.248938,0.475096,0.262847,0,0,0.71197,0.407753
0.346159,0.29071,0.485501,0.558129,0.217287,0.530296,0.0152682,0.49129,0.144135,0.35199,0.753768,0.572066,0,0,0,0,0,0,0,0,0,0,0,0,0,0,0,0,0,0,0.353197,0.237814,0.478544,0.257358,0,0,0.711994,0.407719
0.34618,0.290701,0.485507,0.55813,0.213842,0.530275,0.015273,0.488509,0.144134,0.351985,0.753796,0.572064,0,0,0,0,0,0,0,0,0,0,0,0,0,0,0,0,0,0,0.356634,0.237804,0.478606,0.257336,0,0,0.711984,0.407707
0.342724,0.282406,0.482038,0.560925,0.213812,0.535841,0.0152826,0.480153,0.147595,0.351992,0.753786,0.572057,0,0,0,0,0,0,0,0,0,0,0,0,0,0,0,0,0,0,0.353225,0.232239,0.482053,0.254563,0,0,0.71197,0.404963
0.342703,0.279597,0.478602,0.558165,0.210352,0.530316,0.0152878,0.477358,0.147605,0.349223,0.753764,0.572058,0,0,0,0,0,0,0,0,0,0,0,0,0,0,0,0,0,0,0.36011,0.229422,0.48202,0.254515,0,0,0.711956,0.407686
0.342701,0.27682,0.482025,0.558146,0.210346,0.530283,0.0152398,0.471793,0.151133,0.343699,0.750303,0.572061,0,0,0,0,0,0,0,0,0,0,0,0,0,0,0,0,0,0,0.360116,0.226679,0.478584,0.251732,0,0,0.711976,0.407691
0.342695,0.276791,0.478565,0.560936,0.210315,0.530304,0.0152478,0.466232,0.154633,0.343657,0.746823,0.57209,0,0,0,0,0,0,0,0,0,0,0,0,0,0,0,0,0,0,0.360127,0.223903,0.478606,0.248978,0,0,0.711979,0.404963
0.342695,0.274039,0.471627,0.560915,0.210302,0.530315,0.015211,0.463447,0.161541,0.340878,0.739833,0.572072,0,0,0,0,0.468126,0.998258,0,0,0,0,0,0,0,0,0,0,0,0,0.360115,0.221121,0.478583,0.246153,0,0,0.711938,0.407702
0.342674,0.26848,0.475095,0.555365,0.210326,0.5275,0.0118478,0.4579,0.171987,0.335299,0.736377,0.569321,0,0,0,0,0.482057,0.998258,0,0,0,0,0,0,0,0,0,0,0,0,0.360155,0.218316,0.481994,0.240614,0,0,0.711918,0.404962
0.342703,0.26567,0.475072,0.555353,0.210303,0.527491,0.0152001,0.457863,0.17198,0.33807,0.732897,0.569321,0,0,0,0,0.478572,0.998258,0,0,0,0,0,0,0,0,0,0,0,0,0.360126,0.215549,0.48203,0.237823,0,0,0.708546,0.404959
0.342718,0.25736,0.471627,0.552569,0.210317,0.52472,0.0118372,0.455116,0.182444,0.326954,0.72941,0.569309,0,0,0,0,0.482057,0.998258,0,0,0,0,0,0,0,0,0,0,0,0,0.36711,0.207178,0.482068,0.234985,0,0,0.708528,0.404926
0.346201,0.254475,0.47858,0.552581,0.213819,0.524711,0.0118272,0.455051,0.185961,0.3242,0.725903,0.569322,0,0,0,0,0.485543,0.998258,0,0,0,0,0,0,0,0,0,0,0,0,0.374032,0.198794,0.482071,0.232189,0,0,0.708483,0.402178
0.346176,0.251705,0.471636,0.558128,0.210306,0.527501,0.0118219,0.4523,0.189437,0.326929,0.7259,0.572057,0,0,0,0,0.47509,0.998258,0,0,0,0,0,0,0,0,0,0,0,0,0.377498,0.193278,0.485489,0.229448,0,0,0.708458,0.404943
0.339255,0.237835,0.475067,0.558141,0.210327,0.530271,0.0118245,0.449525,0.192892,0.326955,0.722419,0.572065,0,0,0,0,0.50296,0.998258,0,0,0,0,0,0,0,0,0,0,0,0,0.377589,0.190467,0.482028,0.223867,0,0,0.708445,0.404915
0.342676,0.235091,0.468109,0.560912,0.206859,0.533069,0.0118214,0.449529,0.189452,0.329723,0.718928,0.57205,0,0,0,0,0.489025,0.998258,0,0,0,0,0,0,0,0,0,0,0,0,0.381056,0.18768,0.482048,0.218344,0,0,0.70504,0.404942
0.346179,0.232219,0.464667,0.560915,0.210296,0.533064,0.0118188,0.452278,0.192905,0.326928,0.712018,0.572103,0,0,0,0,0,0,0,0,0,0,0,0,0,0,0,0,0,0,0.384525,0.179338,0.482047,0.215534,0,0,0.698067,0.407696
0.346157,0.232195,0.461179,0.563737,0.210299,0.535863,0.011813,0.452268,0.196385,0.329731,0.711961,0.574881,0,0,0,0,0,0,0,0,0,0,0,0,0,0,0,0,0,0,0.39493,0.173784,0.482015,0.215515,0,0,0.691062,0.410472
0.342662,0.223885,0.461134,0.5665,0.206823,0.538666,0.0118195,0.452272,0.18943,0.335284,0.711994,0.577664,0,0,0,0,0.49599,0.998258,0,0,0,0,0,0,0,0,0,0,0,0,0.387986,0.170999,0.478551,0.21001,0,0,0.684144,0.410478
0.342699,0.223865,0.468108,0.566498,0.206861,0.53863,0.0118124,0.452275,0.189423,0.335296,0.715484,0.580442,0,0,0,0,0.485537,0.998258,0,0,0,0,0,0,0,0,0,0,0,0,0.388001,0.17101,0.478534,0.209993,0,0,0.684099,0.410506
0.33924,0.215541,0.468111,0.569251,0.210314,0.538658,0.0118352,0.452309,0.185925,0.33806,0.715451,0.583228,0,0,0,0,0.485541,0.998258,0,0,0,0,0,0,0,0,0,0,0,0,0.388011,0.170943,0.478536,0.20993,0,0,0.680633,0.410546
0.339242,0.218303,0.464622,0.569257,0.21034,0.54142,0.0118153,0.455111,0.182434,0.340841,0.711998,0.585996,0,0,0,0,0,0,0,0,0,0,0,0,0,0,0,0,0,0,0.388017,0.17097,0.478539,0.209988,0,0,0.68063,0.413277
0.342692,0.221076,0.457682,0.572061,0.210332,0.544222,0.0118296,0.45787,0.182502,0.340861,0.711976,0.59437,0,0,0,0,0,0,0,0,0,0,0,0,0,0,0,0,0,0,0.394936,0.170989,0.478555,0.21271,0,0,0.680609,0.41334
0.342739,0.218332,0.464635,0.572047,0.213805,0.541455,0.0118381,0.457876,0.182483,0.340891,0.712006,0.594353,0,0,0,0,0,0,0,0,0,0,0,0,0,0,0,0,0,0,0.394937,0.170992,0.482015,0.209997,0,0,0.680647,0.413348
0.346189,0.221089,0.464671,0.572065,0.217307,0.544229,0.011832,0.466243,0.185931,0.340879,0.712021,0.594342,0,0,0,0,0.499479,0.998258,0,0,0,0,0,0,0,0,0,0,0,0,0.394982,0.17377,0.482066,0.212719,0,0,0.680676,0.416087
0.349699,0.223891,0.471593,0.572079,0.224254,0.544219,0.0118458,0.471776,0.182494,0.343654,0.711979,0.59713,0,0,0,0,0,0,0,0,0,0,0,0,0,0,0,0,0,0,0.40187,0.179336,0.485479,0.212788,0,0,0.684095,0.41612
0.349713,0.229441,0.468149,0.572089,0.220793,0.544231,0.0118426,0.469015,0.182489,0.343625,0.708494,0.597152,0,0,0,0,0.530828,0.998258,0,0,0,0,0,0,0,0,0,0,0,0,0.401875,0.182095,0.485513,0.218326,0,0,0.684108,0.421673
0.353131,0.229481,0.468115,0.57208,0.224257,0.544234,0.0152039,0.474562,0.182455,0.34362,0.70849,0.597125,0,0,0,0,0.53431,0.998258,0,0,0,0,0,0,0,0,0,0,0,0,0.398436,0.184866,0.485493,0.22112,0,0,0.684098,0.424425
0.353204,0.234994,0.475066,0.572062,0.22774,0.544243,0.0152239,0.474588,0.178959,0.340877,0.711957,0.597133,0,0,0,0,0,0,0,0,0,0,0,0,0,0,0,0,0,0,0.398456,0.190446,0.485586,0.229418,0,0,0.684148,0.427225
0.356645,0.235044,0.468138,0.572073,0.227729,0.544222,0.0152769,0.482942,0.171986,0.346424,0.708487,0.594358,0,0,0,0,0.520378,0.998258,0,0,0,0,0,0,0,0,0,0,0,0,0.398475,0.187703,0.489051,0.229482,0,0,0.684133,0.430026
0.360102,0.243382,0.464662,0.572085,0.224263,0.546996,0.0152656,0.49965,0.15456,0.354817,0.708491,0.594372,0,0,0,0,0.499473,0.998258,0.321803,0.995476,0.137167,0.828351,0,0,0,0,0,0,0,0,0.391491,0.201569,0.49249,0.235066,0,0,0.687582,0.435564
0.356671,0.24615,0.468105,0.572097,0.220795,0.54981,0.0152866,0.510789,0.151126,0.36037,0.708493,0.594358,0,0,0,0,0.495994,0.998258,0.318324,0.995473,0.137162,0.825562,0,0,0,0,0,0,0,0,0.394954,0.201571,0.492494,0.235093,0,0,0.684172,0.435592
0.36012,0.246152,0.468107,0.574845,0.224253,0.549797,0.0153057,0.527517,0.126743,0.371549,0.708492,0.597152,0,0,0,0,0.489025,0.998258,0.321806,0.995476,0.133672,0.831131,0,0,0,0,0,0,0,0,0.388028,0.201573,0.492506,0.235083,0,0,0.687569,0.435588
0.356663,0.237856,0.46117,0.572106,0.22077,0.549773,0.0187162,0.533088,0.119728,0.374296,0.705006,0.597124,0,0,0,0,0.489027,0.998258,0.325292,0.995477,0.13369,0.83112,0,0,0,0,0,0,0,0,0.384543,0.196016,0.489062,0.235006,0,0,0.684146,0.4356
0.356625,0.235016,0.461156,0.574866,0.2173,0.552594,0.018742,0.544222,0.10581,0.382629,0.705023,0.594353,0,0,0,0,0.513408,0.998258,0.325289,0.995475,0,0,0,0,0,0,0,0,0,0,0.38802,0.190462,0.489034,0.229475,0,0,0.680685,0.432829
0.356664,0.232236,0.464634,0.57486,0.22078,0.552592,0.0221868,0.549795,0.102346,0.382669,0.708497,0.594357,0,0,0,0,0.513409,0.998258,0.325287,0.995475,0.0779473,0.808842,0,0,0,0,0,0,0,0,0.394948,0.184893,0.489024,0.226669,0,0,0.680684,0.432776
0.353181,0.22666,0.461151,0.574872,0.213824,0.555347,0.0187604,0.555362,0.102327,0.385448,0.701543,0.594367,0,0,0,0,0.506442,0.998258,0.325296,0.995475,0.123236,0.814412,0,0,0,0,0,0,0,0,0.401895,0.176514,0.489008,0.218313,0,0,0.680632,0.430034
0.35662,0.221109,0.461137,0.574884,0.217311,0.552595,0.0187442,0.558146,0.0988807,0.38821,0.698064,0.594354,0,0,0,0,0.506441,0.998258,0.328775,0.995475,0.126715,0.814418,0,0,0,0,0,0,0,0,0.401941,0.173758,0.489014,0.215556,0,0,0.680665,0.430001
0.360151,0.21552,0.461159,0.577636,0.213814,0.558145,0.0187384,0.555356,0.0988527,0.393798,0.708466,0.597142,0,0,0,0,0.495994,0.998258,0.325291,0.995475,0.140659,0.828337,0,0,0,0,0,0,0,0,0.405442,0.170962,0.492491,0.212745,0,0,0.68068,0.429986
0.367052,0.212774,0.461153,0.57763,0.220766,0.555372,0.0187284,0.552578,0.102362,0.393815,0.701548,0.597152,0.994177,0.722506,0.868734,0.482947,0.485545,0.998258,0.325286,0.995474,0.147605,0.831123,0,0,0,0,0,0,0,0,0.408911,0.168205,0.492505,0.212705,0,0,0.684074,0.429974
0.36709,0.209911,0.461156,0.577631,0.220792,0.555359,0.0187215,0.547004,0.119745,0.38824,0.701527,0.597141,0.994172,0.722525,0.868711,0.482955,0.49251,0.998258,0.328772,0.995475,0.137163,0.822772,0,0,0,0,0,0,0,0,0.412353,0.16262,0.499499,0.207188,0,0,0.684131,0.424438
0.370545,0.207155,0.464627,0.574856,0.231216,0.549806,0.0187004,0.53866,0.130211,0.388203,0.701545,0.594368,0,0,0,0,0.489024,0.998258,0.325296,0.995476,0.130203,0.819984,0,0,0,0,0,0,0,0,0.419331,0.162573,0.502965,0.207149,0,0,0.684176,0.421675
