0.400168,0.341308,0.446131,0.537471,0.348117,0.534772,0.265394,0.403964,0.309802,0.29228,0.564083,0.54566,0.626885,0.799058,0,0,0.475238,0.995249,0.413972,0.995253,0,0,0,0,0.547234,0.970721,0,0,0,0,0.384848,0.311316,0.449198,0.314034,0,0,0.531919,0.403929
0.40017,0.341301,0.446128,0.529326,0.348092,0.534742,0.26692,0.401204,0.31132,0.289505,0.567148,0.542928,0.628412,0.793605,0.545709,0.662839,0.475236,0.993892,0.409369,0.995252,0,0,0,0,0.542635,0.993888,0,0,0,0,0.384843,0.311329,0.450715,0.311318,0,0,0.531913,0.401186
0.397129,0.338565,0.446127,0.526585,0.349637,0.529322,0.269992,0.387616,0.31286,0.281322,0.554888,0.526583,0.622286,0.338567,0.561028,0.532025,0.475236,0.99389,0.40631,0.995252,0,0,0,0,0.544165,0.978897,0,0,0,0,0.380261,0.311349,0.446138,0.30045,0,0,0.533427,0.384886
0.395604,0.335833,0.444602,0.523855,0.34965,0.521163,0.269988,0.382129,0.314394,0.273176,0.544166,0.52658,0.623818,0.33856,0.567152,0.523874,0.473714,0.993888,0.412439,0.995254,0,0,0,0,0.538041,0.965272,0,0,0,0,0.375678,0.311282,0.444613,0.294973,0,0,0.531909,0.384868
0.390978,0.330407,0.447663,0.523841,0.351159,0.526554,0.274577,0.373965,0.309799,0.262292,0.547229,0.521131,0.622302,0.34128,0,0,0.475239,0.995248,0.415496,0.995255,0,0,0,0,0.536512,0.981622,0,0,0,0,0.372588,0.311281,0.441552,0.286805,0,0,0.528866,0.376702
0.387949,0.324953,0.447674,0.526567,0.351172,0.529296,0.274597,0.365846,0.30982,0.251373,0.551825,0.523842,0.620755,0.335854,0,0,0.475241,0.995251,0.418564,0.995254,0,0,0,0,0,0,0,0,0,0,0.369543,0.308626,0.436962,0.281369,0,0,0.52885,0.368575
0.386375,0.316802,0.45226,0.523852,0.351173,0.537468,0.279163,0.35219,0.306737,0.240466,0.559483,0.51569,0.616163,0.341282,0,0,0.479841,0.995251,0.421626,0.995252,0,0,0,0,0.553353,0.995247,0,0,0,0,0.361903,0.311271,0.433896,0.273174,0.332797,0.387619,0.525809,0.360376
0.386385,0.311326,0.449198,0.521117,0.349632,0.532038,0.277638,0.34676,0.299083,0.224133,0.55182,0.515688,0.613099,0.338594,0.55796,0.164203,0.476779,0.995249,0.418559,0.995252,0,0,0,0,0.550288,0.948927,0,0,0,0,0.360383,0.303138,0.433894,0.267727,0.331253,0.384928,0.525787,0.357678
0.389456,0.297692,0.450737,0.518397,0.349634,0.529291,0.276102,0.335853,0.282243,0.185983,0.554888,0.507516,0.606973,0.324939,0,0,0.478297,0.957105,0,0,0,0,0,0,0,0,0,0,0,0,0.368008,0.292224,0.438485,0.254119,0.338907,0.371291,0.525805,0.357666
0.392515,0.29225,0.45533,0.529293,0.35117,0.526593,0.274586,0.338547,0.274545,0.180513,0.571739,0.54565,0.600841,0.311321,0,0,0,0,0,0,0,0,0,0,0,0,0,0,0,0,0.371078,0.286792,0.441526,0.251402,0,0,0.527335,0.360347
0.407835,0.281353,0.458389,0.532043,0.348104,0.523843,0.274559,0.335843,0.273015,0.180503,0.580932,0.562008,0.599315,0.286799,0,0,0,0,0,0,0,0,0,0,0,0,0,0,0,0,0.381801,0.2704,0.452256,0.251338,0.352697,0.324968,0.533461,0.371282
0.417038,0.275902,0.46605,0.534745,0.348102,0.521109,0.274573,0.335838,0.26996,0.180553,0.599308,0.581083,0,0,0,0,0,0,0,0,0,0,0,0,0,0,0,0,0,0,0.392502,0.254129,0.462976,0.248673,0.360353,0.319536,0.542632,0.376699
0.436954,0.259579,0.456858,0.515686,0.348113,0.502073,0.274603,0.333107,0.26539,0.175081,0.573267,0.537487,0,0,0,0,0,0,0,0,0,0,0,0,0,0,0,0,0,0,0.413963,0.235014,0.48442,0.248687,0.371064,0.330403,0.551827,0.371283
0.453803,0.254091,0.4737,0.523841,0.352707,0.493883,0.276141,0.322234,0.268448,0.16688,0.602374,0.572892,0.63607,0.968,0,0,0,0,0,0,0,0,0,0,0,0,0,0,0,0,0.42774,0.226871,0.496689,0.248661,0.384847,0.300434,0.559496,0.344045
0.475256,0.248622,0.475238,0.507511,0.361885,0.48572,0.282238,0.314026,0.274549,0.158728,0.582462,0.534768,0,0,0,0,0,0,0,0,0,0,0,0,0,0,0,0,0,0,0.449188,0.213226,0.516596,0.248595,0.392506,0.319508,0.574792,0.346729
0.484441,0.245928,0.476759,0.499338,0.363414,0.480278,0.288344,0.311327,0.274593,0.158699,0.579394,0.523843,0.626887,0.297691,0.636081,0.145103,0,0,0,0,0,0,0,0,0,0,0,0,0,0,0.458379,0.210512,0.52427,0.248597,0.395586,0.316785,0.576328,0.34675
0.493625,0.235012,0.475237,0.48844,0.363424,0.480275,0.28991,0.311303,0.27611,0.156005,0.579401,0.515673,0.628427,0.289531,0.642195,0.134219,0.466047,0.967999,0,0,0,0,0,0,0.564081,0.970724,0,0,0,0,0.466038,0.207734,0.53038,0.245916,0.398644,0.316764,0.576343,0.344041
0.495135,0.235007,0.476775,0.491173,0.363431,0.482985,0.291414,0.31129,0.27612,0.156019,0.58399,0.518406,0.629936,0.284071,0.640664,0.128774,0.473705,0.992521,0.372611,0.970723,0,0,0,0,0.559486,0.992521,0,0,0,0,0.466055,0.207738,0.531895,0.245902,0.398647,0.319497,0.576349,0.344016
0.495133,0.237747,0.473712,0.491167,0.364943,0.482992,0.292942,0.316748,0.276125,0.158734,0.576344,0.507518,0.628398,0.294974,0.642189,0.131497,0.46758,0.948927,0.384863,0.946195,0,0,0,0,0.548764,0.957097,0,0,0,0,0.46604,0.207789,0.531903,0.245937,0.400193,0.31133,0.576321,0.3413
0.493604,0.243174,0.475227,0.499338,0.366483,0.488431,0.292948,0.319501,0.276119,0.161498,0.576334,0.518404,0.625368,0.303138,0.642196,0.147847,0.453794,0.938031,0.384863,0.935305,0,0,0,0,0.525786,0.948923,0,0,0,0,0.461451,0.210523,0.530382,0.248596,0.398639,0.324932,0.576319,0.341293
0.479823,0.248632,0.467574,0.496626,0.366474,0.49116,0.296039,0.333099,0.277627,0.169655,0.568681,0.51297,0.622304,0.314062,0.640652,0.172355,0,0,0,0,0,0,0,0,0,0,0,0,0,0,0.449203,0.224104,0.519679,0.245883,0.397121,0.327671,0.573256,0.338561
0.47065,0.251382,0.467572,0.504789,0.364961,0.502069,0.296037,0.338571,0.277643,0.185945,0.570216,0.518414,0.619251,0.319511,0.631492,0.21596,0.453794,0.965275,0.392521,0.94348,0,0,0,0,0,0,0,0,0,0,0.439993,0.235013,0.508931,0.248603,0.392509,0.352183,0.568678,0.341262
0.449187,0.273158,0.458397,0.52385,0.363418,0.523867,0.296041,0.357637,0.2761,0.20506,0.559481,0.526589,0.610022,0.344002,0.625355,0.194131,0.473712,0.989801,0.417035,0.993885,0,0,0,0,0.53498,0.978898,0,0,0,0,0.418565,0.254162,0.489023,0.251371,0.372589,0.352188,0.557952,0.357652
0.444587,0.278657,0.455335,0.523859,0.363411,0.532011,0.296027,0.368549,0.274582,0.221387,0.556423,0.529299,0.61002,0.344025,0.625337,0.23232,0.470647,0.992522,0,0,0,0,0,0,0,0,0,0,0,0,0.410917,0.270469,0.484409,0.254099,0.364949,0.37129,0.554903,0.365799
0.435414,0.284086,0.453796,0.529328,0.361876,0.542939,0.299068,0.382177,0.273058,0.226869,0.554898,0.529292,0.610017,0.346748,0.620745,0.210499,0.475247,0.992523,0.417032,0.995253,0,0,0,0,0.541102,0.973443,0,0,0,0,0.406295,0.281348,0.476765,0.256838,0.368008,0.382171,0.55183,0.38216
0.435412,0.286775,0.455317,0.532028,0.3619,0.542944,0.2991,0.384904,0.274585,0.226861,0.55335,0.532027,0.610047,0.352193,0.620758,0.20506,0.476775,0.992527,0.418555,0.995254,0,0,0,0,0.541102,0.978905,0,0,0,0,0.404782,0.284111,0.476777,0.259545,0.368023,0.393079,0.553353,0.390318
0.438467,0.281374,0.458376,0.534753,0.363421,0.542944,0.297554,0.38217,0.277641,0.224128,0.557956,0.532041,0.614638,0.34948,0.62228,0.194163,0.479828,0.993888,0.418558,0.995252,0,0,0,0,0.545695,0.987078,0,0,0,0,0.407838,0.284106,0.481358,0.262278,0.371087,0.398535,0.554899,0.393078
0.438465,0.281316,0.45686,0.532044,0.363419,0.54566,0.299067,0.379452,0.277648,0.221373,0.557956,0.52933,0.617691,0.346757,0.62229,0.194139,0.478302,0.993888,0.418568,0.995252,0,0,0,0,0.539576,0.992522,0,0,0,0,0.409352,0.281342,0.481354,0.259546,0.371071,0.395792,0.556422,0.393039
0.432335,0.273183,0.45226,0.537493,0.360355,0.545636,0.296022,0.382171,0.274603,0.22411,0.551826,0.542915,0.57632,0.515699,0,0,0.475231,0.993887,0,0,0,0,0,0,0,0,0,0,0,0,0.406299,0.27864,0.478295,0.254071,0.369543,0.409432,0.553353,0.393068
0.426236,0.273181,0.455325,0.54021,0.363419,0.545655,0.296023,0.387619,0.274552,0.226871,0.551821,0.54294,0.610028,0.344034,0.623806,0.210511,0.476771,0.993887,0.413967,0.993889,0,0,0,0,0.538039,0.993887,0,0,0,0,0.404761,0.275914,0.478308,0.256818,0.371057,0.41214,0.550281,0.384884
0.421643,0.265001,0.450731,0.537471,0.357286,0.540199,0.291407,0.379459,0.269995,0.221399,0.550285,0.537479,0.602376,0.338582,0.610034,0.196906,0.476768,0.993889,0,0,0,0,0,0,0.534978,0.993889,0,0,0,0,0.398632,0.273137,0.472189,0.254087,0.361887,0.398516,0.545684,0.384904
0.421623,0.256805,0.449201,0.534761,0.357299,0.540197,0.288352,0.373971,0.268452,0.215972,0.542635,0.542925,0.602354,0.324921,0.60697,0.245914,0.475244,0.995252,0,0,0,0,0,0,0,0,0,0,0,0,0.398662,0.267693,0.470654,0.251346,0.363414,0.401259,0.544163,0.376727
0.417039,0.245934,0.446137,0.51839,0.358822,0.523871,0.286838,0.365807,0.265372,0.207749,0.541109,0.515686,0.594714,0.311336,0.605447,0.199599,0,0,0,0,0,0,0,0,0,0,0,0,0,0,0.39097,0.251414,0.459905,0.235039,0.354233,0.368517,0.541111,0.365818
0.417024,0.248629,0.44461,0.507497,0.35729,0.521121,0.288348,0.365805,0.263865,0.202335,0.533444,0.502057,0.594724,0.303168,0.605448,0.191428,0,0,0,0,0,0,0,0,0,0,0,0,0,0,0.3971,0.248648,0.443087,0.245919,0.358845,0.360392,0.539578,0.352179
0.429293,0.232279,0.446128,0.518399,0.358833,0.521164,0.28988,0.363118,0.263877,0.19961,0.538039,0.52112,0.568669,0.474812,0,0,0,0,0,0,0,0,0,0,0,0,0,0,0,0,0.400179,0.2514,0.481358,0.229612,0.363441,0.368559,0.545696,0.354922
0.436961,0.237776,0.446125,0.5184,0.360367,0.521139,0.291405,0.363111,0.265384,0.202304,0.539566,0.523835,0.567154,0.469363,0,0,0,0,0,0,0,0,0,0,0,0,0,0,0,0,0.41244,0.245894,0.475234,0.235048,0.372607,0.338572,0.548762,0.354903
0.450725,0.248673,0.447678,0.523839,0.361895,0.526568,0.294481,0.371234,0.26997,0.207733,0.547227,0.529326,0.599322,0.30587,0.606972,0.13694,0,0,0,0,0,0,0,0,0,0,0,0,0,0,0.423162,0.248636,0.501259,0.248697,0.381803,0.341285,0.553342,0.360382
0.458367,0.251387,0.449209,0.523882,0.361906,0.529294,0.296031,0.371286,0.274546,0.210503,0.548754,0.537479,0.600835,0.31132,0.606958,0.139652,0,0,0,0,0,0,0,0,0,0,0,0,0,0,0.433882,0.248675,0.499748,0.254084,0.384869,0.346744,0.554906,0.35765
0.467582,0.256833,0.450739,0.540193,0.368004,0.534764,0.299106,0.374008,0.27766,0.21054,0.548753,0.559281,0.571743,0.493882,0,0,0,0,0,0,0,0,0,0,0,0,0,0,0,0,0.446133,0.251353,0.502809,0.267714,0.394056,0.341327,0.554886,0.371264
0.470642,0.259533,0.456853,0.548378,0.369547,0.54021,0.300605,0.376715,0.280697,0.210533,0.553353,0.567454,0.599306,0.314044,0.593203,0.120583,0,0,0,0,0,0,0,0,0,0,0,0,0,0,0.446127,0.254066,0.504336,0.27047,0.394068,0.352193,0.553356,0.376711
0.470631,0.270439,0.456854,0.54295,0.364966,0.542922,0.300636,0.384914,0.2807,0.221396,0.553361,0.559295,0.590131,0.341282,0.582474,0.128764,0,0,0,0,0,0,0,0,0,0,0,0,0,0,0.447653,0.25681,0.507397,0.278632,0.394053,0.365842,0.551812,0.387641
0.470629,0.270478,0.452262,0.551114,0.364946,0.551083,0.300609,0.390309,0.279169,0.224165,0.550283,0.567467,0.568659,0.518382,0,0,0,0,0,0,0,0,0,0,0,0,0,0,0,0,0.444601,0.262254,0.507395,0.281388,0.392515,0.373984,0.548749,0.395778
0.459932,0.273156,0.446149,0.553807,0.361893,0.551113,0.297569,0.393063,0.276118,0.232285,0.545697,0.57291,0.579389,0.333112,0.573271,0.139645,0,0,0,0,0,0,0,0,0,0,0,0,0,0,0.441548,0.256855,0.498208,0.28405,0.387934,0.376705,0.542618,0.393093
0.458397,0.270399,0.446139,0.545661,0.360347,0.551102,0.296019,0.395782,0.274593,0.232308,0.544165,0.562007,0.579383,0.333096,0.570203,0.13422,0,0,0,0,0,0,0,0,0,0,0,0,0,0,0.435422,0.264997,0.495139,0.281301,0.384878,0.382149,0.539575,0.395784
0.45074,0.251409,0.444593,0.542942,0.357295,0.542926,0.292949,0.387603,0.269975,0.221412,0.542632,0.559293,0.553366,0.515666,0,0,0.4155,0.940754,0,0,0,0,0,0,0,0,0,0,0,0,0.424703,0.25684,0.49361,0.267717,0.377222,0.395763,0.533441,0.374013
0.447679,0.248635,0.443066,0.534763,0.354238,0.53748,0.289921,0.382145,0.268459,0.213263,0.539578,0.551118,0.551821,0.510206,0,0,0,0,0,0,0,0,0,0,0,0,0,0,0,0,0.421618,0.254124,0.493598,0.259552,0.375675,0.3876,0.531903,0.371275
0.446112,0.232361,0.430822,0.521102,0.349649,0.526567,0.286827,0.376701,0.265372,0.207821,0.525799,0.529301,0.548768,0.491121,0,0,0,0,0,0,0,0,0,0,0,0,0,0,0,0,0.418571,0.251387,0.487496,0.251417,0.374121,0.384902,0.525798,0.365842
0.443091,0.232331,0.429282,0.521122,0.349623,0.529275,0.285308,0.376691,0.263833,0.210504,0.525786,0.540204,0.547217,0.488394,0,0,0,0,0,0,0,0,0,0,0,0,0,0,0,0,0.413954,0.251394,0.484417,0.251399,0.372584,0.38761,0.525773,0.371259
0.44153,0.237761,0.432351,0.526583,0.348108,0.534767,0.279172,0.376713,0.260792,0.213258,0.533451,0.54837,0.544173,0.496606,0,0,0,0,0,0,0,0,0,0,0,0,0,0,0,0,0.410911,0.254073,0.48445,0.254086,0.369549,0.382144,0.522716,0.371284
0.439992,0.245907,0.429294,0.526591,0.345032,0.532004,0.279185,0.37673,0.260811,0.21323,0.52885,0.540196,0.544166,0.499334,0,0,0.430816,0.965273,0.340443,0.943474,0,0,0,0,0.502811,0.951651,0,0,0,0,0.412441,0.251397,0.478315,0.254093,0.371066,0.376703,0.521191,0.365827
0.439989,0.245934,0.429283,0.526566,0.346557,0.532014,0.279186,0.37944,0.262338,0.213259,0.525788,0.542912,0.542645,0.507489,0,0,0,0,0,0,0,0,0,0,0,0,0,0,0,0,0.41397,0.251413,0.475265,0.254101,0.371066,0.373997,0.52118,0.365841
0.439993,0.248579,0.430819,0.526598,0.34658,0.532012,0.280695,0.371293,0.265372,0.207764,0.527324,0.548371,0.54568,0.499312,0,0,0,0,0,0,0,0,0,0,0,0,0,0,0,0,0.410916,0.25409,0.476795,0.254081,0.371076,0.373992,0.522713,0.363104
0.438492,0.24865,0.432357,0.532005,0.348094,0.52932,0.285282,0.376717,0.265402,0.207762,0.530383,0.548373,0.54877,0.491201,0,0,0,0,0,0,0,0,0,0,0,0,0,0,0,0,0.41396,0.254085,0.475246,0.254116,0.372601,0.371301,0.524234,0.368538
0.43848,0.248626,0.432345,0.529293,0.349624,0.534765,0.285292,0.376719,0.265383,0.207811,0.530386,0.548373,0.548757,0.491152,0,0,0,0,0,0,0,0,0,0,0,0,0,0,0,0,0.412434,0.251453,0.475256,0.254126,0.369541,0.37672,0.524246,0.365806
0.435433,0.248617,0.432344,0.529288,0.349642,0.53476,0.286826,0.376733,0.265404,0.207791,0.530385,0.551115,0.547256,0.488469,0,0,0,0,0,0,0,0,0,0,0,0,0,0,0,0,0.410891,0.254134,0.478306,0.25682,0.363423,0.379464,0.524249,0.371269
0.435404,0.248667,0.433875,0.532024,0.351162,0.534777,0.288368,0.379437,0.266915,0.207824,0.528848,0.562004,0.547234,0.491117,0,0,0,0,0,0,0,0,0,0,0,0,0,0,0,0,0.409343,0.256824,0.478292,0.259531,0.361909,0.384892,0.524249,0.374012
0.433862,0.248703,0.435418,0.52931,0.351179,0.534754,0.289892,0.379411,0.26693,0.207765,0.525801,0.548383,0.547247,0.48843,0,0,0,0,0,0,0,0,0,0,0,0,0,0,0,0,0.409342,0.262284,0.473716,0.254155,0.369548,0.384875,0.524251,0.368536
0.432335,0.251332,0.432349,0.529317,0.35271,0.534759,0.289903,0.379458,0.26846,0.210492,0.525785,0.551113,0.547255,0.488409,0,0,0,0,0,0,0,0,0,0,0,0,0,0,0,0,0.407856,0.267754,0.473718,0.256801,0.371072,0.379416,0.525764,0.368544
0.42774,0.254092,0.438478,0.532041,0.354234,0.540221,0.291425,0.382153,0.273037,0.215945,0.530385,0.548371,0.551824,0.480248,0,0,0,0,0,0,0,0,0,0,0,0,0,0,0,0,0.403244,0.270447,0.472158,0.262262,0.369548,0.382138,0.525787,0.368535
0.424667,0.259572,0.438481,0.540196,0.357274,0.545662,0.291442,0.382167,0.274564,0.218645,0.531908,0.545643,0.55794,0.297695,0.536507,0.13422,0.466052,0.99525,0.400182,0.995251,0,0,0,0,0.527316,0.995249,0,0,0,0,0.40629,0.26772,0.470634,0.264952,0.367997,0.379416,0.524256,0.371259
0.421617,0.270468,0.440014,0.537473,0.355757,0.548374,0.29297,0.384902,0.276124,0.221413,0.536506,0.54292,0.554904,0.278628,0.525786,0.145121,0,0,0,0,0,0,0,0,0,0,0,0,0,0,0.401712,0.275879,0.467583,0.273127,0.372624,0.373975,0.525773,0.376725
0.420102,0.273212,0.438485,0.534756,0.351178,0.545636,0.291452,0.384909,0.279174,0.224116,0.534974,0.532037,0.556412,0.297667,0.522704,0.134247,0.458386,0.993885,0.394054,0.993889,0,0,0,0,0.525783,0.989797,0,0,0,0,0.398633,0.284083,0.466034,0.27323,0.361915,0.387636,0.52271,0.376687
0.4109,0.270451,0.43236,0.532041,0.348102,0.542943,0.292954,0.387616,0.280702,0.221432,0.52885,0.540215,0.554878,0.292241,0.518121,0.142391,0.453794,0.993886,0,0,0,0,0,0,0.522724,0.992521,0,0,0,0,0.386406,0.289558,0.458405,0.270499,0.3588,0.376743,0.519661,0.374004
0.407848,0.270499,0.43082,0.534761,0.349619,0.545628,0.291419,0.384892,0.279166,0.215951,0.527305,0.534768,0.550302,0.281348,0.510459,0.128768,0,0,0,0,0,0,0,0,0,0,0,0,0,0,0.383318,0.286792,0.455313,0.26776,0.357303,0.365853,0.512004,0.379443
0.404788,0.270411,0.430826,0.532038,0.348119,0.545629,0.288403,0.387593,0.276124,0.221408,0.525793,0.532038,0.547223,0.281352,0.501292,0.117847,0,0,0,0,0,0,0,0,0,0,0,0,0,0,0.387932,0.284044,0.455329,0.267707,0,0,0.507395,0.384876
0.400191,0.270418,0.432352,0.529292,0.349643,0.548352,0.28837,0.387589,0.276111,0.218642,0.525794,0.534748,0.545702,0.278638,0.502803,0.123307,0,0,0,0,0,0,0,0,0,0,0,0,0,0,0.397127,0.262301,0.45379,0.262301,0,0,0.505886,0.382172
0.39864,0.265008,0.426212,0.529296,0.345043,0.540208,0.285287,0.387623,0.279158,0.213228,0.522724,0.529315,0.541102,0.284088,0.49973,0.123309,0,0,0,0,0,0,0,0,0,0,0,0,0,0,0.381788,0.275872,0.452255,0.256854,0.372605,0.368547,0.502803,0.384879
0.401703,0.259567,0.427754,0.540195,0.346559,0.551118,0.282228,0.387639,0.282224,0.213262,0.524245,0.51842,0.539572,0.281338,0.496672,0.117868,0,0,0,0,0,0,0,0,0,0,0,0,0,0,0.374173,0.286832,0.449228,0.256863,0.386389,0.360388,0.496679,0.390327
0.390982,0.264992,0.420101,0.523866,0.338907,0.540187,0.282221,0.384872,0.300641,0.22684,0.513539,0.523857,0.533448,0.281346,0.49208,0.123293,0,0,0,0,0,0,0,0,0,0,0,0,0,0,0.390997,0.251346,0.446108,0.25952,0,0,0.493612,0.376718
0.397106,0.256864,0.423154,0.523863,0.340429,0.542934,0.285293,0.395767,0.306732,0.248629,0.518122,0.52384,0.533449,0.284085,0.490562,0.120605,0,0,0,0,0,0,0,0,0,0,0,0,0,0,0,0,0.446142,0.254166,0,0,0.496687,0.373992
0.395597,0.25957,0.42162,0.529287,0.338917,0.537482,0.28835,0.401261,0.3282,0.251354,0.513527,0.529292,0.539568,0.289545,0.492096,0.126046,0,0,0,0,0,0,0,0,0,0,0,0,0,0,0.360323,0.29501,0.44461,0.256835,0,0,0.496696,0.371244
0.395571,0.259543,0.423148,0.526598,0.340442,0.542943,0.288347,0.40396,0.345045,0.256816,0.515063,0.52657,0.542623,0.292265,0.493619,0.128775,0,0,0,0,0,0,0,0,0,0,0,0,0,0,0.360374,0.28409,0.446164,0.262265,0,0,0.49515,0.374008
0.390991,0.270428,0.421622,0.532048,0.335854,0.545619,0.276143,0.414871,0.345044,0.256825,0.516587,0.534765,0.541108,0.297717,0.496672,0.150541,0,0,0,0,0,0,0,0,0,0,0,0,0,0,0.360331,0.295006,0.444604,0.27044,0,0,0.493595,0.371258
0.391003,0.27042,0.420086,0.529321,0.334314,0.548395,0.276087,0.420275,0.349635,0.254099,0.512003,0.526573,0.538028,0.297691,0.496681,0.153284,0,0,0,0,0,0,0,0,0,0,0,0,0,0,0.360331,0.305883,0.444573,0.270461,0,0,0.490551,0.368542
0.392524,0.270415,0.417038,0.526602,0.331259,0.548348,0.271529,0.423037,0.358827,0.267723,0.508957,0.526558,0.530384,0.294969,0.495162,0.158697,0,0,0,0,0,0,0,0,0,0,0,0,0,0,0.358803,0.286797,0.443061,0.267733,0,0,0.487488,0.371269
0.395573,0.265021,0.417029,0.526583,0.33124,0.542919,0.269997,0.423019,0.351176,0.270457,0.508951,0.523865,0.527318,0.286781,0.496667,0.158713,0,0,0,0,0,0,0,0,0,0,0,0,0,0,0.360374,0.292257,0.444574,0.267705,0,0,0.493604,0.371249
0.394054,0.270432,0.412442,0.521155,0.326658,0.537503,0.26232,0.428504,0.325142,0.330393,0.507403,0.518401,0.525773,0.297706,0.495173,0.161414,0.426223,0.992525,0.363415,0.993886,0,0,0,0,0,0,0,0,0,0,0.363422,0.289514,0.446109,0.262283,0,0,0.492078,0.35492
0.394044,0.270428,0.412446,0.521132,0.326646,0.534784,0.259272,0.431199,0.358831,0.273178,0.505871,0.518412,0.521202,0.480237,0.495172,0.166927,0.421623,0.981622,0,0,0,0,0,0,0.481368,0.970715,0,0,0,0,0.366489,0.262283,0.444585,0.259552,0,0,0.485973,0.35221
0.390974,0.259547,0.409379,0.515666,0.3236,0.529312,0.253126,0.433925,0.343501,0.284078,0.504328,0.507498,0.510475,0.256837,0.493616,0.147817,0.444602,0.993885,0.378734,0.993891,0,0,0,0,0.499749,0.976179,0,0,0,0,0.364947,0.251411,0.440019,0.251415,0,0,0.484417,0.346723
0.389477,0.256825,0.407836,0.507511,0.323571,0.529285,0.253128,0.428513,0.341992,0.289531,0.501287,0.491154,0.515061,0.262272,0,0,0.436948,0.993886,0.375674,0.993891,0,0,0,0,0.496686,0.987075,0,0,0,0,0.363425,0.254096,0.438482,0.251307,0,0,0.479835,0.338597
0.386409,0.251373,0.410909,0.491155,0.325112,0.518439,0.248546,0.423039,0.352702,0.259558,0.504333,0.480264,0.521198,0.442118,0.499736,0.136927,0.430816,0.973455,0.372608,0.984349,0,0,0,0,0.499741,0.973452,0,0,0,0,0.368016,0.259566,0.441524,0.243185,0,0,0.484428,0.327681
0.387924,0.245919,0.41245,0.485694,0.326652,0.512938,0.248525,0.412142,0.352695,0.256826,0.505864,0.466651,0.527334,0.259538,0.504346,0.131468,0.441541,0.992524,0.377203,0.99389,0,0,0,0,0.499751,0.984346,0,0,0,0,0.374142,0.221423,0.438483,0.226897,0,0,0.490546,0.314052
0.3864,0.226874,0.418557,0.480232,0.332783,0.49119,0.250085,0.40397,0.34658,0.262269,0.505875,0.458458,0.548769,0.221399,0.521184,0.117861,0.443072,0.970724,0,0,0,0,0,0,0.502812,0.940758,0,0,0,0,0.381796,0.215927,0.43846,0.213255,0,0,0.490544,0.324936
0.384847,0.226893,0.420099,0.477526,0.331259,0.49115,0.250081,0.403956,0.34505,0.27048,0.508951,0.455746,0.551833,0.229579,0.52425,0.120572,0.440002,0.989798,0.374144,0.989798,0,0,0,0,0.499748,0.965274,0,0,0,0,0.380274,0.215976,0.436933,0.210511,0,0,0.485976,0.31404
0.384853,0.224158,0.420106,0.477504,0.331248,0.488461,0.250054,0.406725,0.345043,0.275895,0.510462,0.461194,0.556407,0.243198,0.548773,0.218687,0.441537,0.989798,0.374145,0.989799,0,0,0,0,0.502806,0.96255,0,0,0,0,0.392523,0.202331,0.433889,0.207738,0,0,0.492104,0.300419
0.383311,0.224146,0.420095,0.474821,0.329712,0.48847,0.250044,0.406715,0.340442,0.28137,0.508953,0.461202,0.553356,0.297708,0.550285,0.221426,0.438473,0.965275,0.372616,0.984347,0,0,0,0,0.502806,0.94348,0,0,0,0,0.394038,0.196891,0.433879,0.205081,0,0,0.498202,0.308591
0.381782,0.226815,0.420097,0.474802,0.328205,0.488462,0.246994,0.409415,0.340442,0.281357,0.508936,0.45574,0.553373,0.251357,0.548753,0.21051,0.440009,0.957103,0.37414,0.992522,0,0,0,0,0.50281,0.938026,0,0,0,0,0.378735,0.21324,0.432358,0.205043,0,0,0.498204,0.294986
0.380271,0.226821,0.418556,0.477538,0.328197,0.488473,0.245457,0.412122,0.345035,0.273194,0.507419,0.463898,0.550301,0.237746,0,0,0.436942,0.962553,0.372613,0.9898,0,0,0,0,0.501282,0.946196,0,0,0,0,0.377212,0.215939,0.433863,0.205054,0,0,0.499744,0.300417
0.381799,0.224173,0.418561,0.474804,0.328205,0.488484,0.243944,0.40673,0.335855,0.286787,0.507415,0.458447,0.550298,0.243205,0,0,0.440011,0.959827,0.372614,0.978899,0,0,0,0,0.505871,0.938018,0,0,0,0,0,0,0.433898,0.20507,0,0,0.496667,0.300396
0.378738,0.224164,0.417033,0.480233,0.328191,0.488433,0.243951,0.406676,0.338929,0.281342,0.507401,0.463917,0.548754,0.218672,0,0,0.447656,0.948936,0.380269,0.989798,0,0,0,0,0.515066,0.932568,0,0,0,0,0.380273,0.207785,0.435389,0.204979,0,0,0.492097,0.308576
0.375691,0.22417,0.415511,0.472089,0.328193,0.485731,0.242411,0.401216,0.338905,0.278618,0.507387,0.461194,0.544181,0.218686,0,0,0.446135,0.948935,0.375678,0.973453,0,0,0,0,0.515064,0.927127,0,0,0,0,0.381799,0.199621,0.435397,0.20232,0,0,0.493623,0.303141
0.377198,0.224128,0.413979,0.474793,0.326667,0.485684,0.2424,0.398554,0.335867,0.278599,0.505882,0.463907,0.544171,0.232302,0,0,0.4446,0.957102,0.377199,0.992522,0,0,0,0,0.512001,0.929847,0,0,0,0,0.384862,0.19689,0.435409,0.202323,0,0,0.490546,0.297723
0.37568,0.229602,0.410907,0.480225,0.325128,0.485731,0.239369,0.398469,0.341984,0.270427,0.504349,0.472089,0.544162,0.235034,0,0,0.427763,0.965262,0.366487,0.970723,0,0,0,0,0.501273,0.940745,0,0,0,0,0.378745,0.213223,0.4339,0.20783,0,0,0.492062,0.300422
0.377213,0.229625,0.409382,0.474807,0.325122,0.485737,0.237825,0.395792,0.338931,0.278626,0.5028,0.463926,0.544166,0.237752,0,0,0.432346,0.948919,0.36802,0.957098,0,0,0,0,0.504335,0.927127,0,0,0,0,0.37721,0.215958,0.433894,0.213212,0,0,0.487491,0.297712
0.375655,0.235025,0.40783,0.477535,0.322071,0.485684,0.234764,0.395802,0.338916,0.278639,0.499749,0.474795,0.54417,0.248642,0,0,0.435409,0.943484,0.369553,0.959828,0,0,0,0,0.499752,0.916226,0,0,0,0,0.3726,0.22411,0.430829,0.215956,0,0,0.482879,0.303169
0.375662,0.235009,0.406308,0.477523,0.318998,0.485674,0.230147,0.393051,0.337376,0.278662,0.49975,0.472076,0.541093,0.251385,0,0,0.429289,0.954373,0.366486,0.967996,0,0,0,0,0.501273,0.935292,0,0,0,0,0.377193,0.215939,0.432327,0.215937,0,0,0.482898,0.300408
0.374134,0.232311,0.401714,0.474797,0.312877,0.485663,0.225573,0.39303,0.335843,0.281315,0.493624,0.466629,0.538047,0.256825,0.539557,0.24865,0.432344,0.946204,0.366484,0.965272,0,0,0,0,0.499747,0.93258,0,0,0,0,0.363413,0.226854,0.430819,0.218712,0,0,0.478316,0.308606
0.372617,0.235041,0.400184,0.477523,0.311336,0.485707,0.224037,0.393038,0.3374,0.275929,0.4921,0.472097,0.53498,0.303139,0.536502,0.237749,0.430813,0.948935,0.368008,0.976176,0,0,0,0,0.499747,0.93258,0,0,0,0,0.372618,0.215961,0.424661,0.224153,0,0,0.47523,0.300437
0.360341,0.25134,0.395585,0.469397,0.308288,0.48567,0.219449,0.393059,0.33431,0.286832,0.484422,0.466644,0.519663,0.384892,0.52579,0.229581,0.432344,0.954373,0.354226,0.967999,0,0,0,0,0.502814,0.927124,0,0,0,0,0.360365,0.229616,0.386409,0.248657,0,0,0.455313,0.303144
0.360364,0.251373,0.383334,0.469352,0.303684,0.477518,0.216391,0.384901,0.326685,0.297672,0.469109,0.461207,0,0,0,0,0.395581,0.968006,0.32972,0.965274,0,0,0,0,0,0,0,0,0,0,0.364954,0.232287,0.387917,0.251343,0,0,0.447658,0.316786
0.364955,0.248633,0.381804,0.477519,0.302157,0.474806,0.216354,0.38487,0.326664,0.297703,0.469103,0.461195,0.522717,0.373989,0.518129,0.226863,0.417031,0.993886,0.346572,0.992524,0,0,0,0,0,0,0,0,0,0,0.364957,0.232307,0.391007,0.248648,0.36802,0.259549,0.450741,0.316793
0.372628,0.245943,0.386398,0.485705,0.305225,0.480262,0.214858,0.384871,0.329733,0.297706,0.472169,0.491168,0,0,0,0,0,0,0,0,0,0,0,0,0,0,0,0,0,0,0.3573,0.251421,0.404787,0.243228,0,0,0.522713,0.401273
0.366494,0.240461,0.387925,0.482994,0.305223,0.482986,0.216382,0.38222,0.331259,0.295018,0.473699,0.496606,0,0,0,0,0,0,0,0,0,0,0,0,0,0,0,0,0,0,0.473706,0.286807,0.386424,0.254068,0.372594,0.286814,0,0
0.397105,0.199597,0.433872,0.466617,0.338899,0.420309,0.233223,0.311335,0.360338,0.22685,0.511997,0.485708,0.444593,0.442094,0,0,0.368016,0.984347,0.303677,0.932576,0,0,0,0,0,0,0,0,0,0,0.409368,0.145097,0.519641,0.224178,0.397081,0.226924,0.545694,0.338593
0.400171,0.199578,0.433868,0.469344,0.341967,0.423026,0.236282,0.311341,0.357296,0.22687,0.498205,0.654645,0,0,0,0,0.358827,0.981621,0,0,0,0,0,0,0,0,0,0,0,0,0.410916,0.142394,0.444608,0.177815,0.397064,0.226838,0,0
0.407848,0.191399,0.435413,0.46391,0.346573,0.409449,0.239343,0.314042,0.364945,0.224133,0.524252,0.472099,0,0,0,0,0,0,0,0,0,0,0,0,0,0,0,0,0,0,0.418563,0.136905,0.476787,0.158765,0.409369,0.207753,0.548765,0.322214
