0.398669,0.191461,0.449187,0.344054,0.38333,0.341301,0.357293,0.196851,0.360378,0.0579279,0.524249,0.34128,0.577862,0.188679,0.539571,0.0715422,0,0,0,0,0,0,0,0,0,0,0,0,0,0,0.391009,0.158678,0.439997,0.17505,0,0,0.512008,0.232353
0.395605,0.2105,0.441535,0.384912,0.372607,0.360357,0.349629,0.215967,0.358825,0.0742098,0.504345,0.403972,0,0,0,0,0,0,0,0,0,0,0,0,0,0,0,0,0,0,0.38489,0.169605,0.435412,0.194154,0,0,0.507432,0.254087
0.387932,0.224119,0.456862,0.395801,0.364965,0.374019,0.337396,0.207817,0.348126,0.0770601,0.582466,0.406707,0.772396,0.548407,0.636069,0.643747,0,0,0,0,0,0,0,0,0,0,0,0,0,0,0.377194,0.188689,0.42469,0.205032,0,0,0.501278,0.235042
0.395567,0.229626,0.447663,0.398526,0.372591,0.382144,0.34199,0.22413,0.360347,0.1043,0.541105,0.398507,0,0,0,0,0,0,0,0,0,0,0,0,0,0,0,0,0,0,0.384863,0.191426,0.433875,0.218658,0,0,0.505881,0.281318
0.395604,0.248671,0.450735,0.395798,0.377214,0.395781,0.345023,0.226904,0.374129,0.123292,0.527311,0.390323,0.58554,0.275871,0.547212,0.183202,0,0,0,0,0,0,0,0,0,0,0,0,0,0,0.38642,0.207825,0.433859,0.229598,0,0,0.507385,0.292243
0.398654,0.251331,0.452267,0.403987,0.383327,0.401273,0.354208,0.245947,0.386403,0.123366,0.525798,0.406681,0.596275,0.284116,0.559498,0.199628,0,0,0,0,0,0,0,0,0,0,0,0,0,0,0.392526,0.205082,0.43999,0.235032,0,0,0.513532,0.292189
0.407838,0.251417,0.470636,0.412123,0.395602,0.401222,0.354243,0.245945,0.391002,0.123343,0.533447,0.420318,0,0,0,0,0,0,0,0,0,0,0,0,0,0,0,0,0,0,0.397102,0.213224,0.447636,0.24593,0,0,0.52118,0.29492
0.409355,0.251339,0.461446,0.409418,0.400171,0.384917,0.340456,0.27596,0.386373,0.215975,0.518121,0.444853,0.481367,0.611058,0.574806,0.469405,0,0,0,0,0,0,0,0,0,0,0,0,0,0,0.401729,0.205037,0.449213,0.237741,0,0,0.521173,0.278665
0.407811,0.164234,0.49056,0.344021,0.426224,0.354914,0.371056,0.379415,0.394071,0.226895,0.544167,0.330399,0,0,0,0,0.522726,0.760906,0.456862,0.769091,0.377211,0.744562,0.541106,0.883521,0.580935,0.74729,0.708068,0.706439,0.706524,0.929856,0.410926,0.128758,0.446124,0.15599,0,0,0.528836,0.199603
0.407822,0.156009,0.498211,0.341273,0.426219,0.352179,0.361898,0.401244,0.394059,0.237774,0.554879,0.32223,0.553367,0.338587,0.551834,0.256818,0.515065,0.755469,0.443067,0.771817,0,0,0,0,0.580926,0.730944,0.720325,0.703709,0.712657,0.929856,0.410925,0.117825,0.446147,0.136929,0,0,0.531906,0.191399
0.412422,0.164214,0.49822,0.349483,0.432344,0.368547,0.374113,0.425783,0.397137,0.270405,0.564084,0.34128,0.564091,0.371255,0.576324,0.20778,0.538036,0.812686,0.473708,0.820859,0.395579,0.760897,0.49056,0.995249,0.602379,0.788155,0.726452,0.711875,0.72644,0.943494,0.418565,0.12332,0.453786,0.145092,0,0,0.544143,0.196861
0.420078,0.188773,0.505869,0.382143,0.443061,0.398506,0.387927,0.436652,0.397114,0.278611,0.568671,0.373998,0.580943,0.393052,0.594709,0.243213,0.557946,0.856281,0.501282,0.878088,0.38792,0.878083,0,0,0.614623,0.83447,0.726456,0.747274,0.731044,0.995269,0.42164,0.147859,0.458398,0.166882,0,0,0.553365,0.21866
0.423137,0.188704,0.507408,0.379437,0.443077,0.393061,0.387953,0.469392,0.395561,0.284087,0.571733,0.360376,0.58247,0.387607,0,0,0.548759,0.839931,0.481365,0.842656,0,0,0,0,0.611563,0.804518,0.732578,0.749999,0,0,0.42318,0.147864,0.459937,0.164212,0,0,0.556398,0.213211
0.423195,0.158695,0.498229,0.335828,0.429272,0.346762,0.384853,0.485657,0.387916,0.292213,0.570199,0.311315,0.587049,0.352201,0.587066,0.194158,0.548752,0.747295,0.49208,0.755451,0.531906,0.889,0,0,0.606968,0.717314,0.732592,0.703665,0.731042,0.96527,0.424689,0.112411,0.461482,0.131504,0,0,0.556393,0.175105
0.424698,0.150553,0.499744,0.319515,0.429294,0.343982,0.384884,0.482974,0.38642,0.286834,0.568681,0.305892,0.588574,0.346762,0.588591,0.18872,0.550284,0.736386,0.495144,0.75001,0.557946,0.880812,0,0,0.605435,0.714596,0.735644,0.673731,0.73256,0.938012,0.426199,0.106938,0.466046,0.12604,0,0,0.557935,0.164194
0.424702,0.161391,0.495155,0.333118,0.426244,0.344017,0.386375,0.49392,0.386417,0.300412,0.561022,0.31406,0.594707,0.365799,0.587047,0.196885,0.545697,0.739109,0.495147,0.752754,0.571741,0.878092,0,0,0.602372,0.714595,0.737171,0.676434,0.732563,0.943475,0.426216,0.115147,0.466049,0.136929,0,0,0.557931,0.17236
0.42319,0.161502,0.498221,0.335828,0.426239,0.346748,0.384845,0.502058,0.386408,0.300458,0.56867,0.314035,0.593163,0.373993,0.582484,0.205054,0.544157,0.755448,0.479829,0.760914,0.574811,0.886252,0,0,0.602372,0.722758,0.73256,0.687365,0.731029,0.946221,0.423185,0.120565,0.461478,0.13967,0,0,0.556417,0.1751
0.42009,0.164256,0.49514,0.33584,0.424699,0.352162,0.380253,0.510232,0.383342,0.308561,0.56409,0.311332,0.596239,0.390345,0.580955,0.207768,0.539576,0.752749,0.478306,0.769096,0.576332,0.905339,0,0,0.597779,0.728225,0.71112,0.739114,0.729511,0.978894,0.421596,0.1233,0.458418,0.145127,0,0,0.553367,0.180514
0.413969,0.104267,0.490571,0.278608,0.42163,0.297673,0.381814,0.46122,0.37875,0.259577,0.559478,0.256819,0.619244,0.384895,0.587048,0.191466,0.541112,0.687327,0.482885,0.706406,0.574798,0.861726,0,0,0.597786,0.662799,0.688156,0.709114,0.712662,0.948922,0.41703,0.0633757,0.458395,0.0797007,0,0,0.54725,0.12875
0.435414,0.096077,0.505868,0.284084,0.435407,0.292245,0.38946,0.46117,0.390989,0.259566,0.577872,0.275896,0.646788,0.461212,0.628394,0.308571,0.564081,0.690066,0.510474,0.717314,0.611563,0.71462,0.655983,0.993891,0.617685,0.665564,0.720319,0.630102,0.723389,0.899893,0.427766,0.0497274,0.481362,0.0715422,0,0,0.57327,0.134211
0.440012,0.0851469,0.505866,0.259561,0.42776,0.278637,0.374145,0.43396,0.391004,0.245932,0.585528,0.248666,0.645287,0.455731,0.637594,0.284062,0.57021,0.668278,0.516595,0.703697,0.619243,0.665538,0.682038,0.978906,0.625344,0.641036,0.72643,0.613789,0.717251,0.875382,0.4293,0.0415993,0.485971,0.0688111,0,0,0.573277,0.128765
0.432339,0.0905905,0.505862,0.262279,0.427744,0.275887,0.375661,0.439406,0.384861,0.251382,0.590116,0.256813,0.646804,0.439391,0.655983,0.264999,0.554893,0.665552,0.501285,0.700975,0.616173,0.706414,0.677429,0.995261,0.608503,0.641005,0.717257,0.635595,0.714202,0.886281,0.424685,0.0415544,0.478306,0.0715435,0,0,0.565617,0.134232
0.426226,0.0960679,0.505878,0.259557,0.426225,0.270451,0.374158,0.442126,0.375674,0.284096,0.593187,0.254136,0.646813,0.442094,0.660577,0.265003,0.548762,0.668278,0.496679,0.703698,0.617689,0.725505,0.675897,0.99525,0.605439,0.64374,0.712673,0.640999,0.717273,0.888995,0.424671,0.0470263,0.473693,0.0742814,0,0,0.561004,0.134226
0.423133,0.106994,0.507417,0.264995,0.424693,0.262284,0.323583,0.319521,0.197998,0.335793,0.591646,0.262267,0.648318,0.43938,0.668224,0.270434,0.55183,0.698245,0.496686,0.72549,0.614628,0.733672,0.65598,0.99525,0.610031,0.668258,0.711146,0.64921,0.721841,0.894448,0.420099,0.0687933,0.464509,0.0797414,0,0,0.557946,0.136913
0.423173,0.109671,0.50587,0.256848,0.424688,0.259546,0.328193,0.161493,0,0,0.590131,0.256831,0.649862,0.433968,0.668251,0.262294,0.554896,0.690077,0.499748,0.722762,0.616149,0.728222,0.655992,0.995252,0.611572,0.665537,0.712656,0.646475,0.720314,0.891719,0.421629,0.0661208,0.466057,0.0797002,0,0,0.557972,0.136903
0.424701,0.112422,0.504345,0.262291,0.427752,0.273169,0.360361,0.112393,0.322058,0.0197648,0.587055,0.254119,0.698885,0.311327,0.810683,0.251417,0.561021,0.700966,0.504347,0.730937,0.620775,0.714592,0.6667,0.995262,0.619227,0.665558,0.72644,0.638266,0.723378,0.894427,0.421599,0.0661149,0.469121,0.0851497,0,0,0.561025,0.139644
0.421634,0.115162,0.501271,0.284074,0.42623,0.289517,0.358827,0.11511,0,0,0.577862,0.256823,0.680508,0.153288,0.763207,0.00887179,0.550293,0.720039,0.504346,0.730936,0.573289,0.529285,0.663642,0.80178,0.606975,0.676442,0.741772,0.608338,0.712655,0.842663,0.413984,0.066082,0.464511,0.0960113,0,0,0.55795,0.147857
0.424675,0.13696,0.505881,0.303135,0.43082,0.303133,0.36801,0.126055,0,0,0.580939,0.273176,0.750963,0.0143168,0.666713,0.161491,0,0,0,0,0,0,0,0,0,0,0,0,0,0,0.420109,0.0905925,0.467592,0.115141,0,0,0.557977,0.166894
0.423149,0.147815,0.524261,0.305869,0.430811,0.3086,0.369539,0.128751,0,0,0.590117,0.289518,0.651386,0.112431,0,0,0,0,0,0,0,0,0,0,0,0,0,0,0,0,0.418549,0.104206,0.464523,0.126044,0,0,0.557971,0.169636
0.423162,0.13967,0.492086,0.297718,0.292959,0.25955,0,0,0,0,0.570213,0.292231,0.639113,0.0987741,0,0,0,0,0,0,0,0,0,0,0,0,0,0,0,0,0.420103,0.0851621,0.466054,0.117916,0,0,0.559508,0.166949
0.421637,0.136895,0.498223,0.29499,0.433879,0.292253,0.368012,0.0824499,0,0,0.573265,0.286802,0.640644,0.0987737,0,0,0,0,0,0,0,0,0,0,0,0,0,0,0,0,0.417035,0.0906,0.464513,0.115098,0,0,0.557979,0.166899
0.440008,0.126068,0.512,0.300431,0.44154,0.303162,0.372631,0.117855,0,0,0.587059,0.289535,0.642179,0.101527,0,0,0,0,0,0,0,0,0,0,0,0,0,0,0,0,0.430818,0.0797244,0.482906,0.109653,0,0,0.571719,0.172362
0.435433,0.0988197,0.501283,0.270454,0.436945,0.270448,0.371078,0.0987961,0,0,0.576324,0.267716,0.634538,0.0742641,0,0,0,0,0,0,0,0,0,0,0,0,0,0,0,0,0.427738,0.0579251,0.478308,0.0769921,0,0,0.565625,0.145124
0.423198,0.0551955,0.496684,0.243192,0.432349,0.237754,0.369546,0.0606345,0,0,0.567137,0.224125,0.625341,0.0279366,0,0,0,0,0,0,0,0,0,0,0,0,0,0,0,0,0.421604,0.00893052,0.470634,0.038857,0,0,0.55641,0.104282
0.440004,0.0687663,0.501271,0.256822,0.440008,0.248645,0,0,0,0,0.571737,0.235038,0.629951,0.0443148,0,0,0,0,0,0,0,0,0,0,0,0,0,0,0,0,0.42774,0.0115908,0.481366,0.0496933,0,0,0.568664,0.10968
0.44765,0.0988469,0.510467,0.297694,0.424681,0.278613,0,0,0,0,0.591653,0.267732,0.875027,0.540204,0.924046,0.831756,0,0,0,0,0,0,0,0,0,0,0,0,0,0,0.440021,0.0551819,0.490543,0.0770063,0,0,0.571749,0.142393
0.446144,0.142417,0.504333,0.308577,0.426218,0.314035,0.394047,0.158711,0,0,0.580934,0.292235,0.626869,0.112437,0,0,0,0,0,0,0,0,0,0,0,0,0,0,0,0,0.430817,0.104259,0.487496,0.120628,0,0,0.56562,0.183282
0.441555,0.155978,0.499733,0.31677,0.426213,0.333116,0.384863,0.158719,0.372623,0.0143228,0.573274,0.303159,0.613109,0.13695,0,0,0,0,0,0,0,0,0,0,0,0,0,0,0,0,0.424716,0.112434,0.481367,0.131477,0,0,0.557983,0.183255
0.438488,0.158712,0.496684,0.32223,0.42469,0.333105,0.383329,0.158738,0.371075,0.0143026,0.574803,0.305866,0.610031,0.147848,0.626887,0.0116296,0,0,0,0,0,0,0,0,0,0,0,0,0,0,0.424697,0.115145,0.479816,0.13689,0,0,0.557949,0.191469
0.42929,0.169655,0.499738,0.330392,0.426228,0.341311,0.387918,0.207779,0.36343,0.0306586,0.568669,0.297703,0.608479,0.147837,0.623805,0.00889461,0,0,0,0,0,0,0,0,0,0,0,0,0,0,0.420083,0.128771,0.472185,0.145109,0,0,0.553373,0.191428
0.42621,0.185934,0.495155,0.327684,0.42622,0.34132,0.37566,0.169642,0.369541,0.0143108,0.56867,0.305859,0.60698,0.147823,0.610031,0.0089253,0.528851,0.758184,0.472179,0.758187,0.456858,0.801784,0.357289,0.995248,0.579401,0.728219,0.642197,0.736381,0.803041,0.812676,0.421606,0.136943,0.469101,0.158728,0,0,0.551821,0.196891
0.423133,0.180514,0.49056,0.314054,0.423137,0.319494,0.366495,0.164215,0.372581,0.0170299,0.559499,0.300439,0.60694,0.142365,0.594707,0.0224714,0.502811,0.728213,0.4446,0.690066,0,0,0,0,0.554886,0.739114,0,0,0,0,0.412459,0.139645,0.459917,0.153263,0,0,0.545691,0.196847
0.424663,0.180485,0.504331,0.314009,0.430817,0.316763,0.375704,0.158677,0.410888,0.0470279,0.570221,0.297703,0.613087,0.145126,0.593213,0.0251962,0,0,0,0,0,0,0,0,0,0,0,0,0,0,0.418555,0.142396,0.459903,0.150565,0,0,0.553374,0.194191
0.424685,0.169629,0,0,0,0,0,0,0,0,0,0,0,0,0,0,0,0,0,0,0,0,0,0,0,0,0,0,0,0,0.418572,0.13145,0.464502,0.14782,0,0,0.553353,0.199589
0.424719,0.185935,0.504343,0.365814,0.435418,0.333104,0.380253,0.155996,0.41552,0.060659,0.561025,0.423034,0,0,0,0,0,0,0,0,0,0,0,0,0,0,0,0,0,0,0.421609,0.139692,0.464513,0.161414,0,0,0.554864,0.205109
0.429299,0.186052,0.502808,0.324952,0.43387,0.333098,0.381813,0.15601,0.415494,0.0660968,0.576326,0.31676,0.619239,0.161443,0.631459,0.00883271,0.516597,0.70096,0.467577,0.692792,0,0,0,0,0,0,0,0,0,0,0.42318,0.150555,0.469097,0.161466,0,0,0.554887,0.207828
0.433898,0.191387,0.502805,0.330417,0.433893,0.335855,0.384886,0.156019,0.421637,0.0687795,0.576316,0.31404,0.622283,0.164147,0.628443,0.0075051,0.518129,0.690068,0,0,0,0,0,0,0,0,0,0,0,0,0.424723,0.156018,0.473704,0.16422,0,0,0.557938,0.215974
0.443052,0.188702,0.505872,0.324949,0.436958,0.335828,0.389443,0.15599,0.42471,0.068794,0.580911,0.311318,0.625353,0.16151,0.628393,0.00613416,0.528857,0.6601,0.478307,0.662825,0,0,0,0,0,0,0,0,0,0,0.429286,0.156005,0.481369,0.164212,0,0,0.564088,0.215965
0.449206,0.183289,0.501279,0.330405,0.432348,0.338543,0.394071,0.145131,0.426241,0.0633721,0.579388,0.311295,0.620756,0.161472,0.620748,0.00748928,0,0,0,0,0,0,0,0,0,0,0,0,0,0,0.435386,0.153263,0.492087,0.164139,0,0,0.570182,0.218684
0.447701,0.169642,0.496698,0.316806,0.424697,0.322245,0.39253,0.156006,0.424674,0.0606653,0.577851,0.303171,0.622274,0.16421,0.616159,0.00748506,0,0,0,0,0,0,0,0,0,0,0,0,0,0,0.432346,0.15055,0.489031,0.155998,0,0,0.567137,0.215955
0.410914,0.161436,0.47523,0.354925,0,0,0,0,0,0,0.556414,0.319491,0.617672,0.161512,0.602364,0.0143123,0,0,0,0,0,0,0,0,0,0,0,0,0,0,0.409399,0.120563,0.449215,0.142438,0,0,0.538027,0.205093
0.409346,0.161409,0.487488,0.333103,0.412446,0.324957,0,0,0,0,0.559476,0.311352,0.614628,0.161521,0.602363,0.0197567,0,0,0,0,0,0,0,0,0,0,0,0,0,0,0.409374,0.120583,0.446159,0.145088,0,0,0.531929,0.207784
0.409349,0.153282,0.478311,0.327659,0.410891,0.330376,0,0,0,0,0.559476,0.300432,0.613083,0.156014,0.600853,0.0197507,0,0,0,0,0,0,0,0,0,0,0,0,0,0,0.410899,0.10699,0.447666,0.139673,0,0,0.530399,0.207769
0.409336,0.142401,0.482891,0.324941,0.418558,0.322233,0.368031,0.188718,0.395545,0.0797325,0.550291,0.30314,0.608505,0.136973,0.579413,0.0333781,0,0,0,0,0,0,0,0,0,0,0,0,0,0,0.410893,0.104223,0.447657,0.131489,0,0,0.525807,0.205092
0.403246,0.142422,0.473688,0.319514,0.409366,0.327686,0.358817,0.196868,0.389492,0.0960036,0.475236,0.335839,0,0,0,0,0,0,0,0,0,0,0,0,0,0,0,0,0,0,0.409361,0.106951,0.44612,0.136932,0,0,0.522724,0.215929
0.40476,0.153272,0.46911,0.311329,0.409367,0.327661,0.358782,0.19964,0.395555,0.0797751,0.504343,0.292281,0.539564,0.289485,0.594722,0.164199,0,0,0,0,0,0,0,0,0,0,0,0,0,0,0.409406,0.117872,0.443058,0.142384,0,0,0.518125,0.213226
0.406281,0.16421,0.461463,0.319473,0.400174,0.341306,0.355773,0.213206,0.403248,0.0688402,0.511988,0.294995,0.605477,0.205059,0,0,0,0,0,0,0,0,0,0,0,0,0,0,0,0,0.415489,0.134181,0.443061,0.161378,0,0,0.519633,0.224177
0.406303,0.18049,0.459919,0.324937,0.403243,0.346761,0.349638,0.226836,0.394073,0.0933336,0.502811,0.308556,0.600855,0.221366,0,0,0,0,0,0,0,0,0,0,0,0,0,0,0,0,0.413974,0.147824,0.443061,0.166892,0,0,0.519652,0.240454
0.409402,0.186048,0.458401,0.319524,0.407843,0.333096,0.338927,0.229583,0.410926,0.112393,0.507409,0.311306,0.605447,0.229634,0.539572,0.297716,0,0,0,0,0,0,0,0,0,0,0,0,0,0,0.413989,0.15329,0.446108,0.180529,0,0,0.522725,0.248621
0.410886,0.191388,0.455326,0.319519,0.400174,0.333095,0.335851,0.22684,0.420099,0.120563,0.513522,0.311329,0.606957,0.243202,0.54111,0.305872,0,0,0,0,0,0,0,0,0,0,0,0,0,0,0.415505,0.158665,0.446115,0.18593,0,0,0.521202,0.248597
0.412426,0.191426,0.466057,0.33309,0.412451,0.338541,0.340469,0.23504,0.423133,0.139694,0.524255,0.324938,0.617718,0.254164,0.548759,0.314029,0,0,0,0,0,0,0,0,0,0,0,0,0,0,0.418571,0.156043,0.449224,0.183197,0,0,0.533444,0.243227
0.420101,0.202352,0.478293,0.352196,0.424696,0.343998,0.351184,0.256814,0.424684,0.161431,0.531921,0.346728,0.629956,0.286772,0.557962,0.324938,0,0,0,0,0,0,0,0,0,0,0,0,0,0,0.423143,0.161521,0.458417,0.188737,0,0,0.542648,0.251355
0.42469,0.226802,0.481368,0.368539,0.430827,0.363098,0.364965,0.295017,0.42315,0.207784,0.544152,0.371234,0.645264,0.33585,0.579398,0.267735,0,0,0,0,0,0,0,0,0,0,0,0,0,0,0.423191,0.188679,0.462977,0.207791,0,0,0.548762,0.270439
0.421599,0.226895,0.476763,0.398501,0.424699,0.363092,0.360314,0.294929,0,0,0.538036,0.373986,0.640678,0.354913,0.583989,0.28955,0,0,0,0,0,0,0,0,0,0,0,0,0,0,0.418565,0.186022,0.45992,0.210505,0,0,0.541121,0.275896
0.432346,0.213219,0.493618,0.374025,0.430818,0.368532,0.375659,0.281334,0.423166,0.196915,0.559496,0.373969,0.657549,0.387657,0.616172,0.308575,0,0,0,0,0,0,0,0,0,0,0,0,0,0,0.429272,0.166955,0.475264,0.202312,0,0,0.551832,0.270395
0.432353,0.207819,0.481373,0.365808,0.424712,0.365806,0.372593,0.278645,0.412439,0.21867,0.551825,0.36313,0.656001,0.390336,0.614635,0.305858,0,0,0,0,0,0,0,0,0,0,0,0,0,0,0.424723,0.166914,0.475228,0.199572,0,0,0.548767,0.2677
0.44305,0.188665,0.487487,0.352202,0.426231,0.349454,0.378756,0.270393,0.423172,0.215979,0.548771,0.357603,0.657551,0.38215,0.583993,0.267749,0.504331,0.673721,0,0,0,0,0,0,0,0,0,0,0,0,0.435438,0.147866,0.484416,0.180543,0,0,0.556422,0.25144
0.456843,0.180555,0.490565,0.354924,0.427763,0.354926,0.384836,0.273155,0.424704,0.205043,0.551832,0.354937,0.66057,0.379447,0.597782,0.275933,0,0,0,0,0,0,0,0,0,0,0,0,0,0,0.447675,0.142405,0.498229,0.175093,0,0,0.564073,0.254124
0.485981,0.183254,0.495169,0.363071,0.432351,0.349458,0,0,0,0,0.562547,0.363096,0.665179,0.371262,0.606983,0.284039,0.536507,0.725482,0.495149,0.779987,0,0,0,0,0.57634,0.671,0.674361,0.777274,0.855122,0.818124,0.472175,0.147871,0.528845,0.185999,0.435433,0.186022,0.580899,0.273186
0.490537,0.18875,0.496699,0.365818,0.441538,0.344001,0.410914,0.251384,0.449187,0.245927,0.562549,0.37125,0.663639,0.365794,0.613104,0.29497,0,0,0,0,0,0,0,0,0,0,0,0,0,0,0.473716,0.158704,0.531888,0.191473,0.444611,0.191444,0.579422,0.281361
0.478322,0.218688,0.493627,0.371278,0.436944,0.365829,0,0,0,0,0.556417,0.376717,0.642214,0.333074,0.582463,0.278589,0.510474,0.703689,0.472176,0.733665,0,0,0,0,0.556421,0.668265,0,0,0,0,0.461454,0.183238,0.521213,0.21598,0.432349,0.205054,0.573288,0.281322
0.476761,0.224142,0.492086,0.390355,0.435409,0.360356,0,0,0,0,0.550301,0.387597,0.611556,0.319498,0,0,0,0,0,0,0,0,0,0,0,0,0,0,0,0,0.459935,0.185961,0.519667,0.221379,0.426219,0.202337,0.571759,0.281332
0.478317,0.229649,0.490543,0.412125,0.443071,0.373979,0,0,0,0,0.556417,0.39306,0,0,0,0,0,0,0,0,0,0,0,0,0,0,0,0,0,0,0.459945,0.191449,0.519673,0.224141,0.426222,0.213205,0.570205,0.286807
0.48138,0.226902,0.498218,0.387625,0.429288,0.365827,0,0,0,0,0.556426,0.393048,0,0,0,0,0,0,0,0,0,0,0,0,0,0,0,0,0,0,0.461477,0.188755,0.522711,0.218658,0.427756,0.210513,0.579379,0.273224
0.473719,0.213243,0.495153,0.376722,0.440006,0.365831,0.407822,0.294951,0,0,0.554882,0.37125,0.596255,0.300418,0,0,0.547239,0.774543,0.501284,0.815408,0.426233,0.703701,0.565614,0.744577,0.591659,0.728221,0.669778,0.613768,0.706542,0.820871,0.458351,0.180534,0.5105,0.204992,0.429282,0.205035,0.570197,0.26769
0.472157,0.205081,0.493632,0.368547,0.433882,0.360346,0.406294,0.286766,0.423175,0.226829,0.554883,0.357645,0.611572,0.303138,0,0,0.544175,0.766363,0.495159,0.809946,0.429275,0.703715,0.574809,0.750033,0.594712,0.722778,0.669764,0.613788,0.705016,0.820868,0.453799,0.169618,0.508968,0.194195,0.423162,0.202325,0.573259,0.254106
0.456857,0.205095,0.504334,0.363092,0.433875,0.3631,0.394074,0.294932,0,0,0.556417,0.35493,0.608505,0.316771,0,0,0.553364,0.779991,0.507404,0.820856,0.43082,0.703712,0.583991,0.728195,0.60391,0.725479,0.675913,0.60832,0.708082,0.812686,0.446135,0.161476,0.496695,0.194166,0,0,0.567145,0.251434
0.456831,0.207754,0.495154,0.365788,0.441545,0.368534,0.397086,0.305872,0,0,0.548766,0.357657,0.613099,0.31404,0.599312,0.23775,0.564086,0.788165,0.513535,0.818126,0.438466,0.700999,0.591644,0.725467,0.610027,0.736384,0.68204,0.611074,0.714201,0.831777,0.446106,0.164214,0.496692,0.199564,0,0,0.568647,0.25411
0.446102,0.21323,0.492097,0.387599,0.433882,0.387638,0.397133,0.335816,0,0,0.548755,0.365819,0.614631,0.338541,0.599316,0.262277,0.570203,0.801793,0.524256,0.839941,0.435421,0.706427,0.587055,0.73638,0.610042,0.744572,0.685082,0.627401,0.718792,0.861731,0.435428,0.175093,0.489015,0.205069,0,0,0.561016,0.264983
0.438465,0.207777,0.49363,0.382167,0.440014,0.376722,0.394046,0.33582,0,0,0.547235,0.360367,0.6085,0.330412,0,0,0.557962,0.78818,0.511996,0.815422,0.436943,0.703655,0.593171,0.722788,0.608511,0.736387,0.689658,0.619188,0.7142,0.853545,0.429302,0.166914,0.479823,0.196871,0,0,0.557941,0.254133
0.424675,0.196917,0.49515,0.363093,0.433893,0.379441,0.401722,0.338653,0,0,0.553361,0.346734,0.643713,0.34673,0.59625,0.205046,0.57786,0.758202,0.528853,0.796336,0.446149,0.654649,0.603915,0.670973,0.622283,0.709135,0.700388,0.591988,0.72339,0.839971,0.423129,0.158737,0.466041,0.177822,0,0,0.551821,0.226879
0.42164,0.194122,0.499736,0.363114,0.439997,0.382198,0.410921,0.346776,0,0,0.5595,0.341298,0.642173,0.390342,0.611566,0.232331,0.576341,0.698251,0.525785,0.73367,0.462985,0.619223,0.619223,0.646477,0.626872,0.65737,0.704992,0.57291,0.727945,0.818129,0.420084,0.158711,0.459911,0.172339,0,0,0.547232,0.224082
0.401716,0.136954,0.508988,0.333116,0.58248,0.314026,0.654431,0.502062,0.643758,0.281347,0.449181,0.344039,0.403264,0.305854,0.389453,0.2078,0.530377,0.72276,0.582454,0.71732,0.755532,0.589247,0.75859,0.834489,0.481365,0.72821,0,0,0,0,0.410902,0.104235,0.43696,0.117853,0,0,0.530385,0.175072
0.374118,0.177799,0.476772,0.40398,0.554864,0.384899,0.628428,0.548396,0.689664,0.534779,0.553351,0.38491,0.614625,0.542936,0.688148,0.526591,0,0,0,0,0,0,0,0,0,0,0,0,0,0,0.384851,0.136938,0.409397,0.142425,0,0,0.510471,0.22683
0.36649,0.180546,0.47523,0.406704,0.547232,0.393063,0.629944,0.553843,0.682031,0.548406,0.545721,0.387616,0,0,0,0,0.507398,0.850821,0,0,0,0,0,0,0,0,0,0,0,0,0,0,0.406292,0.145133,0,0,0.505884,0.226904
0.352709,0.164131,0.461453,0.401217,0.539586,0.37942,0.620755,0.545635,0.677433,0.545633,0.539574,0.379441,0.603887,0.52931,0.682017,0.529239,0,0,0,0,0,0,0,0,0,0,0,0,0,0,0.368006,0.126062,0.392509,0.134221,0,0,0.495143,0.221361
0.360361,0.172351,0.469122,0.403948,0.544175,0.382153,0.623808,0.540205,0.683559,0.540184,0.544178,0.382172,0.607002,0.515719,0.685086,0.52382,0,0,0,0,0,0,0,0,0,0,0,0,0,0,0.372625,0.134215,0.400195,0.145122,0,0,0.504354,0.2296
0.371082,0.199608,0.47373,0.40668,0.550287,0.390315,0.67898,0.700933,0.746354,0.567421,0.547231,0.379465,0,0,0,0,0,0,0,0,0,0,0,0,0,0,0,0,0,0,0.377203,0.153299,0.418548,0.186017,0,0,0.519673,0.251418
0.369556,0.199632,0.472197,0.401217,0.547233,0.384914,0.645267,0.641019,0.608522,0.463929,0.545723,0.38221,0.648318,0.635537,0,0,0,0,0,0,0,0,0,0,0,0,0,0,0,0,0.374164,0.155994,0.418572,0.188665,0,0,0.519664,0.25144
0.372613,0.202337,0.470639,0.412149,0.383331,0.425764,0.36495,0.45029,0.341992,0.275881,0.547223,0.395788,0,0,0,0,0,0,0,0,0,0,0,0,0,0,0,0,0,0,0.374163,0.16147,0.423138,0.188727,0,0,0.522739,0.267683
0.380279,0.191475,0.469115,0.417568,0.392516,0.42574,0.361893,0.436678,0.341983,0.254124,0.550286,0.406712,0.63301,0.643753,0.640662,0.398471,0,0,0,0,0,0,0,0,0,0,0,0,0,0,0.383338,0.150554,0.429299,0.183241,0,0,0.530375,0.267701
0.407826,0.196886,0.473693,0.433928,0.390993,0.417588,0,0,0,0,0.562543,0.425752,0.672823,0.510205,0.633001,0.333132,0,0,0,0,0,0,0,0,0,0,0,0,0,0,0.398655,0.14787,0.459913,0.196918,0,0,0.551833,0.286787
0.410902,0.207801,0.472172,0.428481,0.386392,0.395799,0,0,0,0,0.55948,0.428498,0.67284,0.496607,0.63146,0.319478,0,0,0,0,0,0,0,0,0,0,0,0,0,0,0.395604,0.1669,0.462978,0.20778,0,0,0.551819,0.289525
0.384853,0.213207,0.453799,0.420328,0.374137,0.403959,0,0,0,0,0.545695,0.431247,0.677414,0.44487,0.625353,0.275885,0,0,0,0,0,0,0,0,0,0,0,0,0,0,0.377201,0.164202,0.430814,0.202358,0,0,0.533429,0.275871
0.374163,0.210491,0.453799,0.420307,0.377208,0.40126,0.345028,0.267721,0,0,0.53345,0.43395,0.677417,0.444855,0.626874,0.281325,0,0,0,0,0,0,0,0,0,0,0,0,0,0,0.372594,0.164245,0.421642,0.196888,0,0,0.524239,0.273178
0.395578,0.185985,0.459929,0.398529,0.386396,0.398536,0.323596,0.341307,0.375667,0.221419,0.547225,0.395809,0.663635,0.493879,0.694295,0.297721,0,0,0,0,0,0,0,0,0,0,0,0,0,0,0.401733,0.136971,0.446108,0.180556,0,0,0.541086,0.281325
0.40477,0.180499,0.493618,0.420314,0.42009,0.387625,0.341957,0.344002,0,0,0.557952,0.848105,0,0,0,0,0,0,0,0,0,0,0,0,0,0,0,0,0,0,0.413984,0.128743,0.458364,0.17236,0,0,0.556404,0.267728
0.424695,0.156033,0.495148,0.395798,0.429289,0.357628,0.374112,0.354907,0.386365,0.183236,0.580928,0.425758,0.692728,0.482955,0.721852,0.292228,0,0,0,0,0,0,0,0,0,0,0,0,0,0,0.424713,0.106985,0.476781,0.14509,0,0,0.571756,0.248689
0.450738,0.156033,0.505874,0.390328,0.426222,0.34403,0.381794,0.365794,0.401706,0.177801,0.593179,0.428466,0.70042,0.474819,0.711126,0.278647,0,0,0,0,0,0,0,0,0,0,0,0,0,0,0.444613,0.101554,0.507419,0.150566,0,0,0.587054,0.2541
0.490562,0.164158,0.508921,0.37127,0.432341,0.335868,0.390986,0.368545,0.418559,0.161438,0.594709,0.406674,0.708052,0.439364,0.70654,0.24868,0,0,0,0,0,0,0,0,0,0,0,0,0,0,0.472179,0.109715,0.544147,0.164213,0.424703,0.145109,0.602363,0.275905
0.493595,0.164173,0.502818,0.371293,0.430819,0.346731,0.395578,0.373952,0.418548,0.158756,0.579393,0.390361,0.698871,0.463942,0.712684,0.346726,0,0,0,0,0,0,0,0,0,0,0,0,0,0,0.473733,0.109678,0.545682,0.166885,0.427769,0.142407,0.605418,0.275916
0.41856,0.145097,0.476764,0.354929,0.395574,0.395769,0.351163,0.281346,0.387925,0.161446,0.557965,0.333136,0.689693,0.406672,0.680512,0.186025,0.600848,0.913496,0.538039,0.946205,0,0,0,0,0.660579,0.848094,0.741763,0.616494,0.735638,0.973445,0.42008,0.0960869,0.470622,0.142425,0,0,0.561032,0.232317
0.397103,0.128748,0.473699,0.314071,0.389459,0.365809,0.340429,0.254077,0.374124,0.126016,0.545707,0.286807,0.688162,0.254081,0.663643,0.049765,0.605441,0.872626,0.544173,0.92985,0,0,0,0,0.663645,0.807227,0.727997,0.619233,0.758618,0.94077,0.406317,0.0769765,0.446138,0.117841,0,0,0.545697,0.19144
0.395599,0.120633,0.469107,0.305874,0.390992,0.341319,0.337396,0.245945,0.375692,0.131469,0.547229,0.278631,0.688152,0.237748,0.629956,0.0415469,0.603908,0.859006,0.5457,0.905343,0,0,0,0,0.659048,0.799074,0.711133,0.597431,0.752488,0.92712,0.404788,0.0715416,0.444586,0.112377,0,0,0.54264,0.183245
0.412431,0.128772,0.473702,0.294976,0.400194,0.330393,0.358807,0.221431,0.397116,0.109717,0.544175,0.278611,0.665173,0.218664,0.590119,0.115132,0.568681,0.758186,0.521184,0.812682,0,0,0,0,0.620758,0.700974,0,0,0,0,0.420107,0.079738,0.456858,0.115157,0,0,0.531913,0.169654
0.421635,0.128738,0.478291,0.294996,0.409379,0.311342,0.364955,0.207775,0.398638,0.112417,0.548767,0.286804,0.66517,0.199627,0.570194,0.136913,0,0,0,0,0,0,0,0,0,0,0,0,0,0,0.426216,0.0770216,0.458392,0.11786,0,0,0.522727,0.16419
0.426218,0.123328,0.482901,0.308616,0.424698,0.300408,0.374132,0.169644,0,0,0.551822,0.316786,0.660587,0.25685,0.564089,0.161507,0,0,0,0,0,0,0,0,0,0,0,0,0,0,0.429298,0.0742399,0.472166,0.109719,0,0,0.542648,0.161438
0.424693,0.115153,0.48289,0.308576,0.417033,0.294969,0.375691,0.194167,0,0,0.553354,0.324954,0.671294,0.31127,0.579401,0.1832,0.640675,0.861735,0.597781,0.899868,0.459907,0.801815,0,0,0.686615,0.839936,0,0,0,0,0.429293,0.068832,0.458404,0.104251,0,0,0.530377,0.150567
0.407823,0.0878927,0.493613,0.292268,0.426235,0.303161,0.372598,0.243218,0,0,0.557964,0.292235,0.691189,0.398491,0.62532,0.226828,0,0,0,0,0,0,0,0,0,0,0,0,0,0,0.418564,0.0388299,0.441547,0.0661131,0,0,0.541117,0.134198
0.397114,0.0715246,0.492068,0.286803,0.413973,0.303157,0.357304,0.254084,0,0,0.556426,0.273156,0.680484,0.387586,0.617682,0.19418,0,0,0,0,0,0,0,0,0,0,0,0,0,0,0.410905,0.0224778,0.42775,0.0470161,0,0,0.5273,0.104254
0.394036,0.0633711,0.479815,0.26499,0.410909,0.30045,0.345027,0.294956,0.386387,0.169653,0.550281,0.229602,0.660603,0.330414,0.608482,0.136969,0.579406,0.750013,0.522722,0.79088,0.487498,0.755486,0.614631,0.943463,0.629942,0.706421,0,0,0,0,0,0,0.421644,0.033372,0,0,0.513522,0.0770244
0.395599,0.0660807,0.481363,0.259545,0.413968,0.303144,0.345054,0.30044,0.387921,0.172362,0.55182,0.221407,0.672846,0.29227,0.610021,0.131514,0.573266,0.722771,0.516598,0.752742,0.493603,0.755499,0.628407,0.94078,0.620755,0.657373,0,0,0,0,0,0,0.423186,0.0360946,0,0,0.518116,0.0797665
0.409374,0.0770339,0.489021,0.262296,0.423183,0.300448,0.348121,0.297734,0.383344,0.188692,0.556435,0.226861,0.672824,0.210524,0.619224,0.11241,0,0,0,0,0,0,0,0,0,0,0,0,0,0,0,0,0.439999,0.0497739,0,0,0.528867,0.0851848
0.413963,0.0905916,0.495135,0.262268,0.427754,0.297716,0.358838,0.303122,0.386409,0.194147,0.56407,0.229561,0.678956,0.207742,0.622295,0.115092,0.547232,0.71187,0.482894,0.739117,0,0,0,0,0.610036,0.635575,0,0,0,0,0,0,0.446142,0.0551746,0,0,0.538035,0.0988102
0.409388,0.0851437,0.502798,0.278619,0.439998,0.311274,0.361922,0.278665,0.380277,0.183277,0.570217,0.245934,0.704978,0.22958,0.626889,0.126029,0.599311,0.75273,0.548766,0.793609,0.619221,0.728225,0.709597,0.973468,0.648327,0.698237,0.737168,0.790887,0,0,0,0,0.443069,0.0578969,0,0,0.536506,0.112415
