0.252839,0.488465,0.751034,0.502068,0.625264,0.630116,0.547874,0.856283,0.267309,0.641003,0.862293,0.357653,0.992905,0.354896,0.634915,0.455696,0,0,0,0,0,0,0,0,0,0,0,0,0,0,0.233384,0.444875,0.330209,0.423036,0,0,0.634957,0.37944
0.257583,0.491143,0.746196,0.507513,0.634924,0.63556,0.547861,0.856289,0.272128,0.638311,0.847776,0.373992,0.992903,0.36036,0.634874,0.455727,0,0,0,0,0,0,0,0,0,0,0,0,0,0,0.243068,0.447562,0.339841,0.42308,0,0,0.644596,0.379439
0.272136,0.493855,0.751027,0.504792,0.63492,0.6383,0.547856,0.861741,0.276942,0.638304,0.852612,0.365826,0.992905,0.379437,0.634883,0.458463,0,0,0,0,0,0,0,0,0,0,0,0,0,0,0.247945,0.450288,0.354354,0.425779,0,0,0.644604,0.373996
0.28177,0.493874,0.755879,0.510221,0.63976,0.638308,0.547877,0.864448,0.281777,0.643741,0.862294,0.363105,0.992908,0.379447,0.634956,0.461175,0,0,0,0,0,0,0,0,0,0,0,0,0,0,0.252738,0.450311,0.359219,0.425801,0,0,0.659102,0.373987
0.28664,0.493892,0.770363,0.515674,0.639781,0.638309,0.547848,0.864448,0.281816,0.643767,0.876807,0.371267,0.992904,0.387621,0.639773,0.461168,0,0,0,0,0,0,0,0,0,0,0,0,0,0,0.252857,0.452972,0.363992,0.42582,0,0,0.67846,0.393065
0.286669,0.493895,0.784892,0.50207,0.668786,0.632854,0.576889,0.848109,0.301167,0.649217,0.871953,0.406691,0,0,0,0,0,0,0,0,0,0,0,0,0,0,0,0,0,0,0.257587,0.452989,0.363939,0.428487,0,0,0.673645,0.393055
0.286668,0.493876,0.789722,0.502054,0.663941,0.63558,0.5914,0.850825,0.296279,0.646495,0.857455,0.41486,0.605898,0.85356,0.286628,0.638299,0,0,0,0,0,0,0,0,0,0,0,0,0,0,0.25758,0.452972,0.363952,0.425794,0,0,0.654276,0.382175
0.286651,0.491208,0.780049,0.502068,0.659119,0.638284,0.576885,0.848114,0.291446,0.646486,0.876785,0.368543,0.992908,0.363078,0.63977,0.453017,0,0,0,0,0,0,0,0,0,0,0,0,0,0,0.257596,0.450285,0.363986,0.42576,0,0,0.65912,0.376725
0.286637,0.491146,0.770363,0.499335,0.649438,0.627399,0.572044,0.85083,0.291464,0.649206,0.867116,0.390345,0.992904,0.34674,0.639806,0.44755,0,0,0,0,0,0,0,0,0,0,0,0,0,0,0.257594,0.447575,0.363952,0.425716,0,0,0.6446,0.373987
0.28657,0.488455,0.789709,0.496597,0.673638,0.605605,0.576897,0.848098,0.291448,0.646491,0.876792,0.390341,0,0,0,0,0,0,0,0,0,0,0,0,0,0,0,0,0,0,0.252891,0.444859,0.363956,0.423001,0,0,0.654274,0.373988
0.281802,0.485696,0.784903,0.488437,0.639765,0.6165,0.576858,0.839938,0.286631,0.643761,0.881624,0.371271,0,0,0,0,0,0,0,0,0,0,0,0,0,0,0,0,0,0,0.25284,0.442068,0.363984,0.414871,0,0,0.654289,0.36582
0.281833,0.482972,0.789721,0.480262,0.639774,0.608325,0.557539,0.837224,0.286646,0.643764,0.867126,0.379439,0.620408,0.826311,0.286631,0.632843,0,0,0,0,0,0,0,0,0,0,0,0,0,0,0.25282,0.43936,0.364022,0.409438,0,0,0.668787,0.36309
0.28179,0.47754,0.789732,0.485718,0.63975,0.59197,0.586557,0.834485,0.286655,0.641028,0.925175,0.368547,0,0,0,0,0,0,0,0,0,0,0,0,0,0,0,0,0,0,0.252816,0.431244,0.359232,0.406709,0,0,0.654267,0.360367
0.281746,0.474817,0.799422,0.477537,0.649449,0.605599,0.586569,0.831744,0.281802,0.630122,0,0,0,0,0,0,0,0,0,0,0,0,0,0,0,0,0,0,0,0,0.252746,0.431205,0.359216,0.404013,0,0,0.649447,0.357658
0.276917,0.472107,0.784896,0.474813,0.63494,0.600146,0.610755,0.820855,0.286634,0.630119,0.876796,0.354925,0.990504,0.316785,0.659134,0.420325,0,0,0,0,0,0,0,0,0,0,0,0,0,0,0.25269,0.428473,0.359171,0.403983,0,0,0.678469,0.363107
0.272166,0.472102,0.799378,0.469366,0.639754,0.602874,0.630114,0.818137,0.291497,0.624674,0.896134,0.33857,0.990501,0.316775,0.649442,0.423021,0,0,0,0,0,0,0,0,0,0,0,0,0,0,0.252692,0.428471,0.354382,0.403986,0,0,0.66878,0.363097
0.262427,0.469373,0.794535,0.455741,0.654273,0.591969,0.630075,0.815405,0.291498,0.613777,0.857437,0.319498,0.990506,0.308595,0.649423,0.420293,0,0,0,0,0,0,0,0,0,0,0,0,0,0,0.247852,0.425775,0.344713,0.401282,0,0,0.649443,0.354928
0.257633,0.469324,0.789721,0.455744,0.649435,0.60015,0.630111,0.812683,0.296282,0.611058,0.842938,0.319506,0.620417,0.793614,0.286653,0.619215,0,0,0,0,0,0,0,0,0,0,0,0,0,0,0.243118,0.425723,0.344682,0.40124,0,0,0.644602,0.354915
0.252819,0.463914,0.755858,0.455745,0.639757,0.5947,0.605898,0.804515,0.286663,0.60833,0.838106,0.314057,0.992906,0.303136,0.644587,0.409409,0,0,0,0,0,0,0,0,0,0,0,0,0,0,0.233469,0.422996,0.330182,0.401204,0,0,0.63009,0.354906
0.25276,0.463921,0.770382,0.461185,0.644608,0.597422,0.620412,0.801787,0.281821,0.611055,0.847765,0.319501,0.992905,0.30316,0.63495,0.409427,0,0,0,0,0,0,0,0,0,0,0,0,0,0,0.233382,0.422998,0.330151,0.401189,0,0,0.630089,0.354901
0.252737,0.466597,0.75103,0.466635,0.634948,0.594699,0.615575,0.804508,0.286653,0.611049,0.828418,0.327675,0.9905,0.297695,0.634948,0.409425,0,0,0,0,0,0,0,0,0,0,0,0,0,0,0.228626,0.422998,0.33014,0.401218,0,0,0.630082,0.354919
0.252758,0.466606,0.75104,0.455744,0.630066,0.594699,0.620402,0.807224,0.291463,0.613763,0.847761,0.316766,0.992905,0.30586,0.630086,0.414873,0,0,0,0,0,0,0,0,0,0,0,0,0,0,0.228646,0.423008,0.330195,0.401227,0,0,0.634914,0.354913
0.252759,0.46665,0.765537,0.453011,0.639776,0.591978,0.615593,0.804523,0.296267,0.616514,0.823593,0.316777,0.620412,0.782711,0.296326,0.605595,0,0,0,0,0,0,0,0,0,0,0,0,0,0,0.233443,0.423059,0.330214,0.401283,0,0,0.634938,0.357661
0.252786,0.469328,0.775202,0.450281,0.649427,0.591973,0.62043,0.804513,0.296266,0.613792,0.823578,0.316778,0.625249,0.79361,0.310805,0.600154,0,0,0,0,0,0,0,0,0,0,0,0,0,0,0.238203,0.42573,0.334999,0.401285,0,0,0.644594,0.360377
0.252839,0.469384,0.775223,0.453003,0.649431,0.586521,0.630099,0.8045,0.291473,0.616505,0.833256,0.316776,0.625259,0.788164,0.29151,0.611042,0,0,0,0,0,0,0,0,0,0,0,0,0,0,0.238266,0.425795,0.339828,0.403937,0,0,0.644608,0.357652
0.257572,0.47207,0.770373,0.455732,0.639746,0.591982,0.630078,0.807241,0.291491,0.61379,0.842932,0.314052,0.992905,0.311307,0.634913,0.423052,0,0,0,0,0,0,0,0,0,0,0,0,0,0,0.242998,0.425826,0.339832,0.403949,0,0,0.63977,0.354923
0.257688,0.472119,0.789736,0.461186,0.639757,0.602876,0.634922,0.807237,0.291489,0.613786,0.862282,0.319505,0.625263,0.799061,0.296304,0.608324,0,0,0,0,0,0,0,0,0,0,0,0,0,0,0.243083,0.42846,0.344651,0.403964,0,0,0.639775,0.357646
0.262425,0.472129,0.799374,0.46391,0.64944,0.600154,0.634944,0.804517,0.296315,0.619217,0.85744,0.333122,0.630081,0.782711,0.310824,0.602869,0,0,0,0,0,0,0,0,0,0,0,0,0,0,0.247812,0.42847,0.344675,0.403984,0,0,0.630102,0.357639
0.267286,0.47212,0.789736,0.458465,0.644582,0.602867,0.59624,0.812689,0.301167,0.608336,0.852609,0.324948,0.625255,0.796337,0.30114,0.605602,0,0,0,0,0,0,0,0,0,0,0,0,0,0,0.247983,0.428511,0.354301,0.403984,0,0,0.639768,0.357641
0.272166,0.4721,0.799374,0.461186,0.659103,0.59743,0.61073,0.809951,0.301159,0.611033,0.862273,0.327672,0.630095,0.790886,0.310806,0.605594,0,0,0,0,0,0,0,0,0,0,0,0,0,0,0.25269,0.428491,0.354372,0.404003,0,0,0.649436,0.357648
0.281736,0.472084,0.794554,0.450293,0.644598,0.591989,0.634944,0.807232,0.305994,0.613773,0.867118,0.319505,0.639764,0.793614,0.305972,0.602889,0,0,0,0,0,0,0,0,0,0,0,0,0,0,0.252753,0.428486,0.35917,0.403979,0,0,0.659113,0.360378
0.28181,0.472084,0.789716,0.453011,0.639759,0.594715,0.634936,0.80725,0.305985,0.611068,0.867114,0.322225,0.634922,0.788163,0.310821,0.597432,0,0,0,0,0,0,0,0,0,0,0,0,0,0,0.252788,0.428494,0.35919,0.403963,0,0,0.654279,0.357661
0.281799,0.472089,0.79939,0.453022,0.639785,0.602873,0.62044,0.807238,0.305958,0.613788,0.876805,0.316783,0,0,0,0,0,0,0,0,0,0,0,0,0,0,0,0,0,0,0.252792,0.428479,0.359187,0.403956,0,0,0.649423,0.357659
0.281836,0.472068,0.799372,0.453013,0.639764,0.60016,0.625242,0.807248,0.305954,0.611055,0.886463,0.316769,0,0,0,0,0,0,0,0,0,0,0,0,0,0,0,0,0,0,0.252817,0.428458,0.359191,0.403941,0,0,0.644598,0.357633
0.286592,0.469331,0.794543,0.461178,0.639787,0.594708,0.615575,0.804522,0.310859,0.613765,0.847769,0.346747,0.639773,0.788163,0.32049,0.605607,0,0,0,0,0,0,0,0,0,0,0,0,0,0,0.257569,0.42574,0.364012,0.401257,0,0,0.659126,0.360379
0.286643,0.466676,0.818731,0.450278,0.659109,0.594699,0.615573,0.804504,0.31083,0.60561,0.867123,0.327671,0.630088,0.793614,0.310827,0.605599,0,0,0,0,0,0,0,0,0,0,0,0,0,0,0.25759,0.423086,0.364107,0.401225,0,0,0.663945,0.360358
0.286699,0.466636,0.823599,0.455741,0.668798,0.562007,0.620402,0.804513,0.310843,0.605589,0.86712,0.368541,0,0,0,0,0,0,0,0,0,0,0,0,0,0,0,0,0,0,0.262416,0.423034,0.368842,0.401197,0,0,0.673608,0.357663
0.291456,0.46661,0.823583,0.453016,0.668796,0.583801,0.630106,0.801786,0.310805,0.602887,0.97838,0.330398,0,0,0,0,0,0,0,0,0,0,0,0,0,0,0,0,0,0,0.262527,0.423026,0.368852,0.398541,0,0,0.659125,0.357641
0.2915,0.466593,0.818762,0.455746,0.688138,0.586528,0.63976,0.799061,0.310862,0.605614,0.876798,0.330392,0,0,0,0,0,0,0,0,0,0,0,0,0,0,0,0,0,0,0.26733,0.42301,0.3689,0.398513,0,0,0.673616,0.360361
0.291542,0.466603,0.818743,0.455745,0.692979,0.589252,0.630102,0.799067,0.315638,0.605592,0.886464,0.32495,0,0,0,0,0,0,0,0,0,0,0,0,0,0,0,0,0,0,0.272159,0.423025,0.368942,0.39851,0,0,0.668771,0.357659
0.296312,0.466583,0.833266,0.453014,0.673633,0.586532,0.644617,0.796326,0.320497,0.608322,0,0,0,0,0,0,0,0,0,0,0,0,0,0,0,0,0,0,0,0,0.281788,0.422975,0.373749,0.395803,0,0,0.68812,0.360354
0.296405,0.463903,0.838091,0.4503,0.688147,0.583806,0.654286,0.796324,0.325335,0.60832,0,0,0,0,0,0,0,0,0,0,0,0,0,0,0,0,0,0,0,0,0.281849,0.42033,0.378527,0.393099,0,0,0.688144,0.352198
0.301106,0.458461,0.828428,0.447551,0.692975,0.575631,0.63008,0.796323,0.315691,0.602877,0.910673,0.572899,0.634925,0.777261,0.330163,0.600145,0,0,0,0,0,0,0,0,0,0,0,0,0,0,0.28181,0.417564,0.373773,0.39306,0,0,0.692977,0.354928
0.301108,0.455763,0.842933,0.455734,0.707497,0.578346,0.63009,0.790892,0.32049,0.605593,0,0,0,0,0,0,0,0,0,0,0,0,0,0,0,0,0,0,0,0,0.28184,0.414849,0.373791,0.390358,0,0,0.692959,0.354908
0.301134,0.455715,0.838099,0.444839,0.707491,0.567457,0.630111,0.785435,0.315679,0.602881,0,0,0,0,0,0,0,0,0,0,0,0,0,0,0,0,0,0,0,0,0.28656,0.412135,0.373779,0.390326,0,0,0.692973,0.349472
0.301109,0.453047,0.842944,0.439387,0.712309,0.567453,0.63009,0.785439,0.315665,0.600162,0,0,0,0,0,0,0,0,0,0,0,0,0,0,0,0,0,0,0,0,0.281852,0.412143,0.373741,0.387637,0,0,0.683303,0.346749
0.301107,0.453017,0.857445,0.439388,0.712325,0.567455,0.630072,0.788157,0.31566,0.600149,0,0,0,0,0,0,0,0,0,0,0,0,0,0,0,0,0,0,0,0,0.286619,0.40943,0.37851,0.38759,0,0,0.688142,0.344022
0.301137,0.453019,0.86711,0.442113,0.717174,0.542933,0.630076,0.790892,0.315648,0.602864,0,0,0,0,0,0,0,0,0,0,0,0,0,0,0,0,0,0,0,0,0.286618,0.409422,0.378523,0.384916,0,0,0.702638,0.338564
0.30593,0.453022,0.876783,0.428488,0.736511,0.532027,0.610754,0.78544,0.315672,0.602863,0,0,0,0,0,0,0,0,0,0,0,0,0,0,0,0,0,0,0,0,0.286564,0.409405,0.383348,0.384909,0,0,0.697805,0.341302
0.301209,0.453046,0.87195,0.439386,0.72683,0.542925,0.620413,0.788164,0.315683,0.602876,0,0,0,0,0,0,0,0,0,0,0,0,0,0,0,0,0,0,0,0,0.2866,0.409418,0.378575,0.387584,0,0,0.702626,0.346732
0.301121,0.45572,0.87197,0.423041,0.736511,0.526582,0.605909,0.788155,0.310855,0.605611,0,0,0,0,0,0,0,0,0,0,0,0,0,0,0,0,0,0,0,0,0.286529,0.412117,0.373762,0.39031,0,0,0.68813,0.346738
0.296395,0.455747,0.809068,0.480261,0,0,0,0,0,0,0.88646,0.553826,0.625238,0.785443,0.30113,0.591979,0,0,0,0,0,0,0,0,0,0,0,0,0,0,0.281781,0.41213,0.373762,0.390314,0,0,0.692968,0.349465
0.296324,0.455728,0.809082,0.477538,0.668786,0.559275,0.586571,0.785426,0.301188,0.605605,0.842935,0.559279,0.634937,0.782706,0.286595,0.586541,0,0,0,0,0,0,0,0,0,0,0,0,0,0,0.276957,0.409418,0.373745,0.387617,0,0,0.692962,0.344011
0.291542,0.453027,0.799389,0.485703,0.654281,0.526581,0.620409,0.779986,0.306025,0.611028,0.891305,0.502057,0.634938,0.785431,0.2915,0.59471,0,0,0,0,0,0,0,0,0,0,0,0,0,0,0.272159,0.406689,0.373685,0.387591,0,0,0.683314,0.349463
0.291482,0.453,0.881624,0.414866,0,0,0,0,0,0,0.973545,0.485712,0.625247,0.788149,0.291447,0.597423,0,0,0,0,0,0,0,0,0,0,0,0,0,0,0.267316,0.406672,0.368921,0.38491,0,0,0.673622,0.346743
0.29149,0.452989,0.891314,0.40941,0,0,0,0,0,0,0.973546,0.493874,0.620401,0.790882,0.286675,0.597443,0,0,0,0,0,0,0,0,0,0,0,0,0,0,0.267293,0.406679,0.368888,0.384896,0,0,0.668786,0.346742
0.291449,0.450332,0.871963,0.428488,0,0,0,0,0,0,0.992895,0.322222,0,0,0,0,0,0,0,0,0,0,0,0,0,0,0,0,0,0,0.26729,0.406698,0.368888,0.382201,0,0,0.663941,0.338577
0.291463,0.450332,0.867124,0.425768,0.809078,0.447563,0.586554,0.779984,0.296287,0.611039,0.992894,0.316777,0.615574,0.785431,0.291505,0.602865,0,0,0,0,0,0,0,0,0,0,0,0,0,0,0.267291,0.406696,0.368889,0.382203,0,0,0.659118,0.338575
0.291482,0.450341,0.857439,0.450281,0,0,0,0,0,0,0.862275,0.564724,0.605911,0.788171,0.291482,0.600133,0,0,0,0,0,0,0,0,0,0,0,0,0,0,0.267306,0.406682,0.36891,0.382202,0,0,0.66396,0.341284
0.291489,0.452976,0.847779,0.447561,0.717175,0.515682,0.547852,0.78816,0.29151,0.608326,0.857433,0.564721,0.601067,0.790891,0.291478,0.597434,0,0,0,0,0,0,0,0,0,0,0,0,0,0,0.267305,0.406695,0.368908,0.382205,0,0,0.668781,0.338565
0.291435,0.450331,0.83811,0.455741,0,0,0,0,0,0,0.85261,0.551103,0.591393,0.788171,0.28661,0.597414,0,0,0,0,0,0,0,0,0,0,0,0,0,0,0.262458,0.406699,0.368859,0.382199,0,0,0.668791,0.346735
0.29142,0.450335,0.833275,0.458463,0,0,0,0,0,0,0.842927,0.570179,0.581707,0.793604,0.281818,0.597435,0,0,0,0,0,0,0,0,0,0,0,0,0,0,0.262463,0.406696,0.368844,0.382189,0,0,0.668791,0.34402
0.291409,0.452991,0.818764,0.453017,0.668789,0.581068,0.557532,0.788156,0.286645,0.605586,0.992896,0.333121,0,0,0,0,0,0,0,0,0,0,0,0,0,0,0,0,0,0,0.262436,0.406727,0.368812,0.382196,0,0,0.663947,0.33856
0.291404,0.452997,0.833266,0.461189,0,0,0,0,0,0,0.838093,0.570172,0.581715,0.788169,0.286634,0.597432,0,0,0,0,0,0,0,0,0,0,0,0,0,0,0.26241,0.406724,0.368804,0.384867,0,0,0.663946,0.338559
0.291398,0.453013,0.823594,0.463907,0,0,0,0,0,0,0.862297,0.548383,0.586546,0.788158,0.286636,0.597439,0,0,0,0,0,0,0,0,0,0,0,0,0,0,0.25769,0.409393,0.364111,0.384898,0,0,0.659128,0.341291
0.286705,0.453033,0.842948,0.458472,0,0,0,0,0,0,0.867135,0.553831,0.552698,0.790896,0.281813,0.602859,0,0,0,0,0,0,0,0,0,0,0,0,0,0,0.257665,0.409412,0.364107,0.384914,0,0,0.663961,0.346734
0.286663,0.453032,0.8236,0.477538,0,0,0,0,0,0,0.828425,0.572905,0.54302,0.793597,0.267319,0.602854,0,0,0,0,0,0,0,0,0,0,0,0,0,0,0.257611,0.406729,0.364095,0.384923,0,0,0.668791,0.34675
0.286673,0.453036,0.833265,0.466631,0,0,0,0,0,0,0.818759,0.572902,0.543038,0.793616,0.267304,0.602868,0,0,0,0,0,0,0,0,0,0,0,0,0,0,0.257636,0.406733,0.364068,0.387592,0,0,0.659128,0.346745
0.286651,0.453032,0.813921,0.480262,0,0,0,0,0,0,0.857437,0.556554,0.557546,0.793618,0.262476,0.59472,0,0,0,0,0,0,0,0,0,0,0,0,0,0,0.257646,0.40939,0.364078,0.384935,0,0,0.673645,0.349481
0.286686,0.453022,0.823577,0.469353,0,0,0,0,0,0,0.857432,0.551101,0.552691,0.796336,0.272132,0.60014,0,0,0,0,0,0,0,0,0,0,0,0,0,0,0.257697,0.409398,0.364094,0.384892,0,0,0.663942,0.346737
0.286683,0.452986,0.847764,0.453002,0,0,0,0,0,0,0.857447,0.548372,0.552693,0.796321,0.262449,0.597439,0,0,0,0,0,0,0,0,0,0,0,0,0,0,0.257645,0.406708,0.364081,0.382204,0,0,0.673609,0.346736
0.286659,0.450341,0.813931,0.47481,0,0,0,0,0,0,0.842926,0.562,0.543008,0.793624,0.262474,0.597434,0,0,0,0,0,0,0,0,0,0,0,0,0,0,0.257622,0.406669,0.364095,0.382189,0,0,0.668805,0.344015
0.281755,0.450322,0.823584,0.450278,0,0,0,0,0,0,0.847762,0.551109,0.552682,0.793612,0.25282,0.597447,0,0,0,0,0,0,0,0,0,0,0,0,0,0,0.252839,0.404013,0.35921,0.382156,0,0,0.644611,0.352193
0.276938,0.450302,0.605907,0.53203,0,0,0,0,0,0,0.7994,0.54021,0.542999,0.790888,0.252752,0.597441,0,0,0,0,0,0,0,0,0,0,0,0,0,0,0.2528,0.403966,0.35921,0.37945,0,0,0.644626,0.349468
0.276932,0.45027,0.833266,0.425763,0.639771,0.553828,0.494651,0.788169,0.281779,0.60015,0.813903,0.570172,0.538175,0.790871,0.247887,0.594719,0,0,0,0,0,0,0,0,0,0,0,0,0,0,0.252778,0.40393,0.359189,0.376738,0,0,0.649448,0.338576
0.281736,0.447612,0.833261,0.42576,0,0,0,0,0,0,0.828416,0.548378,0.533353,0.793593,0.24797,0.594694,0,0,0,0,0,0,0,0,0,0,0,0,0,0,0.252799,0.401279,0.359175,0.374008,0,0,0.644621,0.333112
0.281802,0.447603,0.857454,0.423033,0.678461,0.537478,0.465654,0.809943,0.276969,0.597427,0.847771,0.548383,0.543039,0.7936,0.257595,0.594716,0,0,0,0,0,0,0,0,0,0,0,0,0,0,0.252823,0.401269,0.359235,0.376681,0,0,0.639763,0.338581
0.28183,0.44761,0.852597,0.420309,0.68329,0.540198,0.475304,0.80724,0.272136,0.597413,0.833259,0.564723,0.543042,0.793624,0.25763,0.597401,0,0,0,0,0,0,0,0,0,0,0,0,0,0,0.252898,0.401264,0.363993,0.374006,0,0,0.644593,0.338571
0.281804,0.450264,0.659129,0.532035,0,0,0,0,0,0,0.852601,0.548374,0.543003,0.796324,0.252821,0.594711,0,0,0,0,0,0,0,0,0,0,0,0,0,0,0.252858,0.40395,0.363933,0.376721,0,0,0.644584,0.344031
0.281767,0.450281,0.847765,0.428494,0,0,0,0,0,0,0.896147,0.502057,0.562375,0.793605,0.257608,0.600157,0,0,0,0,0,0,0,0,0,0,0,0,0,0,0.252864,0.403966,0.363954,0.376742,0,0,0.639815,0.344028
0.272094,0.450301,0.634931,0.551109,0,0,0,0,0,0,0.852604,0.545658,0.543002,0.793622,0.247903,0.597441,0,0,0,0,0,0,0,0,0,0,0,0,0,0,0.247979,0.403964,0.354345,0.376708,0,0,0.634954,0.341302
0.262412,0.450281,0.625251,0.54565,0,0,0,0,0,0,0.833262,0.542922,0.552696,0.796337,0.243063,0.600137,0,0,0,0,0,0,0,0,0,0,0,0,0,0,0.243124,0.401277,0.349544,0.373994,0,0,0.630061,0.333125
0.247972,0.450288,0.876811,0.387621,0,0,0,0,0,0,0.838096,0.540206,0.53818,0.790894,0.21412,0.600143,0,0,0,0,0,0,0,0,0,0,0,0,0,0,0.218932,0.401272,0.325285,0.376715,0,0,0.615582,0.346735
0.233413,0.450294,0.818755,0.409408,0,0,0,0,0,0,0.847779,0.330396,0,0,0,0,0,0,0,0,0,0,0,0,0,0,0,0,0,0,0.20928,0.403931,0.315639,0.376698,0,0,0.596251,0.33857
0.209235,0.45029,0.80422,0.420316,0,0,0,0,0,0,0.770374,0.537475,0.480149,0.796333,0.194741,0.597441,0,0,0,0,0,0,0,0,0,0,0,0,0,0,0.189894,0.401258,0.291438,0.373975,0,0,0.567188,0.338567
0.199529,0.450298,0.765549,0.417588,0.644607,0.523856,0,0,0,0,0.80908,0.308596,0,0,0,0,0,0,0,0,0,0,0,0,0,0,0,0,0,0,0.175482,0.401299,0.272149,0.373979,0,0,0.552705,0.330396
0.170464,0.44759,0.74135,0.373992,0,0,0,0,0,0,0.818737,0.286798,0,0,0,0,0,0,0,0,0,0,0,0,0,0,0,0,0,0,0.136735,0.401211,0.238255,0.368559,0,0,0.514009,0.330391
0.141549,0.447579,0.673637,0.431211,0.552675,0.578347,0.422095,0.793614,0.141538,0.597441,0.760694,0.286803,0.934877,0.213249,0.542987,0.34674,0,0,0,0,0,0,0,0,0,0,0,0,0,0,0.131809,0.401204,0.218891,0.368542,0,0,0.484991,0.324939
0.131791,0.447555,0.649438,0.417584,0.572044,0.526584,0,0,0,0,0.731675,0.308598,0,0,0,0,0,0,0,0,0,0,0,0,0,0,0,0,0,0,0.107625,0.401176,0.199516,0.365837,0,0,0.470439,0.324938
0.126956,0.447573,0.639759,0.414867,0.533339,0.542924,0,0,0,0,0.736518,0.34402,0,0,0,0,0,0,0,0,0,0,0,0,0,0,0,0,0,0,0.0980737,0.401232,0.189843,0.365844,0,0,0.470436,0.324941
0.107684,0.450309,0.630061,0.453028,0,0,0,0,0,0,0.688132,0.311321,0.886468,0.213226,0.494636,0.338588,0,0,0,0,0,0,0,0,0,0,0,0,0,0,0.0930594,0.403929,0.170498,0.376699,0,0,0.451124,0.327673
0.102846,0.452978,0.62043,0.455747,0.54787,0.600154,0.36404,0.777267,0.0689634,0.602868,0.697818,0.297686,0.881589,0.210485,0.518836,0.333105,0,0,0,0,0,0,0,0,0,0,0,0,0,0,0.0834874,0.40398,0.165732,0.376687,0,0,0.451133,0.322225
0.102805,0.453048,0.625236,0.447558,0.528493,0.59198,0.373727,0.782716,0.0399264,0.59742,0.630096,0.294969,0.87194,0.213235,0.489807,0.341298,0,0,0,0,0,0,0,0,0,0,0,0,0,0,0.0786325,0.406721,0.160878,0.379462,0,0,0.436581,0.322226
0.0980336,0.45574,0.615566,0.447553,0.538161,0.602876,0.436587,0.777262,0.0157499,0.600162,0.615589,0.294969,0.86714,0.213212,0.480155,0.341314,0,0,0,0,0,0,0,0,0,0,0,0,0,0,0.0738026,0.412129,0.151217,0.382195,0,0,0.422064,0.327655
0.0979262,0.458442,0.596222,0.45572,0.52366,0.621945,0.368871,0.78816,0.0834635,0.608325,0.654271,0.297697,0.867131,0.213218,0.484955,0.338559,0,0,0,0,0,0,0,0,0,0,0,0,0,0,0.0689653,0.414845,0.14634,0.384892,0,0,0.412436,0.335832
0.0932204,0.458446,0.630105,0.4503,0,0,0,0,0,0,0.697819,0.305875,0.862276,0.213236,0.475352,0.341292,0,0,0,0,0,0,0,0,0,0,0,0,0,0,0.0641732,0.414854,0.146309,0.384875,0,0,0.417226,0.335851
0.0932046,0.458482,0.581731,0.455739,0.475302,0.632845,0.397886,0.779984,0,0,0.654285,0.311313,0.852621,0.213207,0.470427,0.346754,0,0,0,0,0,0,0,0,0,0,0,0,0,0,0.0641376,0.417588,0.141521,0.384924,0,0,0.41241,0.335848
0.0932198,0.46117,0.61074,0.450289,0.484974,0.632839,0.3979,0.779985,0.0302558,0.597428,0.64944,0.311324,0.847794,0.213207,0.475299,0.344016,0,0,0,0,0,0,0,0,0,0,0,0,0,0,0.0641618,0.417591,0.141535,0.387594,0,0,0.412379,0.335856
0.0932037,0.463884,0.601077,0.458472,0,0,0,0,0,0,0.65911,0.322229,0.852602,0.213215,0.465642,0.349453,0,0,0,0,0,0,0,0,0,0,0,0,0,0,0.064181,0.420285,0.141559,0.387639,0,0,0.412438,0.338565
0.0932037,0.463933,0.60106,0.458458,0.480119,0.643742,0.417248,0.782698,0.0883056,0.619217,0.659123,0.324944,0.84777,0.215934,0.465637,0.349477,0,0,0,0,0,0,0,0,0,0,0,0,0,0,0.0689192,0.420311,0.141532,0.390347,0,0,0.417237,0.341288
0.0979218,0.466616,0.639736,0.450291,0,0,0,0,0,0,0.639763,0.562009,0.402735,0.790886,0.0882825,0.616486,0,0,0,0,0,0,0,0,0,0,0,0,0,0,0.0737925,0.422974,0.146341,0.395754,0,0,0.431773,0.349477
0.0980687,0.469352,0.625271,0.455749,0,0,0,0,0,0,0.678462,0.294976,0.847744,0.218697,0.489797,0.349463,0,0,0,0,0,0,0,0,0,0,0,0,0,0,0.0834389,0.423026,0.151155,0.395804,0,0,0.422109,0.335837
0.10279,0.469376,0.649438,0.453004,0,0,0,0,0,0,0.639783,0.572898,0.417243,0.790894,0.102799,0.624674,0,0,0,0,0,0,0,0,0,0,0,0,0,0,0.0786697,0.423043,0.156011,0.398482,0,0,0.436596,0.346733
0.102852,0.472073,0.649416,0.453014,0,0,0,0,0,0,0.639795,0.564727,0.422077,0.793608,0.0931654,0.621955,0,0,0,0,0,0,0,0,0,0,0,0,0,0,0.0834456,0.423075,0.160843,0.398505,0,0,0.436615,0.344012
0.107632,0.474807,0.634907,0.455732,0.567207,0.586527,0.42692,0.788159,0.107663,0.624675,0.649443,0.300429,0.862262,0.229577,0.518859,0.344035,0,0,0,0,0,0,0,0,0,0,0,0,0,0,0.0834966,0.425746,0.165714,0.398497,0,0,0.446252,0.33856
0.107646,0.474813,0.644596,0.453019,0,0,0,0,0,0,0.721998,0.292245,0.862295,0.229582,0.528557,0.338585,0,0,0,0,0,0,0,0,0,0,0,0,0,0,0.0834891,0.425759,0.165718,0.39851,0,0,0.451117,0.346749
0.112453,0.477523,0.639773,0.45846,0,0,0,0,0,0,0.673631,0.319499,0.862308,0.22958,0.518815,0.346737,0,0,0,0,0,0,0,0,0,0,0,0,0,0,0.0882801,0.425808,0.165732,0.401222,0,0,0.451114,0.338579
0.112516,0.477533,0.630106,0.480253,0.53334,0.608322,0.393061,0.796327,0.126972,0.635561,0.668786,0.327672,0.867098,0.229591,0.514007,0.352196,0,0,0,0,0,0,0,0,0,0,0,0,0,0,0.0930746,0.431193,0.170548,0.401246,0,0,0.455937,0.352192
0.131804,0.480268,0.625252,0.477536,0.504327,0.627393,0.417248,0.818133,0.11249,0.632834,0.692984,0.333124,0.886475,0.240459,0.523673,0.352205,0,0,0,0,0,0,0,0,0,0,0,0,0,0,0.102834,0.43668,0.189899,0.401247,0,0,0.465636,0.346742
0.136602,0.480273,0.610739,0.47754,0.518844,0.624675,0.412424,0.820855,0.127002,0.632845,0.668799,0.346745,0.891274,0.243195,0.528485,0.354935,0,0,0,0,0,0,0,0,0,0,0,0,0,0,0.112494,0.439365,0.194771,0.403996,0,0,0.460772,0.349461
0.141476,0.485686,0.634951,0.480266,0.509165,0.627397,0.417237,0.823591,0.146361,0.638306,0.702649,0.352189,0.891337,0.248637,0.55267,0.35492,0,0,0,0,0,0,0,0,0,0,0,0,0,0,0.127013,0.439391,0.209176,0.403981,0,0,0.480159,0.357657
0.146332,0.48566,0.64943,0.477526,0.557528,0.613778,0.465609,0.826301,0.151202,0.641022,0.702649,0.335851,0.910665,0.245932,0.562354,0.354912,0,0,0,0,0,0,0,0,0,0,0,0,0,0,0.131787,0.439399,0.209275,0.406686,0,0,0.475299,0.357657
0.151248,0.485673,0.644636,0.480251,0.557544,0.621953,0.460786,0.826303,0.165707,0.643738,0.712329,0.333119,0.992893,0.235017,0.562398,0.354943,0,0,0,0,0,0,0,0,0,0,0,0,0,0,0.131889,0.442089,0.21417,0.406696,0,0,0.48015,0.357649
0.156045,0.485693,0.649445,0.485702,0.567205,0.632853,0.45111,0.823586,0.165699,0.641036,0.722012,0.333123,0.992894,0.229589,0.557546,0.357663,0,0,0,0,0,0,0,0,0,0,0,0,0,0,0.1366,0.442082,0.218889,0.406703,0,0,0.480135,0.357626
0.156026,0.485718,0.659128,0.477529,0.562365,0.616497,0.451112,0.815405,0.160872,0.641025,0.721986,0.324951,0.992896,0.229566,0.562381,0.357623,0,0,0,0,0,0,0,0,0,0,0,0,0,0,0.131899,0.442106,0.214139,0.409399,0,0,0.475322,0.357637
0.155999,0.488387,0.659128,0.477532,0.567202,0.632849,0.46078,0.823593,0.170543,0.643733,0.71717,0.338573,0.992895,0.229575,0.567232,0.35491,0,0,0,0,0,0,0,0,0,0,0,0,0,0,0.131897,0.444816,0.214115,0.412139,0,0,0.470487,0.360384
0.160827,0.488477,0.64946,0.477532,0.562381,0.621946,0.455942,0.820864,0.175412,0.646494,0.726828,0.341292,0.992895,0.232286,0.567197,0.354916,0,0,0,0,0,0,0,0,0,0,0,0,0,0,0.131884,0.447519,0.21412,0.417558,0,0,0.48012,0.360373
0.165693,0.491139,0.668797,0.472092,0.557538,0.591977,0.513991,0.80724,0.170527,0.646517,0.746189,0.341301,0.992894,0.232279,0.576866,0.352182,0,0,0,0,0,0,0,0,0,0,0,0,0,0,0.131935,0.447572,0.21889,0.417592,0,0,0.480132,0.363087
0.175359,0.491202,0.697785,0.472092,0.596223,0.594706,0.4511,0.831752,0.19472,0.643763,0.746179,0.330399,0.992901,0.232306,0.581762,0.354934,0,0,0,0,0,0,0,0,0,0,0,0,0,0,0.136733,0.450245,0.223804,0.420282,0,0,0.499483,0.360366
0.180162,0.491215,0.721987,0.472084,0,0,0,0,0,0,0.746181,0.324948,0.992897,0.229584,0.60108,0.352201,0,0,0,0,0,0,0,0,0,0,0,0,0,0,0.141539,0.450253,0.228617,0.42032,0,0,0.494661,0.360383
0.18511,0.493924,0.702663,0.47753,0.634929,0.608317,0.475289,0.834508,0.19955,0.654653,0.765526,0.341292,0.992902,0.226852,0.610742,0.352214,0,0,0,0,0,0,0,0,0,0,0,0,0,0,0.156031,0.452993,0.243106,0.423057,0,0,0.514011,0.365826
0.189931,0.499322,0.69296,0.477536,0.610746,0.619226,0.509164,0.839938,0.209242,0.657368,0.765529,0.330389,0.992906,0.226861,0.630066,0.346731,0,0,0,0,0,0,0,0,0,0,0,0,0,0,0.165658,0.455721,0.247858,0.425778,0,0,0.523661,0.365832
0.199588,0.507496,0.697832,0.48298,0.605905,0.643743,0.547845,0.842653,0.209227,0.660102,0.784876,0.327669,0.992906,0.22412,0.620442,0.352209,0,0,0,0,0,0,0,0,0,0,0,0,0,0,0.175305,0.461148,0.252792,0.428504,0,0,0.504305,0.387607
0.204333,0.510234,0.712317,0.485703,0.605901,0.638305,0.55752,0.848101,0.218932,0.662812,0.799381,0.316776,0.99291,0.224118,0.634939,0.349472,0,0,0,0,0,0,0,0,0,0,0,0,0,0,0.175427,0.46387,0.257628,0.431221,0,0,0.509176,0.390345
0.204442,0.512994,0.731693,0.482989,0.634915,0.632848,0.562361,0.84538,0.214081,0.673727,0.784886,0.333118,0.992908,0.218684,0.639809,0.344013,0,0,0,0,0,0,0,0,0,0,0,0,0,0,0.180265,0.466667,0.257648,0.442087,0,0,0.523675,0.395805
0.209167,0.515681,0.72686,0.491163,0.581704,0.643746,0.601077,0.856281,0.214095,0.676448,0.81392,0.349464,0.992907,0.218674,0.639797,0.344021,0,0,0,0,0,0,0,0,0,0,0,0,0,0,0.185035,0.466673,0.257694,0.444822,0,0,0.528529,0.403949
0.209271,0.51841,0.746171,0.499328,0,0,0,0,0,0,0.707474,0.619221,0.562353,0.850841,0.209232,0.673739,0,0,0,0,0,0,0,0,0,0,0,0,0,0,0.189898,0.472107,0.267294,0.447549,0,0,0.538234,0.403972
0.209332,0.521126,0.746191,0.515686,0.6301,0.586525,0.601064,0.845386,0.238258,0.681879,0.857449,0.469362,0,0,0,0,0,0,0,0,0,0,0,0,0,0,0,0,0,0,0.189928,0.47484,0.272112,0.447583,0,0,0.547874,0.403947
0.214069,0.526559,0.78489,0.502048,0.852606,0.384893,0,0,0,0,0.780039,0.602875,0.5672,0.861743,0.214124,0.681874,0,0,0,0,0,0,0,0,0,0,0,0,0,0,0.189941,0.482956,0.276974,0.447605,0,0,0.562423,0.403954
0.214084,0.526601,0.813899,0.502066,0.833262,0.390342,0,0,0,0,0.799402,0.597429,0.57203,0.861734,0.218899,0.679179,0,0,0,0,0,0,0,0,0,0,0,0,0,0,0.189932,0.482971,0.276934,0.450275,0,0,0.572024,0.401229
0.214029,0.529313,0.813909,0.502057,0.833256,0.395781,0,0,0,0,0.804229,0.59198,0.581711,0.864465,0.223732,0.679166,0,0,0,0,0,0,0,0,0,0,0,0,0,0,0.189865,0.48567,0.267333,0.45301,0,0,0.562392,0.401238
0.209274,0.529331,0.804246,0.51296,0.722005,0.453012,0,0,0,0,0.81874,0.570174,0.572037,0.861726,0.214095,0.679151,0,0,0,0,0,0,0,0,0,0,0,0,0,0,0.189839,0.485682,0.267277,0.453021,0,0,0.557546,0.403951
0.204445,0.532026,0.804241,0.504791,0.809069,0.406693,0,0,0,0,0.789728,0.605593,0.562387,0.853561,0.209248,0.679185,0,0,0,0,0,0,0,0,0,0,0,0,0,0,0.180247,0.488378,0.262427,0.453008,0,0,0.547852,0.412126
0.204351,0.532048,0.789735,0.502053,0,0,0,0,0,0,0.78487,0.600145,0.56722,0.842659,0.209285,0.68187,0,0,0,0,0,0,0,0,0,0,0,0,0,0,0.180171,0.488389,0.257617,0.455703,0,0,0.538206,0.414875
0.204352,0.534753,0.755861,0.48843,0.639757,0.605597,0.601061,0.845383,0.223751,0.684624,0.842941,0.352193,0.992919,0.237759,0.673635,0.354906,0,0,0,0,0,0,0,0,0,0,0,0,0,0,0.180189,0.488439,0.257582,0.455758,0,0,0.53819,0.403971
0.204392,0.534737,0.765539,0.488427,0.639776,0.613779,0.601057,0.853547,0.218926,0.684623,0.828426,0.357637,0.992915,0.24048,0.683281,0.357606,0,0,0,0,0,0,0,0,0,0,0,0,0,0,0.180238,0.488431,0.257623,0.455747,0,0,0.538201,0.401239
0.209293,0.532022,0.755848,0.496616,0.630076,0.635571,0.50432,0.872617,0.243057,0.679178,0.842942,0.357645,0.992909,0.245941,0.697787,0.354935,0,0,0,0,0,0,0,0,0,0,0,0,0,0,0.189894,0.488386,0.26725,0.455744,0,0,0.543019,0.401255
0.214087,0.532034,0.760708,0.496606,0.625261,0.638301,0.630082,0.856283,0.257612,0.68735,0.842928,0.349465,0,0,0,0,0,0,0,0,0,0,0,0,0,0,0,0,0,0,0.194692,0.488385,0.272147,0.455731,0,0,0.552683,0.401241
0.223745,0.532049,0.770384,0.532031,0.639763,0.567454,0.586562,0.837227,0.252838,0.673725,0.852616,0.496609,0.634933,0.850837,0.243113,0.676453,0,0,0,0,0,0,0,0,0,0,0,0,0,0,0.199566,0.488375,0.286557,0.455736,0,0,0.572058,0.406685
0.223778,0.53206,0.770382,0.523857,0.634933,0.58108,0.605907,0.842671,0.257611,0.676449,0.862283,0.49116,0.630107,0.850832,0.247939,0.679156,0,0,0,0,0,0,0,0,0,0,0,0,0,0,0.204335,0.488402,0.286599,0.458453,0,0,0.576867,0.406674
0.238206,0.532058,0.794569,0.521133,0.659117,0.551101,0.572044,0.84265,0.267274,0.676476,0.867119,0.52658,0.625254,0.850835,0.252765,0.679167,0,0,0,0,0,0,0,0,0,0,0,0,0,0,0.209137,0.488392,0.291443,0.458441,0,0,0.581725,0.412147
0.238267,0.532063,0.775207,0.50751,0.630093,0.621949,0.615583,0.861724,0.267276,0.681906,0.862283,0.363097,0.992907,0.25684,0.712297,0.357638,0,0,0,0,0,0,0,0,0,0,0,0,0,0,0.209179,0.488415,0.291499,0.45845,0,0,0.581733,0.4067
0.243051,0.532036,0.809065,0.491159,0.731669,0.551104,0.644602,0.848111,0.281791,0.681894,0.891308,0.360365,0,0,0,0,0,0,0,0,0,0,0,0,0,0,0,0,0,0,0.20926,0.488403,0.291547,0.45846,0,0,0.586539,0.409399
0.243097,0.532044,0.804221,0.50206,0.721998,0.55111,0.625247,0.845383,0.276973,0.681899,0.818749,0.570174,0.601058,0.845386,0.252816,0.676431,0,0,0,0,0,0,0,0,0,0,0,0,0,0,0.209287,0.488417,0.296282,0.458447,0,0,0.59137,0.409403
0.243059,0.532032,0.75102,0.510232,0.644615,0.605595,0.615566,0.853556,0.276988,0.681893,0.876802,0.382169,0.992905,0.256825,0.707476,0.360349,0,0,0,0,0,0,0,0,0,0,0,0,0,0,0.209337,0.488412,0.291556,0.458457,0,0,0.586583,0.403977
0.243073,0.532034,0.775218,0.507514,0.717156,0.542932,0.620414,0.842665,0.281794,0.681884,0.891322,0.373997,0,0,0,0,0,0,0,0,0,0,0,0,0,0,0,0,0,0,0.214012,0.488418,0.291555,0.458457,0,0,0.591355,0.403969
0.243061,0.53201,0.780049,0.502051,0.717163,0.545658,0.625252,0.842661,0.276983,0.681877,0.886485,0.368538,0,0,0,0,0,0,0,0,0,0,0,0,0,0,0,0,0,0,0.209344,0.4884,0.291556,0.458449,0,0,0.586582,0.403966
0.243067,0.532014,0.780059,0.502065,0.707494,0.545648,0.62525,0.842664,0.281782,0.681882,0.891322,0.398517,0,0,0,0,0,0,0,0,0,0,0,0,0,0,0,0,0,0,0.209342,0.488405,0.296253,0.458448,0,0,0.591347,0.40668
0.247854,0.531997,0.765541,0.518396,0.639784,0.613773,0.620421,0.85627,0.27211,0.679157,0.9155,0.431213,0.659113,0.839941,0.262466,0.676438,0,0,0,0,0,0,0,0,0,0,0,0,0,0,0.214061,0.488384,0.296387,0.455743,0,0,0.596215,0.401236
0.247864,0.531988,0.770372,0.521131,0.654273,0.611048,0.630078,0.845395,0.286667,0.679148,0.90098,0.493882,0.639755,0.850834,0.267296,0.676435,0,0,0,0,0,0,0,0,0,0,0,0,0,0,0.21412,0.488379,0.301125,0.45575,0,0,0.596235,0.40397
0.247969,0.529323,0.794557,0.526581,0.673624,0.562004,0.615597,0.859009,0.281827,0.676485,0,0,0,0,0,0,0,0,0,0,0,0,0,0,0,0,0,0,0,0,0.218946,0.488385,0.301201,0.455734,0,0,0.601039,0.406698
0.247995,0.529309,0.799407,0.532034,0.649449,0.589249,0.581743,0.861726,0.286661,0.67916,0,0,0,0,0,0,0,0,0,0,0,0,0,0,0,0,0,0,0,0,0.223734,0.485725,0.305961,0.455732,0,0,0.60588,0.406679
0.252792,0.5293,0.804217,0.545647,0.654279,0.564726,0.586555,0.850839,0.291477,0.676468,0,0,0,0,0,0,0,0,0,0,0,0,0,0,0,0,0,0,0,0,0.228615,0.485683,0.310807,0.455727,0,0,0.610757,0.406696
0.252834,0.529313,0.794543,0.548366,0.625268,0.635576,0.610742,0.859013,0.296275,0.679161,0,0,0,0,0,0,0,0,0,0,0,0,0,0,0,0,0,0,0,0,0.233419,0.485693,0.315603,0.455703,0,0,0.615564,0.409414
0.257659,0.529326,0.809057,0.540198,0.697806,0.556559,0.639766,0.858994,0.305944,0.679157,0,0,0,0,0,0,0,0,0,0,0,0,0,0,0,0,0,0,0,0,0.238303,0.485678,0.315708,0.453026,0,0,0.620439,0.403969
0.262429,0.529283,0.813898,0.542931,0.663955,0.572901,0.659116,0.850827,0.310829,0.679176,0,0,0,0,0,0,0,0,0,0,0,0,0,0,0,0,0,0,0,0,0.243109,0.48299,0.320496,0.452984,0,0,0.630091,0.409409
0.267315,0.526589,0.813922,0.548383,0.707482,0.553825,0.731675,0.853558,0.315676,0.679166,0,0,0,0,0,0,0,0,0,0,0,0,0,0,0,0,0,0,0,0,0.247894,0.48027,0.325382,0.450307,0,0,0.634882,0.409432
0.276943,0.523879,0.83809,0.551111,0.712321,0.553827,0.654275,0.850833,0.306026,0.676443,0,0,0,0,0,0,0,0,0,0,0,0,0,0,0,0,0,0,0,0,0.247996,0.477543,0.3302,0.450262,0,0,0.639734,0.406695
0.286596,0.518422,0.862292,0.548375,0.692976,0.578351,0.784883,0.858998,0,0,0,0,0,0,0,0,0,0,0,0,0,0,0,0,0,0,0,0,0,0,0.257569,0.4721,0.344731,0.447527,0,0,0.644658,0.40125
0.291535,0.518385,0.813927,0.556561,0.659114,0.581076,0.780047,0.85356,0.364027,0.673724,0,0,0,0,0,0,0,0,0,0,0,0,0,0,0,0,0,0,0,0,0.267328,0.469356,0.359186,0.444805,0,0,0.659134,0.398507
0.29639,0.515707,0.871956,0.545657,0.702653,0.567454,0.770374,0.856275,0.359191,0.676432,0,0,0,0,0,0,0,0,0,0,0,0,0,0,0,0,0,0,0,0,0.286557,0.466661,0.364111,0.442112,0,0,0.678471,0.395806
0.301133,0.515669,0.867127,0.553841,0.702659,0.551108,0.581724,0.875362,0.354342,0.673694,0,0,0,0,0,0,0,0,0,0,0,0,0,0,0,0,0,0,0,0,0.286617,0.466612,0.368881,0.439377,0,0,0.678458,0.395809
0.296376,0.512923,0.867122,0.54293,0.731672,0.52113,0.668793,0.842663,0.330168,0.66827,0,0,0,0,0,0,0,0,0,0,0,0,0,0,0,0,0,0,0,0,0.281812,0.461213,0.364083,0.431236,0,0,0.66879,0.393078
0.296253,0.51022,0.90581,0.518409,0.755862,0.556554,0.80423,0.850835,0.325354,0.668276,0,0,0,0,0,0,0,0,0,0,0,0,0,0,0,0,0,0,0,0,0.281743,0.458464,0.363942,0.428519,0,0,0.663943,0.390319
0.28178,0.499327,0.876789,0.504781,0.673632,0.559279,0.64462,0.845382,0.305973,0.657379,0,0,0,0,0,0,0,0,0,0,0,0,0,0,0,0,0,0,0,0,0.252732,0.453023,0.335072,0.423031,0,0,0.649486,0.373992
0.262445,0.493865,0.881638,0.485706,0.867118,0.39579,0.62526,0.812684,0.291477,0.649188,0.867115,0.575626,0,0,0,0,0,0,0,0,0,0,0,0,0,0,0,0,0,0,0.243108,0.447609,0.320534,0.4203,0,0,0.639787,0.365804
0.24787,0.488403,0.886464,0.463909,0.910654,0.357639,0,0,0,0,0.920332,0.532031,0.620427,0.829031,0.247932,0.643735,0,0,0,0,0,0,0,0,0,0,0,0,0,0,0.214123,0.444822,0.29635,0.409394,0,0,0.625286,0.341283
0.238212,0.482997,0.857452,0.46936,0.857444,0.376716,0,0,0,0,0,0,0,0,0,0,0,0,0,0,0,0,0,0,0,0,0,0,0,0,0.209157,0.439369,0.286595,0.40128,0,0,0.630122,0.322218
0.252714,0.472116,0.930002,0.417588,0.842937,0.363094,0.591388,0.785438,0.27214,0.635573,0,0,0,0,0,0,0,0,0,0,0,0,0,0,0,0,0,0,0,0,0.223774,0.42578,0.291549,0.395758,0,0,0.644584,0.28406
0.233428,0.469368,0.857443,0.414864,0.799391,0.35764,0,0,0,0,0,0,0,0,0,0,0,0,0,0,0,0,0,0,0,0,0,0,0,0,0.209192,0.425748,0.276954,0.393067,0,0,0.601075,0.267745
0.214081,0.463876,0.809056,0.428491,0,0,0,0,0,0,0.896135,0.39852,0.596231,0.766359,0.223764,0.594715,0,0,0,0,0,0,0,0,0,0,0,0,0,0,0.194783,0.41487,0.252866,0.38213,0,0,0.591324,0.294983
0.209291,0.46118,0.818751,0.40396,0.828422,0.275904,0,0,0,0,0.881626,0.406688,0.591397,0.758183,0.218901,0.589266,0,0,0,0,0,0,0,0,0,0,0,0,0,0,0.18993,0.412159,0.252708,0.379445,0,0,0.528478,0.267747
0.199592,0.455758,0.741354,0.406691,0.605904,0.551099,0.630087,0.739113,0.238261,0.58926,0.82842,0.423038,0.6301,0.7391,0.199621,0.578362,0,0,0,0,0,0,0,0,0,0,0,0,0,0,0.170559,0.417572,0.228566,0.382139,0,0,0.455956,0.292256
0.204432,0.45848,0.726836,0.412141,0.620398,0.545656,0.625258,0.736385,0.257611,0.589265,0.780045,0.256822,0.992898,0.117868,0.552712,0.205048,0,0,0,0,0,0,0,0,0,0,0,0,0,0,0.180201,0.420305,0.228631,0.384917,0,0,0.441417,0.30584
0.20447,0.461196,0.731684,0.401247,0.625242,0.537483,0.644605,0.720041,0.257617,0.58924,0.809063,0.311321,0.615583,0.720045,0.247945,0.572908,0,0,0,0,0,0,0,0,0,0,0,0,0,0,0.189881,0.420315,0.228622,0.390365,0,0,0.422079,0.32764
0.209321,0.466604,0.717178,0.431213,0.625234,0.548385,0.692983,0.720041,0.247923,0.575625,0.823589,0.442113,0.692976,0.711872,0.257626,0.578358,0,0,0,0,0,0,0,0,0,0,0,0,0,0,0.209224,0.417597,0.238301,0.395811,0,0,0.441449,0.341301
0.238277,0.46933,0.73651,0.423035,0.63975,0.562004,0.697818,0.730947,0.286643,0.583813,0.804268,0.518419,0,0,0,0,0,0,0,0,0,0,0,0,0,0,0,0,0,0,0.21892,0.425794,0.252818,0.401233,0,0,0.460774,0.352196
0.247932,0.466677,0.731661,0.412147,0.6446,0.556553,0.678461,0.736392,0.325333,0.589258,0.78972,0.24047,0.992906,0.142374,0.605909,0.262254,0,0,0,0,0,0,0,0,0,0,0,0,0,0,0,0,0.262489,0.403928,0,0,0.475195,0.357675
0.257684,0.477533,0.741351,0.417592,0.69781,0.578351,0.765529,0.741845,0.368877,0.591969,0.794543,0.240482,0.992909,0.15875,0.634917,0.264982,0,0,0,0,0,0,0,0,0,0,0,0,0,0,0,0,0.291392,0.404003,0,0,0.480216,0.357635
0.267326,0.480259,0.750991,0.423034,0.707484,0.581077,0.755868,0.741838,0.402734,0.605599,0.794549,0.248644,0.992908,0.164162,0.63978,0.262265,0,0,0,0,0,0,0,0,0,0,0,0,0,0,0,0,0.291568,0.406698,0,0,0.485009,0.365815
0.276989,0.485665,0.784892,0.409411,0.712311,0.556555,0.760701,0.74184,0.37855,0.591965,0.828429,0.256821,0.992914,0.166929,0.639795,0.270448,0,0,0,0,0,0,0,0,0,0,0,0,0,0,0,0,0.296277,0.412147,0,0,0.499449,0.363118
0.272142,0.485686,0.784872,0.428493,0.717185,0.567446,0.775204,0.739116,0.378532,0.591963,0.823584,0.259563,0.992912,0.172345,0.639807,0.281359,0,0,0,0,0,0,0,0,0,0,0,0,0,0,0,0,0.296284,0.412127,0,0,0.499442,0.36853
0.257687,0.482984,0.780039,0.409415,0.707487,0.562005,0.731673,0.75001,0.368861,0.589257,0,0,0,0,0,0,0,0,0,0,0,0,0,0,0,0,0,0,0,0,0,0,0.291418,0.406671,0,0,0.489835,0.368525
0.262421,0.485674,0.799369,0.425761,0.717166,0.572898,0.770376,0.744562,0.359204,0.58924,0,0,0,0,0,0,0,0,0,0,0,0,0,0,0,0,0,0,0,0,0,0,0.291533,0.406668,0,0,0.494637,0.371279
0.257713,0.488346,0.789722,0.401233,0.712334,0.572894,0.784885,0.744559,0.368862,0.597419,0,0,0,0,0,0,0,0,0,0,0,0,0,0,0,0,0,0,0,0,0,0,0.291508,0.414866,0,0,0.484978,0.360352
0.262492,0.48847,0.794565,0.40396,0.726832,0.564726,0.799406,0.741848,0.3737,0.597433,0,0,0,0,0,0,0,0,0,0,0,0,0,0,0,0,0,0,0,0,0,0,0.291574,0.417562,0,0,0.494662,0.357652
0.286561,0.493887,0.804227,0.428489,0.726845,0.572898,0.813904,0.758184,0.393065,0.61378,0.910686,0.515681,0,0,0,0,0,0,0,0,0,0,0,0,0,0,0,0,0,0,0.252794,0.458462,0.301192,0.42307,0,0,0.523574,0.384862
0.291407,0.50475,0.804241,0.409417,0.736526,0.562006,0.828414,0.752733,0.431761,0.630116,0,0,0,0,0,0,0,0,0,0,0,0,0,0,0,0,0,0,0,0,0,0,0.310769,0.425813,0,0,0.523694,0.382139
0.291599,0.51573,0.804243,0.439395,0.736516,0.572903,0.823598,0.769094,0.441416,0.635569,0.91547,0.532038,0,0,0,0,0,0,0,0,0,0,0,0,0,0,0,0,0,0,0,0,0.320424,0.444867,0.32052,0.523864,0.528527,0.398538
0.296375,0.52383,0.804268,0.444833,0.731672,0.578352,0.84294,0.771809,0.455932,0.64102,0,0,0,0,0,0,0,0,0,0,0,0,0,0,0,0,0,0,0,0,0,0,0.325239,0.447606,0.339837,0.526591,0.533419,0.401261
0.306011,0.523827,0.813902,0.439393,0.722017,0.578351,0.852615,0.771812,0.460771,0.641027,0.828418,0.265004,0.992913,0.199596,0.678447,0.338574,0,0,0,0,0,0,0,0,0,0,0,0,0,0,0.267329,0.485682,0.325422,0.447549,0.354381,0.532016,0.538209,0.393091
0.310813,0.518424,0.813915,0.412137,0.726829,0.553823,0.862274,0.769096,0.460779,0.641031,0.852606,0.254104,0,0,0,0,0,0,0,0,0,0,0,0,0,0,0,0,0,0,0.267269,0.48838,0.33022,0.444857,0,0,0.552698,0.393075
0.31086,0.515699,0.847763,0.403966,0.799386,0.540209,0.838098,0.76909,0.465599,0.638298,0.852614,0.248656,0,0,0,0,0,0,0,0,0,0,0,0,0,0,0,0,0,0,0.267342,0.485702,0.334995,0.444823,0,0,0.557575,0.384897
0.301191,0.515669,0.818752,0.403967,0.780041,0.542931,0.847777,0.766369,0.460792,0.641018,0.852611,0.240476,0,0,0,0,0,0,0,0,0,0,0,0,0,0,0,0,0,0,0.257632,0.485676,0.32538,0.442099,0,0,0.547862,0.379436
0.291451,0.512989,0.813898,0.412138,0.789723,0.540201,0.842936,0.752738,0.451101,0.635561,0.828419,0.264995,0.992915,0.177809,0.678487,0.324935,0,0,0,0,0,0,0,0,0,0,0,0,0,0,0.247915,0.482949,0.315594,0.439363,0,0,0.533348,0.379421
0.29143,0.512986,0.809067,0.414869,0.784885,0.545657,0.847763,0.750012,0.426913,0.630126,0.823591,0.265007,0.992912,0.175096,0.678469,0.322237,0,0,0,0,0,0,0,0,0,0,0,0,0,0,0.243132,0.482953,0.310793,0.436672,0,0,0.533334,0.376726
0.291444,0.512939,0.809063,0.412137,0.7607,0.545658,0.871944,0.744571,0.436581,0.63829,0.838094,0.264997,0.992913,0.169649,0.692985,0.314032,0,0,0,0,0,0,0,0,0,0,0,0,0,0,0.2478,0.480284,0.310832,0.436684,0,0,0.538222,0.37944
0.291417,0.512963,0.804262,0.420308,0.746184,0.553834,0.857449,0.747298,0.431764,0.635564,0.823593,0.267722,0.992911,0.169639,0.69296,0.311344,0,0,0,0,0,0,0,0,0,0,0,0,0,0,0.243144,0.482943,0.310794,0.436678,0,0,0.538215,0.37943
0.286709,0.512995,0.804232,0.431216,0.736522,0.556559,0.857445,0.752745,0.436595,0.635566,0.828413,0.275898,0.992911,0.169613,0.688096,0.316763,0,0,0,0,0,0,0,0,0,0,0,0,0,0,0.24308,0.482993,0.306015,0.439401,0,0,0.543019,0.379459
0.286648,0.515648,0.799398,0.431211,0.736521,0.556554,0.857454,0.752742,0.436609,0.638287,0.813927,0.278622,0.992911,0.16963,0.688111,0.314036,0,0,0,0,0,0,0,0,0,0,0,0,0,0,0.243051,0.482986,0.305974,0.442078,0,0,0.538232,0.379442
0.286595,0.515654,0.799406,0.420315,0.755868,0.551099,0.852605,0.750021,0.412419,0.630115,0.813917,0.275894,0.992911,0.166926,0.678432,0.314039,0,0,0,0,0,0,0,0,0,0,0,0,0,0,0.233474,0.482982,0.301176,0.442086,0,0,0.538154,0.371276
0.281833,0.512981,0.77523,0.431214,0.741345,0.55928,0.838105,0.750023,0.417231,0.63013,0.813924,0.278629,0.99291,0.166922,0.65912,0.316779,0,0,0,0,0,0,0,0,0,0,0,0,0,0,0.23339,0.482955,0.301104,0.439379,0,0,0.533381,0.371261
0.267313,0.510253,0.794563,0.42576,0.726846,0.561998,0.842934,0.744564,0.412399,0.635561,0.813895,0.273169,0.992902,0.16962,0.659132,0.3059,0,0,0,0,0,0,0,0,0,0,0,0,0,0,0.218955,0.474843,0.29156,0.433919,0,0,0.528535,0.363114
0.262425,0.507513,0.799403,0.417587,0.741345,0.562001,0.847779,0.744571,0.417239,0.632854,0.809086,0.259565,0,0,0,0,0,0,0,0,0,0,0,0,0,0,0,0,0,0,0.214148,0.469407,0.291428,0.425787,0,0,0.528473,0.360397
0.252874,0.499331,0.794559,0.395796,0.746187,0.556549,0.838103,0.741835,0.38824,0.624666,0.789717,0.2323,0,0,0,0,0,0,0,0,0,0,0,0,0,0,0,0,0,0,0.209313,0.466629,0.286554,0.42302,0,0,0.518775,0.357595
0.252846,0.496613,0.780058,0.40397,0.731662,0.564725,0.838087,0.741847,0.383399,0.624672,0.799391,0.248651,0,0,0,0,0,0,0,0,0,0,0,0,0,0,0,0,0,0,0.209293,0.466591,0.281829,0.423,0,0,0.509126,0.357596
0.252815,0.496635,0.770373,0.409418,0.736517,0.562,0.82841,0.744559,0.388249,0.627399,0.799385,0.256813,0.992902,0.150558,0.639758,0.300395,0,0,0,0,0,0,0,0,0,0,0,0,0,0,0.209223,0.466582,0.281791,0.423018,0,0,0.49948,0.357631
0.257577,0.502076,0.775219,0.40942,0.741345,0.556551,0.838102,0.744571,0.402717,0.635573,0.804219,0.256818,0.992904,0.150551,0.639793,0.300397,0,0,0,0,0,0,0,0,0,0,0,0,0,0,0.20934,0.469335,0.281844,0.423052,0,0,0.504314,0.357608
0.267295,0.502082,0.799376,0.403962,0.736524,0.551102,0.8526,0.744556,0.402733,0.627401,0.813897,0.254096,0,0,0,0,0,0,0,0,0,0,0,0,0,0,0,0,0,0,0.218924,0.46668,0.291427,0.423015,0,0,0.523672,0.357609
0.272138,0.502057,0.794563,0.403973,0.721995,0.556547,0.847768,0.744556,0.422078,0.635584,0.828415,0.256827,0.992911,0.14241,0.654272,0.297687,0,0,0,0,0,0,0,0,0,0,0,0,0,0,0.218979,0.466654,0.29152,0.423025,0,0,0.523668,0.354911
0.281788,0.504799,0.789728,0.414866,0.741339,0.553823,0.852614,0.741837,0.422061,0.632859,0.828413,0.259556,0.992906,0.145123,0.654247,0.300385,0,0,0,0,0,0,0,0,0,0,0,0,0,0,0.228542,0.469314,0.29637,0.42572,0,0,0.533343,0.357613
0.281844,0.504785,0.804212,0.417581,0.741354,0.540202,0.857436,0.739117,0.43175,0.641009,0.828426,0.259561,0.992907,0.145115,0.668808,0.294949,0,0,0,0,0,0,0,0,0,0,0,0,0,0,0.228636,0.469332,0.301152,0.425739,0,0,0.538224,0.357643
0.291409,0.507474,0.809067,0.40397,0.736522,0.537483,0.881633,0.744563,0.436599,0.632852,0.823593,0.25138,0.992907,0.147847,0.678428,0.292256,0,0,0,0,0,0,0,0,0,0,0,0,0,0,0.23347,0.469384,0.310773,0.425773,0,0,0.552664,0.360363
0.291476,0.507525,0.823588,0.401245,0.741346,0.518405,0.87679,0.744572,0.451113,0.635565,0.842933,0.24593,0.992911,0.147858,0.688106,0.289517,0,0,0,0,0,0,0,0,0,0,0,0,0,0,0.243003,0.472073,0.310873,0.425795,0,0,0.552699,0.360365
0.291564,0.510233,0.809101,0.412144,0.741356,0.534748,0.881625,0.747298,0.455923,0.641032,0.84294,0.256816,0.992908,0.14785,0.693024,0.286812,0,0,0,0,0,0,0,0,0,0,0,0,0,0,0.247835,0.474817,0.320423,0.428486,0,0,0.557553,0.360365
0.291559,0.510254,0.813907,0.425758,0.736521,0.537473,0.88163,0.747296,0.455939,0.641032,0.847778,0.262279,0.992909,0.147855,0.69301,0.292228,0,0,0,0,0,0,0,0,0,0,0,0,0,0,0.247848,0.477513,0.320429,0.428507,0,0,0.557563,0.360365
0.291545,0.510269,0.809075,0.436668,0.746195,0.553828,0.871944,0.755468,0.446261,0.641026,0.838092,0.262284,0.992909,0.1533,0.693009,0.294968,0,0,0,0,0,0,0,0,0,0,0,0,0,0,0.243157,0.477558,0.315652,0.431232,0,0,0.557549,0.360381
0.291515,0.512924,0.804253,0.439392,0.746194,0.556551,0.86713,0.760907,0.446277,0.643751,0.833268,0.265006,0.99291,0.147855,0.692938,0.297693,0,0,0,0,0,0,0,0,0,0,0,0,0,0,0.243089,0.480243,0.315601,0.431234,0,0,0.557554,0.360373
0.291456,0.512943,0.804229,0.442117,0.7462,0.562009,0.862286,0.766366,0.436614,0.641023,0.82843,0.264998,0.99291,0.15056,0.692973,0.297688,0,0,0,0,0,0,0,0,0,0,0,0,0,0,0.243086,0.48025,0.310821,0.433938,0,0,0.557527,0.360375
0.291394,0.512941,0.799416,0.439392,0.736526,0.564722,0.86712,0.766351,0.446274,0.641037,0.823593,0.265,0.992911,0.150548,0.692999,0.294977,0,0,0,0,0,0,0,0,0,0,0,0,0,0,0.243012,0.477561,0.310794,0.433931,0,0,0.557503,0.360349
0.286685,0.512917,0.794537,0.43121,0.731688,0.562003,0.876786,0.76364,0.451122,0.643758,0.818738,0.262275,0.992909,0.147816,0.68813,0.292229,0,0,0,0,0,0,0,0,0,0,0,0,0,0,0.238308,0.474787,0.306021,0.43122,0,0,0.552665,0.357642
0.286679,0.51026,0.804236,0.431207,0.741361,0.545655,0.876788,0.758184,0.460768,0.646463,0.823576,0.270453,0.992909,0.147821,0.683289,0.294982,0,0,0,0,0,0,0,0,0,0,0,0,0,0,0.238261,0.472123,0.306024,0.42853,0,0,0.552693,0.357665
0.286659,0.512923,0.804232,0.428489,0.741341,0.551099,0.876789,0.760908,0.455945,0.646456,0.813921,0.259545,0.992909,0.145104,0.688153,0.289509,0,0,0,0,0,0,0,0,0,0,0,0,0,0,0.238201,0.474799,0.305998,0.431199,0,0,0.552725,0.357664
0.286644,0.512921,0.804234,0.42577,0.746183,0.545659,0.881648,0.75546,0.460773,0.64649,0.809087,0.254093,0.992907,0.145121,0.692962,0.286792,0,0,0,0,0,0,0,0,0,0,0,0,0,0,0.23821,0.474799,0.306011,0.43122,0,0,0.552728,0.357661
0.286667,0.512928,0.80424,0.431208,0.741353,0.553823,0.876808,0.758185,0.441416,0.643761,0.828433,0.256816,0.99291,0.145103,0.688172,0.28952,0,0,0,0,0,0,0,0,0,0,0,0,0,0,0.238212,0.474818,0.306013,0.431218,0,0,0.557486,0.357652
0.286659,0.512925,0.80424,0.433942,0.746187,0.553832,0.871973,0.758199,0.43659,0.643743,0.833254,0.256837,0.992907,0.147842,0.688138,0.289523,0,0,0,0,0,0,0,0,0,0,0,0,0,0,0.238196,0.474811,0.30604,0.431223,0,0,0.552724,0.360334
0.286665,0.51295,0.809082,0.428491,0.74618,0.537481,0.871971,0.760911,0.431764,0.643757,0.828424,0.251383,0.99291,0.142367,0.692986,0.289514,0,0,0,0,0,0,0,0,0,0,0,0,0,0,0.238205,0.477525,0.306038,0.431236,0,0,0.557514,0.360359
0.286655,0.512955,0.818756,0.450284,0.721994,0.521129,0.876791,0.760908,0.441444,0.649193,0,0,0,0,0,0,0,0,0,0,0,0,0,0,0,0,0,0,0,0,0.238192,0.477526,0.310761,0.431224,0,0,0.56237,0.360342
0.286682,0.512934,0.838087,0.423038,0.736521,0.518405,0.867132,0.769085,0.431774,0.646453,0.857443,0.251374,0.992909,0.123331,0.702663,0.273188,0,0,0,0,0,0,0,0,0,0,0,0,0,0,0.238266,0.474828,0.310781,0.431202,0,0,0.567185,0.354938
0.291392,0.512937,0.847774,0.447556,0.736515,0.502055,0.818758,0.769094,0.422081,0.646484,0.992897,0.507512,0.862299,0.771807,0.417269,0.641025,0,0,0,0,0,0,0,0,0,0,0,0,0,0,0.238291,0.474809,0.310816,0.431204,0,0,0.567188,0.35764
0.291414,0.512972,0.828432,0.46391,0.722001,0.488438,0.799396,0.771819,0.417252,0.651918,0.992904,0.499332,0.867085,0.766362,0.388219,0.643707,0,0,0,0,0,0,0,0,0,0,0,0,0,0,0.238265,0.477534,0.310825,0.431221,0,0,0.562375,0.354909
0.291388,0.512976,0.823591,0.450281,0.717166,0.507505,0.828415,0.774541,0.39791,0.643769,0.992904,0.507496,0.847789,0.769104,0.407571,0.643739,0,0,0,0,0,0,0,0,0,0,0,0,0,0,0.238255,0.477526,0.310811,0.431227,0,0,0.562357,0.354907
0.28665,0.512975,0.813917,0.428487,0.707491,0.523853,0.828428,0.771812,0.41243,0.649183,0.954222,0.502052,0.86714,0.769056,0.383349,0.638292,0,0,0,0,0,0,0,0,0,0,0,0,0,0,0.233463,0.474845,0.306022,0.431245,0,0,0.552725,0.357625
0.286606,0.512972,0.809075,0.431211,0.712323,0.534751,0.838103,0.769081,0.412396,0.649191,0.954202,0.515679,0.857431,0.769083,0.393044,0.640973,0,0,0,0,0,0,0,0,0,0,0,0,0,0,0.233421,0.477518,0.305994,0.433932,0,0,0.557555,0.357656
0.281807,0.513005,0.813891,0.453004,0.707488,0.551101,0.857442,0.777261,0.407575,0.643764,0.876799,0.275902,0.992904,0.126042,0.693021,0.281357,0,0,0,0,0,0,0,0,0,0,0,0,0,0,0.228571,0.48024,0.301169,0.436658,0,0,0.562382,0.360356
0.276998,0.515652,0.809095,0.425768,0.717177,0.548382,0.862274,0.771811,0.412392,0.646457,0.84294,0.2541,0.992909,0.14236,0.692981,0.289513,0,0,0,0,0,0,0,0,0,0,0,0,0,0,0.223792,0.480252,0.301116,0.436662,0,0,0.557499,0.360396
0.272157,0.512963,0.80425,0.436666,0.722006,0.548382,0.862283,0.766363,0.417265,0.643744,0.833268,0.256833,0.992906,0.142375,0.688177,0.292265,0,0,0,0,0,0,0,0,0,0,0,0,0,0,0.218967,0.474833,0.301092,0.431242,0,0,0.552692,0.360351
0.272149,0.51293,0.813902,0.450292,0.721999,0.534758,0.857453,0.766359,0.417253,0.643762,0.852611,0.251372,0.992906,0.145095,0.688145,0.292241,0,0,0,0,0,0,0,0,0,0,0,0,0,0,0.218949,0.472139,0.301103,0.428529,0,0,0.552719,0.360354
0.272151,0.510244,0.809094,0.420311,0.726854,0.542939,0.857433,0.769076,0.41724,0.643728,0.828432,0.248652,0.992905,0.136929,0.693025,0.284067,0,0,0,0,0,0,0,0,0,0,0,0,0,0,0.218974,0.472115,0.296376,0.428492,0,0,0.552701,0.357629
0.272163,0.510244,0.804211,0.42031,0.726849,0.542937,0.852609,0.766359,0.412405,0.638294,0.833255,0.25682,0.992908,0.131479,0.697787,0.278627,0,0,0,0,0,0,0,0,0,0,0,0,0,0,0.218967,0.472095,0.296378,0.428492,0,0,0.552714,0.357613
0.276985,0.510244,0.799401,0.428484,0.717179,0.551097,0.857446,0.766353,0.407582,0.638294,0.828421,0.256831,0.992909,0.134208,0.697789,0.281349,0,0,0,0,0,0,0,0,0,0,0,0,0,0,0.223783,0.472056,0.30111,0.428472,0,0,0.55273,0.35491
0.276982,0.510255,0.809076,0.433932,0.72199,0.542931,0.852601,0.763645,0.402717,0.635572,0.842939,0.259548,0.992908,0.134216,0.697784,0.284081,0,0,0,0,0,0,0,0,0,0,0,0,0,0,0.223794,0.472098,0.3011,0.428501,0,0,0.557503,0.354944
0.276962,0.512937,0.809068,0.447564,0.71232,0.545655,0.833267,0.769078,0.383408,0.635575,0.852612,0.254104,0.992912,0.136949,0.697842,0.286803,0,0,0,0,0,0,0,0,0,0,0,0,0,0,0.223764,0.472126,0.301088,0.431196,0,0,0.557514,0.35762
0.276946,0.512949,0.799385,0.433942,0.712326,0.556556,0.852604,0.763647,0.383407,0.635586,0.838105,0.262273,0.992908,0.134224,0.69783,0.289526,0,0,0,0,0,0,0,0,0,0,0,0,0,0,0.223725,0.474816,0.301104,0.431196,0,0,0.557525,0.357619
0.26733,0.512968,0.794545,0.433932,0.717164,0.542934,0.847782,0.760921,0.383415,0.638283,0.833256,0.262273,0.992909,0.134218,0.697803,0.289537,0,0,0,0,0,0,0,0,0,0,0,0,0,0,0.218906,0.47482,0.296351,0.431234,0,0,0.552698,0.360344
0.26733,0.512953,0.794542,0.433942,0.717173,0.55111,0.85262,0.758192,0.393048,0.64101,0.838093,0.265006,0.992907,0.139659,0.693011,0.292247,0,0,0,0,0,0,0,0,0,0,0,0,0,0,0.218884,0.474823,0.296298,0.431214,0,0,0.552719,0.360337
0.262492,0.512963,0.809055,0.439385,0.722005,0.542938,0.857437,0.758185,0.407567,0.641029,0.833259,0.256834,0.992909,0.139669,0.688187,0.289522,0,0,0,0,0,0,0,0,0,0,0,0,0,0,0.214121,0.474842,0.29156,0.428496,0,0,0.552695,0.354938
0.262489,0.512963,0.809072,0.423035,0.726839,0.548377,0.862281,0.758186,0.407568,0.641027,0.828432,0.25682,0.99291,0.136926,0.688131,0.286816,0,0,0,0,0,0,0,0,0,0,0,0,0,0,0.21409,0.474843,0.291516,0.428496,0,0,0.547875,0.354929
0.26243,0.512957,0.809074,0.423035,0.726851,0.545656,0.842932,0.758192,0.397898,0.641009,0.838101,0.254095,0,0,0,0,0,0,0,0,0,0,0,0,0,0,0,0,0,0,0.214074,0.4748,0.291447,0.428471,0,0,0.54784,0.354911
0.257702,0.512927,0.799392,0.428487,0.717172,0.548384,0.847769,0.760917,0.402717,0.641009,0.833273,0.264995,0.992905,0.123318,0.688119,0.28134,0,0,0,0,0,0,0,0,0,0,0,0,0,0,0.214042,0.474787,0.291422,0.42582,0,0,0.543028,0.354901
0.257712,0.510257,0.794545,0.425765,0.731666,0.55111,0.84294,0.76091,0.393064,0.638288,0.818758,0.254095,0.992911,0.120582,0.688122,0.273174,0,0,0,0,0,0,0,0,0,0,0,0,0,0,0.214017,0.472088,0.29139,0.425784,0,0,0.542982,0.352187
0.262431,0.510248,0.804218,0.42032,0.722014,0.54566,0.842931,0.758184,0.402724,0.641015,0.838104,0.251379,0.992907,0.120598,0.68813,0.273178,0,0,0,0,0,0,0,0,0,0,0,0,0,0,0.21403,0.472089,0.291392,0.425787,0,0,0.542988,0.354919
0.2625,0.510209,0.804253,0.420313,0.726842,0.534751,0.823587,0.760914,0.402744,0.638305,0.842929,0.251376,0.99291,0.117885,0.688152,0.273178,0,0,0,0,0,0,0,0,0,0,0,0,0,0,0.214102,0.469387,0.291478,0.425728,0,0,0.543022,0.354898
0.262515,0.507511,0.809058,0.414867,0.717168,0.537474,0.8236,0.760919,0.397906,0.632859,0.833256,0.24593,0.992908,0.11516,0.688175,0.270486,0,0,0,0,0,0,0,0,0,0,0,0,0,0,0.214073,0.46934,0.291473,0.423055,0,0,0.543036,0.354899
0.267333,0.50207,0.789713,0.417589,0.726848,0.551109,0.85262,0.755466,0.402711,0.635586,0.813917,0.245927,0.992906,0.115123,0.69293,0.267749,0,0,0,0,0,0,0,0,0,0,0,0,0,0,0.214152,0.466643,0.291519,0.420322,0,0,0.543017,0.35219
0.267294,0.502067,0.789721,0.425769,0.717146,0.551111,0.862272,0.755471,0.40758,0.638293,0.823585,0.254111,0.992907,0.117845,0.688183,0.26776,0,0,0,0,0,0,0,0,0,0,0,0,0,0,0.214167,0.466623,0.291506,0.420322,0,0,0.543016,0.349462
0.267289,0.499344,0.809092,0.420311,0.712329,0.523852,0.818758,0.755462,0.40274,0.635583,0.871961,0.248654,0,0,0,0,0,0,0,0,0,0,0,0,0,0,0,0,0,0,0.214151,0.463924,0.291517,0.4203,0,0,0.54785,0.346748
0.267247,0.499343,0.813917,0.420317,0.717154,0.515679,0.818741,0.758187,0.407575,0.635577,0.891308,0.235028,0.99291,0.115137,0.683335,0.265002,0,0,0,0,0,0,0,0,0,0,0,0,0,0,0.21414,0.463918,0.291492,0.420291,0,0,0.54787,0.34675
0.262502,0.499317,0.818756,0.414865,0.717162,0.510234,0.804237,0.755466,0.393052,0.638299,0.939686,0.47753,0.867122,0.741839,0.364022,0.621909,0,0,0,0,0,0,0,0,0,0,0,0,0,0,0.214128,0.463867,0.291495,0.420282,0,0,0.543003,0.346745
0.262472,0.499315,0.804252,0.414862,0.707486,0.540199,0.833252,0.752741,0.3834,0.632841,0.886466,0.245929,0,0,0,0,0,0,0,0,0,0,0,0,0,0,0,0,0,0,0.214141,0.46387,0.291487,0.420284,0,0,0.543005,0.346742
0.257707,0.496627,0.804252,0.423044,0.692977,0.53203,0.8139,0.763635,0.388213,0.635566,0.867121,0.221403,0,0,0,0,0,0,0,0,0,0,0,0,0,0,0,0,0,0,0.21404,0.463876,0.291419,0.420303,0,0,0.543009,0.349466
0.257667,0.496618,0.809078,0.414863,0.692973,0.526581,0.823569,0.76091,0.383416,0.635574,0,0,0,0,0,0,0,0,0,0,0,0,0,0,0,0,0,0,0,0,0.213991,0.4612,0.286676,0.420305,0,0,0.543027,0.34128
0.257562,0.496584,0.804238,0.439381,0.668797,0.518408,0.818732,0.755456,0.383378,0.630133,0,0,0,0,0,0,0,0,0,0,0,0,0,0,0,0,0,0,0,0,0.209264,0.461197,0.286633,0.420283,0,0,0.542996,0.338573
0.252865,0.493897,0.813922,0.439382,0.688137,0.485712,0.80424,0.75274,0.373727,0.627389,0,0,0,0,0,0,0,0,0,0,0,0,0,0,0,0,0,0,0,0,0.209167,0.461177,0.286597,0.417589,0,0,0.538185,0.341284
0.252826,0.493893,0.80422,0.420311,0.688136,0.532032,0.818753,0.755462,0.378527,0.630134,0.833264,0.259552,0,0,0,0,0,0,0,0,0,0,0,0,0,0,0,0,0,0,0.204478,0.461164,0.281843,0.414875,0,0,0.538144,0.34128
0.252834,0.493863,0.79938,0.414861,0.678466,0.532031,0.81391,0.758185,0.378573,0.630132,0.828426,0.25956,0,0,0,0,0,0,0,0,0,0,0,0,0,0,0,0,0,0,0.204459,0.458479,0.286542,0.41215,0,0,0.538149,0.335836
0.25283,0.493859,0.789731,0.412137,0.692968,0.545658,0.823586,0.750013,0.378549,0.630114,0.828413,0.259549,0,0,0,0,0,0,0,0,0,0,0,0,0,0,0,0,0,0,0.204453,0.458475,0.28654,0.412152,0,0,0.538141,0.333114
0.252841,0.491212,0.799402,0.412137,0.673629,0.534754,0.809065,0.758184,0.373729,0.627397,0.838097,0.256838,0,0,0,0,0,0,0,0,0,0,0,0,0,0,0,0,0,0,0.204475,0.458457,0.286542,0.412152,0,0,0.538151,0.333114
0.25286,0.493856,0.813916,0.433936,0.663946,0.493881,0.794559,0.758182,0.373695,0.624666,0.930017,0.482989,0.857441,0.736414,0.349542,0.62193,0,0,0,0,0,0,0,0,0,0,0,0,0,0,0.209142,0.458449,0.286586,0.412167,0,0,0.538171,0.335856
0.252843,0.493864,0.82843,0.417589,0.678465,0.474808,0.799401,0.750019,0.378577,0.627406,0.925178,0.496598,0.823576,0.741854,0.354396,0.619232,0,0,0,0,0,0,0,0,0,0,0,0,0,0,0.209196,0.45846,0.286601,0.414871,0,0,0.542995,0.338591
0.252837,0.493876,0.813914,0.442113,0.67363,0.491157,0.804229,0.75546,0.37854,0.627388,0.920341,0.485719,0.857439,0.739136,0.339883,0.619173,0,0,0,0,0,0,0,0,0,0,0,0,0,0,0.209172,0.458473,0.286617,0.41757,0,0,0.542992,0.344033
0.252839,0.493887,0.813909,0.439384,0.683303,0.491159,0.809058,0.75274,0.373748,0.63012,0.925165,0.488439,0.847769,0.741857,0.325361,0.611068,0,0,0,0,0,0,0,0,0,0,0,0,0,0,0.209177,0.458461,0.286624,0.417576,0,0,0.538168,0.346732
0.252868,0.493922,0.813907,0.420316,0.678467,0.529301,0.833262,0.755461,0.378565,0.638305,0.920338,0.515685,0.809032,0.755463,0.325378,0.613741,0,0,0,0,0,0,0,0,0,0,0,0,0,0,0.209214,0.461147,0.286638,0.417596,0,0,0.538177,0.346746
0.25287,0.493924,0.809065,0.414859,0.683303,0.542924,0.828415,0.752744,0.378557,0.638297,0.886467,0.25955,0,0,0,0,0,0,0,0,0,0,0,0,0,0,0,0,0,0,0.209217,0.461151,0.286601,0.417595,0,0,0.538171,0.344025
0.252865,0.493907,0.799397,0.412136,0.683302,0.542933,0.838087,0.750018,0.38338,0.641015,0.862287,0.262281,0,0,0,0,0,0,0,0,0,0,0,0,0,0,0,0,0,0,0.20919,0.458488,0.286593,0.417572,0,0,0.538184,0.344005
0.252858,0.493896,0.804213,0.417588,0.688144,0.54293,0.833265,0.752733,0.383387,0.641014,0.867125,0.262284,0,0,0,0,0,0,0,0,0,0,0,0,0,0,0,0,0,0,0.209175,0.45848,0.286591,0.414888,0,0,0.538204,0.341315
0.252862,0.493921,0.799402,0.414866,0.678473,0.545654,0.842939,0.750021,0.378565,0.641018,0.862289,0.262273,0,0,0,0,0,0,0,0,0,0,0,0,0,0,0,0,0,0,0.209208,0.458496,0.286594,0.417597,0,0,0.538173,0.344007
0.25288,0.496598,0.809062,0.420315,0.663953,0.537484,0.842933,0.750008,0.378565,0.638307,0.934842,0.504777,0.823583,0.747302,0.325393,0.61379,0,0,0,0,0,0,0,0,0,0,0,0,0,0,0.209223,0.461168,0.286628,0.420285,0,0,0.533387,0.344023
0.257586,0.499326,0.813907,0.43666,0.683307,0.50206,0.804235,0.755466,0.378563,0.641007,0.934834,0.499331,0.857442,0.739123,0.335083,0.619219,0,0,0,0,0,0,0,0,0,0,0,0,0,0,0.209283,0.461212,0.286644,0.420299,0,0,0.538157,0.346754
0.257586,0.499351,0.809094,0.442107,0.688137,0.504785,0.804222,0.75819,0.378559,0.641018,0.925187,0.499324,0.857429,0.739138,0.335054,0.619215,0,0,0,0,0,0,0,0,0,0,0,0,0,0,0.209253,0.463876,0.286666,0.42031,0,0,0.533388,0.346756
0.257595,0.502067,0.813907,0.436662,0.688146,0.526584,0.804226,0.755469,0.383391,0.643739,0.915514,0.507496,0.833275,0.741855,0.334971,0.619195,0,0,0,0,0,0,0,0,0,0,0,0,0,0,0.209294,0.463905,0.286668,0.42032,0,0,0.533382,0.346759
0.257601,0.502059,0.799396,0.431211,0.68331,0.5511,0.833266,0.747297,0.378536,0.641029,0.83326,0.264996,0,0,0,0,0,0,0,0,0,0,0,0,0,0,0,0,0,0,0.209305,0.463903,0.286673,0.420328,0,0,0.533372,0.346739
0.257589,0.504761,0.804221,0.439388,0.683306,0.542929,0.823583,0.752735,0.378551,0.638297,0.852606,0.259553,0,0,0,0,0,0,0,0,0,0,0,0,0,0,0,0,0,0,0.209305,0.463935,0.28665,0.420335,0,0,0.533374,0.352175
0.257583,0.50476,0.794547,0.444827,0.68814,0.551107,0.828413,0.752746,0.373722,0.635582,0.833253,0.265003,0,0,0,0,0,0,0,0,0,0,0,0,0,0,0,0,0,0,0.209294,0.46394,0.286631,0.422991,0,0,0.533386,0.349481
0.257588,0.502055,0.794541,0.444836,0.688135,0.559274,0.828411,0.75547,0.378535,0.63831,0.838107,0.265005,0,0,0,0,0,0,0,0,0,0,0,0,0,0,0,0,0,0,0.209307,0.463925,0.28665,0.420322,0,0,0.533382,0.349471
0.257598,0.50205,0.809071,0.439384,0.683297,0.510235,0.809072,0.758193,0.383403,0.643746,0.949357,0.450291,0.857459,0.74184,0.339901,0.619231,0,0,0,0,0,0,0,0,0,0,0,0,0,0,0.209314,0.463914,0.286667,0.42032,0,0,0.533376,0.34945
0.257682,0.499346,0.804237,0.45573,0.659123,0.521128,0.813904,0.760915,0.373738,0.632862,0,0,0,0,0,0,0,0,0,0,0,0,0,0,0,0,0,0,0,0,0.214077,0.46388,0.291413,0.420307,0,0,0.538154,0.349464
0.262451,0.499342,0.794554,0.444834,0.678467,0.542939,0.828433,0.758182,0.388222,0.638303,0.886466,0.278626,0,0,0,0,0,0,0,0,0,0,0,0,0,0,0,0,0,0,0.214153,0.463885,0.291484,0.4176,0,0,0.542986,0.338582
0.262512,0.499333,0.799405,0.450278,0.697802,0.548383,0.842929,0.755459,0.383383,0.635578,0,0,0,0,0,0,0,0,0,0,0,0,0,0,0,0,0,0,0,0,0.218882,0.463891,0.29154,0.420285,0,0,0.538222,0.344008
0.267274,0.499344,0.804245,0.447556,0.697812,0.545657,0.838093,0.750017,0.378555,0.635566,0,0,0,0,0,0,0,0,0,0,0,0,0,0,0,0,0,0,0,0,0.21892,0.46389,0.291562,0.420288,0,0,0.543047,0.34131
0.267321,0.499335,0.813926,0.447562,0.712321,0.504784,0.804228,0.75546,0.38337,0.638302,0,0,0,0,0,0,0,0,0,0,0,0,0,0,0,0,0,0,0,0,0.218879,0.463863,0.296275,0.417605,0,0,0.543052,0.344025
0.267311,0.499316,0.81392,0.45028,0.697811,0.49388,0.804245,0.76091,0.378568,0.638294,0,0,0,0,0,0,0,0,0,0,0,0,0,0,0,0,0,0,0,0,0.218892,0.461203,0.296295,0.417568,0,0,0.547854,0.341296
0.267332,0.496623,0.813915,0.436665,0.707491,0.485708,0.799399,0.758182,0.393056,0.649193,0,0,0,0,0,0,0,0,0,0,0,0,0,0,0,0,0,0,0,0,0.21888,0.461187,0.296325,0.414873,0,0,0.552711,0.3331
0.272088,0.496628,0.813915,0.444829,0.71232,0.510234,0.804246,0.755468,0.383405,0.643751,0,0,0,0,0,0,0,0,0,0,0,0,0,0,0,0,0,0,0,0,0.218913,0.461175,0.296335,0.414862,0,0,0.557501,0.327682
0.267337,0.496628,0.828436,0.412143,0.721993,0.518407,0.818733,0.760916,0.37852,0.64101,0,0,0,0,0,0,0,0,0,0,0,0,0,0,0,0,0,0,0,0,0.218893,0.461187,0.296307,0.414849,0,0,0.552707,0.324931
0.267304,0.49661,0.823597,0.412136,0.721999,0.523857,0.818757,0.763631,0.373744,0.638313,0.881631,0.488439,0,0,0,0,0,0,0,0,0,0,0,0,0,0,0,0,0,0,0.218865,0.461169,0.29629,0.414852,0,0,0.552669,0.324935
