0.214863,0.581078,0.348104,0.502058,0.3481,0.660093,0.476776,0.815417,0.345037,0.649212,0.311349,0.338595,0.380277,0.19962,0.377196,0.335845,0.700407,0.521127,0.689685,0.64375,0.925579,0.621949,0,0,0.697345,0.382165,0,0,0,0,0.190325,0.57836,0.201061,0.477538,0,0,0.247011,0.368548
0.214853,0.58106,0.348099,0.496614,0.348102,0.649207,0.476768,0.815416,0.343518,0.649188,0.312866,0.338587,0.377218,0.202317,0.377192,0.338548,0.705002,0.512954,0.697345,0.63012,0.928641,0.62467,0,0,0.703469,0.382167,0.786192,0.30587,0.914854,0.327668,0.190338,0.578362,0.201065,0.477533,0,0,0.247014,0.368534
0.216359,0.578389,0.343513,0.493888,0.340441,0.649195,0.47524,0.809951,0.341971,0.646457,0.312859,0.338546,0.380276,0.196904,0.377218,0.330377,0.711129,0.496608,0.70041,0.6383,0.942427,0.635576,0,0,0.709597,0.371272,0.783128,0.303157,0.913324,0.31405,0.190346,0.578347,0.199519,0.474822,0,0,0.245476,0.36584
0.21483,0.575666,0.352699,0.496607,0.349632,0.643742,0.475243,0.807242,0.341984,0.641037,0.312881,0.335857,0.384861,0.194141,0.377225,0.322218,0.711129,0.496606,0.701937,0.641026,0.919452,0.635577,0,0,0.7096,0.365823,0.784656,0.300429,0,0,0.190318,0.578317,0.197995,0.474793,0,0,0.242433,0.363136
0.214821,0.575606,0.351168,0.493873,0.348101,0.638303,0.475248,0.80178,0.341967,0.63829,0.309816,0.335823,0.386387,0.196864,0.375693,0.31133,0.706536,0.496611,0.698873,0.646468,0.991442,0.649194,0,0,0.703472,0.363096,0.942426,0.267729,0,0,0.188811,0.575652,0.194931,0.472116,0,0,0.240899,0.360385
0.213299,0.575583,0.352692,0.50478,0.348098,0.657375,0.475238,0.796346,0.341984,0.635571,0.312862,0.330401,0.390997,0.196875,0.375687,0.303165,0.70807,0.488434,0.700408,0.643742,0.983785,0.646475,0,0,0.706538,0.363096,0.976125,0.286799,0,0,0.188785,0.575629,0.193421,0.472095,0,0,0.240907,0.360342
0.211785,0.572915,0.352695,0.48571,0.351168,0.646471,0.475239,0.799049,0.345034,0.627381,0.312879,0.335819,0.398651,0.19687,0.377194,0.294984,0.709599,0.488435,0.701941,0.627391,0.92711,0.632844,0,0,0.700409,0.368537,0.778523,0.294992,0.905661,0.308601,0.188798,0.575613,0.193413,0.472066,0,0,0.240867,0.357633
0.213286,0.575581,0.351164,0.488441,0.351167,0.660091,0.476769,0.793617,0.346563,0.619233,0.312871,0.333109,0.395591,0.194134,0.375687,0.294974,0.714193,0.477529,0.70347,0.616496,0.93017,0.621944,0,0,0.708067,0.349476,0.783122,0.294968,0.922516,0.294983,0.187264,0.575644,0.193408,0.472069,0,0,0.240855,0.354903
0.214823,0.570169,0.348107,0.493887,0.346569,0.668267,0.475247,0.779987,0.349635,0.616511,0.312874,0.333127,0.392513,0.191433,0.375686,0.294983,0.708068,0.482986,0.691216,0.621948,0.922512,0.641023,0,0,0.706534,0.368539,0.783128,0.294963,0,0,0.190344,0.575604,0.193409,0.472062,0,0,0.23936,0.352181
0.21484,0.567444,0.348098,0.49388,0.345041,0.660093,0.475235,0.779979,0.351167,0.619205,0.312867,0.335839,0.3864,0.188683,0.377201,0.297679,0.708069,0.480258,0.695815,0.611046,0.91792,0.621946,0,0,0.706537,0.357649,0.78465,0.289531,0,0,0.191845,0.572896,0.193415,0.4694,0,0,0.23936,0.349491
0.213316,0.562004,0.34657,0.488444,0.349638,0.657372,0.476778,0.788166,0.354236,0.616504,0.312869,0.322214,0.387926,0.180519,0.377214,0.297721,0.712662,0.477531,0.703472,0.613771,0.933235,0.635577,0,0,0.709598,0.349471,0,0,0,0,0.190325,0.567455,0.193378,0.469325,0,0,0.239365,0.349462
0.210251,0.559289,0.341979,0.480258,0.349631,0.662825,0.481368,0.793602,0.354231,0.611021,0.311339,0.316788,0.384857,0.180532,0.378732,0.300422,0.711129,0.472088,0.701939,0.611043,0.928641,0.638302,0,0,0.708069,0.346745,0.948553,0.251373,0,0,0.188798,0.564726,0.19187,0.466619,0,0,0.239349,0.346744
0.210227,0.556571,0.331258,0.480266,0.335853,0.700959,0.495146,0.793608,0.377205,0.611048,0.311347,0.311318,0.380279,0.172343,0.380279,0.305846,0.698876,0.504781,0.680494,0.627401,0,0,0,0,0.706532,0.365823,0,0,0,0,0.182679,0.556581,0.190354,0.461188,0.29144,0.641019,0.237826,0.341318
0.210254,0.556528,0.328195,0.474798,0.337379,0.687342,0.496677,0.790889,0.377207,0.611065,0.309818,0.311328,0.386394,0.166895,0.384843,0.300438,0.705003,0.477532,0.69122,0.613772,0.930174,0.608321,0,0,0.701939,0.352194,0.968467,0.275901,0,0,0.187272,0.561986,0.190347,0.461189,0.299089,0.649176,0.237821,0.34129
0.210262,0.55658,0.32666,0.474803,0.332783,0.681893,0.501273,0.796325,0.3818,0.608352,0.312867,0.311302,0.386385,0.164202,0.387919,0.294992,0.691215,0.512954,0.675896,0.63829,0,0,0,0,0.688158,0.379448,0,0,0,0,0.185741,0.556578,0.191888,0.461179,0.30982,0.654655,0.239336,0.34127
0.213307,0.556583,0.329725,0.469369,0.334317,0.681892,0.504334,0.788146,0.384854,0.608316,0.314402,0.303156,0.387927,0.164203,0.387922,0.294945,0.701938,0.493881,0.68356,0.630128,0.933236,0.581072,0,0,0.695811,0.368539,0.77087,0.273177,0,0,0.188793,0.561989,0.193398,0.461157,0.308284,0.643741,0.240862,0.341275
0.214849,0.553833,0.326666,0.466643,0.323596,0.668267,0.49668,0.785424,0.377206,0.600148,0.312866,0.297684,0.383332,0.164169,0.386409,0.286777,0.705002,0.474812,0.680495,0.630117,0.91945,0.611051,0,0,0.697342,0.357643,0.773935,0.259554,0.90873,0.292247,0.190324,0.556541,0.194926,0.455751,0.300654,0.627409,0.239353,0.338518
0.21485,0.553842,0.335846,0.474802,0.328186,0.665551,0.49209,0.785431,0.375675,0.597408,0.31288,0.300435,0.386386,0.164182,0.386382,0.281341,0.708068,0.46663,0.688153,0.605606,0.937831,0.61104,0,0,0.705003,0.349471,0.780057,0.270452,0,0,0.188793,0.551114,0.194941,0.453031,0.299059,0.622039,0.239322,0.330413
0.217919,0.551099,0.341981,0.480259,0.332786,0.673712,0.492084,0.779979,0.374126,0.589262,0.311346,0.297685,0.381803,0.164198,0.383342,0.273205,0.68203,0.518399,0.66824,0.630132,0,0,0,0,0.691222,0.384892,0,0,0,0,0.190326,0.556565,0.194941,0.453003,0.299068,0.643674,0.237814,0.327691
0.219424,0.551125,0.349634,0.485707,0.331254,0.679164,0.490548,0.785445,0.374144,0.594684,0.311348,0.294988,0.383332,0.164186,0.38333,0.273176,0.686624,0.499334,0.66671,0.632846,0,0,0,0,0.691217,0.371264,0,0,0,0,0.190329,0.55926,0.196446,0.453005,0.300597,0.649239,0.237818,0.327686
0.219447,0.551123,0.349636,0.477531,0.337383,0.681892,0.492086,0.785426,0.374133,0.594716,0.312878,0.292246,0.383329,0.164173,0.381807,0.270474,0.691219,0.488439,0.675899,0.62195,0,0,0,0,0.695812,0.360374,0.763214,0.262275,0,0,0.190326,0.559297,0.197984,0.450294,0.299113,0.643849,0.237819,0.322247
0.224013,0.548363,0.355755,0.480265,0.343509,0.684617,0.492081,0.777257,0.368023,0.58925,0.31441,0.286807,0.383332,0.161493,0.381796,0.270434,0.697345,0.455737,0.686622,0.589248,0.942428,0.600152,0,0,0.689685,0.341297,0.945491,0.262273,0,0,0.190338,0.553837,0.199531,0.450286,0.294509,0.640966,0.237824,0.322233
0.222486,0.54836,0.355754,0.472095,0.349631,0.681889,0.487496,0.777252,0.363428,0.586532,0.31135,0.284085,0.380276,0.161466,0.378733,0.267707,0.700407,0.474816,0.689687,0.600149,0.942426,0.572903,0,0,0.697344,0.34675,0.927109,0.262275,0,0,0.191855,0.553821,0.199531,0.447563,0.29143,0.638303,0.237793,0.319488
0.220953,0.545625,0.358821,0.469368,0.352698,0.660089,0.485963,0.77182,0.361901,0.583819,0.311338,0.286793,0.380275,0.16144,0.378747,0.264977,0.697343,0.482983,0.685095,0.605594,0.933235,0.5947,0,0,0.698878,0.360367,0.764739,0.2541,0,0,0.191854,0.548407,0.199527,0.447527,0.291424,0.638277,0.236286,0.316798
0.217914,0.542909,0.355766,0.474811,0.345039,0.662833,0.487498,0.766373,0.368011,0.583802,0.309813,0.278615,0.384853,0.156006,0.38026,0.25413,0.695812,0.469361,0.685088,0.597431,0.948554,0.583802,0,0,0.689686,0.346739,0.953148,0.281351,0,0,0.19032,0.545655,0.196462,0.442071,0.288383,0.635602,0.233233,0.314045
0.217893,0.540193,0.358819,0.47209,0.343504,0.668263,0.487489,0.771816,0.368022,0.581105,0.311333,0.270463,0.386393,0.15599,0.378732,0.254132,0.694279,0.472088,0.685087,0.600149,0.977657,0.605599,0,0,0.691216,0.357637,0.991444,0.311323,0,0,0.188787,0.542946,0.19645,0.439362,0.286862,0.632861,0.236274,0.314019
0.216383,0.534754,0.3527,0.469363,0.340446,0.665539,0.484423,0.771799,0.368008,0.578331,0.312867,0.273174,0.384864,0.147839,0.377203,0.251332,0.691219,0.474808,0.68203,0.597422,0.94549,0.602878,0,0,0.692748,0.34947,0.951617,0.254098,0,0,0.190328,0.545642,0.194912,0.43395,0.286857,0.630097,0.231684,0.308594
0.219429,0.529314,0.36036,0.469371,0.348098,0.662816,0.485959,0.766359,0.36496,0.575608,0.31135,0.267721,0.378739,0.15055,0.375698,0.248677,0.692751,0.472079,0.685087,0.597427,0.966935,0.581074,0,0,0.686622,0.338571,0.757088,0.245927,0.890349,0.251382,0.190317,0.540222,0.194924,0.43121,0.286866,0.62468,0.231687,0.30315
0.217915,0.532028,0.355759,0.469358,0.346568,0.662831,0.482902,0.771798,0.368003,0.575646,0.312871,0.265006,0.377214,0.150574,0.375696,0.248647,0.697343,0.46391,0.685092,0.589254,0.976127,0.581074,0,0,0.692749,0.333123,0.992976,0.289523,0,0,0.188795,0.540221,0.19493,0.43119,0.291435,0.635568,0.231681,0.300445
0.217908,0.532052,0.357296,0.466629,0.363416,0.613773,0,0,0,0,0.311344,0.267731,0.377211,0.153267,0.377195,0.248664,0.701941,0.463904,0.689689,0.591973,0.979189,0.575631,0,0,0.698875,0.333116,0,0,0,0,0.188796,0.540219,0.19492,0.431193,0,0,0.231686,0.300432
0.219429,0.529307,0.355755,0.466643,0.346575,0.660099,0.482899,0.769078,0.36342,0.578381,0.306749,0.26772,0.375671,0.147836,0.377193,0.245936,0.703473,0.442109,0.695811,0.56745,0.960807,0.570183,0,0,0.70194,0.31677,0.957744,0.264997,0,0,0.190334,0.540223,0.194921,0.431211,0,0,0.230164,0.300433
0.220977,0.529301,0.351169,0.466634,0.348098,0.643744,0.481369,0.760909,0.35882,0.575606,0.306739,0.26228,0.375664,0.145095,0.375683,0.245899,0.694279,0.461187,0.685088,0.575629,0.937829,0.57835,0,0,0.691218,0.335844,0.942427,0.259554,0,0,0.191852,0.545658,0.193403,0.431184,0.2853,0.624706,0.228633,0.297714
0.220956,0.532019,0.348099,0.453004,0.337382,0.64919,0.476773,0.758191,0.351168,0.572878,0.305209,0.267716,0.375674,0.142396,0.375662,0.240486,0.692747,0.461185,0.683563,0.5838,0.939363,0.581078,0,0,0.689687,0.322222,0.974594,0.267728,0,0,0.191862,0.548369,0.193391,0.431192,0,0,0.227113,0.297721
0.220974,0.529281,0.351164,0.44757,0.346568,0.627395,0.476772,0.758198,0.352691,0.570186,0.30522,0.267715,0.375673,0.142399,0.375666,0.240481,0.703469,0.453007,0.692749,0.575623,0.942425,0.581078,0,0,0.695813,0.327672,0.973062,0.264997,0,0,0.19187,0.545648,0.193407,0.431197,0,0,0.228636,0.300406
0.219449,0.52932,0.348098,0.447555,0.341973,0.651911,0.478298,0.76092,0.357277,0.570162,0.305218,0.26501,0.37414,0.142397,0.374167,0.240464,0.689686,0.458457,0.683561,0.575626,0.959277,0.575624,0,0,0.688154,0.330398,0.957744,0.262277,0,0,0.191862,0.542939,0.194912,0.431255,0.274601,0.627412,0.228642,0.295009
0.222484,0.5266,0.354228,0.453001,0.343505,0.654649,0.479827,0.758191,0.354234,0.567443,0.308278,0.264996,0.374147,0.145116,0.375673,0.237774,0.691217,0.450283,0.682023,0.57018,0.94549,0.572901,0,0,0.686623,0.319494,0.937832,0.25955,0,0,0.190339,0.540197,0.194914,0.431243,0.276111,0.627392,0.230158,0.297684
0.21943,0.532049,0.346575,0.433954,0.343507,0.63557,0.476777,0.752741,0.349645,0.564733,0.309811,0.259564,0.374132,0.142402,0.375683,0.235029,0.685089,0.458455,0.680494,0.570181,0.976126,0.572903,0,0,0.685091,0.327669,0.925578,0.259549,0,0,0.190337,0.540202,0.194921,0.431238,0,0,0.234751,0.297713
0.219432,0.532041,0.345041,0.433956,0.343505,0.632844,0.476776,0.75275,0.34964,0.564717,0.308278,0.262277,0.372615,0.145098,0.375682,0.232326,0.68509,0.461186,0.678964,0.570189,0.976125,0.57563,0,0,0.688152,0.330397,0.92864,0.256826,0,0,0.191861,0.540203,0.194924,0.433926,0,0,0.23781,0.300421
0.217905,0.529287,0.352701,0.442123,0.34657,0.632844,0.476775,0.752728,0.349633,0.564723,0.306744,0.262266,0.374139,0.142391,0.375677,0.229601,0.68203,0.461192,0.67743,0.572909,0.96234,0.57563,0,0,0.680494,0.335841,0.937832,0.256827,0,0,0.191864,0.54293,0.193399,0.433957,0.276083,0.635582,0.24087,0.305891
0.216372,0.529297,0.35576,0.450288,0.34657,0.638298,0.476767,0.750016,0.348096,0.562014,0.334313,0.275899,0,0,0,0,0.697346,0.447563,0.689686,0.562008,0.939364,0.583805,0,0,0.697345,0.305874,0,0,0,0,0.190321,0.537492,0.193379,0.433935,0.274581,0.63011,0.242413,0.308586
0.21486,0.532034,0.348106,0.453004,0.338908,0.651919,0.473697,0.755466,0.346566,0.564728,0.305209,0.259547,0.372616,0.142395,0.374169,0.22958,0.680492,0.469353,0.671305,0.586524,0.947021,0.57835,0,0,0.680498,0.338575,0.943959,0.259551,0,0,0.191864,0.54565,0.191861,0.433948,0,0,0.234757,0.303133
0.216374,0.529311,0.349629,0.45847,0.334318,0.651922,0.470638,0.755476,0.341983,0.559288,0.303683,0.259563,0.372614,0.14238,0.374159,0.229563,0.680495,0.466632,0.665179,0.600149,0.927109,0.594701,0,0,0.682024,0.335845,0.75249,0.2323,0.876559,0.251379,0.191853,0.545665,0.191846,0.433952,0.268444,0.60834,0.236278,0.303136
0.214849,0.532054,0.348102,0.455742,0.32972,0.654636,0.462984,0.763637,0.343505,0.556538,0.305215,0.265001,0.372612,0.1424,0.374121,0.229567,0.671305,0.474807,0.662112,0.602868,0.951618,0.575628,0,0,0.672835,0.357644,0.968468,0.270451,0,0,0.191852,0.548378,0.190342,0.43396,0,0,0.230147,0.300422
0.214835,0.534735,0.351164,0.44756,0.329718,0.643749,0.461456,0.766359,0.340437,0.55385,0.306743,0.264999,0.374139,0.145124,0.372607,0.23231,0.680494,0.466638,0.668243,0.591975,0.953149,0.589252,0,0,0.680496,0.341294,0.992976,0.284073,0,0,0.190339,0.551103,0.190327,0.436677,0,0,0.237817,0.308595
0.216367,0.534759,0.348101,0.444838,0.334313,0.649201,0.46146,0.755475,0.337375,0.559277,0.303681,0.270456,0.375679,0.153296,0.369539,0.245908,0.680492,0.461189,0.666711,0.58925,0.980722,0.586527,0,0,0.672837,0.335846,0.887285,0.245928,0,0,0.193399,0.556552,0.190334,0.442111,0,0,0.22711,0.305846
0.216379,0.537467,0.348104,0.455725,0.332788,0.64102,0.462987,0.755444,0.335849,0.559279,0.337377,0.284074,0.375674,0.153291,0.364955,0.251351,0.678963,0.461187,0.666709,0.583796,0.977657,0.586524,0,0,0.669772,0.341293,0.898006,0.254104,0,0,0.191859,0.553844,0.190348,0.44481,0.274556,0.635569,0.228636,0.308612
0.219423,0.540209,0.346577,0.455745,0.33738,0.651912,0.462985,0.752753,0.33584,0.562016,0.328188,0.2977,0.381797,0.153272,0.361896,0.251358,0.669771,0.466641,0.66058,0.591975,0.982253,0.581074,0,0,0.663646,0.344023,0.933234,0.254107,0,0,0.1888,0.553822,0.191838,0.444871,0.274584,0.640948,0.231688,0.314022
0.214826,0.545668,0.351168,0.45846,0.33738,0.654634,0.458387,0.755454,0.33431,0.562017,0.341969,0.300421,0.384866,0.153283,0.360369,0.251339,0.672837,0.46119,0.662116,0.583802,0.953148,0.570182,0,0,0.669773,0.338566,0.945489,0.267726,0,0,0.179603,0.542941,0.190361,0.447594,0,0,0.237805,0.316806
0.208705,0.548388,0.354229,0.466632,0.33891,0.641024,0.458397,0.752725,0.329728,0.564724,0.341976,0.300415,0.375679,0.156003,0.355771,0.251389,0.686624,0.463915,0.680492,0.583802,0.986848,0.58925,0,0,0.682025,0.352193,0,0,0,0,0.178079,0.548381,0.188808,0.453012,0,0,0.233216,0.322216
0.207183,0.5511,0.352701,0.466628,0.338913,0.630125,0.456858,0.752731,0.328195,0.567443,0.33891,0.300416,0.37873,0.156008,0.354241,0.251372,0.683556,0.46936,0.663648,0.5947,0.992973,0.608326,0,0,0.682024,0.352192,0.99757,0.319498,0,0,0.178079,0.559277,0.187252,0.461147,0,0,0.231694,0.324938
0.205647,0.553856,0.352698,0.472078,0.337382,0.651921,0.453795,0.750001,0.323585,0.564731,0.346566,0.305868,0.375678,0.155986,0.354218,0.243205,0.685092,0.453013,0.671306,0.57835,0,0,0,0,0.680492,0.335843,0,0,0,0,0.178077,0.564728,0.181149,0.463916,0,0,0.233218,0.33309
0.204132,0.553859,0.355756,0.47481,0.3481,0.630126,0.45379,0.755456,0.325115,0.567448,0.349637,0.297702,0.375676,0.147843,0.354219,0.237761,0.686622,0.447561,0.672837,0.575631,0.994507,0.597425,0,0,0.678962,0.333122,0.988379,0.297699,0,0,0.175014,0.570184,0.181139,0.463921,0,0,0.236266,0.335799
0.204125,0.55657,0.361888,0.444837,0.348102,0.58925,0.45379,0.755473,0.326651,0.575638,0.355758,0.289527,0.364951,0.142371,0.355756,0.221389,0.700409,0.458462,0.682025,0.57018,0,0,0,0,0.689684,0.354923,0,0,0,0,0.176539,0.570186,0.179631,0.46659,0,0,0.234736,0.335807
0.205631,0.55929,0.361883,0.43668,0.348103,0.600156,0.450737,0.758196,0.320524,0.57019,0.358824,0.286792,0.360366,0.139665,0.354219,0.213217,0.686622,0.463915,0.682029,0.589254,0,0,0,0,0.680493,0.344031,0.752481,0.262264,0.864306,0.286805,0.178071,0.575625,0.179626,0.469327,0,0,0.228625,0.335807
0.204122,0.562012,0.322056,0.439396,0.32359,0.605599,0.449196,0.758197,0.312866,0.578357,0.305211,0.289524,0.377207,0.147838,0,0,0.682025,0.455732,0.671305,0.575625,0.920981,0.591972,0,0,0.665178,0.34402,0.737176,0.259557,0.864309,0.289528,0.176541,0.567455,0.179615,0.474791,0,0,0.228627,0.338595
0.204101,0.567425,0.328186,0.436654,0.325126,0.611045,0.446135,0.769085,0.312867,0.581079,0.320534,0.265005,0.413966,0.0470163,0,0,0.701938,0.455732,0.697344,0.570173,0,0,0,0,0.689685,0.341295,0,0,0,0,0.175014,0.567454,0.179602,0.477508,0,0,0.225563,0.338533
0.201059,0.570172,0.323602,0.439392,0.320534,0.600156,0.444611,0.755469,0.311345,0.578339,0.320526,0.286789,0.349634,0.191434,0.366484,0.0715392,0.694282,0.450287,0.686621,0.575626,0,0,0,0,0.68356,0.34674,0,0,0,0,0.175009,0.572905,0.179609,0.477546,0,0,0.222509,0.338609
0.202589,0.567473,0.328184,0.44212,0.323597,0.608323,0.444604,0.752733,0.312879,0.575626,0.326661,0.286791,0.351165,0.191431,0.380259,0.0442938,0.682026,0.455737,0.675899,0.578353,0,0,0,0,0.6759,0.341298,0,0,0,0,0.175021,0.578329,0.1796,0.477521,0,0,0.222482,0.338583
0.20105,0.567439,0.325125,0.455742,0.317466,0.643745,0.444599,0.747284,0.32359,0.572896,0.32819,0.292235,0.355762,0.21868,0.401719,0.0743107,0.697343,0.453014,0.685089,0.578349,0,0,0,0,0.695812,0.322219,0,0,0,0,0.17501,0.578353,0.178095,0.472113,0,0,0.225554,0.341264
0.199532,0.570164,0.322069,0.472088,0.312873,0.660099,0.4446,0.744565,0.320525,0.570161,0.323593,0.300427,0.358835,0.226845,0.40938,0.0960894,0.67743,0.453015,0.668243,0.575633,0,0,0,0,0.660583,0.349472,0,0,0,0,0.173475,0.581102,0.178093,0.472117,0,0,0.222495,0.341258
0.201051,0.56744,0.325124,0.455728,0.318998,0.621952,0.435415,0.758178,0.309804,0.567453,0.334316,0.297696,0.371086,0.224129,0.418559,0.109688,0.682026,0.463909,0.680498,0.581081,0,0,0,0,0.674365,0.346738,0.743301,0.273169,0.870434,0.28407,0.17502,0.57562,0.178056,0.477522,0,0,0.22249,0.341332
0.194924,0.572919,0.325125,0.455735,0.319001,0.616498,0.435416,0.76091,0.309819,0.575615,0.322062,0.316769,0.374127,0.232302,0.418561,0.112417,0.671305,0.46664,0.665177,0.597422,0.905664,0.632845,0,0,0.665177,0.352197,0.865839,0.284073,0,0,0.171948,0.583798,0.176528,0.485669,0,0,0.219439,0.341302
0.190332,0.578363,0.322063,0.466631,0.314402,0.619214,0.44614,0.777272,0.308278,0.602873,0.317465,0.333131,0.371087,0.245931,0.407838,0.120572,0.671302,0.477537,0.665178,0.611043,0.911791,0.665546,0,0,0.665176,0.354913,0.870434,0.289524,0.876563,0.286798,0.164294,0.597426,0.170432,0.493872,0,0,0.220966,0.352198
0.190351,0.581116,0.322055,0.466644,0.306747,0.61649,0.446135,0.788161,0.305212,0.608326,0.315934,0.335852,0.368024,0.251362,0.400186,0.12061,0.659054,0.493882,0.65752,0.638297,0.973062,0.741836,0,0,0.657516,0.354922,0.908728,0.286801,0,0,0.164296,0.6056,0.171949,0.502053,0,0,0.220967,0.357668
0.191847,0.586547,0.322057,0.469352,0.302147,0.61922,0.447669,0.790887,0.308266,0.611037,0.323592,0.330407,0.361893,0.25411,0.377225,0.112439,0.672836,0.49661,0.659051,0.651924,0.989911,0.766365,0,0,0.68509,0.365817,0.957744,0.346744,0,0,0.164295,0.613781,0.173473,0.507499,0,0,0.224015,0.360387
0.190324,0.583805,0.32358,0.466636,0.306748,0.624667,0.446134,0.790885,0.305207,0.605582,0.325124,0.330394,0.355753,0.245928,0.36649,0.112406,0.655988,0.51841,0.648327,0.64102,0.940898,0.76091,0.940897,0.752757,0.660581,0.379444,0.89341,0.33857,0,0,0.164297,0.61377,0.173477,0.504803,0,0,0.224034,0.360395
0.188803,0.583821,0.322058,0.463899,0.308274,0.616511,0.440004,0.790886,0.308281,0.602866,0.323579,0.316783,0.346566,0.2214,0.345056,0.0851647,0.639138,0.526583,0.623818,0.65192,0.715723,0.739113,0.914856,0.739117,0.643735,0.379447,0.890347,0.330398,0,0,0.16122,0.616496,0.167351,0.504762,0,0,0.21944,0.357653
0.188802,0.581088,0.319004,0.461166,0.306744,0.613773,0.435407,0.79088,0.300621,0.586543,0.320537,0.311309,0.341965,0.224123,0.337385,0.0797117,0.640667,0.52113,0.626883,0.649191,0.703471,0.739111,0.898007,0.711867,0.645263,0.376711,0.744828,0.232299,0,0,0.164281,0.586534,0.165802,0.496612,0,0,0.214835,0.352218
0.188795,0.578369,0.320524,0.450279,0.306746,0.61377,0.429291,0.788164,0.30061,0.578337,0.32512,0.297702,0.338913,0.218676,0.328193,0.0769741,0.645267,0.496607,0.629949,0.624678,0.715727,0.720044,0.896475,0.59742,0.646796,0.346743,0,0,0,0,0.161233,0.600147,0.164289,0.48845,0,0,0.214849,0.344045
0.191851,0.578391,0.32205,0.458471,0.309809,0.619219,0.430813,0.790883,0.302146,0.578347,0.329724,0.297702,0.341988,0.188699,0.34045,0.0687943,0.649858,0.477537,0.633015,0.616501,0.694279,0.703692,0.879621,0.5729,0.631478,0.357642,0.669768,0.15328,0,0,0.164284,0.602864,0.165845,0.488475,0,0,0.214849,0.34404
0.19185,0.58651,0.322071,0.472083,0.314405,0.630131,0.436942,0.790877,0.308282,0.583813,0.329723,0.314039,0.358815,0.196872,0.38332,0.0715242,0.648326,0.469361,0.643733,0.62467,0.711128,0.690072,0.873495,0.548383,0.62382,0.352192,0.617688,0.155995,0,0,0.165812,0.605602,0.171936,0.499342,0,0,0.224017,0.354934
0.188812,0.586536,0.322065,0.47752,0.314403,0.643748,0.435416,0.790882,0.305218,0.583801,0.338915,0.311309,0.409374,0.1097,0.420087,0.0933318,0.645262,0.466631,0.634548,0.611041,0.705002,0.690062,0.871964,0.529301,0.60697,0.335846,0.605432,0.145107,0.712664,0.145111,0.164296,0.600143,0.168892,0.504769,0,0,0.222489,0.360342
0.190316,0.583794,0.328183,0.463898,0.317471,0.621949,0.430813,0.790895,0.303693,0.58106,0.338916,0.316784,0.413976,0.185987,0.444587,0.142418,0.634542,0.474804,0.628409,0.611038,0.701937,0.673726,0.842864,0.482974,0.61463,0.357641,0.600841,0.139668,0.775465,0.289527,0.164292,0.600148,0.167341,0.49661,0,0,0.217916,0.354912
0.18879,0.578382,0.332778,0.461197,0.31747,0.621949,0.427749,0.79362,0.302154,0.57561,0.340448,0.316785,0.426226,0.183256,0.456865,0.155987,0.628415,0.482984,0.625352,0.61105,0.69428,0.670998,0.835204,0.453005,0.602373,0.376713,0.599308,0.142374,0.761679,0.251375,0.16582,0.586533,0.165808,0.491135,0,0,0.214842,0.344047
0.188804,0.570191,0.325127,0.477522,0.314406,0.6601,0.426215,0.788161,0.309809,0.564741,0.326655,0.324939,0.484429,0.20232,0.48903,0.202307,0.619224,0.49388,0.619225,0.611038,0.677428,0.670991,0.812229,0.433941,0.596247,0.382168,0.59012,0.131479,0.73717,0.205064,0.164292,0.575626,0.162774,0.480252,0.24854,0.657339,0.213313,0.341296
0.188808,0.564744,0.322061,0.477548,0.302147,0.660093,0.423166,0.782722,0.309803,0.567442,0.317468,0.324938,0.498215,0.24048,0.505874,0.226831,0.62535,0.477542,0.619227,0.605595,0.677425,0.665552,0.809168,0.431212,0.603909,0.379443,0.585525,0.128756,0.735642,0.232299,0.162757,0.570183,0.164269,0.47751,0,0,0.214844,0.341271
0.188806,0.562007,0.319,0.482994,0.305214,0.657358,0.424691,0.780001,0.311338,0.559271,0.315932,0.316761,0.504336,0.251394,0,0,0.634542,0.46663,0.631473,0.605596,0.675898,0.665561,0.803041,0.393077,0.611565,0.365813,0.565612,0.126037,0.628414,0.158732,0.16429,0.572899,0.162769,0.472077,0,0,0.213313,0.338544
0.188803,0.562005,0.318994,0.485709,0.303685,0.662817,0.426212,0.77998,0.311342,0.556554,0.318991,0.314044,0.4446,0.32496,0,0,0.639136,0.439387,0.629946,0.575636,0.671306,0.665529,0.786193,0.390352,0.617692,0.335852,0.559482,0.13149,0.718789,0.158742,0.164283,0.572894,0.162775,0.472098,0.247013,0.654646,0.214835,0.338538
0.187275,0.556545,0.31593,0.488424,0.296024,0.657373,0.420099,0.779976,0.309812,0.542929,0.320529,0.316786,0.449205,0.311341,0,0,0.631477,0.425761,0.631476,0.583798,0.662116,0.649198,0.781597,0.363091,0.591653,0.333119,0.551827,0.126026,0.711127,0.142389,0.164289,0.570189,0.16428,0.466651,0,0,0.213311,0.335821
0.184203,0.553837,0.317467,0.485721,0.297555,0.654654,0.421631,0.774538,0.312862,0.54294,0.32052,0.316785,0.449201,0.316754,0,0,0.619224,0.393062,0.634541,0.581076,0.660582,0.627403,0,0,0.590119,0.294983,0.550293,0.123324,0.708068,0.076988,0.161221,0.562,0.164275,0.46659,0,0,0.213315,0.333096
0.181141,0.551099,0.31594,0.488432,0.299083,0.657366,0.420097,0.760903,0.3098,0.529326,0.315933,0.314046,0,0,0,0,0.628413,0.382161,0.626881,0.564723,0.652927,0.621956,0,0,0.583993,0.308594,0.54264,0.131484,0.593183,0.161456,0.158165,0.556553,0.162737,0.461163,0,0,0.213288,0.327675
0.179618,0.548354,0.317465,0.485722,0.299095,0.657359,0.41703,0.758199,0.309798,0.52657,0.317466,0.308608,0.455326,0.335845,0,0,0.610035,0.393069,0.628414,0.562004,0.652921,0.619215,0.761673,0.259551,0.570208,0.305871,0.541102,0.128768,0.706534,0.0660922,0.158161,0.553823,0.16274,0.455756,0,0,0.211791,0.322223
0.179623,0.540214,0.322052,0.488425,0.302154,0.654645,0.413968,0.758183,0.312863,0.521118,0.322055,0.311305,0.461454,0.333119,0,0,0.600842,0.384893,0.610033,0.553834,0.655985,0.613774,0,0,0.565614,0.294978,0.530377,0.126045,0,0,0.156642,0.545657,0.164266,0.447586,0,0,0.213292,0.316749
0.181153,0.540195,0.318999,0.482994,0.302148,0.657373,0.412444,0.760907,0.311356,0.521108,0.322055,0.311306,0.427754,0.338572,0,0,0.597782,0.371268,0.608503,0.553831,0.652918,0.594698,0,0,0.559487,0.28953,0.528852,0.120585,0.685088,0.00886921,0.158155,0.545667,0.164296,0.44755,0,0,0.213306,0.316747
0.185732,0.54564,0.323597,0.493888,0.308275,0.662815,0.418566,0.758208,0.317462,0.521142,0.323592,0.319495,0,0,0,0,0.603907,0.433932,0.620759,0.572908,0.654461,0.567445,0,0,0.573273,0.344029,0.525788,0.117884,0,0,0.158165,0.548371,0.165817,0.447537,0,0,0.216373,0.316784
0.188795,0.548366,0.325134,0.493874,0.314403,0.662826,0.420095,0.76909,0.318995,0.518397,0.326656,0.319493,0,0,0,0,0.583995,0.45301,0.600845,0.575623,0.659046,0.570162,0,0,0.57174,0.349464,0.527331,0.115141,0,0,0.161215,0.548381,0.167364,0.447557,0.253127,0.619138,0.2179,0.316819
0.191879,0.55385,0.338904,0.502062,0.317468,0.665537,0.424691,0.763629,0.325115,0.523856,0.338909,0.330402,0.447666,0.344032,0,0,0.61616,0.406688,0.63301,0.570181,0,0,0,0,0.580929,0.344017,0.544168,0.120582,0,0,0.165819,0.553801,0.17501,0.453019,0,0,0.227109,0.32769
0.197982,0.556541,0.34351,0.504781,0.320536,0.66828,0.427757,0.763629,0.325122,0.521125,0.340441,0.324944,0.587057,0.608326,0,0,0.597782,0.47753,0,0,0,0,0,0,0.579406,0.373989,0,0,0,0,0.168879,0.551118,0.178091,0.45301,0,0,0.228634,0.322255
0.204107,0.556551,0.348109,0.50206,0.323594,0.671003,0.443074,0.750012,0.329734,0.51567,0.343502,0.333107,0.573271,0.665549,0.318999,0.499335,0,0,0,0,0,0,0,0,0,0,0,0,0,0,0.175004,0.553801,0.188799,0.450281,0,0,0.237825,0.322208
0.20566,0.551084,0.349633,0.493887,0.322061,0.662835,0.447667,0.730939,0.334319,0.515685,0.349638,0.335848,0.452262,0.670993,0.323595,0.507501,0.613098,0.545652,0,0,0,0,0,0,0,0,0,0,0,0,0.178073,0.551125,0.190336,0.447536,0,0,0.240878,0.322239
0.211777,0.545638,0.357295,0.507502,0.325133,0.671001,0.450728,0.72003,0.337381,0.510222,0.357291,0.341306,0.4492,0.354915,0.478289,0.387639,0.613097,0.43666,0,0,0,0,0,0,0.574801,0.363093,0.557944,0.128764,0,0,0.185721,0.548388,0.193397,0.439411,0,0,0.242397,0.319536
0.213304,0.5402,0.352702,0.507498,0.325129,0.670989,0.450734,0.711874,0.337368,0.512964,0.346573,0.335855,0.446135,0.670993,0,0,0.603906,0.439387,0.639136,0.581078,0,0,0,0,0.574807,0.344036,0.570207,0.117865,0,0,0.187249,0.548361,0.194924,0.43396,0,0,0.245486,0.324947
0.211767,0.534772,0.355764,0.515688,0.323599,0.668272,0.449195,0.72005,0.329711,0.512941,0.357298,0.346742,0.478304,0.34947,0.48443,0.393063,0.611565,0.431208,0.626885,0.597422,0,0,0,0,0.588587,0.357644,0.57174,0.120589,0,0,0.184197,0.542901,0.199521,0.43119,0,0,0.251599,0.333095
0.21178,0.537459,0.361892,0.515685,0.323591,0.670998,0.449202,0.733659,0.329713,0.512934,0.363416,0.34404,0.505873,0.341293,0,0,0.631478,0.458464,0.64986,0.638296,0,0,0,0,0.599313,0.376723,0.57328,0.123318,0,0,0.182678,0.540226,0.201026,0.43119,0,0,0.251592,0.333089
0.210228,0.532006,0.364948,0.51841,0.323587,0.671003,0.453793,0.70642,0.328183,0.512945,0.377206,0.349475,0.515066,0.349471,0,0,0.636074,0.469357,0.654457,0.616501,0.682022,0.621945,0,0,0.603906,0.368538,0.599312,0.117859,0,0,0.1796,0.534773,0.196472,0.425803,0,0,0.253145,0.330414
0.205663,0.5293,0.352699,0.518392,0.320531,0.670985,0.446137,0.711858,0,0,0.364955,0.34403,0.47371,0.341303,0,0,0.637607,0.44756,0.642202,0.581077,0,0,0,0,0.602378,0.365819,0.608503,0.0987899,0,0,0.176553,0.532047,0.196449,0.425805,0,0,0.25313,0.333093
0.202581,0.537461,0.358825,0.521137,0.323599,0.676433,0.446138,0.714604,0.328194,0.512966,0.383331,0.349476,0.571729,0.286797,0,0,0.640668,0.442117,0.655987,0.58108,0,0,0,0,0.608501,0.349471,0.637608,0.0797134,0.818354,0.153278,0.173472,0.534721,0.191882,0.425811,0,0,0.248547,0.3304
0.199528,0.532038,0.351164,0.521118,0.322067,0.673729,0.435419,0.739127,0.326657,0.521116,0.363419,0.352191,0.576332,0.262287,0,0,0.645262,0.433937,0.655988,0.564731,0.876561,0.235028,0,0,0.600845,0.333124,0.660581,0.0497366,0.836734,0.18598,0.170421,0.531997,0.190363,0.428464,0,0,0.248525,0.333099
0.194936,0.540217,0.343507,0.515687,0.318997,0.673718,0.424701,0.766359,0.323588,0.523871,0.35423,0.341316,0.479837,0.300437,0.544177,0.24864,0.636074,0.450286,0.654453,0.570179,0.882687,0.273174,0.898004,0.245924,0.602372,0.335844,0.675896,0.0824368,0.844395,0.131486,0.167356,0.532054,0.188805,0.428502,0,0,0.243959,0.330404
0.19493,0.542918,0.341981,0.512958,0.315931,0.668262,0.423158,0.771803,0.322078,0.52386,0.352699,0.344016,0.485964,0.297711,0.541112,0.243201,0.622287,0.450286,0.645265,0.562007,0.922516,0.262278,0.930174,0.248659,0.600845,0.352196,0.678966,0.115142,0.842862,0.147832,0.168884,0.534726,0.188787,0.428532,0,0,0.248533,0.333142
0.199527,0.551098,0.341972,0.515693,0.314399,0.670985,0.421633,0.785431,0.32514,0.52931,0.357295,0.344025,0.47524,0.30042,0.533449,0.232297,0.64373,0.477529,0.65292,0.586523,0,0,0,0,0.613099,0.384879,0.680486,0.142389,0.780057,0.322215,0.170412,0.53749,0.191861,0.433964,0,0,0.251583,0.33855
0.207166,0.551108,0.34658,0.521138,0.320527,0.68734,0.424685,0.785424,0.326659,0.532016,0.363419,0.346744,0.476769,0.30042,0,0,0.642199,0.474811,0.652922,0.583801,0.957744,0.428488,0.989911,0.357646,0.606971,0.379444,0.666708,0.158737,0.821418,0.278625,0.176542,0.548391,0.196464,0.439412,0,0,0.253143,0.338582
0.220975,0.556575,0.354223,0.518396,0.32512,0.690067,0.427758,0.782722,0.331255,0.532044,0.369544,0.344016,0.472173,0.289544,0.522729,0.21053,0.631482,0.439387,0.703472,0.567451,0,0,0,0,0.603905,0.363103,0.669776,0.13149,0.767807,0.264995,0.190345,0.556594,0.208727,0.447597,0,0,0.263843,0.344011
0.222499,0.561998,0.354233,0.510234,0.323602,0.684607,0.427756,0.799063,0.337368,0.542937,0.377211,0.333128,0.476771,0.275888,0.51201,0.196894,0.655987,0.46664,0.678964,0.605602,0.813758,0.700966,0,0,0.628413,0.373996,0.669775,0.136935,0.786187,0.256828,0.191847,0.559283,0.21023,0.453012,0,0,0.265384,0.344046
0.219425,0.578312,0.358825,0.496615,0.315932,0.668273,0.430813,0.799051,0.325123,0.567447,0.390985,0.338561,0.461447,0.270429,0.484433,0.164181,0.657517,0.474812,0.663646,0.6492,0.786186,0.769089,0.875027,0.551101,0.631477,0.373988,0.682027,0.145106,0.77087,0.224129,0.188808,0.564719,0.205655,0.466593,0,0,0.265377,0.354897
0.216386,0.578388,0.364947,0.493878,0.320532,0.654648,0.430813,0.807241,0.320538,0.57291,0.37261,0.346756,0.446133,0.270454,0.459949,0.147819,0.662112,0.502057,0.662116,0.651926,0.763213,0.769086,0.891878,0.57018,0.633012,0.379438,0.692752,0.150549,0.772402,0.194157,0.188786,0.572871,0.205647,0.469369,0,0,0.263877,0.360337
0.211778,0.581079,0.355757,0.507504,0.331253,0.651917,0.429282,0.820855,0.315931,0.583793,0.371084,0.357648,0.424692,0.284052,0.415501,0.142365,0.648327,0.488435,0.663645,0.651922,0.780058,0.766362,0.881154,0.548379,0.619225,0.368548,0.709588,0.15329,0.731044,0.161458,0.187269,0.575631,0.201032,0.480236,0,0,0.263855,0.368563
0.207167,0.581089,0.355764,0.507505,0.338909,0.649199,0.43541,0.820854,0.394059,0.709159,0.374137,0.363099,0.413972,0.232298,0.398659,0.145114,0.659051,0.466632,0.674369,0.646468,0.769339,0.760915,0.879625,0.545652,0.62382,0.365824,0.706539,0.145101,0.777,0.31133,0.179617,0.572884,0.194943,0.488387,0,0,0.259278,0.371253
0.201032,0.586508,0.346566,0.512968,0.326657,0.643752,0.430814,0.826307,0.300621,0.605601,0.364954,0.368553,0.392533,0.254102,0.35729,0.134218,0.652924,0.466636,0.675899,0.651917,0.780059,0.774542,0.876559,0.556551,0.620758,0.387614,0.703473,0.142378,0.789252,0.338578,0.17655,0.559275,0.191882,0.493923,0,0,0.257731,0.376727
0.19953,0.581101,0.360355,0.521127,0.346571,0.654643,0.427752,0.812681,0.297547,0.602871,0.36954,0.376725,0.387922,0.254098,0.346563,0.139669,0.649861,0.46119,0.671304,0.594701,0.772401,0.771811,0.870434,0.551106,0.614632,0.379442,0,0,0,0,0.176536,0.556547,0.19188,0.491206,0,0,0.257713,0.371288
0.201069,0.578406,0.352693,0.493883,0.35729,0.654648,0.426227,0.79633,0.29909,0.578353,0.363422,0.357639,0.389466,0.270454,0.343508,0.158747,0.652922,0.439391,0.660585,0.559282,0.7724,0.76364,0.867369,0.540206,0.614631,0.36854,0,0,0,0,0.175012,0.564736,0.191855,0.485729,0,0,0.256196,0.365814
0.204115,0.581053,0.349631,0.491157,0.364951,0.643751,0,0,0,0,0.361886,0.352187,0.392514,0.281329,0.341983,0.161461,0.654458,0.44756,0.663646,0.570177,0.786186,0.763638,0,0,0.629948,0.368551,0.999101,0.360366,0,0,0.176553,0.562016,0.191879,0.485712,0,0,0.256196,0.360384
0.208704,0.583817,0.343504,0.504787,0.314402,0.692792,0.42929,0.790888,0.398654,0.668277,0.36802,0.335852,0.378742,0.24864,0.335845,0.161459,0.652924,0.450285,0.665177,0.6165,0.78925,0.763639,0.896473,0.542927,0.62382,0.363097,0.706538,0.131477,0.772402,0.188704,0.184201,0.567449,0.193414,0.491206,0,0,0.25619,0.357664
0.208717,0.586542,0.34351,0.493877,0.315933,0.679171,0.438472,0.763642,0.320529,0.567454,0.360354,0.335842,0.390984,0.27318,0.323583,0.164208,0.663646,0.436661,0.700408,0.613774,0.803036,0.755466,0.907197,0.55383,0.62382,0.36581,0,0,0,0,0.185737,0.562015,0.193412,0.496626,0,0,0.256186,0.360367
0.208719,0.589266,0.34198,0.491161,0.317468,0.66282,0.444597,0.771817,0.320528,0.572901,0.361883,0.319492,0.37261,0.251394,0.292959,0.191455,0.668241,0.442113,0.691217,0.570177,0.824479,0.760913,0.893411,0.534754,0.686622,0.251379,0.992974,0.303147,0,0,0.181142,0.578352,0.193391,0.504793,0,0,0.25468,0.360348
0.210239,0.594676,0.341975,0.488437,0.32206,0.657376,0.443074,0.771817,0.318995,0.578319,0.358821,0.324937,0.37107,0.259571,0.280695,0.207798,0.683558,0.439386,0.703473,0.619223,0.829076,0.755464,0.896472,0.575626,0.678962,0.254099,0.99987,0.333122,0,0,0.178079,0.578352,0.193385,0.507514,0,0,0.254677,0.36036
0.21176,0.597422,0.345043,0.493879,0.320528,0.649198,0.440012,0.774543,0.312876,0.581076,0.357284,0.33858,0.368005,0.254096,0.256194,0.245924,0.68509,0.47208,0.712664,0.630121,0.833672,0.747289,0,0,0.62995,0.382172,0.69581,0.153286,0,0,0.185732,0.564728,0.193411,0.510256,0,0,0.254672,0.363091
0.211771,0.600108,0.346572,0.504782,0.326659,0.654647,0.441537,0.779979,0.409356,0.687325,0.354233,0.341287,0.360357,0.251396,0.250077,0.251396,0.669774,0.466634,0.703471,0.572903,0.85818,0.755461,0.91945,0.562001,0.633012,0.376716,0,0,0,0,0.181137,0.586526,0.1934,0.512934,0,0,0.256192,0.363097
0.214828,0.600115,0.343507,0.482993,0.320531,0.638298,0.449196,0.755473,0.322069,0.578327,0.351158,0.322227,0.358817,0.237761,0.250074,0.240486,0.700408,0.469358,0.749424,0.635571,0.879626,0.736388,0,0,0.637607,0.382164,0.701934,0.142387,0,0,0.182673,0.630112,0.194915,0.510262,0,0,0.257722,0.360355
0.211785,0.597394,0.341969,0.480256,0.315934,0.62195,0.450726,0.755471,0.325134,0.575605,0.352694,0.311337,0.358831,0.229566,0.250075,0.224136,0.686622,0.463908,0.714195,0.602874,0.884223,0.730943,0.933237,0.562001,0.643733,0.363092,0.682028,0.145114,0.824479,0.24865,0.178079,0.638287,0.196467,0.510223,0,0,0.256204,0.354904
0.213313,0.58383,0.345039,0.477527,0.322061,0.643749,0.453789,0.747283,0.328207,0.553859,0.349637,0.316771,0.375676,0.221378,0.268463,0.196865,0.678961,0.447563,0.711129,0.562002,0.893412,0.662817,0.937829,0.53748,0.639139,0.360371,0.680498,0.150562,0.832139,0.240476,0.190327,0.559279,0.201044,0.507508,0,0,0.257737,0.344039
0.21789,0.581116,0.354231,0.480259,0.329723,0.611049,0.452264,0.744564,0.407841,0.627398,0.35729,0.311332,0.380264,0.215965,0.291415,0.188723,0.708066,0.453007,0.724916,0.570179,0.882688,0.657376,0,0,0.660581,0.360371,0.680494,0.15328,0,0,0.182671,0.608321,0.2026,0.502042,0,0,0.257718,0.34129
0.225574,0.586554,0.36954,0.482974,0.348101,0.660096,0.459915,0.711872,0.33891,0.548321,0.368017,0.303142,0.305209,0.120593,0.274573,0.156007,0.71113,0.455735,0.709597,0.586528,0.888816,0.635573,0,0,0.683558,0.284076,0.680499,0.155996,0,0,0.193399,0.643754,0.208731,0.510194,0,0,0.263863,0.338609
0.227088,0.594714,0.371078,0.49933,0.345037,0.660097,0.459918,0.733658,0.444611,0.643747,0.371074,0.303148,0.297547,0.115124,0.27765,0.158725,0.714193,0.450289,0.731043,0.55928,0.924046,0.6383,0,0,0.683557,0.314047,0.680498,0.153284,0.826011,0.275901,0.196458,0.630117,0.214823,0.515696,0,0,0.263846,0.341293
0.239321,0.60286,0.371076,0.477535,0.360355,0.589253,0.470643,0.706415,0,0,0.357292,0.281349,0.314402,0.156008,0.251601,0.20778,0.692749,0.425763,0.712662,0.526581,0.933237,0.608323,0,0,0.660581,0.278625,0.694279,0.158736,0,0,0.207173,0.630121,0.225553,0.52383,0,0,0.276098,0.344027
0.240908,0.602902,0.374139,0.504783,0.349629,0.70642,0.466048,0.744575,0,0,0.35883,0.294983,0.320524,0.161432,0.231697,0.199598,0.697344,0.453012,0,0,0,0,0,0,0.678962,0.3958,0,0,0,0,0.213302,0.643731,0.227068,0.523856,0,0,0.273054,0.346729
0.240883,0.605647,0.37721,0.515674,0.36189,0.709147,0,0,0,0,0.363415,0.294977,0.309807,0.161468,0.228622,0.202316,0.680493,0.42849,0,0,0,0,0,0,0.65905,0.365816,0,0,0,0,0.211774,0.643778,0.225591,0.526552,0,0,0.277646,0.349476
0.239353,0.605586,0.377211,0.510234,0.358821,0.7037,0.472164,0.733665,0.355761,0.548367,0.369544,0.308598,0.323588,0.156009,0.239339,0.194146,0.691218,0.439383,0.711132,0.474811,0,0,0,0,0.657519,0.376717,0.701933,0.153291,0,0,0.207189,0.6492,0.225561,0.523861,0,0,0.283762,0.352172
0.242432,0.600181,0.37261,0.493886,0.360359,0.681897,0.472172,0.744562,0.357294,0.545648,0.364955,0.29225,0.326658,0.142375,0.240882,0.172358,0.7096,0.43666,0,0,0,0,0,0,0.674367,0.365818,0.704998,0.15872,0,0,0.211765,0.643744,0.225587,0.518376,0,0,0.280707,0.346742
0.246996,0.602865,0.372605,0.496607,0.361887,0.67917,0.459918,0.758184,0.42162,0.619215,0.364955,0.300418,0.325127,0.136942,0.2424,0.1669,0.701941,0.442115,0.714192,0.553827,0.936302,0.567453,0,0,0.665177,0.360366,0.703476,0.153275,0.829076,0.183259,0.208718,0.641025,0.227087,0.513,0,0,0.279164,0.341324
0.242403,0.597405,0.37567,0.504782,0.369545,0.673721,0.476775,0.717318,0.352703,0.537472,0.371085,0.303145,0.32359,0.128755,0.242414,0.161475,0.712662,0.461186,0.715725,0.562001,0.937831,0.564733,0,0,0.682025,0.365818,0.705,0.15057,0.82601,0.188707,0.213299,0.638282,0.227124,0.512972,0,0,0.285295,0.34399
0.24395,0.594689,0.377205,0.515677,0.372607,0.692789,0.475244,0.730939,0.352703,0.529311,0.372612,0.311323,0.322062,0.136935,0.242402,0.161468,0.706537,0.436664,0.718789,0.553833,0.937832,0.564725,0,0,0.675899,0.289524,0.706533,0.153276,0.830608,0.177809,0.217894,0.630127,0.227127,0.510232,0,0,0.286833,0.344003
0.242413,0.586526,0.380265,0.515685,0.363422,0.692788,0.490557,0.676444,0.358818,0.523885,0.374146,0.2868,0.331247,0.104222,0.247002,0.136929,0.708067,0.433939,0.717257,0.545656,0.937834,0.562002,0,0,0.672835,0.284074,0.708062,0.153277,0.842863,0.205056,0.217894,0.630131,0.227125,0.510196,0,0,0.285292,0.343999
0.242434,0.583826,0.374149,0.496607,0.360359,0.673716,0.4829,0.684617,0.363421,0.526583,0.37567,0.278626,0.341977,0.085168,0.256192,0.120595,0.720322,0.442114,0,0,0,0,0,0,0.706535,0.2759,0.705009,0.150566,0,0,0.216375,0.630112,0.228615,0.510211,0,0,0.274568,0.338585
0.247004,0.583788,0.372607,0.480265,0.355759,0.657368,0.495153,0.671004,0.363416,0.52388,0.37261,0.254101,0.366477,0.068833,0.273034,0.11788,0.717258,0.433944,0.731045,0.512957,0,0,0,0,0.70347,0.365818,0.706524,0.150559,0,0,0.217899,0.613784,0.227125,0.50207,0.254663,0.649208,0.273052,0.330398
0.248528,0.583781,0.375682,0.480259,0.355755,0.665531,0.493619,0.692791,0.361882,0.52117,0.390987,0.259554,0.378739,0.0797176,0.291417,0.123303,0.71113,0.428489,0.718789,0.480258,0,0,0,0,0.692748,0.368544,0.706532,0.147825,0,0,0.220957,0.616504,0.228622,0.504755,0.262324,0.651921,0.274567,0.32224
0.248531,0.578367,0.37567,0.477525,0.361888,0.662826,0.495146,0.703696,0.371073,0.526586,0.381795,0.259542,0.389459,0.0960551,0.296024,0.139683,0.727977,0.43939,0.73104,0.561998,0,0,0,0,0.706534,0.338574,0.705003,0.150558,0,0,0.220964,0.608326,0.233215,0.499324,0.260793,0.649189,0.283757,0.341311
0.250049,0.578354,0.386396,0.463906,0.364955,0.660104,0.48443,0.744562,0.371077,0.532015,0.38027,0.265004,0.390986,0.104216,0.292963,0.156002,0.732575,0.425759,0.734109,0.567454,0,0,0,0,0.715725,0.333122,0,0,0,0,0.222504,0.605605,0.234741,0.502062,0.26079,0.646475,0.283769,0.352214
0.248546,0.578356,0.37567,0.474804,0.366488,0.657366,0.484432,0.744563,0.371078,0.532054,0.36955,0.259546,0.383334,0.101522,0.294482,0.169633,0.737169,0.444837,0.734104,0.608322,0,0,0,0,0.723385,0.365816,0.706537,0.145102,0,0,0.222497,0.605592,0.23321,0.496614,0.260792,0.646465,0.276122,0.365825
0.24854,0.578309,0.372605,0.466639,0.361888,0.654649,0.496682,0.70097,0.368018,0.534762,0.358826,0.254105,0.389445,0.101518,0.294486,0.188716,0.729511,0.431211,0.734107,0.526581,0,0,0,0,0.706534,0.344021,0.705005,0.153273,0,0,0.22097,0.60561,0.231679,0.493895,0.259259,0.643749,0.269976,0.363091
0.285298,0.431217,0.368013,0.453015,0.361888,0.657371,0.496678,0.703689,0.369547,0.540197,0.351168,0.270451,0.383335,0.104243,0.292949,0.202331,0.72032,0.433937,0.729511,0.526582,0,0,0,0,0.69428,0.341299,0.705003,0.139657,0.833669,0.161459,0.243934,0.512956,0.263857,0.387624,0.259258,0.624669,0.254672,0.31677
0.259247,0.578394,0.369548,0.496608,0.361888,0.670999,0.495154,0.717316,0.369556,0.534774,0.348097,0.28953,0.387928,0.104249,0.292966,0.199601,0.700408,0.444835,0.706532,0.548382,0,0,0,0,0.671307,0.35219,0,0,0,0,0.239343,0.624653,0.236291,0.51026,0.279172,0.651919,0.262324,0.398459
0.256203,0.578386,0.354225,0.482983,0.358822,0.670999,0.493629,0.720051,0.371075,0.534775,0.346562,0.284079,0.391001,0.104231,0.299077,0.196867,0.703472,0.444838,0.706532,0.567447,0,0,0,0,0.678963,0.373992,0,0,0,0,0.222501,0.616491,0.233203,0.51292,0,0,0.257745,0.395795
0.251591,0.578318,0.352692,0.477525,0.355758,0.665544,0.489024,0.741834,0.441536,0.613773,0.346568,0.265001,0.389461,0.104254,0.30061,0.199593,0.700407,0.433946,0.703466,0.559278,0,0,0,0,0.6759,0.354916,0,0,0,0,0.219425,0.613778,0.230148,0.507531,0.282237,0.651923,0.259242,0.390319
0.248553,0.578302,0.355761,0.466628,0.360356,0.662826,0.49055,0.752737,0.375688,0.553833,0.358826,0.254109,0.394061,0.109686,0.308268,0.19415,0.697342,0.425766,0.700408,0.542931,0,0,0,0,0.66671,0.335846,0.705006,0.134215,0,0,0.220959,0.597421,0.227123,0.496613,0.274577,0.651912,0,0
0.243953,0.575584,0.364952,0.474805,0.36036,0.662816,0.492086,0.750017,0.377204,0.556578,0.369542,0.259551,0.40018,0.109679,0.315931,0.175089,0.706534,0.433944,0.711134,0.551107,0,0,0,0,0.683557,0.341299,0.703472,0.136941,0,0,0.219435,0.567452,0.227086,0.493882,0.274578,0.651923,0.268458,0.311316
0.243947,0.575635,0.374141,0.469365,0.361884,0.662804,0.492094,0.774538,0.384863,0.575594,0.369546,0.256841,0.42469,0.109684,0.343506,0.123325,0.721854,0.453008,0.731043,0.562007,0.939361,0.578354,0,0,0.709598,0.25683,0.706527,0.131492,0.835203,0.254098,0.208709,0.586524,0.225577,0.496588,0,0,0.27612,0.327668
0.242393,0.575647,0.375673,0.480261,0.36495,0.66281,0.493624,0.777269,0.387927,0.572912,0.377206,0.262287,0.423164,0.101506,0.369546,0.0851677,0.720321,0.436664,0.743298,0.553827,0.937829,0.589252,0,0,0.714194,0.256824,0.708062,0.131492,0.830607,0.259554,0.199526,0.608315,0.225576,0.496594,0,0,0.276118,0.322257
0.242418,0.578337,0.386391,0.488437,0.360361,0.660091,0.492082,0.779987,0.38793,0.572919,0.392525,0.289525,0.427754,0.112412,0.398651,0.0524637,0.729512,0.450283,0.754019,0.553829,0.937831,0.608323,0,0,0.715726,0.311322,0.706538,0.14238,0.836733,0.27318,0.199525,0.611041,0.225579,0.502045,0,0,0.277658,0.333112
0.242409,0.578311,0.386399,0.472092,0.361889,0.662823,0.490555,0.779993,0.3864,0.572926,0.410902,0.251374,0.444599,0.104239,0,0,0.743297,0.442112,0.76321,0.548377,0.934765,0.61105,0,0,0.749424,0.262277,0.708071,0.131496,0.829087,0.275901,0.20259,0.611037,0.225576,0.502046,0,0,0.277657,0.333101
0.239324,0.578342,0.383333,0.469352,0.364952,0.665555,0.490552,0.796339,0.386401,0.58107,0.386392,0.275898,0.433882,0.115139,0,0,0.73717,0.458456,0.758615,0.55928,0.939365,0.602874,0,0,0.743297,0.270452,0.708064,0.136937,0.832143,0.278608,0.199526,0.605597,0.225542,0.50206,0,0,0.277662,0.335853
0.237814,0.578387,0.387927,0.512951,0.369543,0.673724,0.489027,0.79633,0.386392,0.581089,0.377207,0.303149,0.424686,0.12331,0.424696,0.126032,0.717257,0.455738,0.749424,0.553827,0.939364,0.600151,0,0,0.709597,0.305874,0.711124,0.136937,0.838271,0.275889,0.201054,0.591978,0.225534,0.50748,0,0,0.280711,0.338577
0.237808,0.586511,0.378737,0.491157,0.366482,0.670989,0.495148,0.790885,0.383336,0.586545,0.401713,0.286802,0.404777,0.109683,0.372608,0.185982,0.72032,0.436664,0.743298,0.55655,0.937828,0.6165,0,0,0.709598,0.267723,0.711123,0.128752,0.839794,0.273171,0.205645,0.600151,0.222503,0.507527,0,0,0.276122,0.338577
0.236284,0.589242,0.374144,0.480269,0.36495,0.670993,0.490556,0.804511,0.381798,0.594703,0.380266,0.254103,0.401711,0.106954,0.368012,0.185981,0.718791,0.439386,0.731043,0.562,0.937833,0.624676,0,0,0.711131,0.251373,0.711141,0.126044,0.842847,0.275916,0.211774,0.611041,0.219433,0.510253,0,0,0.276108,0.338577
0.233216,0.60559,0.375671,0.474806,0.368017,0.660101,0.492092,0.812684,0.374146,0.605593,0.380267,0.286794,0.395586,0.106952,0.358827,0.188699,0.723386,0.458464,0.747892,0.578352,0.940895,0.630123,0,0,0.712661,0.300423,0.709604,0.136939,0.844385,0.275912,0.20564,0.63013,0.214821,0.518401,0,0,0.269992,0.33861
0.228627,0.608334,0.374142,0.472093,0.371076,0.665549,0.493617,0.812687,0.374146,0.611025,0.366486,0.275893,0.400177,0.112399,0.352693,0.196876,0.723385,0.461188,0.740233,0.575627,0.943959,0.649196,0,0,0.718788,0.273173,0.71879,0.128773,0.842857,0.278638,0.197986,0.643751,0.213286,0.521147,0,0,0.265386,0.341282
0.225554,0.624652,0.372607,0.480255,0.366482,0.692793,0.496678,0.839938,0.374133,0.627396,0.369552,0.294976,0.395578,0.123294,0.345044,0.237753,0.738701,0.469359,0.731043,0.65192,0,0,0,0,0.709601,0.390345,0.724907,0.134199,0.847462,0.284085,0.194931,0.638295,0.20873,0.53478,0,0,0.262315,0.354887
0.225553,0.627427,0.369552,0.480267,0.371072,0.690067,0.499748,0.829032,0.37416,0.638277,0.369551,0.289533,0.392526,0.12603,0.343498,0.251384,0.741767,0.477538,0.76168,0.619225,0,0,0,0,0.726449,0.376713,0.723386,0.139663,0.858174,0.284067,0.196462,0.649194,0.208703,0.542913,0,0,0.262344,0.36034
0.225544,0.641067,0.369542,0.47209,0.372605,0.660102,0.501273,0.845393,0.372611,0.646468,0.368015,0.289521,0.386384,0.128765,0.334305,0.273154,0.724917,0.474812,0.723384,0.630119,0,0,0,0,0.698878,0.387611,0.729511,0.139671,0,0,0.202578,0.662814,0.205639,0.551077,0,0,0.260799,0.363113
0.225572,0.643738,0.371085,0.488425,0.36955,0.684617,0.505879,0.848115,0.37262,0.654646,0.368017,0.297695,0.383334,0.128757,0.331259,0.273187,0.7387,0.469362,0.732571,0.6383,0,0,0,0,0.714192,0.382171,0.731043,0.139668,0,0,0.199509,0.627398,0.205645,0.551102,0,0,0.259263,0.363125
0.225569,0.660082,0.372611,0.491152,0.368011,0.73639,0.510467,0.859012,0.374144,0.66282,0.368013,0.297693,0.380277,0.131462,0.329715,0.254123,0.737167,0.466634,0.73411,0.616501,0,0,0,0,0.706533,0.390345,0.73564,0.145102,0,0,0.196449,0.638303,0.208697,0.556588,0,0,0.260782,0.363119
0.225565,0.662832,0.380267,0.496604,0.37261,0.75001,0.508934,0.872634,0.377215,0.665546,0.372608,0.297695,0.380275,0.131472,0.329715,0.251372,0.760144,0.46119,0.76168,0.638294,0,0,0,0,0.743298,0.373992,0.729515,0.156008,0,0,0.196461,0.641022,0.208728,0.56198,0,0,0.260785,0.363095
0.230152,0.665594,0.383336,0.510234,0.374135,0.755471,0.510472,0.886249,0.380266,0.665528,0.375677,0.297696,0.387927,0.134222,0.338906,0.245915,0.758616,0.461189,0.78159,0.553829,0,0,0,0,0.731042,0.36854,0,0,0,0,0.197996,0.651932,0.20718,0.564704,0.319001,0.752718,0.26234,0.371259
0.227112,0.66831,0.387924,0.518412,0.374147,0.763635,0.519659,0.886242,0.37874,0.670978,0.375677,0.294985,0.392515,0.134215,0.341976,0.251345,0.755549,0.472087,0.780059,0.578353,0,0,0,0,0.717257,0.384886,0,0,0,0,0.193392,0.654637,0.207188,0.564741,0,0,0.263842,0.371285
0.230165,0.684635,0.386395,0.521127,0.374138,0.76636,0.524262,0.897146,0.384851,0.671017,0.387926,0.305868,0.392524,0.134212,0.348094,0.248642,0.758616,0.458456,0.764742,0.6165,0,0,0,0,0.72032,0.371264,0.75709,0.145101,0,0,0.194918,0.665518,0.210244,0.572907,0,0,0.269992,0.371247
0.233222,0.684643,0.395581,0.523862,0.374147,0.771816,0.525784,0.894423,0.386398,0.673713,0.395588,0.308592,0.394056,0.134217,0.351167,0.243187,0.776997,0.442112,0.780059,0.651921,0,0,0,0,0.741766,0.371269,0.758607,0.14238,0,0,0.196462,0.662833,0.21025,0.572864,0,0,0.273023,0.368571
0.230167,0.687321,0.390989,0.499337,0.37414,0.755472,0.525793,0.897156,0.384862,0.673712,0.38946,0.294964,0.40324,0.126028,0.349633,0.229571,0.760143,0.45846,0.77087,0.602875,0,0,0,0,0.718791,0.373991,0.761677,0.128773,0,0,0.194913,0.662822,0.211761,0.572906,0,0,0.266936,0.365819
0.228617,0.684632,0.39712,0.507507,0.375671,0.758185,0.525791,0.899879,0.384854,0.673739,0.39405,0.294972,0.404777,0.120596,0.349636,0.221395,0.767805,0.428486,0.803036,0.55383,0,0,0,0,0.735639,0.354918,0,0,0,0,0.193389,0.662811,0.210263,0.572878,0,0,0.273041,0.368575
0.227109,0.690051,0.398643,0.5184,0.377206,0.755464,0.527324,0.9026,0.387935,0.684625,0.392523,0.30042,0.401717,0.123301,0.34964,0.215956,0.767803,0.455734,0.790783,0.556555,0,0,0,0,0.738702,0.354915,0,0,0,0,0.190353,0.66285,0.21025,0.567465,0,0,0.274585,0.368519
0.22709,0.687333,0.400177,0.515678,0.377205,0.755471,0.527313,0.902599,0.386404,0.676435,0.397119,0.305868,0.403245,0.120576,0.348103,0.226845,0.778529,0.428487,0.812226,0.553828,0,0,0,0,0.743297,0.338567,0,0,0,0,0.190316,0.662827,0.210247,0.562005,0,0,0.276097,0.365834
0.225585,0.676448,0.395591,0.512958,0.375676,0.752743,0.527317,0.89988,0.387932,0.676431,0.394051,0.300425,0.400188,0.120583,0.346574,0.232304,0.775466,0.439387,0.795378,0.545655,0,0,0,0,0.752488,0.354916,0,0,0,0,0.191857,0.649224,0.211754,0.556562,0,0,0.271524,0.360348
0.227075,0.673712,0.392522,0.499329,0.374145,0.747289,0.527326,0.905324,0.389454,0.679154,0.390991,0.278623,0.403247,0.117852,0.349629,0.226871,0.781593,0.44211,0.812225,0.553828,0,0,0,0,0.77087,0.27045,0.770871,0.123319,0,0,0.191859,0.649211,0.211775,0.556576,0,0,0.265398,0.357673
0.225588,0.671021,0.394054,0.521131,0.374138,0.755469,0.525787,0.899883,0.392517,0.673722,0.392524,0.289526,0.406307,0.12603,0.343511,0.237749,0.778528,0.431216,0.793847,0.55928,0,0,0,0,0.76321,0.256825,0.778529,0.115139,0,0,0.191879,0.649194,0.213286,0.556547,0,0,0.266918,0.357612
0.227105,0.671003,0.398647,0.523859,0.374145,0.758185,0.525778,0.899872,0.394055,0.668274,0.394052,0.297696,0.404772,0.13149,0.340434,0.248637,0.775465,0.433935,0.784656,0.567456,0,0,0,0,0.758615,0.278624,0.780062,0.112421,0,0,0.194935,0.657355,0.213305,0.556574,0,0,0.268442,0.357652
0.23168,0.668302,0.392523,0.515683,0.372614,0.752739,0.524255,0.89716,0.395575,0.662841,0.375673,0.2868,0.401718,0.131485,0.343502,0.221416,0.778528,0.436661,0.787719,0.575627,0,0,0,0,0.749424,0.311323,0.778531,0.115136,0,0,0.194936,0.651932,0.214836,0.553855,0,0,0.271515,0.352181
0.233212,0.665586,0.389461,0.504786,0.37567,0.755469,0.524255,0.899875,0.395593,0.662808,0.375677,0.281348,0.400187,0.128767,0.341966,0.224119,0.780057,0.425765,0.79844,0.564727,0,0,0,0,0.75402,0.286798,0.775466,0.11786,0,0,0.196458,0.651929,0.214853,0.553825,0,0,0.271512,0.352182
0.236287,0.670995,0.395585,0.521136,0.374138,0.75547,0.52425,0.886246,0.386403,0.660092,0.39559,0.294972,0.403246,0.120575,0.340439,0.226873,0.812226,0.398515,0.818355,0.553825,0,0,0,0,0.7724,0.256827,0.783131,0.112412,0,0,0.196458,0.654644,0.216387,0.548361,0,0,0.273047,0.346735
0.2378,0.673703,0.392525,0.526578,0.372613,0.75819,0.521191,0.891705,0.384863,0.668252,0.390986,0.286796,0.403239,0.117853,0.337371,0.237756,0.815291,0.417587,0.818353,0.564728,0,0,0,0,0.775465,0.267724,0.783124,0.112405,0,0,0.196457,0.660104,0.219434,0.540189,0,0,0.26693,0.341267
0.239365,0.673693,0.390996,0.512955,0.372606,0.739112,0.513531,0.90805,0.372603,0.665542,0.395588,0.303156,0.400176,0.128754,0.334314,0.24867,0.784657,0.42849,0.803036,0.575627,0,0,0,0,0.763211,0.294977,0.780055,0.112421,0,0,0.199526,0.66825,0.224,0.540213,0,0,0.269976,0.34132
0.23783,0.668242,0.38793,0.518414,0.371083,0.692796,0.507398,0.927123,0.368015,0.660105,0.394056,0.30042,0.401714,0.128747,0.332789,0.251376,0.784656,0.439389,0.807632,0.583802,0,0,0,0,0.761679,0.324948,0.780063,0.112423,0,0,0.197995,0.66555,0.222477,0.537479,0,0,0.273048,0.346771
0.236288,0.665577,0.395583,0.523856,0.371076,0.72004,0.50281,0.932571,0.368012,0.67372,0.407835,0.305872,0.403242,0.128764,0.334309,0.248651,0.778529,0.442116,0.807631,0.583802,0,0,0,0,0.757082,0.330399,0.778522,0.115139,0.911788,0.270452,0.196445,0.668247,0.219429,0.537494,0,0,0.283764,0.374002
0.239346,0.662817,0.386396,0.521133,0.368013,0.717318,0.501284,0.938014,0.364947,0.673724,0.400179,0.305878,0.397129,0.128743,0.329727,0.251393,0.773932,0.450289,0.787719,0.597424,0,0,0,0,0.741767,0.330397,0.780064,0.11241,0,0,0.194931,0.665549,0.219427,0.53747,0,0,0.279171,0.376742
0.239348,0.649212,0.386396,0.518404,0.363422,0.725492,0.50127,0.940744,0.361894,0.668275,0.400181,0.292247,0.398643,0.128758,0.33278,0.245921,0.784656,0.436664,0.789251,0.65192,0,0,0,0,0.749425,0.335842,0.78159,0.112393,0,0,0.194936,0.662782,0.223998,0.526569,0,0,0.280705,0.374009
