0.599601,0.398762,0.510676,0.559511,0.34734,0.357911,0.136807,0.562228,0.38181,0.578599,0.675833,0.761105,0.719389,0.995387,0.57964,0.663016,0,0,0,0,0,0,0,0,0,0,0,0,0,0,0.603249,0.25713,0.684912,0.434208,0.530643,0.189024,0.753873,0.581302
0.599608,0.398764,0.510677,0.559511,0.349155,0.355194,0.136805,0.562225,0.381809,0.5786,0.677645,0.761103,0.719388,0.995388,0.579638,0.663014,0,0,0,0,0,0,0,0,0,0,0,0,0,0,0.603252,0.257132,0.686715,0.436927,0.532453,0.189017,0.753873,0.581303
0.621376,0.412407,0.51068,0.57858,0.349156,0.371535,0.1477,0.556772,0.383637,0.58674,0.703054,0.782892,0.723026,0.99539,0.592344,0.663027,0,0,0,0,0,0,0,0,0,0,0,0,0,0,0.621398,0.268012,0.712128,0.439643,0.530638,0.189024,0.779276,0.573136
0.623191,0.423286,0.507048,0.584029,0.341897,0.379707,0.145886,0.556777,0.383646,0.581308,0.699424,0.782891,0.726647,0.995389,0.594151,0.663032,0,0,0,0,0,0,0,0,0,0,0,0,0,0,0.625013,0.26802,0.715753,0.439654,0.523386,0.194479,0.777466,0.575853
0.632274,0.42328,0.50342,0.600372,0.345526,0.382437,0.149522,0.551328,0.385454,0.575881,0.69035,0.812861,0.723026,0.995389,0.595983,0.663036,0,0,0,0,0,0,0,0,0,0,0,0,0,0,0.630459,0.268001,0.719393,0.445092,0.530642,0.191745,0.777467,0.5813
0.632282,0.423277,0.50342,0.608541,0.345526,0.385164,0.151329,0.551335,0.385448,0.578572,0.693979,0.823758,0.723027,0.995389,0.595985,0.663026,0,0,0,0,0,0,0,0,0,0,0,0,0,0,0.630461,0.268003,0.721201,0.450541,0.525201,0.191737,0.782906,0.581302
0.630467,0.423289,0.512492,0.594923,0.345524,0.38789,0.15133,0.551338,0.383643,0.573138,0.699424,0.79924,0.721197,0.99539,0.594156,0.665739,0,0,0,0,0,0,0,0,0,0,0,0,0,0,0.628643,0.265306,0.717568,0.447824,0.527011,0.189018,0.77928,0.570414
0.625018,0.423276,0.516119,0.584029,0.350966,0.382439,0.151325,0.551335,0.383646,0.575849,0.704869,0.782893,0.719385,0.99539,0.590533,0.665759,0,0,0,0,0,0,0,0,0,0,0,0,0,0,0.62865,0.265285,0.717574,0.45598,0.530637,0.189014,0.779279,0.573129
0.635891,0.412398,0.516121,0.584027,0.354594,0.390602,0.153143,0.545891,0.385443,0.573118,0.695795,0.793792,0.721202,0.995389,0.586901,0.665744,0,0,0,0,0,0,0,0,0,0,0,0,0,0,0.635898,0.25712,0.723022,0.461432,0.532452,0.183555,0.782908,0.57585
0.635898,0.415122,0.512496,0.584023,0.352782,0.379705,0.149517,0.540439,0.38182,0.567667,0.692164,0.79379,0.72121,0.995387,0.585095,0.663017,0,0,0,0,0,0,0,0,0,0,0,0,0,0,0.637707,0.254402,0.728463,0.455975,0.539715,0.167233,0.784722,0.573128
0.641345,0.404235,0.510676,0.57858,0.350971,0.379706,0.153144,0.53772,0.381814,0.570409,0.675831,0.769274,0.73209,0.995388,0.586895,0.663006,0.227556,0.994023,0.149517,0.984487,0,0,0,0,0,0,0,0,0,0,0.637709,0.257103,0.733908,0.475057,0.532459,0.183568,0.786535,0.578571
0.639529,0.406953,0.516125,0.570409,0.358226,0.37154,0.1477,0.53226,0.379999,0.573106,0.679461,0.766553,0.730281,0.995388,0.585088,0.660307,0,0,0,0,0,0,0,0,0,0,0,0,0,0,0.635916,0.259852,0.721205,0.445092,0.528836,0.180849,0.782907,0.573126
0.635916,0.420583,0.501602,0.586754,0.352784,0.382443,0.149516,0.524095,0.381814,0.573134,0.675831,0.782896,0.741174,0.995388,0.58327,0.646693,0,0,0,0,0,0,0,0,0,0,0,0,0,0,0.632266,0.262581,0.723025,0.466876,0.527012,0.191761,0.777469,0.575847
0.635917,0.423293,0.50523,0.584026,0.358231,0.376985,0.15315,0.521356,0.383628,0.573126,0.684907,0.788341,0.742981,0.995389,0.588711,0.646685,0,0,0,0,0,0,0,0,0,0,0,0,0,0,0.632265,0.262564,0.724834,0.469596,0.530642,0.189011,0.781091,0.575862
0.635904,0.423299,0.521569,0.586749,0.367303,0.385151,0.158594,0.510467,0.387265,0.578567,0.708501,0.785619,0.746612,0.995389,0.58872,0.638512,0.227557,0.994024,0.151332,0.994022,0,0,0,0,0,0,0,0,0,0,0.630466,0.268004,0.721198,0.458717,0.532448,0.186303,0.78291,0.575858
0.637721,0.426039,0.503418,0.600375,0.358229,0.390605,0.162213,0.505015,0.389087,0.573147,0.699423,0.815583,0.744794,0.995388,0.592346,0.641244,0,0,0,0,0,0,0,0,0,0,0,0,0,0,0.634088,0.268006,0.723021,0.458702,0.534271,0.183565,0.779276,0.578581
0.637731,0.423313,0.508866,0.594921,0.361861,0.390604,0.165853,0.491397,0.401788,0.575837,0.672201,0.810138,0.744807,0.995389,0.597801,0.638526,0,0,0,0,0,0,0,0,0,0,0,0,0,0,0.634084,0.262583,0.72121,0.436931,0.532459,0.175402,0.773836,0.575855
0.637704,0.423279,0.510677,0.600372,0.365485,0.401505,0.165853,0.488686,0.401787,0.575849,0.654054,0.796515,0.746612,0.995388,0.603235,0.635804,0,0,0,0,0,0,0,0,0,0,0,0,0,0,0.634089,0.262581,0.72121,0.434206,0.534272,0.183554,0.777463,0.578573
0.637713,0.42056,0.508863,0.605819,0.363671,0.404227,0.167658,0.491409,0.399965,0.575862,0.661313,0.823759,0.741166,0.995386,0.599619,0.630333,0,0,0,0,0,0,0,0,0,0,0,0,0,0,0.630461,0.257126,0.721201,0.4342,0.527023,0.189,0.775648,0.573129
0.637719,0.415129,0.505234,0.613993,0.365485,0.409674,0.165855,0.496855,0.399964,0.578573,0.655869,0.834654,0.726654,0.995388,0.601413,0.624878,0,0,0,0,0,0,0,0,0,0,0,0,0,0,0.630464,0.257135,0.719398,0.434191,0.527022,0.1863,0.773835,0.575853
0.6359,0.415129,0.517937,0.605824,0.36912,0.42329,0.165839,0.518661,0.396342,0.584026,0.681277,0.788344,0.712133,0.995386,0.592347,0.633048,0,0,0,0,0,0,0,0,0,0,0,0,0,0,0.632284,0.262555,0.723019,0.436928,0.528833,0.194475,0.788351,0.573133
0.635901,0.4124,0.512491,0.627616,0.365484,0.428751,0.164032,0.529549,0.392714,0.58675,0.701242,0.82648,0.701237,0.995387,0.58508,0.635775,0,0,0,0,0,0,0,0,0,0,0,0,0,0,0.632271,0.262576,0.721209,0.436932,0.528833,0.199928,0.788355,0.573132
0.625019,0.406958,0.508866,0.616721,0.354598,0.412398,0.154962,0.540437,0.381812,0.589486,0.697612,0.848276,0.679456,0.995389,0.570569,0.633076,0,0,0,0,0,0,0,0,0,0,0,0,0,0,0.623217,0.262568,0.713938,0.445102,0.525209,0.194477,0.782911,0.573124
0.6214,0.401523,0.530639,0.616719,0.365487,0.423295,0.147701,0.548626,0.376384,0.586761,0.706684,0.818309,0.675829,0.995388,0.566934,0.630334,0,0,0,0,0,0,0,0,0,0,0,0,0,0,0.61959,0.259864,0.710312,0.431463,0.514307,0.194472,0.784723,0.567687
0.625003,0.404218,0.521566,0.627614,0.361855,0.431471,0.149518,0.559505,0.380012,0.589465,0.699425,0.861898,0.677642,0.995388,0.566935,0.63578,0,0,0,0,0,0,0,0,0,0,0,0,0,0,0.623218,0.262559,0.713937,0.436923,0.527013,0.199911,0.779278,0.578582
0.623207,0.401528,0.517933,0.624888,0.356409,0.434188,0.147693,0.564953,0.378182,0.58947,0.686722,0.861895,0.67764,0.995388,0.565121,0.635796,0,0,0,0,0,0,0,0,0,0,0,0,0,0,0.621406,0.265281,0.712131,0.436934,0.523374,0.202621,0.775645,0.581301
0.623191,0.404221,0.519751,0.627619,0.360042,0.431468,0.144078,0.570384,0.380003,0.584031,0.69035,0.867341,0.679454,0.995389,0.563324,0.63851,0,0,0,0,0,0,0,0,0,0,0,0,0,0,0.621404,0.262562,0.71212,0.442367,0.525201,0.202636,0.775651,0.586751
0.621405,0.401521,0.519749,0.624889,0.356411,0.423296,0.145882,0.570378,0.378199,0.584027,0.692165,0.859173,0.679464,0.995389,0.563323,0.641239,0,0,0,0,0,0,0,0,0,0,0,0,0,0,0.621391,0.262565,0.712126,0.439636,0.528834,0.202624,0.773837,0.58675
0.621385,0.398777,0.521569,0.619446,0.354597,0.406952,0.144076,0.564952,0.376379,0.57857,0.704868,0.812862,0.684904,0.995387,0.563322,0.635786,0,0,0,0,0,0,0,0,0,0,0,0,0,0,0.621375,0.257117,0.71032,0.434206,0.532454,0.19718,0.777468,0.575846
0.619577,0.398757,0.523384,0.622163,0.360044,0.409677,0.145879,0.559497,0.376369,0.575876,0.712129,0.793791,0.688532,0.995387,0.563318,0.635783,0,0,0,0,0,0,0,0,0,0,0,0,0,0,0.61959,0.254402,0.708503,0.434187,0.541529,0.191749,0.77746,0.573123
0.617748,0.396068,0.536085,0.57585,0.37093,0.376983,0.145878,0.554063,0.37275,0.575861,0.712133,0.752932,0.703054,0.995387,0.563316,0.638516,0,0,0,0,0,0,0,0,0,0,0,0,0,0,0.619555,0.254375,0.70305,0.431454,0.543347,0.186295,0.773837,0.564956
0.617756,0.396065,0.525199,0.570401,0.365485,0.376979,0.144069,0.551349,0.372748,0.57584,0.708501,0.755654,0.708493,0.995387,0.563316,0.64123,0,0,0,0,0,0,0,0,0,0,0,0,0,0,0.61957,0.25167,0.703049,0.431461,0.530638,0.186281,0.770204,0.564959
0.617764,0.396066,0.519749,0.567684,0.358225,0.374259,0.13682,0.543166,0.37094,0.573148,0.697611,0.750205,0.710319,0.995388,0.565117,0.630348,0,0,0,0,0,0,0,0,0,0,0,0,0,0,0.621387,0.246229,0.706679,0.423293,0.528822,0.169952,0.773834,0.559503
0.619553,0.398779,0.530642,0.562235,0.356413,0.371545,0.13863,0.54044,0.370937,0.57585,0.701241,0.750202,0.712131,0.995388,0.566934,0.635802,0.231185,0.994023,0.142256,0.97359,0,0,0,0,0,0,0,0,0,0,0.623194,0.246239,0.708504,0.428731,0.528822,0.172672,0.775651,0.562229
0.626839,0.398801,0.516125,0.564958,0.360041,0.376984,0.147695,0.537697,0.376371,0.573132,0.681278,0.755654,0.715768,0.995388,0.576015,0.646692,0.223925,0.994024,0.136813,0.992659,0,0,0,0,0,0,0,0,0,0,0.63228,0.248947,0.71939,0.431478,0.530647,0.18356,0.775653,0.562231
0.635902,0.398799,0.534275,0.559512,0.365488,0.374256,0.147705,0.532257,0.376372,0.573147,0.713943,0.750202,0.713939,0.995388,0.574194,0.652121,0,0,0,0,0,0,0,0,0,0,0,0,0,0,0.635903,0.248937,0.721202,0.434208,0.530646,0.183563,0.78291,0.559505
0.652246,0.398757,0.536083,0.559515,0.361858,0.371535,0.147702,0.513177,0.378198,0.570395,0.768389,0.722982,0.712122,0.99539,0.579634,0.646692,0.229369,0.994024,0.144072,0.992659,0,0,0,0,0,0,0,0,0,0,0.641345,0.248966,0.737539,0.436926,0.527009,0.169952,0.79198,0.55951
0.655865,0.412399,0.532456,0.570408,0.35823,0.387887,0.147708,0.50501,0.379993,0.567663,0.713944,0.755647,0.710323,0.995389,0.579653,0.654842,0,0,0,0,0,0,0,0,0,0,0,0,0,0,0.644993,0.251675,0.744793,0.439643,0.527008,0.175383,0.795615,0.559505
0.661312,0.426026,0.543346,0.57313,0.365482,0.390606,0.153142,0.496841,0.381819,0.559521,0.710315,0.761103,0,0,0,0,0,0,0,0,0,0,0,0,0,0,0,0,0,0,0.654054,0.26255,0.748435,0.439631,0.536077,0.164494,0.806505,0.559513
0.664946,0.431491,0.536086,0.578572,0.360043,0.396055,0.151326,0.496858,0.378198,0.559501,0.772012,0.731145,0.704867,0.995391,0.581464,0.654857,0,0,0,0,0,0,0,0,0,0,0,0,0,0,0.652235,0.270736,0.746623,0.464164,0.537895,0.164514,0.804682,0.567689
0.670395,0.458694,0.55968,0.559507,0.370932,0.376991,0.153142,0.505031,0.380008,0.554077,0.768385,0.725691,0.706686,0.995389,0.581451,0.660289,0,0,0,0,0,0,0,0,0,0,0,0,0,0,0.659483,0.295271,0.753879,0.483215,0.541531,0.164519,0.811948,0.570401
0.672203,0.464152,0.556052,0.54861,0.372743,0.376987,0.153142,0.510474,0.380001,0.554058,0.759314,0.722963,0.706687,0.995389,0.581469,0.660304,0,0,0,0,0,0,0,0,0,0,0,0,0,0,0.6577,0.300685,0.755681,0.485941,0.548793,0.164501,0.80832,0.575866
0.67583,0.466876,0.54516,0.551335,0.369116,0.374262,0.14771,0.518652,0.380015,0.545909,0.770201,0.728407,0.706681,0.99539,0.588717,0.660284,0,0,0,0,0,0,0,0,0,0,0,0,0,0,0.659481,0.303428,0.75387,0.483237,0.556044,0.1645,0.806508,0.573123
0.675824,0.466876,0.545159,0.55133,0.369113,0.374261,0.147709,0.518642,0.380016,0.545906,0.770198,0.725702,0.706681,0.99539,0.588717,0.660281,0,0,0,0,0,0,0,0,0,0,0,0,0,0,0.659483,0.30343,0.753871,0.483238,0.556044,0.164499,0.806502,0.57313
0.668565,0.458729,0.523379,0.559512,0.36004,0.36881,0.145886,0.521372,0.380005,0.540454,0.770203,0.725689,0.713948,0.995389,0.583272,0.657581,0,0,0,0,0,0,0,0,0,0,0,0,0,0,0.657669,0.29797,0.752056,0.485954,0.543354,0.161794,0.804681,0.578577
0.672201,0.461429,0.523383,0.562231,0.360044,0.363371,0.145889,0.526811,0.378201,0.540451,0.770195,0.725696,0.715754,0.99539,0.590524,0.654861,0,0,0,0,0,0,0,0,0,0,0,0,0,0,0.657688,0.295251,0.752047,0.485945,0.541529,0.16179,0.799248,0.57858
0.668573,0.453247,0.521566,0.575857,0.365483,0.374255,0.145881,0.52682,0.381807,0.540418,0.704867,0.799239,0,0,0,0,0,0,0,0,0,0,0,0,0,0,0,0,0,0,0.65586,0.289818,0.748427,0.485939,0.541538,0.164482,0.799247,0.578584
0.659492,0.445083,0.517934,0.573132,0.361857,0.37153,0.145882,0.526814,0.378198,0.540417,0.703054,0.80469,0,0,0,0,0,0,0,0,0,0,0,0,0,0,0,0,0,0,0.654058,0.2871,0.744806,0.480508,0.53971,0.164506,0.79743,0.578569
0.654037,0.439643,0.508862,0.575855,0.354598,0.360645,0.14226,0.529539,0.381808,0.540453,0.699423,0.826482,0.713946,0.995387,0.588712,0.641239,0,0,0,0,0,0,0,0,0,0,0,0,0,0,0.648596,0.284376,0.737544,0.47506,0.532463,0.161777,0.793799,0.575864
0.650419,0.436918,0.510676,0.567678,0.354599,0.355196,0.140443,0.529519,0.380004,0.545872,0.69761,0.807413,0.712132,0.995387,0.588726,0.641229,0,0,0,0,0,0,0,0,0,0,0,0,0,0,0.643165,0.281624,0.735714,0.469605,0.530649,0.161768,0.791985,0.570408
0.639539,0.428756,0.51612,0.575857,0.361856,0.368808,0.145879,0.5268,0.383622,0.548593,0.699426,0.782892,0.71758,0.995387,0.586909,0.643959,0,0,0,0,0,0,0,0,0,0,0,0,0,0,0.637716,0.270738,0.724833,0.458717,0.532465,0.161783,0.788351,0.570413
0.639544,0.423297,0.510675,0.589472,0.358226,0.371541,0.145892,0.524082,0.385451,0.548622,0.690351,0.799239,0.713947,0.995387,0.586904,0.646673,0,0,0,0,0,0,0,0,0,0,0,0,0,0,0.635912,0.262574,0.721208,0.458717,0.532454,0.161784,0.779279,0.570406
0.639539,0.409676,0.527013,0.589473,0.363668,0.37426,0.153152,0.513202,0.392714,0.556786,0.703055,0.799241,0.704873,0.995389,0.58871,0.652121,0,0,0,0,0,0,0,0,0,0,0,0,0,0,0.63409,0.265291,0.719393,0.442369,0.527007,0.161799,0.779283,0.570406
0.639539,0.404227,0.528826,0.578578,0.363668,0.376994,0.154966,0.51318,0.399972,0.556777,0.70487,0.777444,0.708496,0.995389,0.592335,0.657574,0,0,0,0,0,0,0,0,0,0,0,0,0,0,0.632278,0.265282,0.721202,0.436928,0.52701,0.16176,0.779278,0.567684
0.643164,0.401502,0.539716,0.573126,0.370932,0.379708,0.154957,0.510466,0.405421,0.562232,0.710311,0.810135,0.70124,0.995389,0.592357,0.657586,0,0,0,0,0,0,0,0,0,0,0,0,0,0,0.63225,0.26528,0.721205,0.431474,0.530648,0.164481,0.784724,0.559513
0.641356,0.398805,0.541528,0.570408,0.370928,0.376993,0.158586,0.507751,0.407235,0.562225,0.712129,0.818309,0.699428,0.995389,0.592357,0.657583,0,0,0,0,0,0,0,0,0,0,0,0,0,0,0.632269,0.26255,0.71939,0.431457,0.527015,0.161797,0.784721,0.559506
0.641367,0.398792,0.55968,0.570409,0.374558,0.376994,0.160412,0.507753,0.409049,0.559518,0.742985,0.739308,0.697609,0.995389,0.592346,0.652118,0,0,0,0,0,0,0,0,0,0,0,0,0,0,0.63409,0.257139,0.7212,0.428722,0.528836,0.164488,0.78654,0.556784
0.641352,0.398801,0.563306,0.567679,0.374557,0.379705,0.164025,0.50775,0.409042,0.56222,0.755687,0.722964,0.693986,0.995389,0.592345,0.654841,0,0,0,0,0,0,0,0,0,0,0,0,0,0,0.634081,0.257133,0.719393,0.426027,0.528831,0.164486,0.786538,0.554063
0.641353,0.401504,0.552418,0.570411,0.36912,0.376982,0.162227,0.510475,0.405413,0.567663,0.719387,0.766547,0.701236,0.995389,0.592339,0.657591,0,0,0,0,0,0,0,0,0,0,0,0,0,0,0.634087,0.257134,0.719389,0.428746,0.528838,0.161781,0.782911,0.559513
0.639551,0.41513,0.556047,0.584028,0.370931,0.387889,0.162223,0.515938,0.403597,0.570424,0.723019,0.799238,0.701234,0.995389,0.588715,0.663022,0,0,0,0,0,0,0,0,0,0,0,0,0,0,0.63589,0.268017,0.719395,0.434189,0.534274,0.164487,0.786537,0.564957
0.626828,0.434184,0.552418,0.613994,0.350976,0.393328,0.153152,0.556789,0.385459,0.603093,0.724835,0.823756,0.704867,0.995391,0.579636,0.687554,0,0,0,0,0,0,0,0,0,0,0,0,0,0,0.625022,0.295248,0.713936,0.472334,0.521561,0.197183,0.777465,0.603092
0.621385,0.450539,0.550607,0.605823,0.361856,0.382437,0.153146,0.578592,0.383646,0.616734,0.746612,0.774719,0.70487,0.995389,0.574202,0.706614,0,0,0,0,0,0,0,0,0,0,0,0,0,0,0.619585,0.308901,0.710316,0.483229,0.521561,0.216265,0.77383,0.603097
0.617748,0.442374,0.536084,0.613994,0.352784,0.390606,0.138634,0.573123,0.37819,0.613979,0.730276,0.810136,0.695797,0.99539,0.566938,0.693002,0,0,0,0,0,0,0,0,0,0,0,0,0,0,0.612309,0.295259,0.706687,0.477773,0.50523,0.205348,0.766573,0.605813
0.617759,0.436911,0.516125,0.641235,0.341891,0.420569,0.136811,0.564943,0.372749,0.603088,0.712127,0.853727,0.692165,0.995388,0.568755,0.690252,0,0,0,0,0,0,0,0,0,0,0,0,0,0,0.610499,0.289803,0.706687,0.47777,0.503409,0.202631,0.762946,0.603092
0.621398,0.445096,0.532456,0.627613,0.354597,0.426019,0.145886,0.562241,0.381825,0.605805,0.719389,0.829205,0.706685,0.995389,0.577823,0.695722,0,0,0,0,0,0,0,0,0,0,0,0,0,0,0.619563,0.298001,0.712128,0.480519,0.517933,0.202647,0.773839,0.603093
0.625011,0.455976,0.528828,0.627612,0.35097,0.428745,0.140447,0.564952,0.381812,0.603105,0.713943,0.845547,0.70305,0.99539,0.579637,0.701154,0,0,0,0,0,0,0,0,0,0,0,0,0,0,0.619561,0.30617,0.713953,0.496846,0.510673,0.210815,0.775651,0.61126
0.625013,0.445108,0.534269,0.619446,0.358225,0.431472,0.136806,0.548614,0.374568,0.594919,0.715759,0.815583,0,0,0,0,0,0,0,0,0,0,0,0,0,0,0,0,0,0,0.617745,0.306137,0.712129,0.485961,0.510681,0.208081,0.770202,0.605817
0.626839,0.450529,0.523384,0.627616,0.341895,0.434201,0.134994,0.548612,0.376368,0.586747,0.703054,0.859172,0.704865,0.995388,0.585083,0.684824,0,0,0,0,0,0,0,0,0,0,0,0,0,0,0.617747,0.303425,0.713945,0.494133,0.507058,0.202646,0.772017,0.608537
0.632282,0.450552,0.523377,0.635784,0.354594,0.434188,0.144072,0.526818,0.379995,0.581295,0.704871,0.856446,0.710313,0.99539,0.592349,0.682105,0,0,0,0,0,0,0,0,0,0,0,0,0,0,0.62137,0.303419,0.715772,0.485962,0.519745,0.202635,0.781092,0.586753
0.632273,0.445081,0.516122,0.635789,0.345526,0.428745,0.14588,0.521358,0.376381,0.578585,0.706682,0.859167,0.712121,0.995388,0.588712,0.682092,0,0,0,0,0,0,0,0,0,0,0,0,0,0,0.619579,0.298001,0.717569,0.48596,0.516114,0.1999,0.777466,0.600376
0.6359,0.447804,0.521563,0.63306,0.354599,0.434191,0.145882,0.515911,0.378187,0.578577,0.704868,0.85917,0.71213,0.995389,0.594167,0.679376,0,0,0,0,0,0,0,0,0,0,0,0,0,0,0.621378,0.300725,0.71938,0.488679,0.514306,0.19991,0.779278,0.594923
0.635913,0.453256,0.519754,0.643964,0.358227,0.439646,0.147704,0.518631,0.376374,0.578583,0.703057,0.861899,0.712133,0.995389,0.588716,0.682093,0,0,0,0,0,0,0,0,0,0,0,0,0,0,0.62138,0.303427,0.719387,0.488679,0.519746,0.202618,0.782909,0.594921
0.635892,0.455978,0.525196,0.635788,0.349155,0.434196,0.144076,0.518652,0.370926,0.578594,0.708496,0.851003,0.710307,0.99539,0.585091,0.682095,0,0,0,0,0,0,0,0,0,0,0,0,0,0,0.621378,0.306136,0.717566,0.491399,0.512501,0.202648,0.777467,0.597646
0.634095,0.453279,0.527008,0.627614,0.350967,0.434187,0.14225,0.521377,0.369113,0.581297,0.706683,0.848273,0.710308,0.99539,0.583268,0.676654,0,0,0,0,0,0,0,0,0,0,0,0,0,0,0.621387,0.303447,0.715774,0.494117,0.510673,0.199929,0.77747,0.603102
0.634094,0.453254,0.527011,0.624892,0.354596,0.434199,0.142254,0.524096,0.37094,0.584017,0.71031,0.848273,0.710316,0.995388,0.58327,0.682089,0,0,0,0,0,0,0,0,0,0,0,0,0,0,0.621406,0.303429,0.715766,0.485955,0.51794,0.199913,0.779278,0.597645
0.632284,0.453263,0.528824,0.619434,0.354595,0.431475,0.140444,0.529556,0.36911,0.586743,0.706687,0.848274,0.703059,0.99539,0.579651,0.687543,0,0,0,0,0,0,0,0,0,0,0,0,0,0,0.621395,0.303442,0.717566,0.496842,0.519742,0.199914,0.775649,0.60309
0.628643,0.458709,0.534274,0.603097,0.354595,0.420574,0.136809,0.545875,0.365481,0.592203,0.753865,0.752934,0.701242,0.995391,0.577835,0.693002,0,0,0,0,0,0,0,0,0,0,0,0,0,0,0.621379,0.306176,0.715759,0.494121,0.514305,0.20265,0.77746,0.600378
0.625019,0.455998,0.521565,0.611269,0.340077,0.417845,0.138619,0.545887,0.360049,0.597657,0.750241,0.755657,0.701245,0.99539,0.576006,0.695724,0,0,0,0,0,0,0,0,0,0,0,0,0,0,0.62137,0.306168,0.715762,0.505021,0.51431,0.205351,0.773832,0.605817
0.63045,0.458728,0.521568,0.627615,0.345522,0.420571,0.129561,0.56767,0.361861,0.603096,0.719388,0.842829,0.704869,0.995389,0.577834,0.701166,0,0,0,0,0,0,0,0,0,0,0,0,0,0,0.623196,0.308869,0.715762,0.510471,0.516126,0.199913,0.775649,0.613997
0.625015,0.458713,0.521569,0.627615,0.343707,0.420571,0.13137,0.559504,0.360049,0.60853,0.728461,0.82648,0.699427,0.995389,0.579635,0.701166,0,0,0,0,0,0,0,0,0,0,0,0,0,0,0.623204,0.308874,0.715765,0.515926,0.519757,0.197209,0.77565,0.616711
0.62321,0.461423,0.525199,0.616722,0.343711,0.426016,0.127728,0.564955,0.358226,0.608539,0.721203,0.812858,0.706688,0.995389,0.577829,0.70117,0,0,0,0,0,0,0,0,0,0,0,0,0,0,0.621403,0.308874,0.713936,0.524089,0.519754,0.199907,0.772018,0.61671
0.62321,0.458729,0.53064,0.608549,0.34371,0.417849,0.127732,0.567662,0.360047,0.608562,0.739353,0.766552,0.704875,0.99539,0.579633,0.701163,0,0,0,0,0,0,0,0,0,0,0,0,0,0,0.621403,0.308887,0.712134,0.515915,0.519747,0.199901,0.768393,0.616719
0.621393,0.461444,0.528825,0.611267,0.34552,0.406948,0.125913,0.57041,0.36185,0.611253,0.721201,0.80741,0.712122,0.995391,0.577836,0.695717,0,0,0,0,0,0,0,0,0,0,0,0,0,0,0.621404,0.308866,0.713937,0.521354,0.523383,0.20536,0.773839,0.616719
0.623209,0.469611,0.528827,0.619443,0.347336,0.415122,0.129544,0.570395,0.360046,0.608558,0.713947,0.845552,0.713938,0.995391,0.577822,0.692997,0,0,0,0,0,0,0,0,0,0,0,0,0,0,0.623219,0.311597,0.715751,0.521376,0.521571,0.202628,0.77384,0.616728
0.626826,0.477776,0.527007,0.613987,0.345523,0.417847,0.127728,0.573129,0.360049,0.611249,0.708501,0.845548,0.706689,0.995392,0.583268,0.690251,0,0,0,0,0,0,0,0,0,0,0,0,0,0,0.623203,0.311612,0.713943,0.518653,0.521575,0.199915,0.773831,0.62216
0.625024,0.477771,0.521568,0.627618,0.345524,0.423297,0.127735,0.573126,0.363667,0.611277,0.706683,0.85645,0.706688,0.995391,0.586902,0.687544,0,0,0,0,0,0,0,0,0,0,0,0,0,0,0.623194,0.311626,0.713933,0.51865,0.523382,0.205352,0.772023,0.624897
0.62864,0.4805,0.525198,0.627611,0.341894,0.426017,0.12774,0.575867,0.363664,0.61401,0.704869,0.856446,0.704875,0.99539,0.594153,0.692979,0,0,0,0,0,0,0,0,0,0,0,0,0,0,0.623201,0.317049,0.71395,0.5241,0.51974,0.199931,0.766578,0.630336
0.62864,0.477768,0.528822,0.624886,0.345522,0.428752,0.127752,0.575878,0.363666,0.613984,0.704869,0.848277,0.706687,0.99539,0.599601,0.676658,0,0,0,0,0,0,0,0,0,0,0,0,0,0,0.623205,0.314339,0.713933,0.521352,0.517932,0.199906,0.770205,0.624887
0.628635,0.469604,0.517935,0.592197,0.334636,0.396054,0.127748,0.570391,0.365481,0.6058,0.661312,0.774725,0.70669,0.995387,0.597792,0.668477,0,0,0,0,0,0,0,0,0,0,0,0,0,0,0.623192,0.303434,0.713936,0.507742,0.514314,0.197173,0.770201,0.619432
0.626834,0.45871,0.505237,0.603097,0.336449,0.396061,0.129549,0.567669,0.363675,0.600361,0.652239,0.785621,0.708504,0.995387,0.597794,0.663044,0,0,0,0,0,0,0,0,0,0,0,0,0,0,0.623206,0.300692,0.713946,0.496849,0.514315,0.189024,0.766576,0.616716
0.632274,0.453276,0.51249,0.584027,0.341893,0.390609,0.135002,0.551334,0.365476,0.584021,0.650425,0.766547,0.703056,0.995388,0.599615,0.660284,0,0,0,0,0,0,0,0,0,0,0,0,0,0,0.625014,0.295252,0.713954,0.491409,0.510674,0.186295,0.766577,0.605819
0.632266,0.450519,0.514309,0.586748,0.341894,0.401498,0.133191,0.545891,0.365488,0.581295,0.654054,0.761104,0.701244,0.995388,0.599613,0.65757,0,0,0,0,0,0,0,0,0,0,0,0,0,0,0.625011,0.292518,0.715751,0.491398,0.510686,0.175397,0.768388,0.600369
0.63227,0.453244,0.512491,0.592198,0.349154,0.398781,0.136812,0.543148,0.370931,0.578585,0.666756,0.777446,0.704868,0.995387,0.599616,0.654842,0,0,0,0,0,0,0,0,0,0,0,0,0,0,0.625019,0.289798,0.715756,0.480506,0.512498,0.18628,0.770202,0.600371
0.630454,0.445105,0.508863,0.594923,0.349155,0.404227,0.138629,0.537718,0.37275,0.575854,0.659498,0.771996,0.701246,0.995388,0.601417,0.652122,0,0,0,0,0,0,0,0,0,0,0,0,0,0,0.625009,0.28438,0.715767,0.480499,0.510687,0.183566,0.768388,0.600371
0.630465,0.442351,0.505236,0.600375,0.350966,0.406949,0.13863,0.532256,0.367311,0.573143,0.663127,0.785618,0.699421,0.995389,0.601419,0.646688,0,0,0,0,0,0,0,0,0,0,0,0,0,0,0.625012,0.281634,0.71577,0.485938,0.512499,0.18629,0.768392,0.600372
0.630468,0.436902,0.503415,0.603092,0.349152,0.398779,0.142255,0.529548,0.370928,0.573149,0.663129,0.785618,0.699435,0.995389,0.599615,0.638523,0,0,0,0,0,0,0,0,0,0,0,0,0,0,0.625028,0.278922,0.715769,0.483246,0.516116,0.183562,0.768389,0.597646
0.630453,0.431469,0.505233,0.597646,0.347341,0.396053,0.136809,0.534994,0.36549,0.573126,0.654051,0.777446,0.699418,0.995389,0.597783,0.643968,0,0,0,0,0,0,0,0,0,0,0,0,0,0,0.625016,0.276168,0.715753,0.46689,0.514309,0.183576,0.768389,0.584033
0.626819,0.428735,0.505229,0.581304,0.347335,0.390608,0.136813,0.529553,0.361853,0.573116,0.657683,0.758379,0.699431,0.995389,0.595966,0.643959,0,0,0,0,0,0,0,0,0,0,0,0,0,0,0.623195,0.268003,0.713943,0.466879,0.514297,0.178112,0.768388,0.584026
0.623199,0.428725,0.505236,0.58675,0.343709,0.390606,0.131378,0.545869,0.363667,0.573142,0.657683,0.769277,0.699419,0.995389,0.588722,0.654849,0,0,0,0,0,0,0,0,0,0,0,0,0,0,0.621371,0.262585,0.71213,0.464159,0.517928,0.175394,0.764762,0.578577
0.623201,0.428729,0.512489,0.584025,0.345524,0.393333,0.133181,0.543173,0.360048,0.573145,0.666756,0.769273,0.697607,0.995389,0.588713,0.663025,0,0,0,0,0,0,0,0,0,0,0,0,0,0,0.621371,0.265304,0.713934,0.472338,0.516129,0.180835,0.766573,0.575861
0.621386,0.428747,0.512493,0.586747,0.343707,0.412404,0.133182,0.548629,0.36185,0.575867,0.712131,0.763828,0.693978,0.99539,0.577819,0.665766,0,0,0,0,0,0,0,0,0,0,0,0,0,0,0.619581,0.273447,0.708501,0.464162,0.512492,0.191715,0.76839,0.578578
0.6214,0.428748,0.51249,0.59765,0.338264,0.409679,0.133184,0.545907,0.358226,0.578583,0.715761,0.793791,0.692165,0.99539,0.572386,0.668471,0,0,0,0,0,0,0,0,0,0,0,0,0,0,0.619581,0.273479,0.712137,0.477783,0.512489,0.186294,0.770205,0.586753
0.621381,0.436906,0.507048,0.6031,0.332821,0.409679,0.131371,0.548623,0.360049,0.581289,0.706681,0.851003,0.69398,0.995391,0.568758,0.668484,0,0,0,0,0,0,0,0,0,0,0,0,0,0,0.619574,0.278927,0.710321,0.472334,0.514302,0.188993,0.766579,0.594922
0.621393,0.434206,0.514306,0.600374,0.338265,0.409677,0.134991,0.548619,0.36548,0.57858,0.708496,0.842827,0.692172,0.995391,0.570569,0.66849,0,0,0,0,0,0,0,0,0,0,0,0,0,0,0.619587,0.278913,0.713936,0.472336,0.51613,0.18357,0.772018,0.584025
0.621399,0.434199,0.530643,0.586755,0.345522,0.40968,0.133184,0.551324,0.36549,0.578597,0.732093,0.763822,0.686729,0.995391,0.568762,0.668474,0,0,0,0,0,0,0,0,0,0,0,0,0,0,0.621368,0.278914,0.713941,0.472336,0.51613,0.183555,0.770206,0.581305
0.62139,0.436903,0.525198,0.584032,0.341893,0.412398,0.133174,0.545899,0.365482,0.578575,0.733907,0.752927,0.690346,0.995391,0.566948,0.665769,0,0,0,0,0,0,0,0,0,0,0,0,0,0,0.619581,0.276195,0.713933,0.469606,0.516119,0.180848,0.768391,0.57586
0.623199,0.434179,0.530643,0.578572,0.345523,0.406948,0.131366,0.545879,0.36366,0.575875,0.739351,0.739309,0.690348,0.995391,0.572378,0.668468,0,0,0,0,0,0,0,0,0,0,0,0,0,0,0.621374,0.278898,0.715745,0.475047,0.516123,0.180843,0.770204,0.578583
0.630449,0.431466,0.534267,0.575861,0.347334,0.401501,0.133175,0.545864,0.363674,0.575851,0.750239,0.736582,0.695795,0.99539,0.57238,0.668464,0,0,0,0,0,0,0,0,0,0,0,0,0,0,0.623191,0.276203,0.71576,0.475047,0.517944,0.172675,0.773832,0.578575
0.630453,0.431488,0.517939,0.592197,0.340077,0.398775,0.131373,0.543174,0.361855,0.573138,0.733906,0.758381,0.69398,0.995391,0.577826,0.6712,0,0,0,0,0,0,0,0,0,0,0,0,0,0,0.625005,0.276184,0.715771,0.477764,0.517934,0.172663,0.773837,0.584026
0.630452,0.431491,0.525197,0.584026,0.340078,0.393326,0.131373,0.545876,0.363669,0.575834,0.748427,0.755649,0.693982,0.99539,0.57964,0.676658,0,0,0,0,0,0,0,0,0,0,0,0,0,0,0.623217,0.276183,0.717561,0.477789,0.51793,0.169952,0.777466,0.584023
0.634096,0.428768,0.507052,0.594925,0.334636,0.396053,0.133181,0.545865,0.363667,0.575846,0.721204,0.763827,0.69761,0.99539,0.583264,0.673932,0,0,0,0,0,0,0,0,0,0,0,0,0,0,0.625031,0.276196,0.715764,0.472342,0.519741,0.172661,0.775653,0.581302
0.634102,0.42875,0.505234,0.592199,0.336448,0.393329,0.13318,0.543168,0.36004,0.575833,0.706685,0.76655,0.701236,0.995389,0.585087,0.668468,0,0,0,0,0,0,0,0,0,0,0,0,0,0,0.626837,0.276178,0.717569,0.472332,0.521557,0.169961,0.773838,0.584022
0.628653,0.434181,0.50705,0.594921,0.33282,0.387885,0.133192,0.54044,0.356419,0.575847,0.68672,0.774723,0.693984,0.99539,0.579653,0.663031,0,0,0,0,0,0,0,0,0,0,0,0,0,0,0.628641,0.278902,0.717571,0.483248,0.528822,0.167235,0.775647,0.589474
0.626827,0.436905,0.50886,0.589471,0.329192,0.387888,0.13499,0.540438,0.354604,0.575849,0.672203,0.766547,0.695799,0.99539,0.579636,0.663042,0,0,0,0,0,0,0,0,0,0,0,0,0,0,0.626834,0.278916,0.717567,0.483243,0.523391,0.172671,0.772017,0.589475
0.628646,0.439631,0.50523,0.589472,0.329189,0.387884,0.13136,0.543174,0.358233,0.573146,0.654053,0.763826,0.701239,0.995389,0.581468,0.66302,0,0,0,0,0,0,0,0,0,0,0,0,0,0,0.625025,0.276177,0.717572,0.477789,0.519751,0.16723,0.777462,0.589478
0.625023,0.442358,0.503416,0.58675,0.327373,0.387894,0.131364,0.543171,0.358226,0.57315,0.654054,0.763825,0.699419,0.995388,0.583268,0.663034,0,0,0,0,0,0,0,0,0,0,0,0,0,0,0.62502,0.278895,0.717567,0.480499,0.52158,0.169941,0.777464,0.600372
0.621385,0.442358,0.505235,0.570406,0.33282,0.382443,0.13137,0.545894,0.356419,0.575875,0.661313,0.755651,0.70124,0.995389,0.579651,0.663024,0.233001,0.994024,0.156775,0.992659,0,0,0,0,0,0,0,0,0,0,0.623214,0.278912,0.717573,0.485954,0.523389,0.169939,0.775645,0.60581
0.621394,0.439643,0.503418,0.578581,0.325562,0.382426,0.127747,0.548617,0.35641,0.575875,0.661311,0.769278,0.699427,0.99539,0.58146,0.660323,0,0,0,0,0,0,0,0,0,0,0,0,0,0,0.623219,0.27892,0.715771,0.485948,0.521574,0.169948,0.775653,0.605827
0.621374,0.445104,0.503413,0.586755,0.331007,0.39061,0.131362,0.551329,0.3546,0.578596,0.657682,0.774723,0.697612,0.99539,0.577831,0.663006,0,0,0,0,0,0,0,0,0,0,0,0,0,0,0.625022,0.281636,0.717569,0.496855,0.523377,0.167223,0.775653,0.611263
0.621369,0.442374,0.503413,0.5813,0.332819,0.38516,0.129565,0.551345,0.356413,0.578583,0.655867,0.771997,0.699417,0.995389,0.579633,0.66301,0,0,0,0,0,0,0,0,0,0,0,0,0,0,0.623204,0.278926,0.715759,0.488673,0.521568,0.167206,0.775649,0.605817
0.619566,0.431482,0.512494,0.567688,0.334636,0.36881,0.131375,0.548611,0.358233,0.575849,0.704869,0.76927,0.690348,0.995389,0.576018,0.660309,0,0,0,0,0,0,0,0,0,0,0,0,0,0,0.621394,0.273472,0.712126,0.48052,0.52157,0.167209,0.775648,0.60309
0.619575,0.428761,0.523382,0.57586,0.340078,0.376984,0.133186,0.55133,0.363678,0.575834,0.710314,0.771996,0.690354,0.99539,0.577824,0.660306,0,0,0,0,0,0,0,0,0,0,0,0,0,0,0.621373,0.276181,0.710312,0.477772,0.521565,0.169958,0.770205,0.600374
0.625017,0.423309,0.525196,0.581303,0.345522,0.385158,0.138619,0.54588,0.372752,0.57311,0.712131,0.766551,0.695789,0.99539,0.577825,0.660313,0,0,0,0,0,0,0,0,0,0,0,0,0,0,0.623219,0.270744,0.715745,0.483238,0.525189,0.169934,0.772021,0.592202
0.623187,0.428741,0.532454,0.603098,0.350971,0.390605,0.136813,0.545872,0.369115,0.573129,0.728462,0.761107,0.697606,0.99539,0.570566,0.663025,0,0,0,0,0,0,0,0,0,0,0,0,0,0,0.623217,0.273466,0.713943,0.483244,0.527009,0.178117,0.773831,0.592204
0.635889,0.436904,0.525194,0.616717,0.349151,0.409677,0.136811,0.545872,0.369114,0.573138,0.710311,0.821034,0.697602,0.99539,0.568758,0.663038,0,0,0,0,0,0,0,0,0,0,0,0,0,0,0.630464,0.276192,0.719389,0.480512,0.52157,0.175389,0.773831,0.600376
0.635893,0.434192,0.52157,0.61127,0.347335,0.412404,0.135003,0.543179,0.367299,0.573137,0.712129,0.815587,0.690345,0.995388,0.566948,0.665769,0,0,0,0,0,0,0,0,0,0,0,0,0,0,0.632268,0.276174,0.719387,0.483221,0.521564,0.167227,0.775642,0.600364
0.641353,0.434181,0.521564,0.603099,0.345524,0.393337,0.136812,0.54317,0.36911,0.573122,0.713943,0.793791,0.699419,0.995389,0.574199,0.665761,0,0,0,0,0,0,0,0,0,0,0,0,0,0,0.639523,0.270753,0.728458,0.47778,0.523381,0.167208,0.77746,0.589471
0.644972,0.434196,0.517935,0.594925,0.347334,0.387891,0.134992,0.543182,0.363673,0.57314,0.708497,0.801965,0.693978,0.99539,0.572383,0.665761,0,0,0,0,0,0,0,0,0,0,0,0,0,0,0.641339,0.270737,0.732087,0.48049,0.52339,0.167239,0.777467,0.589478
0.643168,0.431454,0.512494,0.586748,0.340076,0.382425,0.13138,0.545895,0.361852,0.573123,0.703053,0.782892,0.697603,0.99539,0.574201,0.665748,0,0,0,0,0,0,0,0,0,0,0,0,0,0,0.641337,0.265295,0.728464,0.472323,0.523392,0.167217,0.775654,0.581305
0.643167,0.428733,0.505235,0.592198,0.325556,0.382428,0.12774,0.54861,0.358222,0.573137,0.703054,0.791066,0.701234,0.995389,0.574207,0.663054,0,0,0,0,0,0,0,0,0,0,0,0,0,0,0.639547,0.262555,0.730283,0.475059,0.525196,0.164507,0.777466,0.584028
0.643163,0.426046,0.51068,0.589472,0.332819,0.379714,0.125919,0.540438,0.350971,0.573137,0.704867,0.780168,0.695796,0.995389,0.574195,0.663041,0,0,0,0,0,0,0,0,0,0,0,0,0,0,0.639519,0.265303,0.726644,0.466894,0.527017,0.167217,0.775652,0.578573
0.641335,0.426039,0.523384,0.586746,0.340077,0.371532,0.1241,0.537708,0.345524,0.573145,0.715759,0.771994,0.693982,0.995389,0.572387,0.663035,0,0,0,0,0,0,0,0,0,0,0,0,0,0,0.637719,0.268003,0.721209,0.434198,0.527017,0.164503,0.782909,0.575852
0.634098,0.428763,0.50886,0.600371,0.33282,0.368808,0.116851,0.534983,0.331004,0.575852,0.704871,0.810138,0.693977,0.995389,0.570573,0.66301,0,0,0,0,0,0,0,0,0,0,0,0,0,0,0.637719,0.265294,0.719395,0.461436,0.527008,0.164483,0.777462,0.584027
0.632284,0.428732,0.50524,0.60582,0.327376,0.371538,0.118658,0.534977,0.33101,0.575868,0.706687,0.842825,0.69398,0.995389,0.565124,0.663008,0,0,0,0,0,0,0,0,0,0,0,0,0,0,0.637712,0.265301,0.71758,0.464166,0.527007,0.16178,0.775648,0.589477
0.637723,0.428742,0.521569,0.586748,0.331009,0.3661,0.113226,0.540443,0.345524,0.578595,0.715761,0.81286,0.695791,0.99539,0.565118,0.663024,0,0,0,0,0,0,0,0,0,0,0,0,0,0,0.637716,0.270751,0.717578,0.466879,0.52702,0.167231,0.775653,0.589477
0.637706,0.426031,0.528826,0.578582,0.343706,0.37426,0.120484,0.537717,0.347344,0.578582,0.721202,0.804691,0.69217,0.99539,0.563324,0.665739,0,0,0,0,0,0,0,0,0,0,0,0,0,0,0.637704,0.268028,0.717567,0.458711,0.525204,0.167211,0.781092,0.592202
0.639535,0.423287,0.528827,0.573123,0.347341,0.385154,0.12774,0.540445,0.350966,0.581305,0.755687,0.74476,0.699423,0.99539,0.561508,0.66301,0,0,0,0,0,0,0,0,0,0,0,0,0,0,0.639526,0.262571,0.719397,0.464152,0.525205,0.167212,0.77928,0.581307
0.639549,0.423286,0.521568,0.575849,0.338264,0.379708,0.127742,0.543157,0.350977,0.586742,0.741168,0.755652,0.699429,0.99539,0.561497,0.663014,0,0,0,0,0,0,0,0,0,0,0,0,0,0,0.639519,0.259829,0.724828,0.461428,0.52521,0.167208,0.779278,0.581298
0.641347,0.406948,0.523381,0.57041,0.343708,0.379702,0.129567,0.545896,0.354599,0.586759,0.719389,0.758373,0.704872,0.995388,0.576001,0.665744,0,0,0,0,0,0,0,0,0,0,0,0,0,0,0.637733,0.251687,0.723023,0.436928,0.527009,0.164499,0.782907,0.573133
0.641357,0.40151,0.517936,0.5704,0.340079,0.376983,0.13136,0.54589,0.356412,0.584031,0.724833,0.750209,0.70305,0.995388,0.577834,0.663044,0,0,0,0,0,0,0,0,0,0,0,0,0,0,0.637723,0.251674,0.72121,0.439649,0.5252,0.164509,0.781095,0.573122
0.639525,0.404237,0.52338,0.573125,0.34371,0.376989,0.131372,0.543145,0.356417,0.578574,0.71213,0.755649,0.697605,0.995388,0.579649,0.663036,0,0,0,0,0,0,0,0,0,0,0,0,0,0,0.639533,0.251691,0.72302,0.439643,0.534271,0.164505,0.779279,0.570403
0.639525,0.404228,0.528824,0.573127,0.352782,0.376992,0.13318,0.537726,0.356415,0.575854,0.712131,0.75565,0.697616,0.995387,0.583282,0.663008,0,0,0,0,0,0,0,0,0,0,0,0,0,0,0.639522,0.251676,0.726646,0.45599,0.532458,0.164491,0.779277,0.573122
0.639544,0.401517,0.536087,0.567683,0.352781,0.379709,0.134999,0.537701,0.361852,0.573152,0.748424,0.744757,0.69217,0.995389,0.579637,0.663043,0,0,0,0,0,0,0,0,0,0,0,0,0,0,0.641342,0.251689,0.724836,0.447823,0.528836,0.161802,0.781092,0.570393
0.641346,0.404224,0.530639,0.573134,0.347334,0.379707,0.134994,0.535002,0.363667,0.575843,0.733907,0.758377,0.693981,0.99539,0.574205,0.660311,0,0,0,0,0,0,0,0,0,0,0,0,0,0,0.639547,0.251663,0.724832,0.445099,0.530633,0.164482,0.779278,0.570406
0.641358,0.401514,0.528822,0.575858,0.338266,0.376983,0.127754,0.543163,0.354604,0.575868,0.733907,0.758383,0.695793,0.995389,0.56695,0.663028,0,0,0,0,0,0,0,0,0,0,0,0,0,0,0.637714,0.251695,0.723019,0.434199,0.527021,0.164507,0.779282,0.570401
0.643154,0.406943,0.528828,0.575852,0.336448,0.379706,0.129552,0.545865,0.356408,0.575849,0.737536,0.755657,0.69579,0.995389,0.566936,0.660325,0,0,0,0,0,0,0,0,0,0,0,0,0,0,0.639525,0.254374,0.721209,0.436933,0.532446,0.16451,0.779282,0.57041
0.644975,0.415111,0.530637,0.578577,0.343707,0.379703,0.12775,0.545904,0.356411,0.575857,0.728463,0.763826,0.699422,0.995389,0.570569,0.663017,0,0,0,0,0,0,0,0,0,0,0,0,0,0,0.639533,0.254421,0.723021,0.43692,0.530634,0.167218,0.77928,0.573131
0.643154,0.406955,0.527014,0.575853,0.343705,0.37699,0.127741,0.54589,0.3546,0.575841,0.713946,0.771998,0.695795,0.99539,0.576019,0.663016,0,0,0,0,0,0,0,0,0,0,0,0,0,0,0.639541,0.257125,0.723025,0.434216,0.532448,0.164507,0.777462,0.575852
0.646786,0.409684,0.525194,0.575855,0.340077,0.379706,0.129555,0.548615,0.352784,0.575878,0.728461,0.76655,0.697614,0.995389,0.576007,0.660308,0,0,0,0,0,0,0,0,0,0,0,0,0,0,0.641346,0.259855,0.728465,0.439648,0.534268,0.169936,0.777468,0.586748
0.644978,0.409672,0.532457,0.573134,0.347337,0.374261,0.129556,0.548601,0.352784,0.57587,0.733906,0.766553,0.697607,0.995388,0.574202,0.663017,0,0,0,0,0,0,0,0,0,0,0,0,0,0,0.641356,0.259835,0.730277,0.43965,0.534282,0.169941,0.779282,0.594923
0.646788,0.404246,0.512494,0.573134,0.329192,0.363355,0.129545,0.54044,0.350966,0.573141,0.708496,0.791067,0.692167,0.995387,0.576006,0.657575,0,0,0,0,0,0,0,0,0,0,0,0,0,0,0.643148,0.257139,0.733903,0.458708,0.534273,0.161802,0.779277,0.578575
0.646796,0.401518,0.514308,0.570406,0.341894,0.360639,0.131366,0.54045,0.350968,0.573139,0.712128,0.785621,0.690353,0.995388,0.572385,0.657577,0,0,0,0,0,0,0,0,0,0,0,0,0,0,0.643169,0.25443,0.733913,0.466877,0.536095,0.1618,0.779283,0.578581
0.644993,0.401506,0.532454,0.564958,0.350968,0.355193,0.129544,0.543158,0.354603,0.57312,0.72302,0.766546,0.692165,0.995386,0.576014,0.65757,0.236629,0.994024,0.15859,0.994022,0,0,0,0,0,0,0,0,0,0,0.64318,0.254395,0.730273,0.431482,0.537896,0.164488,0.782909,0.570409
0.643177,0.390605,0.532455,0.564961,0.35097,0.360644,0.125935,0.54588,0.356409,0.570419,0.723019,0.761105,0.692166,0.995386,0.574203,0.660307,0.243889,0.994023,0.162221,0.99266,0,0,0,0,0,0,0,0,0,0,0.644969,0.251668,0.730278,0.436915,0.537892,0.161775,0.781096,0.567676
0.646801,0.398788,0.546975,0.556785,0.361859,0.352473,0.131378,0.537726,0.356406,0.570391,0.739352,0.744752,0.690354,0.995387,0.570567,0.663025,0.24752,0.994024,0.16585,0.992659,0.167665,0.994025,0,0,0,0,0,0,0,0,0.646798,0.251632,0.735721,0.434206,0.53972,0.161759,0.781091,0.564956
0.646783,0.393339,0.536087,0.559504,0.352781,0.355191,0.129563,0.543154,0.352782,0.573107,0.73028,0.744754,0.692168,0.995387,0.568756,0.665766,0.245703,0.994024,0.164033,0.994022,0.167661,0.992659,0,0,0,0,0,0,0,0,0.644969,0.248935,0.728464,0.428747,0.537907,0.16176,0.777463,0.559503
0.635915,0.387873,0.525198,0.564957,0.350964,0.371542,0.131361,0.540443,0.352775,0.570386,0.719388,0.752923,0.695791,0.995387,0.568752,0.663043,0.242076,0.994025,0.160407,0.994022,0,0,0,0,0,0,0,0,0,0,0.639535,0.243475,0.719391,0.428751,0.541535,0.153603,0.770203,0.559509
0.635915,0.385157,0.536085,0.562229,0.363673,0.357919,0.131366,0.540424,0.350969,0.564951,0.717573,0.750208,0.695791,0.995386,0.570564,0.660309,0.242076,0.994025,0.160403,0.994022,0,0,0,0,0,0,0,0,0,0,0.637716,0.235332,0.719387,0.409683,0.554237,0.15088,0.773837,0.55679
0.632282,0.387864,0.545162,0.559512,0.365484,0.352463,0.133183,0.535005,0.352785,0.562237,0.723019,0.747479,0.699421,0.995386,0.574198,0.657583,0.243891,0.994025,0.164034,0.994022,0.169476,0.994022,0,0,0,0,0,0,0,0,0.635903,0.232627,0.719385,0.40968,0.566936,0.142703,0.775655,0.556791
0.630452,0.387876,0.543346,0.562227,0.365488,0.355194,0.131374,0.537722,0.352782,0.56223,0.723016,0.747476,0.703052,0.995386,0.574205,0.657579,0.247519,0.994024,0.164036,0.994021,0.16767,0.994022,0,0,0,0,0,0,0,0,0.63591,0.235332,0.71758,0.420573,0.566936,0.145424,0.777461,0.559506
0.628651,0.379718,0.541534,0.56223,0.361859,0.360635,0.129555,0.540427,0.350959,0.562225,0.71939,0.750202,0.703054,0.995387,0.577823,0.65756,0.243891,0.994025,0.16222,0.994022,0,0,0,0,0,0,0,0,0,0,0.634084,0.232622,0.717567,0.423299,0.557863,0.142709,0.773834,0.556791
0.632267,0.379698,0.541528,0.564953,0.360041,0.363362,0.131359,0.540424,0.350963,0.55952,0.723018,0.750201,0.699423,0.995387,0.577819,0.657566,0.245704,0.994025,0.16222,0.994021,0.16767,0.994021,0,0,0,0,0,0,0,0,0.632295,0.235316,0.715756,0.423298,0.565127,0.139977,0.772024,0.559502
0.628644,0.385157,0.546976,0.562228,0.369115,0.360646,0.129555,0.540442,0.352781,0.564967,0.728463,0.747484,0.699432,0.995387,0.577833,0.660285,0.24389,0.994025,0.162219,0.99266,0,0,0,0,0,0,0,0,0,0,0.6341,0.240765,0.717582,0.434202,0.565119,0.148143,0.777461,0.562225
0.628634,0.38516,0.537904,0.562236,0.356411,0.352473,0.129547,0.545873,0.354591,0.567686,0.715759,0.755654,0.701236,0.995386,0.574195,0.663018,0.236632,0.994024,0.158588,0.989935,0,0,0,0,0,0,0,0,0,0,0.632289,0.24351,0.717585,0.439642,0.565124,0.145431,0.773839,0.564956
0.626828,0.379707,0.534275,0.570412,0.349154,0.360632,0.127752,0.545863,0.352787,0.567682,0.717574,0.763827,0.695797,0.995386,0.570575,0.660307,0.233002,0.994024,0.154961,0.994021,0,0,0,0,0,0,0,0,0,0,0.632256,0.243483,0.715767,0.434184,0.541534,0.153593,0.773832,0.564953
0.626843,0.374273,0.534268,0.57313,0.34734,0.357915,0.127731,0.545869,0.352785,0.56768,0.715757,0.76927,0.695797,0.995386,0.570561,0.660316,0.234815,0.994024,0.156775,0.994021,0,0,0,0,0,0,0,0,0,0,0.630474,0.240783,0.71577,0.436911,0.546974,0.150875,0.772017,0.567679
0.630444,0.376987,0.536088,0.567675,0.367302,0.360645,0.133174,0.543142,0.358222,0.567695,0.713942,0.763827,0.697613,0.995386,0.57238,0.660313,0.233002,0.994024,0.156774,0.984488,0,0,0,0,0,0,0,0,0,0,0.634091,0.243481,0.717575,0.428746,0.566942,0.145428,0.772019,0.564961
0.63046,0.374259,0.541528,0.564952,0.365484,0.357919,0.134999,0.540434,0.358225,0.567672,0.724831,0.758374,0.699429,0.995387,0.57238,0.660322,0.236629,0.994025,0.158592,0.989935,0,0,0,0,0,0,0,0,0,0,0.634107,0.240761,0.717571,0.426017,0.568752,0.142712,0.773835,0.564952
0.632281,0.368804,0.548789,0.562236,0.367303,0.357923,0.133184,0.543139,0.35642,0.564951,0.735721,0.74748,0.699426,0.995387,0.570568,0.660287,0.240261,0.994026,0.158592,0.99266,0,0,0,0,0,0,0,0,0,0,0.634096,0.238045,0.717576,0.423299,0.563304,0.145421,0.775655,0.564948
0.632266,0.366098,0.550607,0.562226,0.365488,0.360634,0.133182,0.540437,0.358223,0.56223,0.73572,0.742034,0.697613,0.995387,0.570571,0.660298,0.254777,0.994026,0.16585,0.992659,0.167673,0.994025,0,0,0,0,0,0,0,0,0.632294,0.235327,0.719391,0.428735,0.565124,0.145426,0.775647,0.564953
0.63409,0.374265,0.543348,0.570404,0.370935,0.363367,0.136808,0.540444,0.358227,0.564965,0.72302,0.769275,0.695799,0.995387,0.572375,0.663022,0.245703,0.994026,0.160408,0.992659,0,0,0,0,0,0,0,0,0,0,0.635885,0.240764,0.719386,0.434189,0.565123,0.142699,0.775654,0.567672
0.634081,0.376972,0.543346,0.570402,0.372744,0.363368,0.135005,0.543146,0.358227,0.564961,0.721205,0.771995,0.695797,0.995387,0.570574,0.663015,0.245706,0.994026,0.162221,0.992659,0,0,0,0,0,0,0,0,0,0,0.635887,0.240764,0.719383,0.431475,0.565125,0.142697,0.775656,0.564963
0.632281,0.379688,0.546976,0.573127,0.369119,0.366084,0.134993,0.543168,0.352785,0.567662,0.72302,0.76383,0.699427,0.995387,0.568756,0.663027,0,0,0,0,0,0,0,0,0,0,0,0,0,0,0.634091,0.243513,0.719382,0.431466,0.556048,0.142708,0.77747,0.567678
0.632275,0.376965,0.545163,0.5704,0.363671,0.368812,0.133191,0.545879,0.352788,0.567664,0.730278,0.755647,0.699431,0.995387,0.566943,0.663036,0.247518,0.994025,0.165847,0.99266,0,0,0,0,0,0,0,0,0,0,0.6341,0.243514,0.717579,0.428744,0.548792,0.150876,0.777464,0.562239
0.630458,0.37155,0.545158,0.570404,0.360044,0.366087,0.133178,0.545896,0.350976,0.567694,0.724833,0.755659,0.703052,0.995387,0.570574,0.663049,0.238445,0.994024,0.160407,0.99266,0,0,0,0,0,0,0,0,0,0,0.630465,0.243516,0.715767,0.42874,0.543345,0.153608,0.777469,0.570401
0.632279,0.376978,0.546974,0.56496,0.369114,0.363363,0.136807,0.543181,0.356415,0.56769,0.717576,0.755653,0.703058,0.995387,0.574193,0.665749,0.245705,0.994025,0.165849,0.992659,0,0,0,0,0,0,0,0,0,0,0.632278,0.246205,0.717578,0.431456,0.550605,0.150888,0.775654,0.567683
0.628657,0.385152,0.548792,0.573129,0.34189,0.35519,0.142251,0.554049,0.360035,0.575861,0.741166,0.75838,0.703055,0.995388,0.572381,0.671192,0,0,0,0,0,0,0,0,0,0,0,0,0,0,0.630456,0.251682,0.713946,0.428747,0.541537,0.156329,0.777461,0.570404
0.626836,0.39061,0.537903,0.575855,0,0,0,0,0,0,0.719389,0.777444,0.70487,0.995387,0.566938,0.671198,0,0,0,0,0,0,0,0,0,0,0,0,0,0,0.623205,0.251694,0.715747,0.434198,0.536093,0.161771,0.773839,0.570411
0.623207,0.390587,0.550605,0.578579,0.35097,0.3661,0.138631,0.559514,0.358224,0.578592,0.726648,0.791066,0.703059,0.995388,0.568748,0.676655,0,0,0,0,0,0,0,0,0,0,0,0,0,0,0.621399,0.254373,0.71032,0.431458,0.550606,0.169947,0.773839,0.573136
0.62138,0.396057,0.55242,0.594923,0.343713,0.366083,0.133191,0.567667,0.358222,0.584027,0.726647,0.821032,0.701243,0.995387,0.563314,0.679363,0,0,0,0,0,0,0,0,0,0,0,0,0,0,0.621378,0.259839,0.708495,0.431478,0.536089,0.167226,0.77202,0.581297
0.61777,0.401485,0.552419,0.594923,0.347339,0.374264,0.138622,0.570393,0.358233,0.592193,0.74298,0.77745,0.699426,0.995389,0.565117,0.679381,0,0,0,0,0,0,0,0,0,0,0,0,0,0,0.619574,0.265306,0.712124,0.442369,0.53427,0.172677,0.768394,0.581303
0.617749,0.404213,0.550605,0.581301,0.338263,0.371535,0.136821,0.573118,0.361859,0.603083,0.746614,0.769276,0.695795,0.995389,0.570565,0.687537,0,0,0,0,0,0,0,0,0,0,0,0,0,0,0.619551,0.270723,0.712125,0.455988,0.525199,0.183556,0.770203,0.58947
0.615928,0.42602,0.550603,0.603101,0.360043,0.385158,0.133181,0.581291,0.354601,0.60854,0.752055,0.769269,0.692166,0.995389,0.57238,0.690277,0,0,0,0,0,0,0,0,0,0,0,0,0,0,0.617768,0.281658,0.708499,0.469604,0.525194,0.189021,0.770207,0.597651
0.610501,0.426016,0.534272,0.608538,0.329192,0.390612,0.127746,0.581314,0.350974,0.608564,0.748425,0.763829,0.69398,0.995388,0.565121,0.698439,0,0,0,0,0,0,0,0,0,0,0,0,0,0,0.610503,0.287076,0.708494,0.480511,0.508864,0.189009,0.75932,0.603098
0.605051,0.428722,0.53064,0.592198,0.32012,0.38244,0.1241,0.58674,0.350963,0.61127,0.750242,0.758375,0.697615,0.995389,0.563324,0.701157,0,0,0,0,0,0,0,0,0,0,0,0,0,0,0.605058,0.28706,0.699433,0.461443,0.507049,0.18356,0.759319,0.600372
0.605041,0.431498,0.517935,0.611268,0.316493,0.38789,0.116857,0.594928,0.345534,0.616707,0.737534,0.777448,0.697609,0.995389,0.563323,0.706621,0,0,0,0,0,0,0,0,0,0,0,0,0,0,0.603263,0.292499,0.699435,0.472337,0.505242,0.180849,0.7575,0.605819
0.601408,0.439646,0.528825,0.624895,0.327372,0.409677,0.113228,0.614,0.345527,0.630341,0.72846,0.812861,0.695792,0.995387,0.565122,0.712059,0,0,0,0,0,0,0,0,0,0,0,0,0,0,0.599608,0.303406,0.693984,0.475057,0.501599,0.197171,0.759313,0.622168
0.597778,0.453263,0.516125,0.652128,0.312857,0.417849,0.10777,0.627627,0.332825,0.643961,0.712131,0.870069,0.68854,0.99403,0.563302,0.73658,0,0,0,0,0,0,0,0,0,0,0,0,0,0,0.595989,0.311589,0.68854,0.477789,0.497982,0.210806,0.752055,0.627615
0.57421,0.450544,0.499788,0.649409,0.285632,0.436915,0.0841826,0.641226,0.31104,0.654864,0.708494,0.856447,0.67946,0.995388,0.537904,0.725682,0,0,0,0,0,0,0,0,0,0,0,0,0,0,0.574219,0.30887,0.664945,0.472327,0.478018,0.19448,0.728462,0.63033
0.565127,0.450551,0.488897,0.654858,0.269302,0.436922,0.0769191,0.643961,0.307406,0.657582,0.701242,0.861898,0.677647,0.995387,0.534263,0.747469,0,0,0,0,0,0,0,0,0,0,0,0,0,0,0.563328,0.303445,0.66131,0.483243,0.472571,0.191763,0.719389,0.624894
0.541513,0.434175,0.470752,0.638506,0.251149,0.428739,0.0442438,0.654856,0.283813,0.654857,0.68672,0.848277,0.652236,0.994029,0.514308,0.733862,0,0,0,0,0,0,0,0,0,0,0,0,0,0,0.53971,0.287085,0.646795,0.480494,0.445339,0.175384,0.708495,0.60309
0.525202,0.428756,0.447161,0.63851,0.229368,0.426018,0.0242882,0.657589,0.258412,0.663014,0.674016,0.840102,0.652245,0.995387,0.503426,0.739303,0,0,0,0,0,0,0,0,0,0,0,0,0,0,0.521552,0.278893,0.626835,0.458714,0.429003,0.167234,0.693983,0.608541
0.499776,0.426036,0.414489,0.660305,0.180369,0.445086,0.00978213,0.654856,0.22756,0.668475,0.641349,0.889138,0.637722,0.99403,0.476195,0.739309,0,0,0,0,0,0,0,0,0,0,0,0,0,0,0.490716,0.265291,0.597796,0.445101,0.399958,0.150869,0.666759,0.600374
0.488895,0.428728,0.407228,0.643956,0.167667,0.445089,0,0,0,0,0.641346,0.861894,0.646789,0.995387,0.46894,0.747472,0,0,0,0,0,0,0,0,0,0,0,0,0,0,0.477997,0.265285,0.588721,0.434197,0.381821,0.139984,0.66494,0.570399
