0.363405,0.578375,0.521185,0.796335,0.426225,0.760915,0.348102,0.976184,0.349623,0.698257,0.628418,0.750015,0,0,0,0,0,0,0,0,0,0,0,0,0,0,0,0,0,0,0.352712,0.521123,0.397102,0.518384,0,0,0.5319,0.512943
0.360336,0.556578,0.516594,0.752727,0.429285,0.711873,0.345044,0.951645,0.348117,0.687328,0.625356,0.747295,0,0,0,0,0,0,0,0,0,0,0,0,0,0,0,0,0,0,0.3481,0.499343,0.392521,0.493899,0,0,0.527323,0.496618
0.357299,0.548361,0.499752,0.747286,0.42163,0.706415,0.341973,0.943472,0.348113,0.671013,0.619228,0.758185,0,0,0,0,0,0,0,0,0,0,0,0,0,0,0,0,0,0,0.346588,0.491121,0.390984,0.488378,0,0,0.525772,0.491142
0.351178,0.523882,0.496686,0.711872,0.427757,0.662818,0.341971,0.93258,0.349641,0.665579,0.606969,0.733666,0,0,0,0,0,0,0,0,0,0,0,0,0,0,0,0,0,0,0.345032,0.469378,0.387922,0.469382,0,0,0.519651,0.488434
0.349647,0.521145,0.499747,0.720044,0.427756,0.668271,0.343502,0.910781,0.348105,0.654653,0.599312,0.733665,0,0,0,0,0,0,0,0,0,0,0,0,0,0,0,0,0,0,0.343498,0.469357,0.387917,0.466611,0,0,0.515065,0.488468
0.346558,0.515677,0.492086,0.706421,0.410905,0.660096,0.329715,0.899884,0.341977,0.649204,0.574805,0.711864,0,0,0,0,0,0,0,0,0,0,0,0,0,0,0,0,0,0,0.338906,0.461158,0.383332,0.461207,0,0,0.511995,0.485666
0.348092,0.51568,0.499748,0.687343,0.426219,0.6601,0.331252,0.918948,0.341962,0.651935,0.594712,0.703695,0,0,0,0,0,0,0,0,0,0,0,0,0,0,0,0,0,0,0.340431,0.461222,0.383315,0.463924,0,0,0.510467,0.480258
0.346573,0.562002,0.487492,0.714592,0.426224,0.668272,0.328193,0.899885,0.351159,0.665574,0.547231,0.741841,0,0,0,0,0,0,0,0,0,0,0,0,0,0,0,0,0,0,0.334318,0.461201,0.38332,0.458463,0,0,0.508914,0.485684
0.355759,0.532022,0.493614,0.692796,0.438474,0.660084,0.315933,0.899894,0.363414,0.665564,0.562551,0.679174,0,0,0,0,0,0,0,0,0,0,0,0,0,0,0,0,0,0,0.338909,0.480243,0.389461,0.452989,0,0,0.507394,0.482974
0.351174,0.496601,0.490555,0.668274,0.40784,0.641022,0,0,0,0,0.571737,0.679173,0,0,0,0,0,0,0,0,0,0,0,0,0,0,0,0,0,0,0.349639,0.447561,0.395569,0.4394,0,0,0.50893,0.469333
0.358815,0.499339,0.489025,0.654653,0.420094,0.619235,0.320538,0.886263,0.372617,0.651922,0.574802,0.668283,0,0,0,0,0,0,0,0,0,0,0,0,0,0,0,0,0,0,0.348107,0.461187,0.394056,0.43666,0,0,0.508953,0.461185
0.360348,0.491184,0.495152,0.657379,0.432349,0.616502,0.317469,0.864472,0.372586,0.643725,0.57021,0.665552,0,0,0,0,0,0,0,0,0,0,0,0,0,0,0,0,0,0,0.345046,0.450269,0.397121,0.431192,0,0,0.513521,0.45571
0.364955,0.493868,0.496689,0.660099,0.436944,0.613776,0.315937,0.861728,0.372611,0.638309,0.574805,0.665546,0,0,0,0,0,0,0,0,0,0,0,0,0,0,0,0,0,0,0.346586,0.450269,0.39866,0.42849,0,0,0.515076,0.455712
0.371068,0.488458,0.498219,0.635566,0.424693,0.583807,0.318999,0.853565,0.374147,0.635584,0.58706,0.670999,0.449193,0.935294,0.487492,0.758194,0,0,0,0,0,0,0,0,0,0,0,0,0,0,0.348115,0.442101,0.401715,0.425734,0,0,0.521196,0.444878
0.371067,0.485704,0.501283,0.624678,0.432349,0.578347,0.317467,0.848121,0.374154,0.630124,0.580929,0.65737,0.452257,0.93529,0.489022,0.766363,0,0,0,0,0,0,0,0,0,0,0,0,0,0,0.35117,0.43396,0.401724,0.425744,0,0,0.522733,0.444791
0.378732,0.482986,0.505869,0.619231,0.436943,0.564733,0.318997,0.850827,0.372607,0.630113,0.576331,0.646471,0.453799,0.940743,0.490557,0.763637,0,0,0,0,0,0,0,0,0,0,0,0,0,0,0.360347,0.431207,0.407834,0.420325,0,0,0.525804,0.436674
0.378743,0.480256,0.508939,0.621953,0.44154,0.559285,0.317465,0.848096,0.372623,0.627418,0.576332,0.643749,0.455326,0.929852,0,0,0,0,0,0,0,0,0,0,0,0,0,0,0,0,0.360354,0.42849,0.409364,0.420305,0,0,0.528834,0.436655
0.378743,0.469379,0.508934,0.600152,0.432348,0.542933,0.322053,0.84266,0.37263,0.619246,0.57787,0.635577,0.456861,0.954359,0,0,0,0,0,0,0,0,0,0,0,0,0,0,0,0,0.361888,0.423016,0.412428,0.409411,0,0,0.530384,0.436653
0.384861,0.463928,0.504342,0.600149,0.43541,0.537483,0.320523,0.842645,0.372594,0.619192,0.579399,0.651923,0.456861,0.946203,0,0,0,0,0,0,0,0,0,0,0,0,0,0,0,0,0.369553,0.417572,0.417038,0.403987,0,0,0.53191,0.436635
0.387925,0.46392,0.510472,0.594706,0.435413,0.532042,0.322074,0.839938,0.372627,0.611073,0.58859,0.657369,0.459917,0.948916,0,0,0,0,0,0,0,0,0,0,0,0,0,0,0,0,0.375667,0.409435,0.421637,0.403958,0,0,0.533443,0.436667
0.387928,0.46663,0.508938,0.61377,0.43235,0.548381,0.323589,0.837212,0.374136,0.61377,0.588587,0.65192,0.464514,0.92713,0,0,0,0,0,0,0,0,0,0,0,0,0,0,0,0,0.37567,0.409407,0.423165,0.403943,0,0,0.53498,0.43397
0.390982,0.466643,0.512005,0.613775,0.452259,0.542932,0.328192,0.837199,0.375655,0.611065,0.577874,0.643749,0.466052,0.940752,0,0,0,0,0,0,0,0,0,0,0,0,0,0,0,0,0.374148,0.412125,0.424692,0.401282,0,0,0.539574,0.433907
0.394041,0.463924,0.515069,0.624679,0.459923,0.559281,0.335855,0.845357,0.377191,0.608302,0.596242,0.665551,0.461458,0.962544,0,0,0,0,0,0,0,0,0,0,0,0,0,0,0,0,0.378743,0.406669,0.426225,0.401261,0,0,0.542618,0.431231
0.397128,0.458492,0.513528,0.613766,0.45073,0.548376,0.335844,0.839948,0.378726,0.605634,0.599309,0.654646,0.47217,0.940737,0,0,0,0,0,0,0,0,0,0,0,0,0,0,0,0,0.383327,0.406673,0.430807,0.40126,0,0,0.544184,0.431232
0.397093,0.455713,0.518122,0.611053,0.433884,0.564729,0.335845,0.834492,0.378739,0.608336,0.616159,0.649201,0,0,0,0,0,0,0,0,0,0,0,0,0,0,0,0,0,0,0.383326,0.401232,0.433866,0.401216,0,0,0.545691,0.433902
0.398666,0.447555,0.518124,0.613771,0.438475,0.567457,0.337389,0.831761,0.381785,0.608291,0.605442,0.649198,0,0,0,0,0,0,0,0,0,0,0,0,0,0,0,0,0,0,0.387943,0.398527,0.435431,0.401234,0,0,0.54875,0.431181
0.401708,0.44758,0.518124,0.597424,0.441539,0.570166,0.341976,0.839907,0.383341,0.605592,0.602376,0.641028,0.47831,0.897164,0,0,0,0,0,0,0,0,0,0,0,0,0,0,0,0,0.390982,0.398496,0.438461,0.401264,0,0,0.550281,0.428515
0.404786,0.447514,0.512007,0.611046,0.433881,0.575625,0.345047,0.839937,0.38792,0.608312,0.603905,0.630126,0.484426,0.883535,0,0,0,0,0,0,0,0,0,0,0,0,0,0,0,0,0.395567,0.395774,0.441527,0.401197,0,0,0.55337,0.428466
0.406304,0.444854,0.521189,0.613763,0.444601,0.578353,0.351174,0.839904,0.386416,0.60833,0.605439,0.621958,0.484434,0.878089,0,0,0,0,0,0,0,0,0,0,0,0,0,0,0,0,0.395572,0.395762,0.443062,0.398519,0,0,0.554902,0.428454
0.407851,0.444807,0.525786,0.605595,0.459921,0.572902,0.3573,0.834488,0.389463,0.605621,0.617691,0.632848,0,0,0,0,0,0,0,0,0,0,0,0,0,0,0,0,0,0,0.395572,0.395763,0.444618,0.39582,0,0,0.557952,0.425744
0.409354,0.442114,0.527322,0.597424,0.458389,0.564731,0.348094,0.818154,0.39097,0.602905,0.613097,0.632847,0.493614,0.878081,0,0,0,0,0,0,0,0,0,0,0,0,0,0,0,0,0.397105,0.393031,0.44613,0.395811,0,0,0.557966,0.425733
0.409369,0.442102,0.525795,0.59743,0.436947,0.570177,0.355756,0.823605,0.391005,0.600182,0.611567,0.635575,0.498209,0.878062,0,0,0,0,0,0,0,0,0,0,0,0,0,0,0,0,0.39713,0.390342,0.447652,0.395773,0,0,0.559477,0.42572
0.409383,0.43667,0.52885,0.591982,0.458388,0.583797,0.360341,0.837219,0.392536,0.60015,0.611565,0.611054,0.495149,0.880815,0,0,0,0,0,0,0,0,0,0,0,0,0,0,0,0,0.400175,0.382207,0.449186,0.390349,0,0,0.561035,0.420325
0.412456,0.433979,0.536505,0.581074,0.472174,0.570175,0.361901,0.84266,0.395563,0.600141,0.616163,0.619218,0.495149,0.88079,0,0,0,0,0,0,0,0,0,0,0,0,0,0,0,0,0.401727,0.382206,0.452252,0.387636,0,0,0.56714,0.417576
0.415511,0.436661,0.534975,0.594701,0.472179,0.564732,0.361904,0.831747,0.395581,0.597399,0.613102,0.624682,0.49974,0.886257,0,0,0,0,0,0,0,0,0,0,0,0,0,0,0,0,0.403244,0.382142,0.456838,0.387596,0,0,0.567154,0.414859
0.418561,0.433952,0.530388,0.591973,0.464515,0.54837,0.366485,0.820877,0.397145,0.589265,0.614629,0.63557,0.49821,0.891697,0,0,0,0,0,0,0,0,0,0,0,0,0,0,0,0,0.404785,0.379456,0.456846,0.384904,0,0,0.570195,0.414867
0.418552,0.433915,0.531913,0.583796,0.455326,0.54838,0.369549,0.818167,0.397123,0.583796,0.620756,0.621945,0.501272,0.883521,0,0,0,0,0,0,0,0,0,0,0,0,0,0,0,0,0.404779,0.379433,0.456844,0.384867,0,0,0.570216,0.412131
0.420091,0.43392,0.531915,0.570169,0.461451,0.499331,0.371076,0.815443,0.398666,0.575663,0.605439,0.632846,0.499738,0.869915,0,0,0,0,0,0,0,0,0,0,0,0,0,0,0,0,0.407832,0.376733,0.456866,0.382211,0,0,0.57326,0.403975
0.4216,0.433922,0.533448,0.57563,0.473706,0.521126,0.372592,0.820861,0.398675,0.575658,0.60697,0.630121,0.499748,0.869899,0,0,0,0,0,0,0,0,0,0,0,0,0,0,0,0,0.409352,0.376745,0.458364,0.38222,0,0,0.573266,0.403939
0.421626,0.433928,0.541099,0.578364,0.478305,0.529319,0.374131,0.815416,0.40172,0.575621,0.611565,0.632845,0.502816,0.875346,0,0,0,0,0,0,0,0,0,0,0,0,0,0,0,0,0.409378,0.376708,0.458398,0.38218,0,0,0.574812,0.40126
0.423143,0.431243,0.54263,0.581084,0.484431,0.526585,0.372602,0.818135,0.403235,0.575628,0.613099,0.649192,0.499748,0.88627,0,0,0,0,0,0,0,0,0,0,0,0,0,0,0,0,0.409378,0.37396,0.459904,0.382156,0,0,0.576334,0.401272
0.424692,0.431239,0.544162,0.58924,0.492085,0.537477,0.374151,0.81267,0.404783,0.572926,0.613101,0.630127,0.501271,0.89443,0,0,0,0,0,0,0,0,0,0,0,0,0,0,0,0,0.41093,0.374017,0.461443,0.38216,0,0,0.577875,0.40396
0.424686,0.431252,0.545695,0.581075,0.489027,0.529298,0.372626,0.809973,0.406317,0.572929,0.616165,0.630127,0.507402,0.886243,0,0,0,0,0,0,0,0,0,0,0,0,0,0,0,0,0.41244,0.374014,0.461459,0.382198,0,0,0.579392,0.404006
0.426217,0.431204,0.544173,0.57836,0.481367,0.52113,0.372622,0.807241,0.40782,0.572924,0.613099,0.64375,0.504342,0.891718,0,0,0,0,0,0,0,0,0,0,0,0,0,0,0,0,0.418548,0.374006,0.464506,0.382173,0,0,0.580932,0.406707
0.426232,0.431201,0.542641,0.591976,0.485958,0.526572,0.372615,0.807211,0.407854,0.572915,0.613095,0.65737,0.499751,0.913499,0,0,0,0,0,0,0,0,0,0,0,0,0,0,0,0,0.418569,0.373975,0.466043,0.38218,0,0,0.580951,0.40667
0.427768,0.428503,0.545697,0.591979,0.489025,0.526586,0.371076,0.799054,0.409363,0.570194,0.614625,0.654645,0.505876,0.899878,0,0,0,0,0,0,0,0,0,0,0,0,0,0,0,0,0.421602,0.373951,0.469111,0.379474,0,0,0.58245,0.406694
0.429296,0.428526,0.541105,0.594706,0.489027,0.512961,0.366485,0.793594,0.410891,0.567466,0.60084,0.662826,0.502814,0.929851,0,0,0,0,0,0,0,0,0,0,0,0,0,0,0,0,0.42162,0.373964,0.47063,0.382128,0,0,0.582458,0.409392
0.43234,0.428495,0.544162,0.578356,0.490557,0.499339,0.363423,0.790898,0.415509,0.570202,0.59778,0.665542,0.501276,0.935291,0,0,0,0,0,0,0,0,0,0,0,0,0,0,0,0,0.42165,0.371241,0.472162,0.37944,0,0,0.582468,0.414849
0.433865,0.42851,0.544171,0.591969,0.499744,0.523854,0.371075,0.793592,0.420075,0.56745,0.600848,0.662819,0.510468,0.891705,0,0,0,0,0,0,0,0,0,0,0,0,0,0,0,0,0.42163,0.371295,0.472168,0.379438,0,0,0.582483,0.414854
0.4339,0.431207,0.548763,0.597426,0.502809,0.532034,0.374155,0.793618,0.420089,0.567435,0.610036,0.651922,0.510469,0.897154,0,0,0,0,0,0,0,0,0,0,0,0,0,0,0,0,0.423131,0.373979,0.472197,0.382131,0,0,0.584009,0.417566
0.43389,0.4285,0.547234,0.611039,0.507405,0.52931,0.375668,0.793629,0.421617,0.564734,0.605439,0.65465,0.513531,0.888986,0,0,0,0,0,0,0,0,0,0,0,0,0,0,0,0,0.423158,0.36856,0.472198,0.382143,0,0,0.585519,0.417568
0.433899,0.428514,0.548763,0.591974,0.498215,0.532024,0.377211,0.790873,0.421596,0.556539,0.606967,0.643744,0.515069,0.883544,0,0,0,0,0,0,0,0,0,0,0,0,0,0,0,0,0.423185,0.368512,0.473709,0.379478,0,0,0.588576,0.414871
0.435402,0.428459,0.548768,0.591971,0.501273,0.502067,0.375677,0.785446,0.421605,0.551135,0.602379,0.660101,0.518127,0.883515,0,0,0,0,0,0,0,0,0,0,0,0,0,0,0,0,0.423182,0.371241,0.473702,0.379471,0,0,0.58858,0.414847
0.43694,0.425781,0.550293,0.605604,0.505874,0.534771,0.377197,0.782707,0.423132,0.551134,0.606967,0.654648,0.518126,0.883542,0,0,0,0,0,0,0,0,0,0,0,0,0,0,0,0,0.426208,0.368515,0.473704,0.379471,0,0,0.587057,0.420324
0.435418,0.425739,0.551829,0.613776,0.508938,0.545643,0.377213,0.782696,0.423166,0.551128,0.608498,0.654647,0.518125,0.888974,0,0,0,0,0,0,0,0,0,0,0,0,0,0,0,0,0.424699,0.363125,0.473719,0.379451,0,0,0.588583,0.423018
0.441533,0.425783,0.556423,0.597418,0.519655,0.523846,0.378747,0.777257,0.423159,0.545684,0.6085,0.643751,0.524256,0.891715,0,0,0,0,0,0,0,0,0,0,0,0,0,0,0,0,0.426231,0.365818,0.476757,0.379405,0,0,0.591638,0.420305
0.443064,0.425802,0.554885,0.605588,0.516595,0.526592,0.381811,0.777268,0.423169,0.548355,0.606969,0.660091,0.51966,0.905327,0,0,0,0,0,0,0,0,0,0,0,0,0,0,0,0,0.429279,0.36855,0.478292,0.379413,0,0,0.591667,0.4203
0.443063,0.425808,0.556417,0.611041,0.521189,0.532039,0.390979,0.77727,0.42318,0.548376,0.603904,0.670992,0.521188,0.902603,0,0,0,0,0,0,0,0,0,0,0,0,0,0,0,0,0.433859,0.37398,0.478304,0.379442,0,0,0.594697,0.420335
0.444582,0.425806,0.554895,0.619214,0.521187,0.542927,0.394057,0.782691,0.424666,0.54841,0.599313,0.676447,0.518131,0.89444,0,0,0,0,0,0,0,0,0,0,0,0,0,0,0,0,0.4339,0.373978,0.48135,0.379472,0,0,0.594718,0.422995
0.44458,0.425772,0.55796,0.611045,0.522725,0.529325,0.390999,0.779987,0.429271,0.548399,0.616159,0.64647,0.518129,0.89444,0,0,0,0,0,0,0,0,0,0,0,0,0,0,0,0,0.433863,0.371245,0.481359,0.379438,0,0,0.596265,0.423036
0.446125,0.428468,0.56102,0.611042,0.519658,0.540198,0.381809,0.774523,0.430808,0.548368,0.611567,0.662815,0.525787,0.894431,0,0,0,0,0,0,0,0,0,0,0,0,0,0,0,0,0.433895,0.371285,0.4829,0.379446,0,0,0.597772,0.423056
0.449194,0.428467,0.559489,0.627387,0.527326,0.559284,0.389451,0.779989,0.432363,0.551093,0.617687,0.665553,0.525792,0.888967,0,0,0,0,0,0,0,0,0,0,0,0,0,0,0,0,0.439992,0.373974,0.482898,0.379455,0,0,0.597786,0.425727
0.447678,0.428486,0.559477,0.624678,0.527315,0.551114,0.390977,0.782716,0.433859,0.551128,0.610031,0.67917,0.528846,0.899875,0,0,0,0,0,0,0,0,0,0,0,0,0,0,0,0,0.440003,0.371264,0.482918,0.379443,0,0,0.59779,0.425778
0.45225,0.428477,0.559486,0.635584,0.531907,0.561993,0.392533,0.78545,0.436933,0.551121,0.608506,0.679171,0,0,0,0,0,0,0,0,0,0,0,0,0,0,0,0,0,0,0.444576,0.371292,0.487478,0.382125,0,0,0.599313,0.428469
0.446129,0.428503,0.55336,0.646463,0.525791,0.570181,0.390991,0.785419,0.436957,0.553818,0.599312,0.711866,0.525786,0.902612,0,0,0,0,0,0,0,0,0,0,0,0,0,0,0,0,0.439998,0.371286,0.485956,0.382131,0,0,0.599314,0.428516
0.446141,0.431201,0.551833,0.638315,0.525788,0.564727,0.39405,0.79635,0.438463,0.556548,0.600842,0.695522,0.524262,0.897154,0,0,0,0,0,0,0,0,0,0,0,0,0,0,0,0,0.440012,0.371284,0.489018,0.382206,0,0,0.600843,0.4312
0.450733,0.428534,0.556417,0.621955,0.522719,0.567446,0.387918,0.790883,0.438464,0.556588,0.613091,0.665554,0.533446,0.902592,0,0,0,0,0,0,0,0,0,0,0,0,0,0,0,0,0.441537,0.376684,0.487488,0.384936,0,0,0.599319,0.433947
0.44766,0.444833,0.561024,0.624671,0.522725,0.572901,0.391001,0.788158,0.439994,0.559257,0.622283,0.657364,0.544166,0.888991,0,0,0,0,0,0,0,0,0,0,0,0,0,0,0,0,0.436937,0.384872,0.485948,0.387656,0,0,0.60084,0.433977
0.44766,0.455729,0.556421,0.641011,0.521189,0.575626,0.392511,0.79088,0.440014,0.559293,0.620755,0.662829,0.551825,0.888973,0,0,0,0,0,0,0,0,0,0,0,0,0,0,0,0,0.435414,0.384913,0.485962,0.393086,0,0,0.600852,0.436659
0.447665,0.453017,0.567141,0.638278,0.525792,0.583799,0.38947,0.793618,0.440005,0.562026,0.625354,0.654643,0.559495,0.880816,0,0,0,0,0,0,0,0,0,0,0,0,0,0,0,0,0.443054,0.387615,0.487483,0.398509,0,0,0.60237,0.439378
0.446133,0.450272,0.564076,0.635568,0.539567,0.578371,0.38945,0.796315,0.440017,0.562011,0.620765,0.662825,0.550296,0.8917,0,0,0,0,0,0,0,0,0,0,0,0,0,0,0,0,0.436954,0.384867,0.484422,0.398491,0,0,0.602381,0.439419
0.443066,0.450271,0.559486,0.646487,0.533443,0.578341,0.395577,0.804498,0.441548,0.562009,0.611563,0.679174,0,0,0,0,0,0,0,0,0,0,0,0,0,0,0,0,0,0,0.436951,0.379446,0.484415,0.3958,0,0,0.603903,0.444797
0.446124,0.455722,0.557953,0.649184,0.531916,0.578337,0.392516,0.796345,0.444581,0.564755,0.611559,0.68734,0.530378,0.921667,0,0,0,0,0,0,0,0,0,0,0,0,0,0,0,0,0.441539,0.38214,0.485967,0.398521,0,0,0.603918,0.444873
0.443069,0.474803,0.561021,0.638297,0.539573,0.570187,0.394054,0.804497,0.446151,0.567442,0.620753,0.668263,0.525784,0.899888,0,0,0,0,0,0,0,0,0,0,0,0,0,0,0,0,0.438476,0.393074,0.4875,0.4012,0,0,0.605432,0.447554
0.4446,0.469348,0.55795,0.65738,0.54111,0.583791,0.394049,0.801789,0.44766,0.567444,0.61616,0.673723,0,0,0,0,0,0,0,0,0,0,0,0,0,0,0,0,0,0,0.441532,0.387638,0.487508,0.39854,0,0,0.605441,0.447591
0.444598,0.469352,0.554897,0.665552,0.541106,0.589244,0.394052,0.801788,0.449215,0.572884,0.594718,0.700969,0,0,0,0,0,0,0,0,0,0,0,0,0,0,0,0,0,0,0.441537,0.393076,0.49207,0.403926,0,0,0.606972,0.453002
0.446125,0.469344,0.557956,0.657383,0.53957,0.581088,0.395581,0.804493,0.452257,0.570171,0.599315,0.695522,0,0,0,0,0,0,0,0,0,0,0,0,0,0,0,0,0,0,0.44459,0.393075,0.493628,0.403959,0,0,0.606986,0.455713
0.447681,0.463919,0.557965,0.654639,0.53804,0.591969,0.395575,0.807235,0.455309,0.572887,0.597782,0.70097,0,0,0,0,0,0,0,0,0,0,0,0,0,0,0,0,0,0,0.447666,0.384901,0.498213,0.403986,0,0,0.608521,0.455718
0.447669,0.469343,0.564087,0.654644,0.536507,0.597428,0,0,0,0,0,0,0,0,0,0,0,0,0,0,0,0,0,0,0,0,0,0,0,0,0.449201,0.384918,0.498228,0.406667,0,0,0.608526,0.455723
0.449213,0.46935,0.562546,0.65193,0,0,0,0,0,0,0.620753,0.651928,0,0,0,0,0,0,0,0,0,0,0,0,0,0,0,0,0,0,0.449189,0.390345,0.49976,0.406708,0,0,0.610035,0.455734
0.455319,0.466626,0.561014,0.651925,0,0,0,0,0,0,0.623822,0.649204,0,0,0,0,0,0,0,0,0,0,0,0,0,0,0,0,0,0,0.452264,0.390341,0.502811,0.412137,0,0,0.610047,0.458433
0.456851,0.46662,0,0,0,0,0,0,0,0,0,0,0,0,0,0,0,0,0,0,0,0,0,0,0,0,0,0,0,0,0.453781,0.395776,0.504336,0.417592,0,0,0.611554,0.461203
0.456865,0.466652,0,0,0,0,0,0,0,0,0,0,0,0,0,0,0,0,0,0,0,0,0,0,0,0,0,0,0,0,0.450722,0.398484,0.505859,0.420293,0,0,0.611563,0.463862
0.458388,0.463891,0,0,0,0,0,0,0,0,0.640678,0.64647,0,0,0,0,0,0,0,0,0,0,0,0,0,0,0,0,0,0,0.447654,0.40121,0.504343,0.420309,0,0,0.611576,0.463885
0.456846,0.466622,0,0,0,0,0,0,0,0,0,0,0,0,0,0,0,0,0,0,0,0,0,0,0,0,0,0,0,0,0.446149,0.401246,0.504349,0.423001,0,0,0.611581,0.463914
0.458387,0.46119,0,0,0,0,0,0,0,0,0,0,0,0,0,0,0,0,0,0,0,0,0,0,0,0,0,0,0,0,0.450719,0.398472,0.504328,0.420291,0,0,0.610031,0.463923
0.45685,0.463901,0.548762,0.657364,0,0,0,0,0,0,0.62229,0.684621,0,0,0,0,0,0,0,0,0,0,0,0,0,0,0,0,0,0,0.447683,0.398486,0.501276,0.420306,0.420057,0.425877,0.608506,0.463917
0.456849,0.466626,0,0,0,0,0,0,0,0,0,0,0,0,0,0,0,0,0,0,0,0,0,0,0,0,0,0,0,0,0.444616,0.401238,0.498222,0.42031,0,0,0.605454,0.46117
0.450725,0.469345,0,0,0,0,0,0,0,0,0.637601,0.635576,0,0,0,0,0,0,0,0,0,0,0,0,0,0,0,0,0,0,0.44153,0.401276,0.496683,0.42032,0,0,0.603915,0.461146
0.453794,0.45846,0.545707,0.638296,0.473707,0.60832,0.383338,0.812686,0.444588,0.583784,0.637603,0.649196,0,0,0,0,0,0,0,0,0,0,0,0,0,0,0,0,0,0,0.443073,0.401225,0.495155,0.420307,0,0,0.60236,0.45846
0.453785,0.455763,0.539569,0.64103,0.473705,0.616499,0.380268,0.809972,0.443073,0.583827,0.611569,0.681892,0,0,0,0,0,0,0,0,0,0,0,0,0,0,0,0,0,0,0.441522,0.401214,0.495143,0.417593,0,0,0.599317,0.46115
0.449207,0.458493,0.548757,0.641034,0.473707,0.608329,0.375686,0.809967,0.438465,0.583795,0.620754,0.67644,0,0,0,0,0,0,0,0,0,0,0,0,0,0,0,0,0,0,0.443056,0.401247,0.493602,0.422995,0,0,0.597776,0.461154
0.449213,0.461209,0.547227,0.64647,0.462988,0.608321,0.375682,0.807219,0.435431,0.583785,0.608501,0.690073,0,0,0,0,0,0,0,0,0,0,0,0,0,0,0,0,0,0,0.443052,0.401191,0.492104,0.422998,0,0,0.59777,0.458473
0.449209,0.461165,0.55029,0.651912,0.479831,0.646477,0.374154,0.809956,0.432354,0.586527,0.620757,0.67645,0,0,0,0,0,0,0,0,0,0,0,0,0,0,0,0,0,0,0.440022,0.398483,0.493606,0.42032,0,0,0.596267,0.461145
0.44921,0.46117,0.548758,0.651923,0.475236,0.657359,0.374154,0.809947,0.433867,0.586529,0.625349,0.673721,0,0,0,0,0,0,0,0,0,0,0,0,0,0,0,0,0,0,0.441529,0.401205,0.492092,0.420303,0,0,0.597769,0.458477
0.447686,0.458452,0.54876,0.662811,0.485962,0.654638,0.374159,0.807224,0.432363,0.589253,0.611568,0.684621,0,0,0,0,0,0,0,0,0,0,0,0,0,0,0,0,0,0,0.438486,0.401289,0.489036,0.420326,0,0,0.597776,0.458483
0.447664,0.461178,0.550298,0.660092,0.48596,0.649199,0.37567,0.807223,0.433869,0.589267,0.622285,0.681894,0,0,0,0,0,0,0,0,0,0,0,0,0,0,0,0,0,0,0.436962,0.403943,0.489015,0.42032,0,0,0.597779,0.458442
0.446161,0.461191,0.547226,0.673712,0.501276,0.64103,0.381802,0.815428,0.43233,0.60015,0.610032,0.70097,0,0,0,0,0,0,0,0,0,0,0,0,0,0,0,0,0,0,0.436944,0.406667,0.485946,0.41757,0,0,0.597768,0.455711
0.446141,0.461158,0.53499,0.684622,0.507411,0.630129,0.380276,0.815433,0.432333,0.60288,0.588592,0.709146,0,0,0,0,0,0,0,0,0,0,0,0,0,0,0,0,0,0,0.436926,0.404025,0.4829,0.412138,0,0,0.596248,0.453012
0.443072,0.458487,0.544162,0.679166,0.505874,0.630128,0.378738,0.826314,0.43081,0.608343,0.597778,0.711866,0,0,0,0,0,0,0,0,0,0,0,0,0,0,0,0,0,0,0.432329,0.40397,0.479832,0.406715,0,0,0.594746,0.450294
0.443065,0.458491,0.547239,0.671006,0.501277,0.641016,0.378743,0.826315,0.429298,0.61107,0.611567,0.703692,0,0,0,0,0,0,0,0,0,0,0,0,0,0,0,0,0,0,0.43233,0.406668,0.478305,0.406723,0,0,0.594742,0.447588
0.443066,0.458455,0.556419,0.665563,0.504339,0.632851,0.378744,0.818141,0.430821,0.611078,0.62535,0.70369,0,0,0,0,0,0,0,0,0,0,0,0,0,0,0,0,0,0,0.432352,0.406696,0.478292,0.409401,0,0,0.594741,0.447593
0.443076,0.458488,0.554892,0.668286,0.50587,0.630115,0.378729,0.818126,0.429298,0.61375,0.620757,0.703688,0,0,0,0,0,0,0,0,0,0,0,0,0,0,0,0,0,0,0.433855,0.409395,0.476791,0.409427,0,0,0.594738,0.447571
0.443082,0.45575,0.554894,0.681901,0.504342,0.641031,0.38027,0.823593,0.430816,0.613771,0.616161,0.706423,0,0,0,0,0,0,0,0,0,0,0,0,0,0,0,0,0,0,0.433851,0.406663,0.479814,0.409441,0,0,0.596233,0.447563
0.444591,0.458455,0.551834,0.690076,0.5074,0.643747,0.383331,0.826303,0.430807,0.616498,0.608503,0.706417,0,0,0,0,0,0,0,0,0,0,0,0,0,0,0,0,0,0,0.432358,0.412139,0.479838,0.412148,0,0,0.596242,0.447558
0.444593,0.46393,0.544163,0.684624,0.51047,0.619223,0.378726,0.823581,0.426204,0.616493,0.600845,0.703694,0,0,0,0,0,0,0,0,0,0,0,0,0,0,0,0,0,0,0.436929,0.406722,0.481357,0.414874,0,0,0.596255,0.447588
0.443075,0.463946,0.554887,0.662829,0.499743,0.616507,0.377211,0.823587,0.424678,0.616503,0.606971,0.700969,0,0,0,0,0,0,0,0,0,0,0,0,0,0,0,0,0,0,0.435423,0.409398,0.479825,0.420309,0,0,0.597767,0.447587
0.444588,0.463944,0.550299,0.676439,0.505872,0.621957,0.377198,0.826306,0.426205,0.613796,0.610034,0.700972,0,0,0,0,0,0,0,0,0,0,0,0,0,0,0,0,0,0,0.436947,0.412117,0.479847,0.42301,0,0,0.597766,0.447561
0.444601,0.463945,0.542639,0.690074,0.505876,0.621951,0.377196,0.823599,0.424716,0.613788,0.606969,0.709139,0,0,0,0,0,0,0,0,0,0,0,0,0,0,0,0,0,0,0.436958,0.41212,0.481352,0.423021,0,0,0.59777,0.447556
0.444603,0.463935,0.548765,0.665537,0.499742,0.616481,0.377214,0.831743,0.426223,0.613782,0.606969,0.703693,0,0,0,0,0,0,0,0,0,0,0,0,0,0,0,0,0,0,0.435433,0.409402,0.481353,0.423,0,0,0.597794,0.444878
0.444613,0.46392,0.544169,0.684607,0.504337,0.619225,0.378744,0.831749,0.426243,0.613798,0.585526,0.766357,0,0,0,0,0,0,0,0,0,0,0,0,0,0,0,0,0,0,0.43694,0.412117,0.481357,0.423001,0,0,0.597792,0.447555
0.444601,0.466623,0.545699,0.679174,0.505869,0.619236,0.377214,0.831744,0.426245,0.613761,0.622287,0.714595,0,0,0,0,0,0,0,0,0,0,0,0,0,0,0,0,0,0,0.436933,0.414857,0.47983,0.422999,0,0,0.597794,0.447524
0.443071,0.466607,0.550303,0.673729,0.505867,0.621962,0.381788,0.83175,0.426246,0.616478,0.620758,0.71732,0,0,0,0,0,0,0,0,0,0,0,0,0,0,0,0,0,0,0.435389,0.412128,0.47679,0.420315,0,0,0.596264,0.447585
0.443057,0.463942,0.54876,0.676438,0.508938,0.613787,0.381798,0.829027,0.426238,0.619199,0.617689,0.711873,0,0,0,0,0,0,0,0,0,0,0,0,0,0,0,0,0,0,0.435442,0.412118,0.475242,0.422993,0,0,0.594746,0.447604
0.441532,0.463947,0.54571,0.679161,0.507406,0.613786,0.380275,0.831742,0.426247,0.616518,0.599315,0.733665,0,0,0,0,0,0,0,0,0,0,0,0,0,0,0,0,0,0,0.435424,0.406733,0.475221,0.423003,0,0,0.594731,0.447571
0.441535,0.46393,0.548763,0.681892,0.510465,0.613763,0.383332,0.834491,0.429292,0.616495,0.599311,0.763635,0,0,0,0,0,0,0,0,0,0,0,0,0,0,0,0,0,0,0.435417,0.409408,0.473724,0.423,0,0,0.59471,0.447541
0.440018,0.466615,0.556423,0.671008,0.510473,0.616491,0.381791,0.834473,0.429299,0.613805,0.613099,0.709145,0,0,0,0,0,0,0,0,0,0,0,0,0,0,0,0,0,0,0.435393,0.414878,0.47372,0.422997,0,0,0.594696,0.44755
0.441541,0.466613,0.54723,0.679171,0.507409,0.613784,0.378746,0.831766,0.430822,0.611085,0.596243,0.750012,0,0,0,0,0,0,0,0,0,0,0,0,0,0,0,0,0,0,0.435391,0.417564,0.473709,0.420295,0,0,0.594701,0.447558
0.443065,0.466642,0.548755,0.673717,0.50894,0.611056,0.375674,0.829033,0.4308,0.61106,0.606969,0.730944,0,0,0,0,0,0,0,0,0,0,0,0,0,0,0,0,0,0,0.435422,0.420274,0.473698,0.417611,0,0,0.594704,0.444878
0.443071,0.469333,0.547235,0.679153,0.51047,0.61376,0.384858,0.831765,0.43388,0.613785,0.611564,0.730946,0,0,0,0,0,0,0,0,0,0,0,0,0,0,0,0,0,0,0.435393,0.414878,0.473691,0.417574,0,0,0.59471,0.444835
0.441548,0.469333,0.554888,0.67646,0.519658,0.619233,0.381799,0.837221,0.435414,0.613797,0.617693,0.725495,0,0,0,0,0,0,0,0,0,0,0,0,0,0,0,0,0,0,0.432358,0.414857,0.472193,0.417576,0,0,0.594708,0.444813
0.440014,0.469339,0.550295,0.668282,0.524254,0.605602,0.383344,0.829042,0.436933,0.616471,0.60084,0.717314,0,0,0,0,0,0,0,0,0,0,0,0,0,0,0,0,0,0,0.432329,0.414863,0.470642,0.414884,0,0,0.59471,0.444792
0.440008,0.466652,0.5503,0.676457,0.522728,0.613768,0.383328,0.834495,0.436957,0.613775,0.596255,0.728214,0,0,0,0,0,0,0,0,0,0,0,0,0,0,0,0,0,0,0.430829,0.409423,0.469121,0.41486,0,0,0.594703,0.442128
0.44001,0.466652,0.544181,0.673734,0.521187,0.611036,0.384871,0.826306,0.438487,0.613759,0.590121,0.747284,0,0,0,0,0,0,0,0,0,0,0,0,0,0,0,0,0,0,0.43235,0.412144,0.47063,0.412153,0,0,0.593207,0.442104
0.438467,0.469349,0.544172,0.673718,0.519661,0.61104,0.383323,0.834471,0.438479,0.611084,0.585528,0.763641,0,0,0,0,0,0,0,0,0,0,0,0,0,0,0,0,0,0,0.427762,0.414878,0.469109,0.412157,0,0,0.594702,0.442079
0.43694,0.461186,0.545691,0.676438,0.519655,0.616484,0.386401,0.82631,0.43694,0.613781,0.59012,0.755463,0,0,0,0,0,0,0,0,0,0,0,0,0,0,0,0,0,0,0.432333,0.40401,0.472161,0.412155,0,0,0.594707,0.442093
0.440018,0.466625,0.545718,0.6819,0.521194,0.613764,0.392527,0.826294,0.435397,0.613768,0.590124,0.771819,0,0,0,0,0,0,0,0,0,0,0,0,0,0,0,0,0,0,0.43235,0.404022,0.472162,0.414864,0,0,0.594712,0.442101
0.438461,0.463928,0.548775,0.673732,0.515062,0.613786,0.39404,0.826308,0.426241,0.608321,0.620757,0.709146,0,0,0,0,0,0,0,0,0,0,0,0,0,0,0,0,0,0,0.430816,0.404001,0.472167,0.414887,0,0,0.594714,0.4421
0.436957,0.463922,0.554888,0.665563,0.515067,0.613768,0.395566,0.8263,0.424691,0.608306,0.622286,0.70097,0,0,0,0,0,0,0,0,0,0,0,0,0,0,0,0,0,0,0.433858,0.404008,0.472154,0.417575,0,0,0.594721,0.442073
0.438478,0.463931,0.557939,0.662833,0.518133,0.611031,0.395587,0.818139,0.426203,0.605631,0.616159,0.698241,0,0,0,0,0,0,0,0,0,0,0,0,0,0,0,0,0,0,0.433893,0.403969,0.472174,0.417591,0,0,0.594738,0.439368
0.438487,0.463898,0.554889,0.665542,0.519658,0.602878,0.395588,0.815387,0.426202,0.605617,0.613097,0.706419,0,0,0,0,0,0,0,0,0,0,0,0,0,0,0,0,0,0,0.435425,0.403945,0.472184,0.4176,0,0,0.594737,0.439381
0.438476,0.46387,0.556417,0.665541,0.516597,0.602878,0.395581,0.815424,0.424707,0.608315,0.619223,0.709134,0,0,0,0,0,0,0,0,0,0,0,0,0,0,0,0,0,0,0.436925,0.403967,0.472172,0.420295,0,0,0.594742,0.439394
0.438471,0.46121,0.547239,0.668298,0.519654,0.600152,0.397131,0.815423,0.426204,0.608363,0.608502,0.717319,0,0,0,0,0,0,0,0,0,0,0,0,0,0,0,0,0,0,0.436925,0.403926,0.472176,0.420287,0,0,0.594735,0.439406
0.43999,0.46119,0.548767,0.668251,0.524248,0.594684,0.395584,0.81538,0.426212,0.611062,0.594709,0.747282,0.539571,0.867185,0,0,0,0,0,0,0,0,0,0,0,0,0,0,0,0,0.436967,0.403955,0.472183,0.420284,0,0,0.594747,0.439395
0.44,0.461197,0.548756,0.668278,0.522725,0.594706,0.395578,0.818119,0.426205,0.613739,0.599312,0.722765,0.538041,0.86718,0,0,0,0,0,0,0,0,0,0,0,0,0,0,0,0,0.438472,0.403976,0.472191,0.420292,0,0,0.596238,0.439404
0.440019,0.463877,0.550298,0.671011,0.519664,0.605605,0.394042,0.82085,0.424714,0.613797,0.606969,0.709145,0,0,0,0,0,0,0,0,0,0,0,0,0,0,0,0,0,0,0.436973,0.404024,0.473691,0.417579,0,0,0.596256,0.439399
0.441519,0.463877,0.557938,0.671021,0.519655,0.613778,0.394047,0.815418,0.424702,0.61377,0.619222,0.703691,0,0,0,0,0,0,0,0,0,0,0,0,0,0,0,0,0,0,0.438464,0.404033,0.4737,0.417593,0,0,0.596256,0.439398
0.441537,0.463888,0.559487,0.673729,0.518128,0.616471,0.395588,0.815437,0.424716,0.616488,0.622286,0.690067,0,0,0,0,0,0,0,0,0,0,0,0,0,0,0,0,0,0,0.438473,0.40942,0.473715,0.417582,0,0,0.596265,0.439394
0.441556,0.463907,0.559503,0.673737,0.515058,0.61648,0.39405,0.815444,0.426205,0.616533,0.625353,0.687342,0,0,0,0,0,0,0,0,0,0,0,0,0,0,0,0,0,0,0.440017,0.406738,0.475228,0.417607,0,0,0.597779,0.439393
0.444619,0.466641,0.557953,0.670982,0.513535,0.611046,0.395581,0.81814,0.424691,0.616496,0.613096,0.679168,0.541105,0.864453,0,0,0,0,0,0,0,0,0,0,0,0,0,0,0,0,0.441546,0.420278,0.476786,0.420328,0,0,0.599324,0.4421
0.44614,0.469336,0.554894,0.668286,0.508938,0.611042,0.395572,0.815432,0.424704,0.613799,0.614629,0.679165,0.54264,0.864458,0,0,0,0,0,0,0,0,0,0,0,0,0,0,0,0,0.444605,0.420331,0.479819,0.423027,0,0,0.600847,0.442073
0.447661,0.472104,0.561016,0.668272,0.511998,0.613761,0.398657,0.818143,0.426229,0.616467,0.639135,0.6819,0,0,0,0,0,0,0,0,0,0,0,0,0,0,0,0,0,0,0.443091,0.425766,0.478289,0.425721,0,0,0.605412,0.439362
0.447669,0.472103,0.561013,0.670994,0.518127,0.608316,0.397106,0.820854,0.426227,0.613793,0.619227,0.687349,0,0,0,0,0,0,0,0,0,0,0,0,0,0,0,0,0,0,0.444609,0.425739,0.478318,0.425715,0,0,0.60392,0.439357
0.447655,0.472109,0.564088,0.668281,0.508941,0.613778,0.397111,0.823572,0.426235,0.616506,0.643732,0.692786,0,0,0,0,0,0,0,0,0,0,0,0,0,0,0,0,0,0,0.443049,0.423013,0.479848,0.423058,0,0,0.605419,0.436673
0.447651,0.472102,0.562559,0.668257,0.512001,0.611054,0.398652,0.818154,0.426246,0.616522,0.640664,0.690064,0,0,0,0,0,0,0,0,0,0,0,0,0,0,0,0,0,0,0.441561,0.425701,0.479843,0.423024,0,0,0.605419,0.436676
0.447675,0.469399,0.557959,0.676461,0.518123,0.611053,0.397111,0.818139,0.426243,0.619234,0.617692,0.692795,0,0,0,0,0,0,0,0,0,0,0,0,0,0,0,0,0,0,0.441547,0.420303,0.481365,0.423028,0,0,0.605426,0.436674
0.447667,0.472063,0.559494,0.681875,0.516597,0.613764,0.395592,0.82631,0.427751,0.621931,0.617691,0.692789,0,0,0,0,0,0,0,0,0,0,0,0,0,0,0,0,0,0,0.441552,0.420309,0.481378,0.423031,0,0,0.605439,0.439358
0.447668,0.472089,0.562548,0.681901,0.515065,0.619222,0.395589,0.823579,0.427765,0.621957,0.623824,0.703694,0,0,0,0,0,0,0,0,0,0,0,0,0,0,0,0,0,0,0.441542,0.420312,0.482886,0.423057,0,0,0.605456,0.436686
0.44767,0.472067,0.565607,0.673717,0.513535,0.619216,0.395595,0.829025,0.427752,0.621965,0.626888,0.687342,0,0,0,0,0,0,0,0,0,0,0,0,0,0,0,0,0,0,0.443061,0.42029,0.482889,0.425712,0,0,0.605461,0.43668
0.447674,0.472104,0.564082,0.676428,0.513534,0.616491,0.394064,0.82902,0.427754,0.62194,0.625349,0.692791,0,0,0,0,0,0,0,0,0,0,0,0,0,0,0,0,0,0,0.44156,0.42033,0.482896,0.425725,0,0,0.606944,0.436687
0.447689,0.472097,0.562548,0.670977,0.518124,0.613785,0.394066,0.83175,0.42775,0.621944,0.619222,0.673725,0,0,0,0,0,0,0,0,0,0,0,0,0,0,0,0,0,0,0.441553,0.42031,0.482901,0.425713,0,0,0.606947,0.436685
0.447689,0.472107,0.567147,0.673718,0.512002,0.616514,0.394039,0.831747,0.429278,0.621955,0.634538,0.684626,0,0,0,0,0,0,0,0,0,0,0,0,0,0,0,0,0,0,0.443088,0.423004,0.482898,0.425739,0,0,0.606949,0.436666
0.447694,0.47212,0.567145,0.676429,0.516592,0.613777,0.392526,0.831744,0.429279,0.621934,0.633009,0.700962,0,0,0,0,0,0,0,0,0,0,0,0,0,0,0,0,0,0,0.443085,0.423026,0.482902,0.425736,0,0,0.606954,0.436681
0.449189,0.472109,0.570204,0.662838,0.527319,0.581092,0.394057,0.82631,0.429291,0.624657,0.633008,0.681895,0,0,0,0,0,0,0,0,0,0,0,0,0,0,0,0,0,0,0.444584,0.423018,0.482901,0.425744,0,0,0.606943,0.43938
0.449185,0.472106,0.568678,0.671004,0.512,0.613763,0.392522,0.834469,0.429284,0.627375,0.628412,0.671001,0,0,0,0,0,0,0,0,0,0,0,0,0,0,0,0,0,0,0.443077,0.423003,0.482907,0.425726,0,0,0.606946,0.439395
0.447687,0.472098,0.570212,0.681904,0.513533,0.621943,0.394049,0.829038,0.429294,0.627403,0.625352,0.670994,0,0,0,0,0,0,0,0,0,0,0,0,0,0,0,0,0,0,0.443082,0.420274,0.482919,0.425727,0,0,0.606947,0.439412
0.447679,0.472087,0.567145,0.684618,0.521189,0.619222,0.395588,0.829035,0.429297,0.627414,0.623819,0.679165,0.542637,0.872627,0,0,0,0,0,0,0,0,0,0,0,0,0,0,0,0,0.443092,0.420289,0.48291,0.425721,0,0,0.60546,0.442094
0.449191,0.472112,0.567149,0.681892,0.522722,0.616489,0.394062,0.829038,0.429293,0.627401,0.629945,0.67917,0,0,0,0,0,0,0,0,0,0,0,0,0,0,0,0,0,0,0.444598,0.420298,0.484421,0.425753,0,0,0.60695,0.442116
0.4492,0.472123,0.567145,0.681904,0.52425,0.616492,0.394064,0.83176,0.429295,0.627415,0.625355,0.690066,0,0,0,0,0,0,0,0,0,0,0,0,0,0,0,0,0,0,0.444597,0.42032,0.484425,0.425761,0,0,0.606966,0.442129
0.449197,0.474793,0.564078,0.684633,0.52119,0.619221,0.395579,0.834472,0.430804,0.630105,0.625351,0.700966,0,0,0,0,0,0,0,0,0,0,0,0,0,0,0,0,0,0,0.444591,0.422997,0.484442,0.425757,0,0,0.606968,0.444793
0.4492,0.472115,0.567147,0.676444,0.519657,0.616508,0.397118,0.834463,0.432345,0.630104,0.63301,0.695517,0,0,0,0,0,0,0,0,0,0,0,0,0,0,0,0,0,0,0.444618,0.420336,0.484441,0.425754,0,0,0.60697,0.444798
0.449207,0.47208,0.561015,0.68734,0.51353,0.62739,0.395579,0.837195,0.432344,0.630098,0.62382,0.700971,0,0,0,0,0,0,0,0,0,0,0,0,0,0,0,0,0,0,0.44461,0.420324,0.485951,0.425773,0,0,0.60699,0.444795
0.449209,0.472103,0.564079,0.684611,0.516598,0.624678,0.397111,0.834479,0.433856,0.630098,0.629949,0.703692,0,0,0,0,0,0,0,0,0,0,0,0,0,0,0,0,0,0,0.444614,0.420334,0.485968,0.425791,0,0,0.606989,0.444803
0.449205,0.472107,0.571742,0.668281,0.522723,0.613765,0.394049,0.839937,0.430827,0.632823,0.649855,0.714598,0,0,0,0,0,0,0,0,0,0,0,0,0,0,0,0,0,0,0.444583,0.420321,0.487494,0.425766,0,0,0.608489,0.444847
0.45072,0.472125,0.571736,0.665562,0.524252,0.605615,0.397118,0.834483,0.43233,0.630107,0.64067,0.711867,0,0,0,0,0,0,0,0,0,0,0,0,0,0,0,0,0,0,0.4446,0.423022,0.487486,0.4258,0,0,0.608489,0.44483
