0.760748,0.461197,0.37855,0.760912,0,0,0,0,0,0,0.692978,0.687355,0.992913,0.929832,0.910622,0.619232,0,0,0,0,0,0,0,0,0,0,0,0,0,0,0.634861,0.439406,0.722087,0.406666,0.19957,0.540228,0,0
0.775219,0.463914,0.388238,0.766363,0,0,0,0,0,0,0.721985,0.698234,0.992919,0.927136,0.915495,0.621938,0,0,0,0,0,0,0,0,0,0,0,0,0,0,0.639826,0.442079,0.741351,0.417597,0.214027,0.54292,0,0
0.799394,0.463886,0.397911,0.758184,0,0,0,0,0,0,0.741354,0.695527,0.992917,0.910782,0.944507,0.624687,0,0,0,0,0,0,0,0,0,0,0,0,0,0,0.668757,0.439384,0.760661,0.412126,0.238292,0.54291,0,0
0.804214,0.461195,0.407561,0.750009,0,0,0,0,0,0,0.746171,0.690072,0.992923,0.916211,0,0,0,0,0,0,0,0,0,0,0,0,0,0,0,0,0.673662,0.436681,0.765518,0.412131,0.243112,0.537499,0,0
0.804287,0.455755,0.378551,0.741839,0,0,0,0,0,0,0.751003,0.687354,0,0,0,0,0,0,0,0,0,0,0,0,0,0,0,0,0,0,0.678413,0.428482,0.775227,0.404026,0.243122,0.532048,0,0
0.799453,0.45571,0.383383,0.744572,0.0205768,0.809957,0,0,0,0,0.746196,0.68462,0.992921,0.894417,0,0,0,0,0,0,0,0,0,0,0,0,0,0,0,0,0.668797,0.425751,0.765553,0.403966,0.223752,0.523886,0,0
0.765589,0.447524,0.393059,0.741845,0,0,0,0,0,0,0.721986,0.676448,0.992919,0.899893,0.920292,0.600187,0,0,0,0,0,0,0,0,0,0,0,0,0,0,0.63976,0.423027,0.746127,0.395773,0.204381,0.518388,0,0
0.755896,0.444856,0.393044,0.736386,0,0,0,0,0,0,0.702682,0.66827,0.992921,0.902606,0.910686,0.597409,0,0,0,0,0,0,0,0,0,0,0,0,0,0,0.630075,0.423004,0.717211,0.390363,0.194742,0.518408,0,0
0.726874,0.447535,0.364031,0.744565,0.0399309,0.815405,0,0,0,0,0.67846,0.668272,0.992909,0.899865,0.891312,0.591992,0,0,0,0,0,0,0,0,0,0,0,0,0,0,0.601121,0.422979,0.697807,0.393055,0.160892,0.515716,0,0
0.72201,0.447529,0.335014,0.739119,0,0,0,0,0,0,0.663941,0.66282,0.992909,0.894432,0.876847,0.59197,0,0,0,0,0,0,0,0,0,0,0,0,0,0,0.591356,0.423017,0.683356,0.390342,0.146404,0.518415,0,0
0.697782,0.444808,0.325342,0.728218,0.0254179,0.804513,0,0,0,0,0.639749,0.649183,0.992903,0.894422,0.871902,0.586541,0,0,0,0,0,0,0,0,0,0,0,0,0,0,0.562406,0.42031,0.663984,0.393038,0.136767,0.518387,0,0
0.6978,0.442127,0.339853,0.730936,0.0350968,0.793613,0,0,0,0,0.634949,0.64647,0.992908,0.888984,0.867141,0.586516,0,0,0,0,0,0,0,0,0,0,0,0,0,0,0.562372,0.420288,0.663955,0.390346,0.136741,0.515685,0,0
0.697807,0.444803,0.339856,0.733671,0.0302592,0.799061,0,0,0,0,0.639801,0.649192,0.992906,0.891707,0.867135,0.586503,0,0,0,0,0,0,0,0,0,0,0,0,0,0,0.562351,0.417613,0.659146,0.393054,0.136755,0.515699,0,0
0.697797,0.444825,0.344675,0.733665,0.049602,0.815411,0,0,0,0,0.639799,0.65191,0.992905,0.891693,0.86716,0.586518,0,0,0,0,0,0,0,0,0,0,0,0,0,0,0.562346,0.420288,0.659117,0.395783,0.141522,0.51571,0,0
0.697812,0.444866,0.339856,0.73366,0,0,0,0,0,0,0.644588,0.651926,0.992907,0.891715,0.871992,0.586554,0,0,0,0,0,0,0,0,0,0,0,0,0,0,0.572052,0.422983,0.67838,0.398473,0.146358,0.51844,0,0
0.702645,0.44753,0.330184,0.736386,0.0302553,0.801786,0,0,0,0,0.649462,0.660096,0.992908,0.894442,0.872005,0.589267,0,0,0,0,0,0,0,0,0,0,0,0,0,0,0.576872,0.423063,0.67366,0.401168,0.146385,0.521108,0,0
0.697869,0.444844,0.349522,0.736392,0.0350879,0.809957,0,0,0,0,0.649417,0.654662,0.992908,0.894421,0.872004,0.589267,0,0,0,0,0,0,0,0,0,0,0,0,0,0,0.576905,0.423029,0.673664,0.398543,0.14158,0.521111,0,0
0.697788,0.44485,0.344682,0.739107,0.0302607,0.80724,0,0,0,0,0.644592,0.660096,0.992906,0.894418,0.871977,0.589239,0,0,0,0,0,0,0,0,0,0,0,0,0,0,0.572098,0.423012,0.673672,0.398497,0.141586,0.521145,0,0
0.688192,0.444802,0.325343,0.736397,0.0350923,0.81541,0,0,0,0,0.634942,0.649188,0.992908,0.888974,0.867163,0.58651,0,0,0,0,0,0,0,0,0,0,0,0,0,0,0.5672,0.420313,0.6736,0.398507,0.141509,0.518419,0,0
0.688175,0.444808,0.325338,0.736394,0.0350989,0.815414,0,0,0,0,0.634905,0.649215,0.992907,0.89169,0.867147,0.586539,0,0,0,0,0,0,0,0,0,0,0,0,0,0,0.56244,0.42033,0.668842,0.39848,0.136747,0.515724,0,0
0.688146,0.444791,0.335006,0.733672,0.0399274,0.812688,0,0,0,0,0.634911,0.649214,0.992908,0.888971,0.867139,0.58651,0,0,0,0,0,0,0,0,0,0,0,0,0,0,0.562444,0.420297,0.673532,0.39847,0.141474,0.515681,0,0
0.68818,0.442104,0.330179,0.73367,0.0350951,0.809963,0,0,0,0,0.639757,0.651921,0.992908,0.888976,0.867157,0.583825,0,0,0,0,0,0,0,0,0,0,0,0,0,0,0.567189,0.420284,0.668808,0.395784,0.141496,0.515674,0,0
0.688167,0.439386,0.325327,0.733672,0.0302659,0.804508,0,0,0,0,0.644604,0.654657,0.992907,0.888974,0.867143,0.581095,0,0,0,0,0,0,0,0,0,0,0,0,0,0,0.567225,0.420272,0.66875,0.390364,0.141533,0.515662,0,0
0.688193,0.43938,0.32051,0.736382,0.0302677,0.804512,0,0,0,0,0.644626,0.654647,0.99291,0.888966,0.867133,0.581078,0,0,0,0,0,0,0,0,0,0,0,0,0,0,0.567218,0.420273,0.66879,0.390349,0.141527,0.515661,0,0
0.692969,0.436662,0.354354,0.733659,0.054439,0.807233,0,0,0,0,0.644623,0.654644,0.992912,0.888976,0.867145,0.581105,0,0,0,0,0,0,0,0,0,0,0,0,0,0,0.567266,0.420275,0.673562,0.395758,0.141579,0.515671,0,0
0.697814,0.439367,0.359191,0.730951,0.0641177,0.801781,0,0,0,0,0.639788,0.654636,0.992908,0.8917,0.867163,0.581082,0,0,0,0,0,0,0,0,0,0,0,0,0,0,0.572086,0.417608,0.678393,0.395753,0.141595,0.51566,0,0
0.707459,0.439397,0.344689,0.733659,0.0350874,0.804506,0,0,0,0,0.649462,0.657372,0.99291,0.89443,0.871896,0.58109,0,0,0,0,0,0,0,0,0,0,0,0,0,0,0.576913,0.42027,0.678434,0.395759,0.15603,0.515716,0,0
0.707503,0.442094,0.349528,0.733677,0.0350963,0.804512,0,0,0,0,0.649458,0.657369,0.992912,0.894427,0.871974,0.583782,0,0,0,0,0,0,0,0,0,0,0,0,0,0,0.581747,0.420271,0.683285,0.395802,0.160882,0.518397,0,0
0.707486,0.439379,0.354351,0.736389,0.0447691,0.804513,0,0,0,0,0.649435,0.657368,0.992911,0.894415,0.871976,0.581102,0,0,0,0,0,0,0,0,0,0,0,0,0,0,0.581716,0.417604,0.67855,0.395792,0.151203,0.513,0,0
0.707458,0.439397,0.359184,0.736392,0.0689537,0.801785,0,0,0,0,0.644622,0.657372,0.992912,0.89441,0.871917,0.581106,0,0,0,0,0,0,0,0,0,0,0,0,0,0,0.576889,0.417565,0.678448,0.398463,0.146379,0.512973,0,0
0.702676,0.442088,0.339856,0.736389,0.0350907,0.812679,0,0,0,0,0.649437,0.654652,0.99291,0.891686,0.871961,0.581069,0,0,0,0,0,0,0,0,0,0,0,0,0,0,0.572041,0.414841,0.678421,0.395751,0.141501,0.510254,0,0
0.702634,0.4394,0.349518,0.730942,0.0254235,0.807237,0,0,0,0,0.649457,0.649216,0.99291,0.891687,0.871967,0.581052,0,0,0,0,0,0,0,0,0,0,0,0,0,0,0.572052,0.412127,0.673625,0.39306,0.13673,0.507517,0,0
0.70266,0.439361,0.364048,0.733674,0.0689523,0.79906,0,0,0,0,0.649466,0.651935,0.992911,0.883531,0.876848,0.578354,0,0,0,0,0,0,0,0,0,0,0,0,0,0,0.572029,0.412159,0.659117,0.395767,0.136726,0.507502,0,0
0.707432,0.439377,0.364019,0.73095,0.0496115,0.796335,0,0,0,0,0.649448,0.651923,0.992909,0.888966,0.881672,0.581059,0,0,0,0,0,0,0,0,0,0,0,0,0,0,0.57202,0.412156,0.654287,0.395754,0.136723,0.507493,0,0
0.707452,0.439391,0.359197,0.730949,0.0496079,0.804511,0,0,0,0,0.649462,0.651921,0.992909,0.88899,0.881651,0.578357,0,0,0,0,0,0,0,0,0,0,0,0,0,0,0.57206,0.412148,0.663906,0.395753,0.136754,0.507486,0,0
0.707468,0.439367,0.359196,0.730942,0.0350938,0.812684,0,0,0,0,0.654256,0.651935,0.992913,0.886269,0.881668,0.575653,0,0,0,0,0,0,0,0,0,0,0,0,0,0,0.572045,0.41213,0.659125,0.393066,0.136764,0.504798,0,0
0.702681,0.43936,0.354368,0.733666,0.039925,0.809961,0,0,0,0,0.654257,0.657363,0.992913,0.886245,0.881618,0.578348,0,0,0,0,0,0,0,0,0,0,0,0,0,0,0.56726,0.409405,0.654239,0.393068,0.136752,0.504787,0,0
0.702695,0.433934,0.349525,0.73639,0.0350867,0.818129,0,0,0,0,0.649449,0.651934,0.992911,0.886249,0.881615,0.57292,0,0,0,0,0,0,0,0,0,0,0,0,0,0,0.567267,0.406679,0.654326,0.390341,0.13673,0.504786,0,0
0.702671,0.425768,0.364037,0.733665,0.0496159,0.801785,0,0,0,0,0.649454,0.646484,0.99291,0.878064,0.87203,0.564744,0,0,0,0,0,0,0,0,0,0,0,0,0,0,0.562419,0.401287,0.65425,0.379469,0.131807,0.493881,0,0
0.693029,0.42307,0.349533,0.730951,0.0350919,0.807236,0,0,0,0,0.649464,0.649187,0.992912,0.875341,0.871954,0.561998,0,0,0,0,0,0,0,0,0,0,0,0,0,0,0.562376,0.401259,0.644668,0.376732,0.131781,0.493865,0,0
0.707484,0.423045,0.354352,0.725485,0.0496067,0.796333,0,0,0,0,0.644632,0.646462,0.992909,0.867154,0.862316,0.553824,0,0,0,0,0,0,0,0,0,0,0,0,0,0,0.56231,0.398544,0.66876,0.365807,0.131793,0.493885,0,0
0.707473,0.425754,0.335013,0.722771,0.0447743,0.782712,0,0,0,0,0.644617,0.646457,0.992906,0.858999,0.862264,0.548403,0,0,0,0,0,0,0,0,0,0,0,0,0,0,0.562307,0.398547,0.673565,0.357674,0.126997,0.491189,0,0
0.707466,0.423022,0.33502,0.7255,0.0496046,0.801788,0,0,0,0,0.64461,0.643746,0.992909,0.861714,0.862271,0.548368,0,0,0,0,0,0,0,0,0,0,0,0,0,0,0.557539,0.398524,0.66875,0.35762,0.12218,0.49118,0,0
0.697805,0.417584,0.325351,0.725493,0.0447624,0.793609,0,0,0,0,0.644583,0.643741,0.99291,0.861714,0.862236,0.548384,0,0,0,0,0,0,0,0,0,0,0,0,0,0,0.557498,0.398518,0.668762,0.354928,0.122179,0.491199,0,0
0.692989,0.417599,0.330168,0.728221,0.0399305,0.804507,0,0,0,0,0.644616,0.646466,0.99291,0.856292,0.867045,0.548361,0,0,0,0,0,0,0,0,0,0,0,0,0,0,0.557505,0.398532,0.663945,0.357593,0.1222,0.493856,0,0
0.692979,0.423049,0.335007,0.730936,0.054441,0.801785,0,0,0,0,0.639791,0.646474,0.992911,0.864434,0.867068,0.551099,0,0,0,0,0,0,0,0,0,0,0,0,0,0,0.55754,0.401189,0.668739,0.365817,0.127017,0.493881,0,0
0.697796,0.42301,0.344685,0.728216,0.0447679,0.790887,0,0,0,0,0.659108,0.649202,0.992911,0.867182,0.867179,0.553797,0,0,0,0,0,0,0,0,0,0,0,0,0,0,0.562322,0.398534,0.668795,0.365815,0.127024,0.491173,0,0
0.697847,0.414853,0.344675,0.730935,0.0495999,0.799061,0,0,0,0,0.659114,0.649193,0.992914,0.867174,0.871974,0.553819,0,0,0,0,0,0,0,0,0,0,0,0,0,0,0.562437,0.398497,0.663986,0.360348,0.13179,0.491157,0,0
0.697856,0.406684,0.344692,0.728213,0.0399309,0.790883,0,0,0,0,0.673643,0.651912,0.992913,0.867184,0.876787,0.553829,0,0,0,0,0,0,0,0,0,0,0,0,0,0,0.567185,0.395779,0.659117,0.354932,0.136649,0.491184,0,0
0.697844,0.404007,0.335022,0.728216,0.0351054,0.782717,0,0,0,0,0.673646,0.651908,0.992913,0.86716,0.876788,0.553817,0,0,0,0,0,0,0,0,0,0,0,0,0,0,0.567197,0.39577,0.659109,0.354936,0.136642,0.491178,0,0
0.697846,0.409428,0.349533,0.720038,0.0399378,0.779988,0,0,0,0,0.668803,0.643748,0.992912,0.864477,0.876833,0.55382,0,0,0,0,0,0,0,0,0,0,0,0,0,0,0.567251,0.395784,0.663956,0.3576,0.136694,0.491184,0,0
0.697859,0.414856,0.35436,0.72005,0.0447605,0.785438,0,0,0,0,0.673611,0.643744,0.992911,0.864458,0.876796,0.553842,0,0,0,0,0,0,0,0,0,0,0,0,0,0,0.567269,0.395799,0.668728,0.357644,0.136703,0.491183,0,0
0.697834,0.42032,0.335006,0.717311,0.0350977,0.779989,0,0,0,0,0.663941,0.643743,0.992912,0.864454,0.876783,0.553816,0,0,0,0,0,0,0,0,0,0,0,0,0,0,0.572053,0.395793,0.663945,0.363092,0.136761,0.491171,0,0
0.697829,0.417601,0.330178,0.711876,0.0350886,0.782708,0,0,0,0,0.663966,0.641035,0.992913,0.864451,0.876792,0.553816,0,0,0,0,0,0,0,0,0,0,0,0,0,0,0.572088,0.39578,0.659146,0.360386,0.136752,0.491166,0,0
0.7075,0.417605,0.335006,0.717326,0.0350924,0.788162,0,0,0,0,0.659132,0.643734,0.992914,0.867172,0.881611,0.553815,0,0,0,0,0,0,0,0,0,0,0,0,0,0,0.581689,0.393097,0.663977,0.365801,0.141505,0.491148,0,0
0.707476,0.417577,0.335026,0.714598,0.0399316,0.779992,0,0,0,0,0.659106,0.643739,0.992913,0.864455,0.881621,0.553818,0,0,0,0,0,0,0,0,0,0,0,0,0,0,0.581692,0.393043,0.668769,0.363097,0.141517,0.491136,0,0
0.702683,0.412145,0.335009,0.71731,0.0302681,0.779984,0,0,0,0,0.668772,0.646468,0.992913,0.864454,0.881646,0.553806,0,0,0,0,0,0,0,0,0,0,0,0,0,0,0.581696,0.387628,0.673616,0.363077,0.141508,0.488462,0,0
0.702684,0.412158,0.33985,0.711871,0.0399247,0.777262,0,0,0,0,0.668777,0.643752,0.992912,0.864447,0.88162,0.553824,0,0,0,0,0,0,0,0,0,0,0,0,0,0,0.581744,0.387616,0.673636,0.363115,0.141541,0.488469,0,0
0.702694,0.412133,0.349531,0.709147,0.0350948,0.777263,0,0,0,0,0.668799,0.643728,0.99291,0.864465,0.876836,0.553803,0,0,0,0,0,0,0,0,0,0,0,0,0,0,0.581705,0.387614,0.668773,0.363104,0.141532,0.491118,0,0
0.702644,0.412127,0.344692,0.709139,0.0302678,0.777257,0,0,0,0,0.673631,0.641033,0.992912,0.86447,0.881587,0.553833,0,0,0,0,0,0,0,0,0,0,0,0,0,0,0.581689,0.387608,0.668745,0.363099,0.14151,0.488471,0,0
0.702702,0.412142,0.34469,0.703697,0.0302678,0.774541,0,0,0,0,0.678447,0.641026,0.992913,0.864441,0.881602,0.553806,0,0,0,0,0,0,0,0,0,0,0,0,0,0,0.576885,0.387615,0.663935,0.363105,0.141472,0.488445,0,0
0.702659,0.406719,0.344696,0.709135,0.0350903,0.774537,0,0,0,0,0.683293,0.643754,0.992913,0.864451,0.881617,0.551125,0,0,0,0,0,0,0,0,0,0,0,0,0,0,0.576837,0.3876,0.663949,0.363106,0.141493,0.488457,0,0
0.702622,0.406718,0.339854,0.709143,0.0399231,0.771813,0,0,0,0,0.67847,0.643748,0.992913,0.864467,0.881649,0.551132,0,0,0,0,0,0,0,0,0,0,0,0,0,0,0.576905,0.384893,0.659129,0.363109,0.141511,0.488439,0,0
0.697838,0.406705,0.344678,0.711861,0.0302724,0.771819,0,0,0,0,0.683312,0.646477,0.992914,0.864453,0.881671,0.553797,0,0,0,0,0,0,0,0,0,0,0,0,0,0,0.576857,0.384904,0.659119,0.363069,0.141516,0.49112,0,0
0.70268,0.403963,0.349528,0.706418,0.03025,0.771806,0,0,0,0,0.678469,0.646473,0,0,0,0,0,0,0,0,0,0,0,0,0,0,0,0,0,0,0.572069,0.384912,0.659139,0.357661,0.136766,0.488463,0,0
0.707454,0.403955,0.368861,0.709133,0.0399327,0.771809,0,0,0,0,0.688135,0.649187,0,0,0,0,0,0,0,0,0,0,0,0,0,0,0,0,0,0,0.572067,0.387643,0.673557,0.357628,0.141525,0.491125,0,0
0.71234,0.403955,0.364025,0.703695,0.0447638,0.771803,0,0,0,0,0.692985,0.646491,0.992913,0.864456,0.891287,0.551078,0,0,0,0,0,0,0,0,0,0,0,0,0,0,0.581745,0.384919,0.683253,0.352196,0.151201,0.488448,0,0
0.717215,0.403994,0.364036,0.703693,0.0350966,0.766368,0,0,0,0,0.697831,0.649191,0.992911,0.864467,0.891292,0.551088,0,0,0,0,0,0,0,0,0,0,0,0,0,0,0.586573,0.384916,0.688127,0.349488,0.160863,0.488448,0,0
0.717246,0.412162,0.3737,0.711866,0.0351022,0.774541,0,0,0,0,0.707478,0.657361,0.99292,0.86719,0.891296,0.551134,0,0,0,0,0,0,0,0,0,0,0,0,0,0,0.596157,0.390325,0.697763,0.360418,0.165672,0.488457,0,0
0.717225,0.414886,0.364055,0.714596,0.0350988,0.77454,0,0,0,0,0.707505,0.660087,0,0,0,0,0,0,0,0,0,0,0,0,0,0,0,0,0,0,0.596161,0.39035,0.697793,0.363115,0.160883,0.488451,0,0
0.71716,0.414885,0.354351,0.722768,0.0350885,0.77999,0,0,0,0,0.707473,0.660093,0.992908,0.872621,0.891352,0.55653,0,0,0,0,0,0,0,0,0,0,0,0,0,0,0.596186,0.393038,0.688166,0.363089,0.165677,0.491157,0,0
0.712332,0.417573,0.354367,0.717325,0.0350923,0.777261,0,0,0,0,0.702655,0.654649,0.992912,0.875346,0.881678,0.559264,0,0,0,0,0,0,0,0,0,0,0,0,0,0,0.596187,0.393036,0.69295,0.365837,0.165695,0.491151,0,0
0.71711,0.417577,0.364015,0.717324,0.0399283,0.779981,0,0,0,0,0.702635,0.65736,0.99291,0.875351,0.872004,0.553866,0,0,0,0,0,0,0,0,0,0,0,0,0,0,0.596227,0.390362,0.697819,0.363095,0.165678,0.488462,0,0
0.717151,0.420294,0.359189,0.714585,0.0302647,0.771818,0,0,0,0,0.697822,0.651927,0.992909,0.872648,0.871991,0.553842,0,0,0,0,0,0,0,0,0,0,0,0,0,0,0.601019,0.39305,0.697797,0.365803,0.165687,0.488456,0,0
0.717224,0.40944,0.368854,0.71186,0.0351056,0.771814,0,0,0,0,0.692993,0.649189,0.992914,0.872641,0.872053,0.553828,0,0,0,0,0,0,0,0,0,0,0,0,0,0,0.60111,0.387635,0.697821,0.360349,0.175338,0.488453,0,0
0.722019,0.406722,0.373697,0.709149,0.0447699,0.77181,0,0,0,0,0.697799,0.649192,0.992914,0.869897,0.876772,0.553818,0,0,0,0,0,0,0,0,0,0,0,0,0,0,0.601105,0.384905,0.697804,0.354934,0.175351,0.488445,0,0
0.721992,0.404008,0.373709,0.711875,0.0399324,0.774531,0,0,0,0,0.702628,0.649187,0.992916,0.869907,0.876773,0.553843,0,0,0,0,0,0,0,0,0,0,0,0,0,0,0.601076,0.38221,0.693005,0.352177,0.175388,0.48845,0,0
0.722015,0.403967,0.373698,0.711875,0.0399318,0.774533,0,0,0,0,0.697827,0.646481,0.992918,0.869908,0.876786,0.553858,0,0,0,0,0,0,0,0,0,0,0,0,0,0,0.601089,0.382176,0.693,0.346753,0.175393,0.48844,0,0
0.721984,0.403994,0.364032,0.711872,0.0350946,0.774539,0,0,0,0,0.697823,0.646487,0.992911,0.872616,0.87204,0.553833,0,0,0,0,0,0,0,0,0,0,0,0,0,0,0.601055,0.382192,0.692986,0.349466,0.170486,0.48845,0,0
0.71719,0.406691,0.359181,0.711872,0.0350892,0.774534,0,0,0,0,0.692964,0.649189,0.992911,0.872649,0.87199,0.553809,0,0,0,0,0,0,0,0,0,0,0,0,0,0,0.601008,0.384868,0.68818,0.349478,0.160845,0.488406,0,0
0.712316,0.409451,0.339845,0.711876,0.0350917,0.777261,0,0,0,0,0.692957,0.646471,0.992909,0.875368,0.871927,0.553819,0,0,0,0,0,0,0,0,0,0,0,0,0,0,0.59141,0.387596,0.683347,0.354913,0.156037,0.488437,0,0
0.712324,0.414876,0.325349,0.714586,0.035091,0.771816,0,0,0,0,0.69299,0.649198,0.992911,0.875352,0.8719,0.553824,0,0,0,0,0,0,0,0,0,0,0,0,0,0,0.591428,0.390345,0.683333,0.357656,0.165667,0.491131,0,0
0.717195,0.423027,0.3592,0.720038,0.035096,0.777267,0,0,0,0,0.692985,0.654647,0.992915,0.872642,0.871917,0.553873,0,0,0,0,0,0,0,0,0,0,0,0,0,0,0.596212,0.393044,0.688159,0.360345,0.170485,0.491182,0,0
0.717178,0.423013,0.34469,0.717325,0.0302764,0.774534,0,0,0,0,0.692989,0.660086,0.992915,0.87807,0.87194,0.556547,0,0,0,0,0,0,0,0,0,0,0,0,0,0,0.596259,0.393098,0.692936,0.360408,0.170499,0.49118,0,0
0.722,0.423037,0.33018,0.725494,0.0350884,0.771817,0,0,0,0,0.702625,0.665534,0.992916,0.878097,0.871989,0.559295,0,0,0,0,0,0,0,0,0,0,0,0,0,0,0.596244,0.395761,0.7026,0.360369,0.170522,0.491197,0,0
0.721982,0.423039,0.344688,0.720046,0.0350908,0.771808,0,0,0,0,0.697823,0.662818,0.992916,0.880795,0.872029,0.559282,0,0,0,0,0,0,0,0,0,0,0,0,0,0,0.596259,0.395781,0.697816,0.360375,0.170551,0.493858,0,0
0.721975,0.423054,0.364017,0.72822,0.0399278,0.777264,0,0,0,0,0.697824,0.665532,0.992909,0.880817,0.871987,0.562018,0,0,0,0,0,0,0,0,0,0,0,0,0,0,0.596238,0.395804,0.697787,0.360393,0.165671,0.493903,0,0
0.721978,0.42577,0.349522,0.736383,0.0399249,0.796332,0,0,0,0,0.692952,0.662827,0.992909,0.880802,0.867133,0.559284,0,0,0,0,0,0,0,0,0,0,0,0,0,0,0.596193,0.39579,0.688194,0.360404,0.156037,0.493882,0,0
0.712319,0.423046,0.373704,0.733669,0.0834655,0.801783,0,0,0,0,0.668803,0.654648,0.992906,0.875338,0.867045,0.556595,0,0,0,0,0,0,0,0,0,0,0,0,0,0,0.59133,0.395819,0.678502,0.360391,0.156045,0.493915,0,0
0.712277,0.420324,0.368862,0.733666,0.0689515,0.801784,0,0,0,0,0.659112,0.651936,0.992909,0.869927,0.862324,0.556574,0,0,0,0,0,0,0,0,0,0,0,0,0,0,0.586507,0.398477,0.673692,0.360362,0.14637,0.493899,0,0
0.707507,0.428476,0.339859,0.728214,0.0447599,0.788159,0,0,0,0,0.654286,0.649209,0.992908,0.867201,0.862296,0.553834,0,0,0,0,0,0,0,0,0,0,0,0,0,0,0.58173,0.39581,0.678502,0.368547,0.14157,0.493865,0,0
0.70748,0.42848,0.344688,0.720036,0.0447613,0.782713,0,0,0,0,0.644616,0.646492,0.992907,0.864462,0.862282,0.553828,0,0,0,0,0,0,0,0,0,0,0,0,0,0,0.581692,0.395787,0.67365,0.365827,0.141499,0.493878,0,0
0.697818,0.423048,0.325345,0.725494,0.0302531,0.785435,0,0,0,0,0.639771,0.643759,0.992902,0.864461,0.857449,0.553804,0,0,0,0,0,0,0,0,0,0,0,0,0,0,0.567217,0.393054,0.668785,0.360396,0.136619,0.491166,0,0
0.692992,0.425744,0.330169,0.722763,0.0350991,0.779984,0,0,0,0,0.63978,0.646476,0.992902,0.867159,0.857435,0.553824,0,0,0,0,0,0,0,0,0,0,0,0,0,0,0.562355,0.393035,0.668766,0.360345,0.131833,0.491183,0,0
0.678494,0.420318,0.325326,0.720047,0.0399266,0.777266,0,0,0,0,0.634907,0.643747,0,0,0,0,0,0,0,0,0,0,0,0,0,0,0,0,0,0,0.55749,0.390374,0.654269,0.360392,0.126981,0.491161,0,0
0.683289,0.420305,0.320488,0.72004,0.0302651,0.777269,0,0,0,0,0.634949,0.643738,0.9929,0.864458,0.833302,0.553797,0,0,0,0,0,0,0,0,0,0,0,0,0,0,0.552742,0.393056,0.659097,0.360392,0.122201,0.491144,0,0
0.678444,0.423058,0.315656,0.722769,0.0302628,0.785433,0,0,0,0,0.630106,0.643735,0.992898,0.864437,0.828402,0.551119,0,0,0,0,0,0,0,0,0,0,0,0,0,0,0.552649,0.395786,0.644605,0.360402,0.112534,0.491167,0,0
0.673646,0.423038,0.310811,0.720047,0.0350843,0.777266,0,0,0,0,0.634935,0.643728,0.992899,0.864445,0.8284,0.553797,0,0,0,0,0,0,0,0,0,0,0,0,0,0,0.547854,0.395769,0.639823,0.36038,0.117302,0.4912,0,0
0.67359,0.425754,0.315679,0.725496,0.0399307,0.799059,0,0,0,0,0.625267,0.643746,0.990485,0.86172,0.828366,0.553821,0,0,0,0,0,0,0,0,0,0,0,0,0,0,0.54299,0.395812,0.639713,0.365809,0.112514,0.496592,0,0
0.678419,0.425757,0.320516,0.72821,0.0447734,0.793613,0,0,0,0,0.620429,0.643731,0.990485,0.861737,0.828367,0.553823,0,0,0,0,0,0,0,0,0,0,0,0,0,0,0.54304,0.395818,0.634969,0.363116,0.117313,0.493915,0,0
0.673611,0.425762,0.320516,0.725494,0.0399365,0.793612,0,0,0,0,0.634931,0.643737,0.9929,0.86445,0.828461,0.553802,0,0,0,0,0,0,0,0,0,0,0,0,0,0,0.547869,0.395818,0.64458,0.365817,0.122133,0.493879,0,0
0.673644,0.423059,0.315658,0.728215,0.0399272,0.788164,0,0,0,0,0.634922,0.643731,0.9929,0.867169,0.833264,0.553808,0,0,0,0,0,0,0,0,0,0,0,0,0,0,0.552651,0.395812,0.644583,0.363108,0.117362,0.493864,0,0
0.67845,0.420314,0.315649,0.717316,0.025426,0.774534,0,0,0,0,0.639737,0.643757,0.992903,0.867167,0.838103,0.553804,0,0,0,0,0,0,0,0,0,0,0,0,0,0,0.552716,0.393059,0.649448,0.360388,0.127052,0.493861,0,0
0.678499,0.417592,0.310838,0.72005,0.0205871,0.777259,0,0,0,0,0.63493,0.64373,0.992905,0.864453,0.842971,0.551123,0,0,0,0,0,0,0,0,0,0,0,0,0,0,0.552734,0.390366,0.649444,0.360367,0.127,0.491176,0,0
0.68328,0.412133,0.325331,0.717318,0.0302626,0.779986,0,0,0,0,0.634938,0.64104,0,0,0,0,0,0,0,0,0,0,0,0,0,0,0,0,0,0,0.552717,0.390335,0.644637,0.357605,0.127034,0.4912,0,0
0.678414,0.409441,0.320488,0.714598,0.0350871,0.779991,0,0,0,0,0.639743,0.641033,0.992908,0.86172,0.838095,0.551093,0,0,0,0,0,0,0,0,0,0,0,0,0,0,0.552652,0.387643,0.6446,0.35761,0.126959,0.491171,0,0
0.673618,0.4203,0.325331,0.717311,0.0399364,0.78271,0,0,0,0,0.630075,0.641009,0.992904,0.861728,0.83324,0.551099,0,0,0,0,0,0,0,0,0,0,0,0,0,0,0.547822,0.390365,0.639814,0.360392,0.117338,0.491162,0,0
0.668791,0.417589,0.315674,0.711874,0.0302563,0.782712,0,0,0,0,0.630066,0.635578,0.992904,0.861723,0.833203,0.55111,0,0,0,0,0,0,0,0,0,0,0,0,0,0,0.543024,0.390359,0.639745,0.357661,0.117301,0.49118,0,0
0.67361,0.417569,0.31566,0.698248,0.0350864,0.774537,0,0,0,0,0.630098,0.635585,0.992902,0.859008,0.828373,0.545664,0,0,0,0,0,0,0,0,0,0,0,0,0,0,0.538214,0.384898,0.639768,0.354934,0.112535,0.491177,0,0
0.663978,0.409443,0.315654,0.695525,0.0350853,0.777262,0,0,0,0,0.630082,0.638281,0.992901,0.858997,0.828384,0.548347,0,0,0,0,0,0,0,0,0,0,0,0,0,0,0.538137,0.384886,0.639763,0.352189,0.112532,0.491183,0,0
0.659114,0.412124,0.315654,0.698249,0.0302655,0.774542,0,0,0,0,0.630088,0.638284,0.992899,0.859003,0.828359,0.548351,0,0,0,0,0,0,0,0,0,0,0,0,0,0,0.528567,0.382201,0.63973,0.354891,0.112506,0.491194,0,0
0.663981,0.409402,0.315656,0.703693,0.0399332,0.779985,0,0,0,0,0.62043,0.638282,0.990493,0.858992,0.828395,0.545675,0,0,0,0,0,0,0,0,0,0,0,0,0,0,0.528576,0.382133,0.634964,0.346767,0.107697,0.491132,0,0
0.654289,0.40398,0.315673,0.695517,0.0302708,0.763634,0,0,0,0,0.630091,0.641018,0.990488,0.858999,0.823571,0.542952,0,0,0,0,0,0,0,0,0,0,0,0,0,0,0.528535,0.379439,0.634953,0.344054,0.107673,0.48846,0,0
0.654324,0.403985,0.310841,0.692805,0.0302579,0.758196,0,0,0,0,0.630079,0.64101,0.990486,0.859007,0.823589,0.545636,0,0,0,0,0,0,0,0,0,0,0,0,0,0,0.528487,0.37943,0.634938,0.344005,0.107651,0.488453,0,0
0.663962,0.406677,0.310802,0.692803,0.0302662,0.760918,0,0,0,0,0.630071,0.641,0.992901,0.856283,0.828399,0.545675,0,0,0,0,0,0,0,0,0,0,0,0,0,0,0.528507,0.38214,0.630103,0.341319,0.107641,0.491127,0,0
0.663926,0.406705,0.310842,0.695513,0.0351046,0.758198,0,0,0,0,0.625236,0.635584,0.990487,0.856289,0.828415,0.545674,0,0,0,0,0,0,0,0,0,0,0,0,0,0,0.528562,0.382164,0.630118,0.344045,0.11247,0.491138,0,0
0.663949,0.406715,0.325329,0.700962,0.0399316,0.77453,0,0,0,0,0.625264,0.638293,0.9929,0.856269,0.833309,0.548369,0,0,0,0,0,0,0,0,0,0,0,0,0,0,0.533304,0.3822,0.634865,0.344028,0.117326,0.491166,0,0
0.668798,0.406708,0.320482,0.695513,0.035088,0.76636,0,0,0,0,0.630107,0.638283,0.9929,0.85084,0.842907,0.54837,0,0,0,0,0,0,0,0,0,0,0,0,0,0,0.533372,0.382182,0.634963,0.346754,0.117308,0.48847,0,0
0.673648,0.403986,0.315664,0.690082,0.0350954,0.760908,0,0,0,0,0.63006,0.632848,0.992902,0.85355,0.847791,0.54837,0,0,0,0,0,0,0,0,0,0,0,0,0,0,0.54297,0.37946,0.639718,0.341276,0.122197,0.488477,0,0
0.673657,0.403966,0.315675,0.692796,0.0350903,0.763634,0,0,0,0,0.630082,0.635559,0.992902,0.853558,0.847812,0.548361,0,0,0,0,0,0,0,0,0,0,0,0,0,0,0.538216,0.382131,0.639727,0.341303,0.126951,0.491122,0,0
0.673625,0.403935,0.320499,0.695522,0.0447592,0.769082,0,0,0,0,0.630089,0.632851,0.992902,0.853565,0.847802,0.545663,0,0,0,0,0,0,0,0,0,0,0,0,0,0,0.542973,0.37946,0.639703,0.33863,0.126964,0.491124,0,0
0.673619,0.401212,0.325347,0.692804,0.0350907,0.766357,0,0,0,0,0.630074,0.635561,0.992898,0.85629,0.842978,0.545634,0,0,0,0,0,0,0,0,0,0,0,0,0,0,0.538189,0.379425,0.63976,0.338598,0.122159,0.488474,0,0
0.678432,0.398497,0.325344,0.698237,0.0350903,0.766359,0,0,0,0,0.634921,0.635561,0.992899,0.853557,0.842955,0.542941,0,0,0,0,0,0,0,0,0,0,0,0,0,0,0.538212,0.376712,0.639749,0.338562,0.122169,0.488424,0,0
0.678455,0.398539,0.325338,0.692801,0.030255,0.763639,0,0,0,0,0.634895,0.632846,0.990486,0.856281,0.842978,0.542948,0,0,0,0,0,0,0,0,0,0,0,0,0,0,0.538212,0.379396,0.639803,0.338595,0.117371,0.488419,0,0
