0.257634,0.605602,0.746194,0.542929,0.644616,0.657367,0.823587,0.834492,0.383376,0.722775,0.85745,0.406695,0,0,0,0,0,0,0,0,0,0,0,0,0,0,0,0,0,0,0.209203,0.581049,0.276947,0.532038,0,0,0.533389,0.423036
0.25764,0.6056,0.736531,0.542926,0.639788,0.657372,0.818745,0.837201,0.383407,0.72549,0.852614,0.406691,0,0,0,0,0,0,0,0,0,0,0,0,0,0,0,0,0,0,0.209219,0.578399,0.276955,0.532037,0,0,0.5334,0.423037
0.257651,0.602903,0.736518,0.542927,0.639772,0.662817,0.813893,0.837215,0.388204,0.722766,0.852619,0.401259,0,0,0,0,0,0,0,0,0,0,0,0,0,0,0,0,0,0,0.209215,0.578373,0.276993,0.532009,0,0,0.533403,0.423014
0.257656,0.602904,0.741329,0.542919,0.639755,0.657379,0.813919,0.837214,0.38341,0.72276,0.857446,0.401259,0,0,0,0,0,0,0,0,0,0,0,0,0,0,0,0,0,0,0.209211,0.578368,0.277004,0.532005,0,0,0.533407,0.423012
0.257656,0.605586,0.741333,0.54021,0.644599,0.657377,0.818754,0.837205,0.388225,0.725488,0.852606,0.401262,0,0,0,0,0,0,0,0,0,0,0,0,0,0,0,0,0,0,0.209248,0.578381,0.281743,0.532023,0,0,0.533413,0.423011
0.257665,0.605591,0.741342,0.540197,0.644623,0.657376,0.818748,0.837208,0.383395,0.722769,0.852606,0.401243,0,0,0,0,0,0,0,0,0,0,0,0,0,0,0,0,0,0,0.209256,0.578378,0.281755,0.532022,0,0,0.533395,0.423009
0.257698,0.605579,0.74136,0.542917,0.644603,0.660098,0.823582,0.834492,0.388229,0.725483,0.862273,0.401255,0,0,0,0,0,0,0,0,0,0,0,0,0,0,0,0,0,0,0.209261,0.578373,0.281758,0.532013,0,0,0.538134,0.423012
0.257695,0.602916,0.746169,0.540201,0.644617,0.654652,0.823588,0.834478,0.383402,0.722762,0.862271,0.403956,0,0,0,0,0,0,0,0,0,0,0,0,0,0,0,0,0,0,0.209263,0.578379,0.281759,0.532008,0,0,0.53814,0.423007
0.257699,0.602911,0.74135,0.534765,0.644593,0.651917,0.82843,0.831762,0.38823,0.725487,0.852604,0.401254,0,0,0,0,0,0,0,0,0,0,0,0,0,0,0,0,0,0,0.209286,0.578374,0.281768,0.532012,0,0,0.538188,0.423006
0.262418,0.602892,0.751007,0.537474,0.64462,0.651917,0.82843,0.831759,0.38821,0.725492,0.862282,0.403982,0,0,0,0,0,0,0,0,0,0,0,0,0,0,0,0,0,0,0.209297,0.578358,0.281817,0.529329,0,0,0.542969,0.422994
0.262459,0.602881,0.755867,0.53476,0.654277,0.649199,0.828431,0.826313,0.393059,0.728228,0.867114,0.40125,0,0,0,0,0,0,0,0,0,0,0,0,0,0,0,0,0,0,0.2093,0.578337,0.281838,0.529323,0,0,0.542969,0.420332
0.26247,0.602882,0.755839,0.537471,0.654268,0.649203,0.833271,0.829027,0.397873,0.730944,0.862297,0.403958,0,0,0,0,0,0,0,0,0,0,0,0,0,0,0,0,0,0,0.209293,0.578347,0.281837,0.529323,0,0,0.542967,0.420328
0.262506,0.602881,0.751041,0.537483,0.649437,0.651926,0.838106,0.823585,0.393069,0.733657,0.867125,0.403964,0,0,0,0,0,0,0,0,0,0,0,0,0,0,0,0,0,0,0.209324,0.578343,0.286578,0.529325,0,0,0.542972,0.420322
0.267265,0.602883,0.755856,0.540194,0.654267,0.654642,0.833258,0.829028,0.393052,0.730938,0.871962,0.403976,0,0,0,0,0,0,0,0,0,0,0,0,0,0,0,0,0,0,0.209321,0.578357,0.286587,0.529326,0,0,0.538243,0.420314
0.267259,0.602866,0.755864,0.54021,0.649446,0.651925,0.842931,0.826301,0.393064,0.730931,0.871948,0.406702,0,0,0,0,0,0,0,0,0,0,0,0,0,0,0,0,0,0,0.209324,0.578342,0.286586,0.5293,0,0,0.542985,0.420306
0.267255,0.602851,0.751028,0.540206,0.644614,0.651921,0.842937,0.823585,0.393066,0.730938,0.867112,0.40668,0,0,0,0,0,0,0,0,0,0,0,0,0,0,0,0,0,0,0.209308,0.578332,0.286575,0.52929,0,0,0.538238,0.420296
0.262521,0.602864,0.751042,0.537483,0.649433,0.654643,0.833268,0.829033,0.383392,0.722775,0.857454,0.403968,0,0,0,0,0,0,0,0,0,0,0,0,0,0,0,0,0,0,0.209285,0.578336,0.286554,0.529277,0,0,0.538227,0.420292
0.267259,0.602856,0.755842,0.534755,0.654266,0.654642,0.833257,0.829028,0.383361,0.722765,0.852611,0.401233,0,0,0,0,0,0,0,0,0,0,0,0,0,0,0,0,0,0,0.209282,0.578334,0.28656,0.529276,0,0,0.538195,0.420288
0.262459,0.600196,0.746195,0.534762,0.649447,0.651928,0.81876,0.829042,0.383397,0.722775,0.857457,0.403951,0,0,0,0,0,0,0,0,0,0,0,0,0,0,0,0,0,0,0.209265,0.578353,0.281825,0.529275,0,0,0.538141,0.417595
0.262445,0.600178,0.741363,0.529318,0.649424,0.651927,0.818741,0.829039,0.378534,0.717342,0.852608,0.398508,0,0,0,0,0,0,0,0,0,0,0,0,0,0,0,0,0,0,0.209258,0.578337,0.281817,0.526584,0,0,0.533381,0.417573
0.257675,0.600145,0.741363,0.529306,0.639786,0.651916,0.813898,0.82359,0.378548,0.722761,0.842933,0.398506,0,0,0,0,0,0,0,0,0,0,0,0,0,0,0,0,0,0,0.209223,0.578318,0.281736,0.526562,0,0,0.5333,0.414837
0.257625,0.600137,0.74135,0.529296,0.639763,0.649199,0.81874,0.823582,0.378547,0.725485,0.833255,0.395791,0,0,0,0,0,0,0,0,0,0,0,0,0,0,0,0,0,0,0.20916,0.578311,0.276955,0.52657,0,0,0.52858,0.412145
0.25762,0.600143,0.741371,0.534756,0.639744,0.649204,0.813905,0.826299,0.378564,0.722765,0.857433,0.401248,0,0,0,0,0,0,0,0,0,0,0,0,0,0,0,0,0,0,0.209198,0.575662,0.276938,0.526571,0,0,0.528565,0.412147
0.257618,0.60014,0.741353,0.532027,0.634935,0.649196,0.828422,0.823585,0.378529,0.725486,0.852597,0.401247,0,0,0,0,0,0,0,0,0,0,0,0,0,0,0,0,0,0,0.209198,0.578309,0.276939,0.526571,0,0,0.528568,0.412159
0.257619,0.600139,0.746181,0.534755,0.634929,0.651919,0.833263,0.826301,0.378543,0.725498,0.857447,0.403972,0,0,0,0,0,0,0,0,0,0,0,0,0,0,0,0,0,0,0.209194,0.57831,0.276944,0.526569,0,0,0.52856,0.414836
0.25762,0.600141,0.746179,0.534753,0.634923,0.649201,0.828423,0.82086,0.373734,0.720063,0.857458,0.403964,0,0,0,0,0,0,0,0,0,0,0,0,0,0,0,0,0,0,0.209197,0.578307,0.276938,0.526565,0,0,0.528559,0.412161
0.257618,0.600139,0.751014,0.532039,0.634936,0.651918,0.823579,0.826302,0.378532,0.72276,0.852607,0.401229,0,0,0,0,0,0,0,0,0,0,0,0,0,0,0,0,0,0,0.209189,0.578306,0.276935,0.526567,0,0,0.52856,0.412152
0.257611,0.600132,0.751004,0.534751,0.634945,0.651925,0.813902,0.829026,0.378537,0.720049,0.857437,0.401235,0,0,0,0,0,0,0,0,0,0,0,0,0,0,0,0,0,0,0.209185,0.575661,0.276934,0.526568,0,0,0.528557,0.412149
0.257589,0.600123,0.746193,0.529317,0.634952,0.649203,0.838104,0.826313,0.378532,0.722771,0.852614,0.401229,0,0,0,0,0,0,0,0,0,0,0,0,0,0,0,0,0,0,0.20445,0.575662,0.272164,0.526588,0,0,0.528537,0.412149
0.257581,0.60013,0.746182,0.532034,0.639772,0.651928,0.823587,0.826308,0.378534,0.720049,0.842945,0.398522,0,0,0,0,0,0,0,0,0,0,0,0,0,0,0,0,0,0,0.204446,0.578304,0.272149,0.526583,0,0,0.528513,0.41213
0.252874,0.600116,0.746177,0.532035,0.63495,0.657368,0.833261,0.823587,0.373696,0.720033,0.823582,0.401233,0,0,0,0,0,0,0,0,0,0,0,0,0,0,0,0,0,0,0.204405,0.575655,0.272132,0.526571,0,0,0.528483,0.409413
0.252872,0.597463,0.736495,0.5293,0.63494,0.654646,0.818752,0.826315,0.368896,0.714616,0.809061,0.395789,0,0,0,0,0,0,0,0,0,0,0,0,0,0,0,0,0,0,0.204384,0.575638,0.272088,0.526562,0,0,0.52848,0.409403
0.252844,0.59745,0.731652,0.521129,0.639755,0.651921,0.818737,0.82902,0.373691,0.717332,0.80424,0.384893,0,0,0,0,0,0,0,0,0,0,0,0,0,0,0,0,0,0,0.204369,0.575605,0.267284,0.52386,0,0,0.528472,0.409396
0.252849,0.597444,0.722031,0.521138,0.639754,0.654653,0.813896,0.831744,0.37368,0.714622,0.804235,0.382175,0,0,0,0,0,0,0,0,0,0,0,0,0,0,0,0,0,0,0.204377,0.575601,0.267289,0.523857,0,0,0.528465,0.406718
0.252824,0.597418,0.722025,0.523866,0.639776,0.657366,0.813901,0.826306,0.368919,0.717314,0.804227,0.384884,0,0,0,0,0,0,0,0,0,0,0,0,0,0,0,0,0,0,0.204339,0.575578,0.262485,0.523846,0,0,0.528459,0.406722
0.25279,0.597427,0.717179,0.526577,0.639768,0.657375,0.799407,0.829032,0.368886,0.714621,0.799399,0.37945,0,0,0,0,0,0,0,0,0,0,0,0,0,0,0,0,0,0,0.199607,0.572884,0.262435,0.52384,0,0,0.528443,0.406708
0.252732,0.597407,0.72201,0.526574,0.634957,0.65193,0.813899,0.829029,0.36887,0.717312,0.804256,0.384894,0,0,0,0,0,0,0,0,0,0,0,0,0,0,0,0,0,0,0.19952,0.572872,0.257687,0.523831,0,0,0.523691,0.406709
0.252725,0.597401,0.717202,0.529296,0.639741,0.654642,0.804239,0.826315,0.368872,0.717319,0.80906,0.3849,0,0,0,0,0,0,0,0,0,0,0,0,0,0,0,0,0,0,0.199495,0.572869,0.25767,0.521144,0,0,0.523677,0.406711
0.252688,0.594718,0.717161,0.52931,0.634935,0.657364,0.804241,0.820864,0.368873,0.717327,0.809073,0.387607,0,0,0,0,0,0,0,0,0,0,0,0,0,0,0,0,0,0,0.194721,0.567473,0.257649,0.521102,0,0,0.523649,0.406695
0.248021,0.59738,0.722002,0.526577,0.63494,0.651918,0.809065,0.818135,0.368843,0.717334,0.813892,0.38761,0,0,0,0,0,0,0,0,0,0,0,0,0,0,0,0,0,0,0.194741,0.567462,0.257633,0.518423,0,0,0.523612,0.404016
0.247981,0.594703,0.712348,0.523868,0.63494,0.651925,0.789738,0.826313,0.36404,0.717311,0.809073,0.387608,0,0,0,0,0,0,0,0,0,0,0,0,0,0,0,0,0,0,0.189944,0.567441,0.257585,0.518397,0,0,0.518843,0.403976
0.247941,0.594702,0.71716,0.521136,0.634929,0.64648,0.784884,0.826304,0.3592,0.71459,0.809093,0.382175,0,0,0,0,0,0,0,0,0,0,0,0,0,0,0,0,0,0,0.189905,0.564729,0.257586,0.518387,0,0,0.518822,0.403976
0.24793,0.594722,0.712339,0.523865,0.639796,0.646474,0.780063,0.826306,0.354348,0.714594,0.799409,0.390338,0,0,0,0,0,0,0,0,0,0,0,0,0,0,0,0,0,0,0.185108,0.56743,0.257574,0.518383,0,0,0.514028,0.403997
0.247956,0.597395,0.71232,0.52659,0.639757,0.649193,0.784887,0.823586,0.354369,0.714609,0.799389,0.390332,0,0,0,0,0,0,0,0,0,0,0,0,0,0,0,0,0,0,0.189836,0.567441,0.257584,0.518401,0,0,0.514022,0.404009
0.247984,0.597441,0.712334,0.526576,0.639747,0.654646,0.780052,0.831748,0.364022,0.722766,0.799384,0.382158,0,0,0,0,0,0,0,0,0,0,0,0,0,0,0,0,0,0,0.189902,0.570183,0.257581,0.521116,0,0,0.51878,0.404
0.248013,0.597444,0.717186,0.526573,0.639788,0.651922,0.780057,0.829036,0.364051,0.722766,0.799403,0.384891,0,0,0,0,0,0,0,0,0,0,0,0,0,0,0,0,0,0,0.189919,0.570185,0.25759,0.521121,0,0,0.518787,0.406666
0.25273,0.597449,0.721998,0.526571,0.639776,0.649201,0.780042,0.834486,0.36407,0.722761,0.80422,0.384897,0,0,0,0,0,0,0,0,0,0,0,0,0,0,0,0,0,0,0.194717,0.57287,0.257644,0.52115,0,0,0.51888,0.406686
0.252736,0.597436,0.717133,0.523852,0.644591,0.649203,0.780055,0.83176,0.368843,0.722759,0.799392,0.376715,0.992911,0.232291,0.789712,0.267731,0,0,0,0,0,0,0,0,0,0,0,0,0,0,0.194712,0.572866,0.257639,0.521145,0,0,0.523594,0.406682
0.252748,0.597396,0.722012,0.518412,0.634925,0.643751,0.789712,0.829037,0.368856,0.722777,0.80424,0.379438,0,0,0,0,0,0,0,0,0,0,0,0,0,0,0,0,0,0,0.194713,0.570151,0.257679,0.521126,0,0,0.523637,0.406679
0.252775,0.597397,0.721998,0.518403,0.64459,0.649194,0.775224,0.834475,0.368893,0.722778,0.804235,0.368549,0,0,0,0,0,0,0,0,0,0,0,0,0,0,0,0,0,0,0.194787,0.570164,0.257685,0.521127,0,0,0.523657,0.406679
0.252815,0.597401,0.731673,0.518395,0.639754,0.646471,0.780047,0.831755,0.364051,0.722769,0.823578,0.384898,0,0,0,0,0,0,0,0,0,0,0,0,0,0,0,0,0,0,0.199535,0.570181,0.262413,0.521135,0,0,0.523708,0.40667
0.252827,0.597405,0.72684,0.512951,0.639783,0.643752,0.775217,0.831762,0.363988,0.722773,0.794544,0.368535,0.992908,0.237758,0.799429,0.256834,0,0,0,0,0,0,0,0,0,0,0,0,0,0,0.199569,0.570168,0.262429,0.521129,0,0,0.523735,0.406681
0.252864,0.597387,0.726832,0.504788,0.639768,0.638292,0.789732,0.834475,0.368854,0.728229,0.794568,0.360372,0.992902,0.235037,0.794577,0.243224,0,0,0,0,0,0,0,0,0,0,0,0,0,0,0.199621,0.572908,0.267256,0.521114,0,0,0.523753,0.403982
0.25758,0.594719,0.717134,0.507507,0.634905,0.654644,0.804226,0.837204,0.373698,0.73367,0.780052,0.352191,0,0,0,0,0,0,0,0,0,0,0,0,0,0,0,0,0,0,0.204364,0.572915,0.267328,0.521131,0,0,0.523743,0.403977
0.25764,0.597387,0.74137,0.504794,0.64945,0.641019,0.804234,0.83176,0.368856,0.733654,0.775222,0.586531,0.692995,0.859015,0.330175,0.720047,0,0,0,0,0,0,0,0,0,0,0,0,0,0,0.204391,0.575594,0.272151,0.521118,0,0,0.528527,0.403991
0.257677,0.597381,0.75101,0.504794,0,0,0,0,0,0,0.755894,0.59742,0.717161,0.850828,0.334994,0.722777,0,0,0,0,0,0,0,0,0,0,0,0,0,0,0.204464,0.575588,0.276949,0.518425,0,0,0.528539,0.403984
0.262513,0.594692,0.760705,0.521118,0.644615,0.632844,0.794545,0.829031,0.3689,0.730954,0.828427,0.398511,0.992903,0.27318,0.862271,0.232329,0,0,0,0,0,0,0,0,0,0,0,0,0,0,0.209217,0.57561,0.281779,0.518403,0,0,0.528571,0.403958
0.267267,0.594668,0.746186,0.515681,0.644619,0.643746,0.799389,0.831754,0.373718,0.730958,0.809095,0.379447,0.992895,0.262286,0.809089,0.226873,0,0,0,0,0,0,0,0,0,0,0,0,0,0,0.209254,0.575577,0.281804,0.518382,0,0,0.52858,0.403937
0.262481,0.591956,0.741348,0.510233,0.663943,0.638305,0.770381,0.826316,0,0,0.804235,0.363112,0.990477,0.262288,0.789705,0.221412,0,0,0,0,0,0,0,0,0,0,0,0,0,0,0.20923,0.572895,0.281774,0.515686,0,0,0.528542,0.401244
0.262483,0.591949,0.751045,0.499341,0,0,0,0,0,0,0.784876,0.371269,0.992898,0.265035,0.809125,0.229564,0,0,0,0,0,0,0,0,0,0,0,0,0,0,0.209208,0.570192,0.281788,0.515672,0,0,0.528545,0.401247
0.257605,0.589266,0.775229,0.496608,0.770374,0.409419,0,0,0,0,0.794544,0.559285,0.755856,0.834489,0.330221,0.714624,0,0,0,0,0,0,0,0,0,0,0,0,0,0,0.204333,0.567434,0.276915,0.515666,0,0,0.528513,0.401251
0.252796,0.589243,0.755849,0.502062,0,0,0,0,0,0,0.789723,0.564727,0.755864,0.834499,0.334998,0.714627,0,0,0,0,0,0,0,0,0,0,0,0,0,0,0.199498,0.56198,0.267299,0.513002,0,0,0.528507,0.401259
0.248011,0.586542,0.736505,0.502067,0.630108,0.635572,0.78004,0.834478,0,0,0.804221,0.365821,0.992902,0.256819,0.813883,0.19688,0,0,0,0,0,0,0,0,0,0,0,0,0,0,0.194722,0.556557,0.262422,0.512915,0,0,0.528471,0.401233
0.248015,0.586525,0.731692,0.507506,0.62042,0.638296,0.760698,0.829042,0.373704,0.720054,0.789737,0.567458,0.76069,0.829024,0.344688,0.71461,0,0,0,0,0,0,0,0,0,0,0,0,0,0,0.194716,0.556551,0.262422,0.510261,0,0,0.528442,0.401217
0.252742,0.586557,0.741369,0.504791,0.625258,0.54838,0.644602,0.872599,0.364032,0.711865,0.809077,0.54565,0.765536,0.826307,0.339888,0.7119,0,0,0,0,0,0,0,0,0,0,0,0,0,0,0.194722,0.5566,0.26246,0.51292,0,0,0.528445,0.401235
0.252734,0.586552,0.741367,0.504785,0.6301,0.551104,0.639737,0.867175,0.349551,0.709153,0.804215,0.545651,0.765541,0.82085,0.339863,0.71188,0,0,0,0,0,0,0,0,0,0,0,0,0,0,0.194693,0.556602,0.262477,0.512941,0,0,0.523751,0.401243
0.252743,0.586554,0.726838,0.496606,0.62526,0.627403,0.736515,0.820858,0.364021,0.711874,0.784888,0.357643,0.920346,0.226861,0.794533,0.229586,0,0,0,0,0,0,0,0,0,0,0,0,0,0,0.19469,0.556605,0.262483,0.512948,0,0,0.523743,0.401241
0.252747,0.589228,0.717139,0.504777,0.634921,0.641019,0.765545,0.812686,0.364066,0.714604,0.789705,0.344031,0.915524,0.221415,0.755887,0.237792,0,0,0,0,0,0,0,0,0,0,0,0,0,0,0.194703,0.559277,0.262488,0.512962,0,0,0.528452,0.401262
0.252716,0.589254,0.721994,0.507496,0.634915,0.635575,0.833259,0.804506,0.368894,0.722763,0.794542,0.349472,0.900967,0.215974,0.73169,0.262254,0,0,0,0,0,0,0,0,0,0,0,0,0,0,0.194707,0.559302,0.262468,0.512984,0,0,0.523677,0.401239
0.252707,0.589271,0.721997,0.507502,0.630076,0.632843,0.818748,0.804514,0.368892,0.722772,0.78489,0.341296,0.891287,0.215939,0.717157,0.270457,0,0,0,0,0,0,0,0,0,0,0,0,0,0,0.194698,0.559307,0.262448,0.512989,0,0,0.523674,0.401237
0.252701,0.58927,0.726853,0.510237,0.634918,0.627394,0.823579,0.807234,0.373675,0.725486,0.755876,0.341291,0.896124,0.215954,0.702651,0.289525,0,0,0,0,0,0,0,0,0,0,0,0,0,0,0.194676,0.559292,0.262452,0.512982,0,0,0.514023,0.398524
0.252702,0.589266,0.721982,0.51568,0.630086,0.638292,0.833266,0.804505,0.373697,0.728203,0.760706,0.349472,0.900953,0.210515,0.697801,0.294964,0,0,0,0,0,0,0,0,0,0,0,0,0,0,0.194697,0.559284,0.262453,0.512982,0,0,0.513991,0.398511
0.252698,0.589269,0.731659,0.521122,0.625271,0.649202,0.828428,0.809963,0.373685,0.725497,0.784894,0.354903,0.915506,0.21052,0.688163,0.300446,0,0,0,0,0,0,0,0,0,0,0,0,0,0,0.194698,0.559278,0.262459,0.512987,0,0,0.513987,0.398509
0.252705,0.589226,0.736511,0.518418,0.620418,0.646473,0.83809,0.815405,0.373719,0.730934,0.789714,0.352197,0.915505,0.213235,0.688146,0.303178,0,0,0,0,0,0,0,0,0,0,0,0,0,0,0.194703,0.559281,0.262463,0.51297,0,0,0.518783,0.398484
0.248015,0.58655,0.722011,0.515683,0.630101,0.64375,0.823585,0.804509,0.373691,0.725494,0.79454,0.357635,0.910665,0.210495,0.673602,0.31406,0,0,0,0,0,0,0,0,0,0,0,0,0,0,0.194666,0.559266,0.26243,0.512969,0,0,0.518785,0.395815
0.24801,0.586554,0.726859,0.523852,0.639777,0.651918,0.789734,0.80451,0.368845,0.717318,0.799413,0.363089,0.91068,0.207779,0.668771,0.316796,0,0,0,0,0,0,0,0,0,0,0,0,0,0,0.189935,0.559257,0.262416,0.512961,0,0,0.514007,0.395817
0.24798,0.586551,0.736496,0.518399,0.625263,0.619226,0.731672,0.812685,0.359206,0.711875,0.813924,0.36581,0.910661,0.210506,0.649487,0.327636,0,0,0,0,0,0,0,0,0,0,0,0,0,0,0.189899,0.559268,0.257679,0.512973,0,0,0.513973,0.398512
0.247978,0.586555,0.731659,0.51841,0.649449,0.638294,0.755868,0.812682,0.359208,0.711884,0.813906,0.365828,0.910628,0.210522,0.654243,0.327651,0,0,0,0,0,0,0,0,0,0,0,0,0,0,0.189898,0.559266,0.257663,0.512975,0,0,0.513964,0.398528
0.247973,0.586549,0.741331,0.51569,0.630103,0.624675,0.780045,0.809964,0.359196,0.717312,0.813903,0.368539,0.910652,0.213204,0.649479,0.330365,0,0,0,0,0,0,0,0,0,0,0,0,0,0,0.1899,0.559257,0.257668,0.512967,0,0,0.513957,0.398545
0.247971,0.58654,0.741339,0.518408,0.630088,0.630126,0.789722,0.812686,0.359182,0.717317,0.80424,0.365831,0.910695,0.213211,0.654246,0.327695,0,0,0,0,0,0,0,0,0,0,0,0,0,0,0.189901,0.559256,0.257659,0.512967,0,0,0.513986,0.401207
0.247959,0.586554,0.746163,0.518402,0.625248,0.624674,0.751025,0.820852,0.354371,0.714589,0.809058,0.368541,0.915488,0.213211,0.649506,0.330407,0,0,0,0,0,0,0,0,0,0,0,0,0,0,0.189896,0.55926,0.257631,0.512942,0,0,0.518781,0.40122
0.247932,0.586556,0.741341,0.507514,0.634937,0.613771,0.731673,0.815408,0.359186,0.709161,0.799419,0.354908,0.910685,0.210501,0.649478,0.330393,0,0,0,0,0,0,0,0,0,0,0,0,0,0,0.189839,0.556597,0.257586,0.512927,0,0,0.514002,0.401226
0.247936,0.586557,0.736506,0.512954,0.644619,0.630118,0.770371,0.804511,0.349546,0.709151,0.7994,0.3522,0.905837,0.210487,0.644688,0.333093,0,0,0,0,0,0,0,0,0,0,0,0,0,0,0.185112,0.556606,0.25758,0.512933,0,0,0.513998,0.401223
0.24789,0.586557,0.731695,0.51841,0.654289,0.641027,0.799396,0.796339,0.354353,0.711875,0.799411,0.354917,0.900961,0.210491,0.639858,0.330426,0,0,0,0,0,0,0,0,0,0,0,0,0,0,0.185058,0.559271,0.25288,0.512951,0,0,0.513954,0.401241
0.247876,0.586536,0.731685,0.521134,0.649452,0.649195,0.804236,0.799063,0.354351,0.711877,0.799417,0.360359,0.886432,0.210499,0.634979,0.333122,0,0,0,0,0,0,0,0,0,0,0,0,0,0,0.185082,0.556602,0.252867,0.512946,0,0,0.51397,0.401245
0.243133,0.58384,0.731695,0.526571,0.644612,0.64375,0.828415,0.790884,0.368852,0.720043,0.804238,0.376723,0.871932,0.207803,0.630123,0.333144,0,0,0,0,0,0,0,0,0,0,0,0,0,0,0.180303,0.556557,0.252786,0.510268,0,0,0.513946,0.401253
0.243099,0.583786,0.736502,0.521141,0.644599,0.643741,0.823581,0.790886,0.368879,0.71732,0.804212,0.376718,0.871918,0.207774,0.634929,0.33041,0,0,0,0,0,0,0,0,0,0,0,0,0,0,0.180292,0.553884,0.252779,0.510226,0,0,0.513983,0.401218
0.24313,0.583776,0.726844,0.518416,0.65428,0.638293,0.809071,0.78272,0.35437,0.709144,0.7994,0.363095,0.867154,0.207763,0.634924,0.330406,0,0,0,0,0,0,0,0,0,0,0,0,0,0,0.180303,0.553882,0.2528,0.510226,0,0,0.514015,0.401207
0.247873,0.583797,0.736511,0.521142,0.644613,0.641019,0.818736,0.785435,0.349519,0.706419,0.804218,0.393068,0.871918,0.205072,0.63493,0.330405,0,0,0,0,0,0,0,0,0,0,0,0,0,0,0.185052,0.553885,0.252824,0.51021,0,0,0.514012,0.401224
0.252752,0.58652,0.707468,0.521132,0.644604,0.649193,0.780045,0.799053,0.378522,0.711878,0.799381,0.365831,0.867084,0.205082,0.630038,0.335844,0,0,0,0,0,0,0,0,0,0,0,0,0,0,0.19473,0.556589,0.262447,0.512961,0,0,0.514012,0.406677
0.252754,0.586517,0.712305,0.518406,0.649445,0.641031,0.784898,0.793617,0.368901,0.711864,0.799377,0.363112,0.86233,0.205088,0.630098,0.335856,0,0,0,0,0,0,0,0,0,0,0,0,0,0,0.194727,0.55659,0.262441,0.512955,0,0,0.514018,0.404002
0.252748,0.578311,0.741366,0.488437,0.649438,0.619226,0.789728,0.793613,0.364047,0.69553,0.789713,0.311325,0.876816,0.183267,0.634966,0.314051,0,0,0,0,0,0,0,0,0,0,0,0,0,0,0.194761,0.551078,0.257649,0.502035,0,0,0.518817,0.39308
0.247991,0.57287,0.731697,0.491169,0.673634,0.621951,0.838106,0.779992,0.373706,0.692807,0.794541,0.31404,0.891284,0.1751,0.639757,0.308592,0,0,0,0,0,0,0,0,0,0,0,0,0,0,0.189898,0.542921,0.257606,0.491204,0,0,0.52361,0.38491
0.238274,0.54834,0.717144,0.482975,0.64946,0.621948,0.79939,0.769095,0.36401,0.668287,0.794571,0.297694,0.886484,0.142393,0.634945,0.289509,0,0,0,0,0,0,0,0,0,0,0,0,0,0,0.175471,0.515672,0.247954,0.466602,0,0,0.518798,0.357677
0.22375,0.523864,0.721996,0.453003,0.644586,0.583798,0.81392,0.750012,0.354378,0.651922,0.804239,0.265008,0.89617,0.115138,0.639791,0.259569,0,0,0,0,0,0,0,0,0,0,0,0,0,0,0.165746,0.49388,0.243036,0.444825,0,0,0.523611,0.338556
0.209193,0.477545,0.731686,0.395796,0.634935,0.542924,0.828429,0.725491,0.325348,0.616497,0.813901,0.210496,0.915463,0.0470347,0.644623,0.1996,0,0,0,0,0,0,0,0,0,0,0,0,0,0,0.136807,0.447592,0.218907,0.395757,0,0,0.523704,0.275916
0.199626,0.458434,0.746175,0.384893,0.630097,0.526577,0.813899,0.717316,0.330158,0.594695,0.905823,0.205062,0,0,0,0,0,0,0,0,0,0,0,0,0,0,0,0,0,0,0.131899,0.425812,0.214013,0.36855,0,0,0.523623,0.259542
