0.507506,0.406689,0.47207,0.567447,0.292262,0.657371,0.423048,0.880785,0.518434,0.611046,0.676447,0.488436,0.714597,0.314039,0,0,0,0,0,0,0,0,0,0,0,0,0,0,0,0,0.390355,0.376715,0.540198,0.316826,0.256847,0.488421,0.622013,0.371226
0.512929,0.414886,0.469356,0.567458,0.286793,0.651924,0.420317,0.88352,0.526568,0.597426,0.679164,0.496613,0,0,0,0,0,0,0,0,0,0,0,0,0,0,0,0,0,0,0.393052,0.379451,0.542934,0.324967,0.254122,0.485711,0.621952,0.357639
0.515727,0.420297,0.472078,0.556558,0.292253,0.638305,0.420319,0.883535,0.526561,0.59742,0.670996,0.488438,0,0,0,0,0,0,0,0,0,0,0,0,0,0,0,0,0,0,0.387661,0.39309,0.548414,0.333088,0.259536,0.488471,0.62737,0.368549
0.515725,0.42034,0.469344,0.55655,0.292249,0.641035,0.420317,0.886282,0.534758,0.581082,0.670999,0.485715,0,0,0,0,0,0,0,0,0,0,0,0,0,0,0,0,0,0,0.38764,0.398464,0.551083,0.335803,0.254156,0.488475,0.632824,0.379421
0.515715,0.422968,0.474797,0.553837,0.29226,0.638299,0.398527,0.90261,0.529308,0.605607,0.679174,0.485706,0,0,0,0,0,0,0,0,0,0,0,0,0,0,0,0,0,0,0.39037,0.398451,0.551081,0.335817,0.25414,0.491134,0.621959,0.352195
0.515727,0.42302,0.466637,0.559282,0.289528,0.641018,0.409401,0.894418,0.518397,0.62738,0.679167,0.480265,0.722766,0.319503,0,0,0,0,0,0,0,0,0,0,0,0,0,0,0,0,0.390375,0.395778,0.5511,0.335832,0.254135,0.49114,0.635507,0.379428
0.518366,0.423036,0.455743,0.57563,0.289528,0.649196,0.417574,0.889009,0.523854,0.616511,0.673719,0.526579,0,0,0,0,0,0,0,0,0,0,0,0,0,0,0,0,0,0,0.395784,0.393065,0.551102,0.335831,0.25682,0.488473,0.624668,0.357647
0.521111,0.420342,0.455741,0.575632,0.292233,0.651927,0.420312,0.886284,0.518432,0.635562,0.698244,0.480255,0,0,0,0,0,0,0,0,0,0,0,0,0,0,0,0,0,0,0.395772,0.393055,0.553774,0.333138,0.256865,0.488462,0.619224,0.338567
0.523832,0.420311,0.458473,0.575641,0.289522,0.651925,0.423052,0.883545,0.515729,0.635559,0.695512,0.48298,0,0,0,0,0,0,0,0,0,0,0,0,0,0,0,0,0,0,0.398522,0.384928,0.553829,0.333072,0.259534,0.48847,0.621908,0.333131
0.523844,0.420262,0.469355,0.572876,0.294953,0.641023,0.395796,0.908046,0.512984,0.66008,0.681899,0.482981,0.730931,0.322215,0,0,0,0,0,0,0,0,0,0,0,0,0,0,0,0,0.403962,0.382153,0.553807,0.330391,0.259558,0.491163,0.619256,0.324956
0.523819,0.414881,0.480241,0.551104,0.300424,0.632843,0.379448,0.927131,0.499329,0.69007,0.690076,0.480263,0.72822,0.319501,0,0,0,0,0,0,0,0,0,0,0,0,0,0,0,0,0.403981,0.379449,0.553819,0.324963,0.264991,0.493889,0.630126,0.357663
0.523848,0.414876,0.480274,0.564735,0.30044,0.649198,0.414848,0.899868,0.51839,0.608333,0.700973,0.485714,0,0,0,0,0,0,0,0,0,0,0,0,0,0,0,0,0,0,0.40125,0.382137,0.553834,0.324928,0.259576,0.493874,0.635571,0.371231
0.521149,0.414847,0.482988,0.56473,0.303151,0.643745,0.401247,0.908055,0,0,0.700973,0.488438,0,0,0,0,0,0,0,0,0,0,0,0,0,0,0,0,0,0,0.401234,0.382144,0.553827,0.324926,0.26226,0.493882,0.632866,0.363081
0.521157,0.414843,0.485723,0.570156,0.30586,0.638297,0.412132,0.899881,0.518404,0.6165,0.706414,0.499336,0,0,0,0,0,0,0,0,0,0,0,0,0,0,0,0,0,0,0.40124,0.382168,0.553795,0.324932,0.262277,0.491206,0.63284,0.357654
0.523851,0.417564,0.488422,0.562006,0.305869,0.635567,0.395783,0.918945,0,0,0.709144,0.496603,0,0,0,0,0,0,0,0,0,0,0,0,0,0,0,0,0,0,0.398527,0.384883,0.553801,0.324943,0.262284,0.493862,0.630116,0.346733
0.523844,0.414884,0.485697,0.562003,0.30588,0.632848,0.382166,0.932566,0.515673,0.605628,0.709141,0.499332,0,0,0,0,0,0,0,0,0,0,0,0,0,0,0,0,0,0,0.395805,0.387606,0.551136,0.324927,0.264999,0.496607,0.632857,0.352181
0.523879,0.417594,0.488434,0.55928,0.305889,0.630127,0.373995,0.935277,0.515667,0.611053,0.709142,0.496611,0,0,0,0,0,0,0,0,0,0,0,0,0,0,0,0,0,0,0.39852,0.384887,0.553811,0.324968,0.264975,0.496633,0.624696,0.333125
0.523852,0.417593,0.488428,0.564734,0.303131,0.641017,0.39307,0.921672,0.518388,0.608313,0.711861,0.499329,0,0,0,0,0,0,0,0,0,0,0,0,0,0,0,0,0,0,0.398524,0.38761,0.553795,0.327694,0.26229,0.499317,0.627387,0.34129
0.521139,0.41761,0.485712,0.570161,0.305861,0.635581,0.390331,0.927112,0.507518,0.602875,0.711875,0.507503,0,0,0,0,0,0,0,0,0,0,0,0,0,0,0,0,0,0,0.398505,0.38763,0.55113,0.330379,0.265005,0.496594,0.624693,0.338584
0.518403,0.420297,0.485712,0.57291,0.303133,0.643744,0.403972,0.905325,0,0,0.706416,0.526572,0,0,0,0,0,0,0,0,0,0,0,0,0,0,0,0,0,0,0.393052,0.390311,0.551059,0.330372,0.262273,0.50206,0.619251,0.335841
0.515678,0.420268,0.485705,0.567437,0.300407,0.635586,0.36855,0.938012,0.477539,0.665557,0.709149,0.510226,0,0,0,0,0,0,0,0,0,0,0,0,0,0,0,0,0,0,0.382146,0.395809,0.545663,0.322237,0.259571,0.499338,0.621927,0.333121
0.504786,0.420323,0.491151,0.578354,0.305875,0.643745,0.365819,0.946206,0.466651,0.684628,0.703689,0.532022,0,0,0,0,0,0,0,0,0,0,0,0,0,0,0,0,0,0,0.387603,0.390344,0.534768,0.327698,0.265023,0.51568,0.624653,0.35765
0.504759,0.422998,0.48571,0.572923,0.305859,0.641019,0.360379,0.946196,0.463894,0.69551,0.692799,0.529295,0,0,0,0,0,0,0,0,0,0,0,0,0,0,0,0,0,0,0.384879,0.393059,0.532012,0.327683,0.262285,0.51568,0.61648,0.344025
0.49387,0.425714,0.488436,0.578363,0.303138,0.649206,0.390321,0.935299,0.474804,0.632843,0.706412,0.529313,0,0,0,0,0,0,0,0,0,0,0,0,0,0,0,0,0,0,0.376714,0.398527,0.526585,0.333116,0.264977,0.521148,0.60833,0.335856
0.493878,0.42307,0.488428,0.575645,0.297711,0.657376,0.390327,0.938014,0.472086,0.635573,0.698239,0.526582,0,0,0,0,0,0,0,0,0,0,0,0,0,0,0,0,0,0,0.373993,0.398504,0.529284,0.333092,0.251429,0.512947,0.608324,0.335848
0.491152,0.423027,0.485714,0.581071,0.297702,0.660095,0.387612,0.935303,0.455758,0.684629,0.684613,0.52658,0.714578,0.30861,0,0,0,0,0,0,0,0,0,0,0,0,0,0,0,0,0.368561,0.398538,0.529287,0.33308,0.251411,0.512951,0.616506,0.360379
0.488466,0.42301,0.488447,0.586526,0.297708,0.657367,0.390341,0.935293,0.458485,0.681886,0.700975,0.534757,0,0,0,0,0,0,0,0,0,0,0,0,0,0,0,0,0,0,0.371261,0.398541,0.523878,0.333116,0.251405,0.512915,0.60291,0.324957
0.488459,0.423048,0.491166,0.583802,0.300423,0.651923,0.365817,0.943481,0.477525,0.619221,0.703691,0.52931,0,0,0,0,0,0,0,0,0,0,0,0,0,0,0,0,0,0,0.365803,0.401238,0.52386,0.333126,0.251426,0.512972,0.600186,0.316785
0.488463,0.423037,0.488444,0.586529,0.29498,0.657372,0.368544,0.943467,0.474829,0.62194,0.703693,0.53475,0,0,0,0,0,0,0,0,0,0,0,0,0,0,0,0,0,0,0.365828,0.401213,0.526564,0.333106,0.254087,0.515674,0.602873,0.322223
0.488485,0.423016,0.491156,0.581077,0.294992,0.651928,0.365817,0.94076,0.474802,0.632849,0.695524,0.529296,0.7146,0.308591,0.619235,0.303146,0,0,0,0,0,0,0,0,0,0,0,0,0,0,0.368559,0.398534,0.526607,0.330409,0.254125,0.512987,0.605628,0.335841
0.488464,0.423038,0.499332,0.575639,0.297699,0.654638,0.360365,0.943484,0.48024,0.621957,0.703693,0.526568,0,0,0,0,0,0,0,0,0,0,0,0,0,0,0,0,0,0,0.368557,0.398537,0.526601,0.330405,0.254084,0.512969,0.608324,0.338557
0.488425,0.423044,0.49389,0.575639,0.297712,0.651919,0.360377,0.946197,0.482966,0.624683,0.700972,0.523854,0.717309,0.305889,0.624677,0.316769,0,0,0,0,0,0,0,0,0,0,0,0,0,0,0.365849,0.398543,0.526569,0.330394,0.254132,0.515663,0.60835,0.344008
0.48841,0.423018,0.488442,0.575623,0.297702,0.646475,0.36308,0.943473,0.482965,0.624693,0.700974,0.523849,0.717304,0.303158,0,0,0,0,0,0,0,0,0,0,0,0,0,0,0,0,0.368527,0.398471,0.523863,0.327659,0.251405,0.512932,0.605612,0.33584
0.488435,0.422996,0.499334,0.570172,0.297712,0.651915,0.352183,0.948921,0.480254,0.643756,0.709129,0.507506,0.714589,0.30861,0,0,0,0,0,0,0,0,0,0,0,0,0,0,0,0,0.368561,0.398482,0.523851,0.330394,0.251393,0.515669,0.605585,0.341302
0.488425,0.420331,0.491157,0.572884,0.297713,0.649196,0.352191,0.948927,0.461199,0.698247,0.706413,0.510225,0.7146,0.308589,0,0,0,0,0,0,0,0,0,0,0,0,0,0,0,0,0.376703,0.393057,0.523851,0.330408,0.251363,0.512964,0.602901,0.33859
0.488378,0.423039,0.493881,0.570184,0.294982,0.651922,0.360366,0.943484,0.466635,0.668267,0.698246,0.496611,0.711872,0.308608,0,0,0,0,0,0,0,0,0,0,0,0,0,0,0,0,0.365818,0.398548,0.521135,0.333124,0.25137,0.515655,0.608342,0.354909
0.485736,0.425737,0.493885,0.57016,0.294991,0.651928,0.360359,0.948926,0.463915,0.668271,0.703682,0.488436,0.711877,0.30861,0,0,0,0,0,0,0,0,0,0,0,0,0,0,0,0,0.363102,0.401281,0.521123,0.335844,0.248692,0.512979,0.611045,0.357644
0.485679,0.431208,0.504787,0.57017,0.294965,0.654655,0.3522,0.946201,0.47753,0.638293,0.711867,0.507506,0,0,0,0,0,0,0,0,0,0,0,0,0,0,0,0,0,0,0.371284,0.401276,0.515705,0.338607,0.248654,0.515703,0.608342,0.368551
0.485686,0.442079,0.49661,0.575635,0.297695,0.662828,0.357647,0.965275,0.47208,0.646466,0.700966,0.52113,0.709141,0.338557,0,0,0,0,0,0,0,0,0,0,0,0,0,0,0,0,0.360368,0.420296,0.515685,0.34404,0.251373,0.526558,0.605584,0.373985
0.485699,0.447547,0.493882,0.586534,0.297711,0.662816,0.398517,0.910779,0.469355,0.671005,0.698242,0.534757,0.709168,0.341287,0,0,0,0,0,0,0,0,0,0,0,0,0,0,0,0,0.363109,0.428513,0.518438,0.357623,0.256843,0.53203,0.608354,0.384868
0.485704,0.450288,0.49661,0.589259,0.30044,0.66554,0.412128,0.902595,0.477533,0.646466,0.700963,0.534761,0.709143,0.344019,0,0,0,0,0,0,0,0,0,0,0,0,0,0,0,0,0.365823,0.431225,0.518412,0.360415,0.259576,0.532066,0.608337,0.39578
0.485691,0.450289,0.493884,0.594706,0.303158,0.662814,0.403951,0.908047,0.477522,0.649198,0.698249,0.54021,0.709144,0.344014,0,0,0,0,0,0,0,0,0,0,0,0,0,0,0,0,0.365806,0.433925,0.518412,0.360405,0.262277,0.534735,0.608348,0.395749
0.469401,0.466581,0.485701,0.630128,0.297703,0.671001,0.346754,0.96527,0.477525,0.641022,0.695521,0.578363,0,0,0,0,0,0,0,0,0,0,0,0,0,0,0,0,0,0,0.360402,0.447559,0.510238,0.379425,0.267685,0.551133,0.602869,0.414871
0.455719,0.482988,0.488437,0.662803,0.303162,0.709129,0.352206,0.967999,0.436688,0.750002,0.668278,0.616489,0.681892,0.379438,0,0,0,0,0,0,0,0,0,0,0,0,0,0,0,0,0.360363,0.46388,0.491175,0.398464,0.26229,0.567467,0.594671,0.43396
0.447603,0.491173,0.48299,0.662816,0.305867,0.709151,0.360382,0.995248,0.436679,0.760916,0.67644,0.619232,0,0,0,0,0,0,0,0,0,0,0,0,0,0,0,0,0,0,0.352189,0.480255,0.488438,0.412148,0.26498,0.575669,0.58927,0.450286
0.442088,0.502072,0.488431,0.711864,0.308604,0.744567,0.354925,0.995249,0.431218,0.774537,0.679171,0.660092,0,0,0,0,0,0,0,0,0,0,0,0,0,0,0,0,0,0,0.352178,0.480249,0.482987,0.425752,0.262273,0.583787,0.575596,0.466595
0.436693,0.488484,0.480274,0.673727,0.308598,0.722774,0.363097,0.995248,0.431204,0.771815,0.69279,0.692795,0,0,0,0,0,0,0,0,0,0,0,0,0,0,0,0,0,0,0.352204,0.47208,0.483016,0.420321,0.264993,0.5729,0.575659,0.453007
0.44757,0.485734,0.504781,0.720039,0.314043,0.760922,0.368543,0.965275,0.439396,0.752732,0.695518,0.66827,0,0,0,0,0,0,0,0,0,0,0,0,0,0,0,0,0,0,0.363065,0.46663,0.49112,0.409442,0.281336,0.570181,0.58378,0.452987
