0.352695,0.393067,0.429278,0.559273,0.343498,0.665534,0.337368,0.845372,0.41397,0.83719,0.522722,0.466619,0.616168,0.507496,0.60085,0.311296,0.674363,0.839922,0.614629,0.910773,0.691215,0.99252,0,0,0.727976,0.752749,0.888808,0.698241,0,0,0.309813,0.409396,0.371089,0.341354,0.286814,0.545663,0.413978,0.365798
0.355755,0.390371,0.430823,0.556575,0.345032,0.665558,0.341962,0.845356,0.420096,0.837227,0.524258,0.461191,0.625353,0.510218,0.590123,0.316787,0.669774,0.845383,0.611567,0.918952,0.685091,0.981625,0,0,0.726448,0.760906,0.888817,0.698247,0,0,0.311331,0.409423,0.371089,0.341307,0.288377,0.548364,0.412429,0.357657
0.360356,0.387622,0.432343,0.556545,0.345047,0.676443,0.348108,0.845382,0.435409,0.853561,0.515063,0.455749,0.593188,0.466631,0.55642,0.344025,0.674365,0.850832,0.613097,0.929849,0.680498,0.9898,0,0,0.73104,0.766368,0.896476,0.703687,0,0,0.3129,0.414868,0.372618,0.338624,0.292952,0.551114,0.41703,0.352179
0.360377,0.390339,0.432347,0.551094,0.346563,0.68462,0.355764,0.84813,0.446131,0.872633,0.516598,0.43122,0.582459,0.409413,0.515063,0.327666,0.677429,0.859007,0.623819,0.93803,0.682025,0.98435,0,0,0.734104,0.774533,0.898007,0.706414,0,0,0.314412,0.414856,0.372635,0.341286,0.292968,0.551139,0.420099,0.346728
0.364958,0.382196,0.423165,0.556561,0.346573,0.69008,0.355761,0.856267,0.449197,0.888968,0.490552,0.442115,0.576329,0.403965,0.456852,0.35493,0.674369,0.859007,0.617691,0.943478,0.678963,0.989798,0,0,0.731047,0.771806,0.899541,0.71188,0,0,0.315939,0.406676,0.374123,0.33863,0.291416,0.548357,0.409337,0.34126
0.366482,0.379441,0.42009,0.556566,0.343513,0.695518,0.357299,0.856276,0.447674,0.899861,0.484433,0.433945,0.58093,0.42305,0.455334,0.344055,0.669774,0.861723,0.61616,0.943474,0.675903,0.984351,0,0,0.727975,0.76364,0.902599,0.720045,0,0,0.317457,0.401248,0.374163,0.338571,0.288377,0.545626,0.409335,0.338623
0.371078,0.376703,0.421621,0.564737,0.3435,0.695525,0.357289,0.853572,0.441553,0.899902,0.48596,0.450274,0.583989,0.428473,0.458399,0.349464,0.66671,0.85628,0.610032,0.940757,0.671306,0.984351,0,0,0.724917,0.760922,0.907194,0.736389,0,0,0.320529,0.398524,0.377195,0.338586,0.288388,0.542901,0.417015,0.354919
0.37413,0.371249,0.421624,0.559283,0.343511,0.69823,0.354226,0.850843,0.441546,0.899897,0.485965,0.447568,0.576343,0.43122,0.459932,0.34405,0.668239,0.85901,0.610034,0.948928,0.659049,0.993889,0,0,0.724918,0.766357,0.902597,0.741835,0,0,0.323615,0.393076,0.380277,0.335792,0.288391,0.534748,0,0
0.378738,0.368567,0.424679,0.559265,0.346582,0.684618,0.348091,0.845381,0.433875,0.878064,0.493625,0.447554,0.577867,0.412134,0.461443,0.333128,0.665179,0.867173,0.611565,0.993885,0.629949,0.99389,0,0,0.71726,0.763642,0.905659,0.763641,0,0,0.32513,0.39307,0.384853,0.33312,0.291408,0.534763,0,0
0.377213,0.371266,0.427766,0.559262,0.348112,0.6819,0.346557,0.842673,0.427761,0.86174,0.504336,0.444837,0.577862,0.403948,0.459925,0.330383,0.669772,0.875353,0.613096,0.995248,0.623819,0.993889,0,0,0.718792,0.771807,0.898007,0.793617,0,0,0.325131,0.395813,0.383325,0.333146,0.291426,0.542916,0,0
0.36802,0.38487,0.424689,0.545642,0.348108,0.681884,0.346575,0.845387,0.413974,0.845402,0.498212,0.431218,0.571736,0.384886,0.458379,0.341316,0.680496,0.894432,0.614628,0.993888,0,0,0,0,0.732572,0.796341,0.893406,0.837205,0,0,0.320535,0.406697,0.374121,0.3386,0.289903,0.553847,0.407823,0.338523
0.363432,0.387642,0.424701,0.556551,0.348096,0.695517,0.352699,0.869897,0.420097,0.845367,0.499741,0.439377,0.56102,0.376708,0.45379,0.343995,0.686623,0.894421,0.620757,0.995248,0,0,0,0,0.732579,0.796331,0.894939,0.837209,0,0,0.315934,0.41756,0.372577,0.341298,0.288391,0.556562,0.400187,0.338596
0.358819,0.398466,0.421625,0.56473,0.341967,0.728231,0.397112,0.902605,0.413967,0.809963,0.493626,0.433941,0.557951,0.371265,0.447676,0.341323,0.685089,0.891695,0.616162,0.995247,0,0,0,0,0.731044,0.785441,0.893411,0.815407,0,0,0.311323,0.423065,0.364945,0.344056,0.288352,0.567445,0.398643,0.341311
0.355757,0.398523,0.421618,0.561989,0.338915,0.730929,0.389467,0.905315,0.412428,0.799074,0.49055,0.431217,0.556427,0.368527,0.446134,0.34675,0.685089,0.886258,0.617691,0.993887,0,0,0,0,0.731044,0.782713,0.901068,0.80723,0,0,0.309809,0.425783,0.361901,0.346726,0.288338,0.567455,0.398655,0.341271
0.354241,0.401207,0.417027,0.564712,0.334325,0.728235,0.38946,0.899884,0.398643,0.77183,0.482898,0.428491,0.559483,0.368541,0.449203,0.338603,0.682027,0.880802,0.617694,0.995247,0,0,0,0,0.727976,0.771811,0.910258,0.790891,0,0,0.30979,0.4258,0.361867,0.344062,0.288366,0.564747,0.397097,0.338559
0.354238,0.401195,0.415498,0.559291,0.334316,0.725497,0.383323,0.899862,0.390995,0.758196,0.479841,0.428483,0.557965,0.36852,0.449196,0.338564,0.675901,0.878078,0.614627,0.992521,0,0,0,0,0.72185,0.766366,0.908734,0.785434,0,0,0.309782,0.425803,0.361876,0.344016,0.288364,0.562029,0.397127,0.33854
0.354214,0.40123,0.413963,0.553828,0.33584,0.709143,0.375682,0.891709,0.389467,0.730956,0.475241,0.420321,0.557962,0.374006,0.446129,0.341283,0.665178,0.878078,0.605438,0.995247,0,0,0,0,0.714197,0.76637,0.908722,0.76909,0,0,0.308258,0.428462,0.361865,0.344022,0.288391,0.562014,0.398637,0.338582
0.351187,0.401232,0.413971,0.55655,0.335849,0.711867,0.37568,0.883531,0.386388,0.725468,0.478305,0.428478,0.557948,0.373991,0.446146,0.344037,0.666709,0.878085,0.608501,0.995248,0,0,0,0,0.712663,0.769083,0.910257,0.763644,0,0,0.305227,0.428466,0.360376,0.344016,0.289873,0.562008,0.397127,0.338555
0.351172,0.401229,0.410912,0.556569,0.328184,0.711857,0.36342,0.886246,0.378743,0.714608,0.482898,0.431207,0.554889,0.371292,0.436947,0.344047,0.66977,0.888978,0.613097,0.995249,0,0,0,0,0.712663,0.777264,0.90107,0.758195,0,0,0.305198,0.425768,0.360355,0.341347,0.28837,0.5566,0.395584,0.33856
0.351176,0.401232,0.409355,0.553819,0.326647,0.711865,0.364952,0.878094,0.375658,0.706399,0.476763,0.423031,0.554884,0.373973,0.432356,0.344039,0.666706,0.883534,0.613097,0.99525,0,0,0,0,0.711127,0.774542,0.9026,0.755475,0,0,0.303692,0.425729,0.358825,0.344009,0.288356,0.556562,0.389464,0.335806
0.352697,0.401231,0.409354,0.548382,0.326656,0.703697,0.355754,0.872633,0.371059,0.692769,0.476777,0.409409,0.553351,0.374,0.429284,0.333128,0.657518,0.886254,0.6085,0.995248,0,0,0,0,0.708064,0.779988,0.90107,0.755456,0,0,0.309782,0.423023,0.358823,0.344009,0.288365,0.54838,0.395574,0.333126
0.354228,0.401191,0.40938,0.540206,0.335846,0.676447,0.348097,0.875349,0.361892,0.679153,0.47678,0.414871,0.551832,0.374011,0.426226,0.341271,0.655988,0.886251,0.606969,0.995248,0,0,0,0,0.705006,0.785433,0.898004,0.752742,0,0,0.30981,0.422992,0.358836,0.341326,0.289876,0.545666,0.387934,0.330383
0.3588,0.395791,0.412446,0.548393,0.331257,0.684623,0.340435,0.864446,0.351162,0.654651,0.485959,0.431221,0.550284,0.376698,0.427752,0.338599,0.657521,0.897157,0.603909,0.995248,0,0,0,0,0.708066,0.799058,0.893412,0.752741,0,0,0.311361,0.417572,0.361883,0.338584,0.289892,0.537504,0.389463,0.324936
0.358816,0.393045,0.413973,0.556566,0.314414,0.722735,0.334316,0.859005,0.348082,0.641036,0.489023,0.442122,0.550291,0.376702,0.42928,0.341272,0.660581,0.918952,0.606968,0.995248,0,0,0,0,0.709597,0.799064,0.890344,0.750017,0,0,0.31288,0.412137,0.361888,0.338532,0.28989,0.53474,0.395594,0.322258
0.360366,0.390342,0.412443,0.548389,0.343501,0.657373,0.326657,0.850844,0.337388,0.61651,0.484431,0.439378,0.551826,0.376714,0.426216,0.338577,0.655985,0.935301,0.599311,0.993885,0,0,0,0,0.701941,0.799058,0.887286,0.750013,0,0,0.317462,0.403998,0.363427,0.338516,0.288393,0.529318,0.392511,0.319473
0.360365,0.39036,0.413964,0.551085,0.34351,0.651929,0.320536,0.853547,0.328199,0.616479,0.487488,0.447564,0.550301,0.374016,0.423151,0.338554,0.660581,0.924401,0.605439,0.993887,0,0,0,0,0.703471,0.799062,0.885752,0.750024,0,0,0.318991,0.403992,0.363407,0.338538,0.289885,0.529295,0.384888,0.311335
0.360332,0.398503,0.412434,0.5266,0.341976,0.627406,0.309795,0.845354,0.323595,0.600147,0.485964,0.436677,0.545704,0.379443,0.412437,0.341288,0.648328,0.921677,0.59625,0.995247,0,0,0,0,0.68509,0.807237,0.884218,0.750016,0,0,0.317465,0.401276,0.360372,0.338586,0.288349,0.510236,0.384854,0.300442
0.358831,0.398529,0.407841,0.521118,0.338914,0.613794,0.314397,0.842673,0.318992,0.59469,0.481366,0.43395,0.544177,0.37673,0.404782,0.338562,0.65292,0.899875,0.602375,0.984346,0,0,0,0,0.686622,0.799063,0.884226,0.750008,0,0,0.317458,0.403955,0.360348,0.338613,0.289905,0.49661,0.378725,0.308595
0.348099,0.428484,0.406308,0.523845,0.338906,0.616493,0.309812,0.839949,0.314402,0.583787,0.478298,0.433932,0.541093,0.373972,0.406311,0.341303,0.649858,0.908051,0.59931,0.981621,0,0,0,0,0.686623,0.801786,0.88269,0.747288,0,0,0.312869,0.420287,0.357277,0.360357,0.288353,0.507491,0.374136,0.314035
0.355772,0.403935,0.407845,0.529299,0.335847,0.630127,0.309805,0.839944,0.314399,0.581109,0.482902,0.436667,0.538043,0.371244,0.404779,0.341282,0.651393,0.916228,0.602375,0.984351,0,0,0,0,0.692749,0.799058,0.884216,0.747282,0,0,0.314404,0.409435,0.355758,0.341331,0.288351,0.510235,0.375674,0.30589
0.357286,0.423025,0.401723,0.521137,0.335846,0.621948,0.308266,0.834499,0.312866,0.578331,0.476774,0.43938,0.539566,0.368538,0.400189,0.338582,0.649857,0.908054,0.599311,0.993884,0,0,0,0,0.688155,0.788163,0.884221,0.739117,0,0,0.314419,0.425769,0.358814,0.357632,0.286817,0.510247,0.372608,0.311322
0.348099,0.423033,0.404774,0.523851,0.334322,0.621943,0.311333,0.837194,0.315944,0.5756,0.484424,0.436673,0.536498,0.365797,0.398656,0.338593,0.652924,0.908055,0.60697,0.989797,0,0,0,0,0.697342,0.790887,0.885747,0.739119,0,0,0.312875,0.423004,0.351165,0.360352,0.286822,0.504778,0.371067,0.314013
0.360369,0.40125,0.406305,0.526572,0.332784,0.621953,0.31287,0.834484,0.312866,0.572905,0.478305,0.433942,0.536501,0.365795,0.404767,0.338542,0.651393,0.87263,0.603907,0.970725,0,0,0,0,0.69275,0.766366,0.885753,0.73912,0,0,0.318999,0.409417,0.357289,0.344053,0.288368,0.507522,0.372594,0.305885
0.361884,0.395773,0.404779,0.529305,0.331259,0.635577,0.309812,0.829027,0.311322,0.575604,0.476766,0.431223,0.538033,0.36581,0.406301,0.330411,0.659048,0.88898,0.622287,0.992521,0,0,0,0,0.703471,0.774534,0.888812,0.741835,0,0,0.322059,0.401295,0.358815,0.338532,0.28834,0.507479,0.375668,0.297687
0.371066,0.379393,0.407844,0.534765,0.332784,0.641029,0.309804,0.837213,0.308264,0.567451,0.481363,0.436673,0.541094,0.354916,0.407834,0.316759,0.65905,0.878083,0.631479,0.993886,0,0,0,0,0.705002,0.771809,0.891876,0.747294,0,0,0.326648,0.390341,0.36344,0.333123,0.297545,0.488418,0,0
0.374138,0.373978,0.409373,0.534759,0.334316,0.638297,0.308273,0.839931,0.305209,0.561992,0.482894,0.439386,0.544151,0.349455,0.410904,0.308616,0.66824,0.92985,0.637604,0.993887,0,0,0,0,0,0,0,0,0,0,0.329721,0.379476,0.371088,0.324954,0.300614,0.485695,0,0
0.395564,0.354888,0.415507,0.529312,0.334315,0.621953,0.31135,0.848091,0.296022,0.56472,0.49362,0.439399,0.55488,0.368529,0.42775,0.286812,0.677429,0.913504,0.643732,0.993887,0,0,0,0,0.711127,0.799058,0.899538,0.785436,0,0,0.349643,0.357603,0.387939,0.305865,0.300601,0.466652,0,0
0.401705,0.349468,0.420092,0.532019,0.332782,0.630119,0.314397,0.850827,0.294495,0.562007,0.499741,0.439401,0.557957,0.371249,0.433863,0.289513,0.685089,0.891704,0.655988,0.993886,0,0,0,0,0.709596,0.77726,0.898007,0.799068,0,0,0.3573,0.346775,0.395561,0.305845,0.302141,0.461206,0,0
0.409374,0.346776,0.417037,0.548367,0.335846,0.643741,0.318993,0.853537,0.291433,0.578359,0.49668,0.447558,0.562543,0.373998,0.443062,0.286819,0.671305,0.92985,0.633009,0.993888,0,0,0,0,0.709599,0.801789,0.898007,0.842661,0,0,0.364954,0.346753,0.398665,0.300459,0.306735,0.472072,0,0
0.409375,0.352166,0.423158,0.553812,0.345032,0.646468,0.315937,0.853534,0.291424,0.578375,0.499753,0.455737,0.559498,0.373994,0.441532,0.286808,0.66671,0.965273,0,0,0,0,0,0,0,0,0,0,0,0,0.366496,0.346777,0.401712,0.305887,0.306751,0.472059,0,0
0.407849,0.357644,0.426213,0.551084,0.345042,0.646467,0.31899,0.850835,0.294486,0.578371,0.504348,0.453023,0.561021,0.376737,0.440012,0.294951,0.672837,0.894433,0.639135,0.993889,0,0,0,0,0.709595,0.793608,0.904134,0.864453,0,0,0.361912,0.360369,0.400175,0.311315,0.306729,0.477544,0,0
0.406286,0.360382,0.424683,0.55109,0.345032,0.64648,0.322051,0.853545,0.297549,0.581066,0.504339,0.45573,0.561008,0.376709,0.440001,0.300426,0.669774,0.94075,0.631478,0.995248,0,0,0,0,0.709601,0.807233,0.901071,0.861734,0,0,0.360373,0.363077,0.39713,0.314018,0.30522,0.483004,0,0
0.395592,0.376696,0.424703,0.556542,0.345033,0.651923,0.326663,0.85627,0.306745,0.578349,0.50894,0.458458,0.55795,0.368541,0.430813,0.311338,0.6759,0.995247,0.628415,0.993886,0,0,0,0,0.717258,0.826308,0.905663,0.848114,0,0,0.351174,0.382144,0.389459,0.324972,0.303688,0.491127,0,0
0.390981,0.379492,0.423154,0.542927,0.343506,0.638294,0.328189,0.856268,0.306735,0.572908,0.499747,0.453011,0.554896,0.374013,0.424696,0.322231,0.662113,0.989797,0,0,0,0,0,0,0.709601,0.826308,0.910257,0.848101,0,0,0.346565,0.393063,0.380262,0.333136,0.305226,0.49391,0,0
0.374144,0.403989,0.421631,0.523864,0.343506,0.630121,0.329716,0.853553,0.303691,0.575609,0.501279,0.43938,0.550303,0.368543,0.40937,0.346765,0.659053,0.978897,0,0,0,0,0,0,0.712659,0.823585,0.907195,0.842659,0,0,0.334316,0.420319,0.366498,0.346753,0.305207,0.507513,0.389438,0.314062
0.371062,0.417605,0.413968,0.523864,0.338916,0.630118,0.332774,0.859002,0.300632,0.578352,0.499751,0.450286,0.547241,0.368539,0.40783,0.365818,0.657518,0.908053,0.605438,0.984348,0,0,0,0,0.71113,0.823586,0.907197,0.842659,0,0,0.326679,0.425756,0.366499,0.357625,0.302148,0.504795,0.392513,0.324953
0.357304,0.428532,0.403253,0.532024,0.32819,0.635567,0.326656,0.859028,0.299087,0.581071,0.481365,0.442111,0.539561,0.360392,0.401714,0.382166,0.657519,0.987071,0,0,0,0,0,0,0.706537,0.823583,0.904131,0.842662,0,0,0.320531,0.436661,0.361897,0.365839,0.296034,0.510207,0.389478,0.341332
0.357279,0.428516,0.40478,0.542928,0.326661,0.624688,0.325134,0.86172,0.294482,0.583797,0.487492,0.455733,0.536501,0.360365,0.386393,0.390331,0.657518,0.90533,0.620756,0.987074,0,0,0,0,0.706536,0.823584,0.904133,0.850829,0,0,0.320526,0.436673,0.361897,0.363089,0.294502,0.507524,0.390992,0.341277
0.351165,0.425757,0.40019,0.534764,0.331249,0.641005,0.32514,0.864441,0.296039,0.583807,0.48749,0.461177,0.538044,0.363081,0.386392,0.38218,0.655985,0.984347,0,0,0,0,0,0,0.706533,0.815409,0.901068,0.845385,0,0,0.32207,0.431191,0.35271,0.368552,0.297548,0.512986,0.381801,0.344041
0.34966,0.423074,0.398642,0.523881,0.329715,0.638285,0.323602,0.864445,0.296031,0.581096,0.487493,0.463903,0.54109,0.360365,0.39252,0.384883,0.655987,0.984347,0,0,0,0,0,0,0.706534,0.823586,0.901067,0.842658,0,0,0.322063,0.431225,0.349642,0.368539,0.2991,0.512979,0.374127,0.338547
0.360372,0.409405,0.398646,0.518396,0.332785,0.621955,0.328188,0.867168,0.299092,0.581108,0.490554,0.46664,0.542629,0.357622,0.400184,0.382164,0.663646,0.989797,0.628414,0.987071,0,0,0,0,0.709601,0.83721,0.907195,0.845382,0,0,0.32667,0.425738,0.361898,0.354902,0.306745,0.507511,0.383325,0.34947
0.352696,0.425746,0.418559,0.553831,0.338915,0.632846,0.328192,0.864468,0.299102,0.586517,0.496686,0.472078,0.53498,0.354929,0.390987,0.393051,0.663644,0.989797,0.628416,0.984349,0,0,0,0,0.7096,0.83721,0.904133,0.845378,0,0,0.320537,0.442088,0.348102,0.37671,0.306743,0.518394,0.371082,0.344013
0.3772,0.409406,0.403242,0.537485,0.337378,0.638288,0.328193,0.872645,0.300607,0.597413,0.479831,0.458456,0.525798,0.346763,0.368016,0.428473,0.660581,0.905326,0.622288,0.987073,0,0,0,0,0.708065,0.815412,0.904133,0.84811,0,0,0.340444,0.412148,0.377205,0.36852,0.305214,0.504769,0.4063,0.35492
0.372614,0.412146,0.413969,0.562005,0.337381,0.649192,0.329723,0.869918,0.297562,0.600121,0.485957,0.463918,0.525795,0.346729,0.363418,0.433959,0.655988,0.992521,0,0,0,0,0,0,0.706537,0.829035,0.908727,0.848109,0,0,0.312856,0.463892,0.374142,0.371267,0.306741,0.485719,0.348084,0.390335
0.311341,0.488445,0.40478,0.542926,0.334315,0.643752,0.331244,0.875353,0.299066,0.602857,0.47677,0.428485,0,0,0,0,0.655987,0.981621,0,0,0,0,0,0,0.706533,0.831759,0.913323,0.850836,0,0,0.306745,0.463913,0,0,0.314396,0.458459,0.38333,0.365816
0.331249,0.466631,0.394049,0.518408,0.325126,0.632856,0.331249,0.875336,0.294509,0.597425,0.458393,0.414875,0.498229,0.338547,0.372607,0.428491,0.646795,0.913502,0,0,0,0,0,0,0,0,0,0,0,0,0.311331,0.458469,0,0,0.314401,0.453015,0.369544,0.382163
0.345042,0.45301,0.401713,0.551104,0.326657,0.646473,0.331243,0.872621,0.289913,0.594697,0.475234,0.442105,0.499755,0.335842,0.366479,0.431221,0.655984,0.987071,0,0,0,0,0,0,0.703472,0.812686,0.91179,0.85355,0,0,0.320536,0.450284,0.309811,0.439393,0.303683,0.488428,0.334326,0.403925
0.345033,0.442115,0.39866,0.553827,0.331249,0.660105,0.332775,0.875352,0.288345,0.583814,0.476767,0.447568,0.505866,0.319505,0.364951,0.431221,0.655987,0.989797,0.603908,0.992521,0,0,0,0,0.705004,0.826311,0.908727,0.853557,0,0,0.31287,0.455725,0.343498,0.39308,0.29602,0.532033,0.37261,0.363089
0.345038,0.461182,0.412433,0.564728,0.334315,0.660102,0.322067,0.859014,0.289911,0.57838,0.484427,0.46119,0.504347,0.316777,0.368017,0.44211,0.649858,0.995247,0.596249,0.993886,0,0,0,0,0.70347,0.842656,0.914855,0.850833,0,0,0.317466,0.453017,0.348102,0.40124,0.299087,0.510228,0.375673,0.368549
0.34503,0.458456,0.406313,0.564732,0.32666,0.662811,0.32207,0.861745,0.291437,0.578362,0.482897,0.466624,0.502813,0.3195,0.368012,0.44212,0.649861,0.995247,0.597779,0.993887,0,0,0,0,0.705002,0.845383,0.911793,0.848112,0,0,0.312858,0.458444,0.338917,0.406686,0.291432,0.510242,0.374141,0.376709
0.346567,0.461184,0.404777,0.564726,0.328192,0.662822,0.320524,0.858999,0.291434,0.57017,0.478307,0.461177,0.502816,0.324949,0.377203,0.447557,0.651391,0.910778,0.599311,0.993886,0,0,0,0,0,0,0,0,0,0,0.318991,0.458454,0.348106,0.409421,0.297552,0.52112,0.374142,0.376723
0.351169,0.450284,0.404777,0.562009,0.325126,0.6601,0.315934,0.864461,0.291417,0.556569,0.478307,0.458455,0.50434,0.333116,0.375672,0.442106,0.654453,0.927125,0.608502,0.993886,0,0,0,0,0,0,0,0,0,0,0.322064,0.444845,0.358822,0.395791,0.299087,0.499328,0.371081,0.376721
0.355761,0.444843,0.398647,0.556556,0.322062,0.657371,0.30981,0.848095,0.288367,0.553823,0.466048,0.450283,0.501283,0.344022,0.361887,0.458454,0.652922,0.899877,0.603906,0.993885,0,0,0,0,0,0,0,0,0,0,0.325125,0.436666,0.363416,0.390353,0.306738,0.485699,0.378737,0.371269
0.328189,0.466649,0.392525,0.53748,0.317468,0.649194,0.312868,0.853559,0.279168,0.542926,0.47524,0.384898,0.498219,0.349481,0.358823,0.458469,0.649861,0.902604,0.594717,0.993885,0,0,0,0,0,0,0,0,0,0,0.306743,0.455744,0.358819,0.393072,0.303681,0.485706,0.374142,0.384889
0.315945,0.521121,0.387931,0.515685,0.323597,0.646467,0.322063,0.861732,0.26385,0.553807,0.469113,0.373997,0.496683,0.335843,0.364947,0.461184,0.652925,0.918952,0.608503,0.993885,0,0,0,0,0,0,0,0,0,0,0,0,0.348103,0.423039,0.306745,0.474812,0.31594,0.450276
0.322058,0.458459,0.380267,0.534755,0.325124,0.654653,0.319004,0.880796,0.266916,0.562007,0.441539,0.425765,0.48443,0.333115,0.361891,0.466642,0.652925,0.993883,0.594717,0.993885,0,0,0,0,0.703473,0.831758,0.902601,0.826307,0,0,0.303676,0.458464,0.322058,0.412142,0.29296,0.510237,0.320523,0.453002
0.31899,0.493874,0.3818,0.572897,0.331252,0.703696,0.322061,0.891709,0.263855,0.657373,0.444604,0.444836,0.472175,0.324954,0.337378,0.423027,0.660582,0.905327,0.614629,0.987071,0,0,0,0,0.708068,0.809962,0.91179,0.83993,0,0,0.291442,0.515683,0.314405,0.442118,0.282237,0.578369,0.311318,0.412158
0.3144,0.510214,0.381801,0.567452,0.34044,0.698238,0.320537,0.894435,0.257727,0.665558,0.444607,0.436657,0.473695,0.314045,0.338915,0.393056,0.659052,0.894428,0.629945,0.992522,0,0,0,0,0.705003,0.799056,0.910261,0.845388,0,0,0.285289,0.532005,0.302155,0.450292,0.285288,0.605612,0.309806,0.393048
0.30522,0.521104,0.372607,0.572915,0.322069,0.700954,0.3236,0.913502,0.242416,0.668284,0.435407,0.433943,0.459935,0.333112,0.322063,0.395784,0.671304,0.910776,0.629948,0.993885,0,0,0,0,0.705003,0.804509,0.910262,0.872629,0,0,0.276128,0.542938,0.292955,0.469371,0.273048,0.608322,0.299085,0.404001
0.306736,0.523892,0.386396,0.583791,0.331258,0.709156,0.33432,0.921669,0.243932,0.690068,0.449193,0.447564,0.456848,0.338567,0.315936,0.398503,0.654454,0.894429,0.599313,0.976174,0,0,0,0,0.694278,0.799058,0.893409,0.859005,0,0,0.274585,0.545664,0.296029,0.474811,0.273043,0.616504,0.297557,0.425808
0.303691,0.518424,0.374144,0.586535,0.326656,0.720047,0.325123,0.905327,0.230166,0.703689,0.423163,0.450291,0.450737,0.349454,0.299081,0.423043,0.652923,0.897153,0.620755,0.976173,0,0,0,0,0.685092,0.812683,0.894944,0.853557,0,0,0.274592,0.542911,0.296011,0.472065,0.274576,0.635563,0.341966,0.431225
0.302145,0.521113,0.372611,0.600148,0.326664,0.730929,0.322064,0.90806,0.22403,0.700957,0.424689,0.466629,0.452262,0.349454,0.297547,0.423051,0.657519,0.916226,0,0,0,0,0,0,0.683557,0.820859,0.885753,0.848112,0,0,0.274572,0.545651,0.291425,0.477541,0.277639,0.63558,0.280693,0.431195
0.303669,0.51299,0.37261,0.600147,0.326664,0.730941,0.312875,0.891712,0.222495,0.698257,0.42163,0.461179,0.450721,0.344005,0.297556,0.423023,0.655986,0.878079,0,0,0,0,0,0,0.685091,0.807234,0.890345,0.850834,0,0,0.27456,0.534738,0.29296,0.472079,0.274571,0.632836,0.288353,0.433904
0.300625,0.512964,0.361892,0.589263,0.326665,0.73094,0.318995,0.891714,0.220977,0.692789,0.397118,0.45846,0.450731,0.352187,0.303683,0.414858,0,0,0,0,0,0,0,0,0,0,0,0,0,0,0.273053,0.532055,0.288355,0.482945,0.271506,0.63013,0.280707,0.442141
0,0,0.368015,0.564723,0.317467,0.668278,0.326653,0.899882,0.262326,0.671001,0.424692,0.433939,0.427757,0.346753,0,0,0.666708,0.993883,0,0,0,0,0,0,0.709597,0.826306,0.893409,0.76091,0,0,0,0,0,0,0,0,0,0
0.259261,0.458464,0.363421,0.55383,0.315938,0.673717,0.326653,0.908061,0.274564,0.692796,0.423157,0.409413,0.429291,0.344034,0.302157,0.455724,0.660584,0.886255,0.648328,0.993884,0,0,0,0,0.708065,0.799061,0.891879,0.758193,0,0,0.257728,0.455738,0.269982,0.420313,0,0,0,0
0,0,0.366486,0.570165,0.312871,0.690071,0.343506,0.938015,0.29143,0.782717,0.423162,0.433933,0.424695,0.346751,0.296024,0.455719,0.660581,0.995246,0,0,0,0,0,0,0,0,0,0,0,0,0,0,0,0,0,0,0,0
0.311341,0.455735,0.364954,0.570178,0.319001,0.722762,0.332782,0.948927,0.289895,0.888983,0.420096,0.414863,0.418565,0.360358,0.291422,0.447576,0.701938,0.995246,0,0,0,0,0,0,0,0,0,0,0,0,0.282236,0.455736,0.306745,0.376726,0.257732,0.523859,0,0
0.360337,0.537507,0.45074,0.71189,0.389466,0.853549,0,0,0,0,0.527318,0.578357,0.542631,0.488439,0.375678,0.545659,0,0,0,0,0,0,0,0,0,0,0,0,0,0,0.323574,0.548354,0.383311,0.472088,0.323585,0.665557,0.441532,0.472107
0.39559,0.540206,0.475233,0.711873,0.417031,0.89171,0,0,0,0,0.559482,0.54838,0.591643,0.515693,0.412433,0.540202,0,0,0,0,0,0,0,0,0,0,0,0,0,0,0.358785,0.534827,0.415503,0.466589,0.343524,0.630127,0.47369,0.466626
0.395592,0.49661,0.499753,0.698232,0.435407,0.878085,0,0,0,0,0.562552,0.542941,0.614624,0.512957,0.512013,0.521149,0,0,0,0,0,0,0,0,0,0,0,0,0,0,0.364937,0.526605,0.424676,0.447534,0.386401,0.706384,0.490551,0.455709
0.387926,0.496621,0.507414,0.709157,0.440004,0.888983,0,0,0,0,0.585527,0.534745,0.677439,0.455734,0,0,0,0,0,0,0,0,0,0,0,0,0,0,0,0,0.3573,0.529329,0.420103,0.450271,0.384857,0.709112,0.490567,0.469359
0.381799,0.510206,0.508933,0.706422,0.42776,0.918956,0,0,0,0,0.582456,0.534754,0,0,0,0,0,0,0,0,0,0,0,0,0,0,0,0,0,0,0.349665,0.537466,0.410927,0.45573,0.37566,0.725515,0.485958,0.477551
0.381791,0.504793,0.511997,0.703698,0.432344,0.916223,0,0,0,0,0.590118,0.532024,0.623824,0.51842,0,0,0,0,0,0,0,0,0,0,0,0,0,0,0,0,0.349636,0.534815,0.412427,0.453016,0.36802,0.714582,0.485975,0.466667
0.384871,0.49933,0.518137,0.662806,0,0,0,0,0,0,0.593193,0.518397,0.628417,0.507494,0.508948,0.54837,0,0,0,0,0,0,0,0,0,0,0,0,0,0,0.354215,0.534748,0.418548,0.450341,0.371066,0.700982,0.485971,0.469368
0.387927,0.496635,0.516596,0.651921,0,0,0,0,0,0,0.596253,0.518399,0.628422,0.499342,0.508923,0.545633,0,0,0,0,0,0,0,0,0,0,0,0,0,0,0.355755,0.532073,0.421615,0.447589,0.366479,0.695546,0.485953,0.461201
0.386419,0.49932,0.524257,0.706414,0.450738,0.897162,0,0,0,0,0.591653,0.534749,0.682017,0.439401,0.46146,0.570169,0,0,0,0,0,0,0,0,0,0,0,0,0,0,0.354213,0.532078,0.420104,0.447577,0.374152,0.711875,0.490548,0.463911
0.384882,0.502067,0.516593,0.706403,0.449205,0.902606,0,0,0,0,0.579397,0.534745,0.675899,0.458478,0.466049,0.572884,0,0,0,0,0,0,0,0,0,0,0,0,0,0,0.35115,0.537514,0.418544,0.450294,0.380266,0.725512,0.490561,0.469349
0.375649,0.518366,0.507411,0.730931,0.443076,0.935296,0,0,0,0,0.571734,0.567446,0.642193,0.480268,0.455329,0.570199,0,0,0,0,0,0,0,0,0,0,0,0,0,0,0.341981,0.545658,0.409344,0.450334,0.363425,0.747281,0.47679,0.458467
0.371094,0.515683,0.504349,0.72548,0.443073,0.93803,0,0,0,0,0.573272,0.556557,0.643733,0.477522,0.45991,0.572878,0,0,0,0,0,0,0,0,0,0,0,0,0,0,0.337361,0.54834,0.404781,0.450338,0.360357,0.747287,0.475231,0.469367
0.369556,0.515668,0.505876,0.755462,0.446138,0.946197,0,0,0,0,0.58859,0.581073,0.631486,0.485681,0.447661,0.575639,0,0,0,0,0,0,0,0,0,0,0,0,0,0,0.334308,0.551063,0.403232,0.455744,0.341982,0.736378,0.484429,0.488406
0.374115,0.515679,0.499746,0.763646,0.444606,0.959828,0,0,0,0,0.588585,0.578356,0.649862,0.48296,0.462988,0.572924,0,0,0,0,0,0,0,0,0,0,0,0,0,0,0.337376,0.551063,0.407832,0.455766,0.346568,0.736383,0.484422,0.477532
0.381795,0.496612,0.52579,0.755476,0.461453,0.943483,0,0,0,0,0.585529,0.578359,0.660585,0.480244,0.490559,0.567431,0,0,0,0,0,0,0,0,0,0,0,0,0,0,0.345054,0.542924,0.417041,0.444875,0.352711,0.733659,0.496687,0.477526
0.38486,0.493858,0.527314,0.755453,0.464519,0.943477,0,0,0,0,0.594712,0.570175,0.669769,0.466656,0.49209,0.570152,0,0,0,0,0,0,0,0,0,0,0,0,0,0,0.346557,0.534806,0.418571,0.439394,0.354241,0.733652,0.492093,0.461197
0.392517,0.463947,0.530383,0.744562,0.476766,0.921675,0,0,0,0,0.608502,0.559275,0.678972,0.433943,0.513532,0.523883,0,0,0,0,0,0,0,0,0,0,0,0,0,0,0.351182,0.510216,0.424686,0.403988,0.358828,0.703694,0.505866,0.433945
0.395589,0.450269,0.541103,0.725492,0.47984,0.932578,0,0,0,0,0.610034,0.529312,0.682018,0.42847,0.508947,0.521155,0,0,0,0,0,0,0,0,0,0,0,0,0,0,0.355748,0.491206,0.427742,0.395762,0.361899,0.695516,0.50128,0.409426
0.404784,0.43122,0.527316,0.722766,0.498216,0.918953,0,0,0,0,0.643735,0.540204,0.691225,0.40397,0.533452,0.493872,0,0,0,0,0,0,0,0,0,0,0,0,0,0,0.360353,0.480241,0.435417,0.37674,0.361882,0.684581,0.513534,0.384894
0.407843,0.428533,0.574803,0.747287,0.496685,0.970722,0,0,0,0,0.642202,0.518408,0.703463,0.395799,0.542638,0.482983,0,0,0,0,0,0,0,0,0,0,0,0,0,0,0.361888,0.472113,0.44152,0.371283,0.363416,0.671008,0.508944,0.379462
0.406316,0.433974,0.55489,0.736388,0.505872,0.967997,0,0,0,0,0.645266,0.526586,0.705005,0.387632,0.539575,0.488454,0,0,0,0,0,0,0,0,0,0,0,0,0,0,0.360351,0.482969,0.438473,0.373996,0.36188,0.695511,0.513532,0.387604
0.404787,0.442119,0.557958,0.741833,0.499744,0.954375,0,0,0,0,0.640671,0.521123,0.706529,0.398521,0.542633,0.496611,0,0,0,0,0,0,0,0,0,0,0,0,0,0,0.358831,0.488408,0.435429,0.382154,0.363424,0.706443,0.510465,0.390353
0.40631,0.444861,0.565612,0.752734,0.501285,0.993884,0,0,0,0,0.60697,0.433943,0,0,0,0,0,0,0,0,0,0,0,0,0,0,0,0,0,0,0.358822,0.49121,0.435438,0.384901,0.363432,0.720041,0.510468,0.390362
0.410894,0.44479,0.577866,0.771812,0.504344,0.976173,0,0,0,0,0.602371,0.406689,0,0,0,0,0,0,0,0,0,0,0,0,0,0,0,0,0,0,0.361886,0.491152,0.44154,0.382148,0.364969,0.717301,0.508942,0.379475
0.41551,0.428529,0.58859,0.755462,0.513533,0.976173,0,0,0,0,0.611571,0.387634,0,0,0,0,0,0,0,0,0,0,0,0,0,0,0,0,0,0,0.364958,0.482954,0.446109,0.368536,0.366495,0.706385,0.510461,0.371252
0.415505,0.428506,0.588591,0.755464,0.518126,0.989797,0,0,0,0,0.694279,0.551105,0.727981,0.371286,0.554885,0.474816,0,0,0,0,0,0,0,0,0,0,0,0,0,0,0.361892,0.477538,0.446119,0.363109,0.36496,0.703711,0.511997,0.371275
0.409348,0.425768,0.590119,0.74729,0.513536,0.9571,0,0,0,0,0.692749,0.537481,0.723391,0.365824,0.551822,0.477539,0,0,0,0,0,0,0,0,0,0,0,0,0,0,0.355772,0.472075,0.438483,0.357666,0.360337,0.706389,0.510467,0.363116
0.401726,0.428524,0.587056,0.728221,0.518126,0.965275,0,0,0,0,0.680496,0.526583,0.723382,0.360381,0.550293,0.477541,0,0,0,0,0,0,0,0,0,0,0,0,0,0,0.349644,0.485713,0.433864,0.36584,0.354224,0.717304,0.507395,0.374018
0.395585,0.444795,0.583994,0.720046,0.51813,0.946204,0,0,0,0,0.660581,0.499336,0.721843,0.354917,0.542638,0.47753,0,0,0,0,0,0,0,0,0,0,0,0,0,0,0.345033,0.49121,0.424714,0.376695,0.349635,0.733658,0.496694,0.376719
0.398649,0.439396,0.587054,0.720047,0.527322,0.95165,0,0,0,0,0.588592,0.376717,0,0,0,0,0,0,0,0,0,0,0,0,0,0,0,0,0,0,0.34809,0.491182,0.427757,0.373963,0.349653,0.728215,0.493632,0.365836
0.410887,0.433933,0.593187,0.75274,0.542635,0.989797,0,0,0,0,0.682027,0.523859,0.734109,0.344043,0.551832,0.455732,0,0,0,0,0,0,0,0,0,0,0,0,0,0,0.358801,0.485663,0.439991,0.360377,0.357298,0.7173,0.507392,0.363093
0.420086,0.428479,0.594716,0.755464,0.547229,0.992521,0,0,0,0,0.674368,0.518403,0.743296,0.341282,0.561019,0.447558,0,0,0,0,0,0,0,0,0,0,0,0,0,0,0.36341,0.477524,0.446155,0.35766,0.364947,0.717295,0.513538,0.352202
0.423145,0.42851,0.593186,0.769086,0.545699,0.987072,0,0,0,0,0.691216,0.553828,0.752492,0.338562,0.557957,0.442113,0,0,0,0,0,0,0,0,0,0,0,0,0,0,0.369536,0.483009,0.452255,0.360374,0.371076,0.725498,0.522728,0.387608
0.423134,0.431211,0.59625,0.763639,0.547233,0.992521,0,0,0,0,0.674367,0.556549,0.749425,0.341309,0.564081,0.442103,0,0,0,0,0,0,0,0,0,0,0,0,0,0,0.369544,0.488435,0.450727,0.36313,0.372586,0.733697,0.515067,0.349475
0.427753,0.433952,0.606971,0.760915,0.574803,0.989797,0,0,0,0,0.70347,0.532032,0.758621,0.34128,0.577871,0.442122,0,0,0,0,0,0,0,0,0,0,0,0,0,0,0.372614,0.491193,0.455333,0.371233,0.374141,0.747268,0.51966,0.365813
0.427748,0.428514,0.61616,0.752736,0.58093,0.992521,0,0,0,0,0.683558,0.499332,0.760153,0.341286,0.579402,0.436651,0,0,0,0,0,0,0,0,0,0,0,0,0,0,0.37106,0.485687,0.453779,0.360333,0.366495,0.730948,0.524255,0.37126
0.423184,0.398522,0.606972,0.741844,0.554889,0.993886,0,0,0,0,0.672836,0.477536,0.757086,0.300423,0.576339,0.398527,0,0,0,0,0,0,0,0,0,0,0,0,0,0,0.363414,0.461158,0.449197,0.335828,0.366496,0.714588,0.516587,0.341297
0.423165,0.395761,0.603903,0.739115,0.55489,0.992521,0,0,0,0,0.671304,0.477537,0.758616,0.286798,0.577868,0.387629,0,0,0,0,0,0,0,0,0,0,0,0,0,0,0.363416,0.450282,0.449216,0.3195,0.368014,0.706422,0.515055,0.335851
0.420094,0.382187,0.600845,0.739118,0.559486,0.981622,0,0,0,0,0.669773,0.488433,0.755556,0.278612,0.577868,0.387626,0,0,0,0,0,0,0,0,0,0,0,0,0,0,0.358814,0.442088,0.446127,0.313997,0.357295,0.706415,0.508929,0.300431
0.413971,0.384898,0.597781,0.744561,0.541107,0.992521,0,0,0,0,0.666708,0.485711,0.747891,0.281345,0.573266,0.387625,0,0,0,0,0,0,0,0,0,0,0,0,0,0,0.349656,0.447552,0.441555,0.314082,0.351164,0.711894,0.496692,0.314046
0.39405,0.417584,0.583994,0.760912,0.531912,0.992521,0,0,0,0,0.663644,0.534757,0.729505,0.308589,0.550292,0.4067,0,0,0,0,0,0,0,0,0,0,0,0,0,0,0.326655,0.480253,0.420093,0.344009,0.32206,0.736413,0.48136,0.327655
0.378746,0.431209,0.571738,0.758194,0.527316,0.993884,0,0,0,0,0.65139,0.512957,0.711136,0.319492,0.542631,0.428479,0,0,0,0,0,0,0,0,0,0,0,0,0,0,0.314418,0.491177,0.406294,0.360358,0.314397,0.763641,0.464528,0.346735
0.37569,0.436675,0.588591,0.763637,0.534976,0.992522,0,0,0,0,0.654457,0.51568,0.711129,0.311317,0.547227,0.433925,0,0,0,0,0,0,0,0,0,0,0,0,0,0,0.312852,0.504794,0.400196,0.371289,0.319004,0.782723,0.472164,0.371261
0.377196,0.431242,0.585525,0.752744,0.538039,0.959823,0,0,0,0,0.651391,0.488431,0.715723,0.305873,0.547229,0.431201,0,0,0,0,0,0,0,0,0,0,0,0,0,0,0.311349,0.499312,0.40018,0.365811,0.315948,0.782708,0.449202,0.338622
0.374136,0.417571,0.571741,0.771816,0.528847,0.993885,0,0,0,0,0.655988,0.529309,0.711132,0.28135,0.544167,0.395798,0,0,0,0,0,0,0,0,0,0,0,0,0,0,0.305225,0.485724,0.395582,0.346753,0.314395,0.766379,0.464511,0.346746
0.377207,0.401262,0.587057,0.763642,0.536507,0.989796,0,0,0,0,0.657518,0.485708,0.714198,0.256839,0.544167,0.387624,0,0,0,0,0,0,0,0,0,0,0,0,0,0,0.309802,0.472111,0.397106,0.338556,0.317462,0.758198,0.470645,0.341289
0.387934,0.379439,0.583993,0.730939,0.538041,0.992522,0,0,0,0,0.631479,0.45301,0.729508,0.237753,0.550294,0.354915,0,0,0,0,0,0,0,0,0,0,0,0,0,0,0.315936,0.450315,0.406305,0.31134,0.32054,0.736399,0.449224,0.294964
0.38487,0.365815,0.588591,0.70369,0.542636,0.984346,0,0,0,0,0.629947,0.450283,0.729505,0.232301,0.548761,0.346753,0,0,0,0,0,0,0,0,0,0,0,0,0,0,0.31288,0.439406,0.404787,0.297722,0.319008,0.728231,0.476759,0.300416
0.374133,0.346736,0.588586,0.695518,0.536512,0.987072,0,0,0,0,0.637605,0.431209,0.721852,0.213226,0.542631,0.338572,0,0,0,0,0,0,0,0,0,0,0,0,0,0,0.303691,0.422998,0.395588,0.281358,0.308287,0.706421,0.461457,0.273187
0.363422,0.333124,0.579398,0.673721,0.536506,0.943476,0,0,0,0,0.637606,0.414867,0.708071,0.205047,0.525788,0.322217,0,0,0,0,0,0,0,0,0,0,0,0,0,0,0.29142,0.401255,0.38487,0.259562,0.303681,0.700971,0,0
0.340445,0.341298,0.541105,0.687344,0.518128,0.992521,0,0,0,0,0.596248,0.439389,0.685091,0.213226,0.50281,0.335852,0,0,0,0,0,0,0,0,0,0,0,0,0,0,0.2654,0.417595,0.358828,0.265001,0.266917,0.709167,0.432342,0.265005
0.325147,0.35489,0.538043,0.71459,0.496683,0.989796,0,0,0,0,0.600843,0.453012,0.671303,0.235022,0.490554,0.344027,0,0,0,0,0,0,0,0,0,0,0,0,0,0,0.254676,0.428479,0.348093,0.281363,0.256192,0.72819,0.424687,0.2868
0.317471,0.354896,0.534978,0.709141,0.49362,0.989797,0,0,0,0,0.594716,0.453014,0.659046,0.221403,0.47677,0.344026,0,0,0,0,0,0,0,0,0,0,0,0,0,0,0.243942,0.431212,0.338901,0.284097,0.250063,0.730911,0,0
0.323593,0.354932,0.53957,0.69552,0.502811,0.989797,0,0,0,0,0.593183,0.428486,0.669772,0.21596,0.495146,0.341309,0,0,0,0,0,0,0,0,0,0,0,0,0,0,0.251601,0.428451,0.343515,0.281375,0.256215,0.728232,0,0
0.352702,0.357628,0.583994,0.698245,0.538042,0.932576,0,0,0,0,0.629947,0.425763,0.695815,0.205047,0.524251,0.341291,0,0,0,0,0,0,0,0,0,0,0,0,0,0,0.277664,0.425789,0.374125,0.27863,0.289902,0.730965,0,0
0.372599,0.360362,0.593183,0.72549,0.557953,0.981622,0,0,0,0,0.65139,0.436666,0.714191,0.207786,0.545696,0.338577,0,0,0,0,0,0,0,0,0,0,0,0,0,0,0.299075,0.431211,0.372616,0.354892,0.302157,0.730959,0,0
0.397126,0.373987,0.596251,0.741843,0.582461,0.970723,0,0,0,0,0.642201,0.444837,0.746358,0.210506,0.576331,0.346735,0,0,0,0,0,0,0,0,0,0,0,0,0,0,0.323609,0.447581,0.418572,0.300425,0.32513,0.752758,0.473703,0.284093
0.398659,0.390336,0.593186,0.760912,0.556422,0.973448,0,0,0,0,0.668242,0.472085,0.747895,0.232299,0.574806,0.365819,0,0,0,0,0,0,0,0,0,0,0,0,0,0,0.323611,0.463897,0.421611,0.311314,0.32666,0.771779,0.473707,0.284077
0.389471,0.423037,0.588592,0.752735,0.577865,0.987072,0,0,0,0,0.633012,0.453017,0.735634,0.254107,0.576334,0.382164,0,0,0,0,0,0,0,0,0,0,0,0,0,0,0.318989,0.491128,0.412439,0.346757,0.323603,0.799081,0.461462,0.319478
0.386398,0.42577,0.585528,0.755461,0.55642,0.989796,0,0,0,0,0.628414,0.466635,0.732581,0.256826,0.570208,0.387626,0,0,0,0,0,0,0,0,0,0,0,0,0,0,0.311328,0.49391,0.407817,0.352167,0.317463,0.801815,0.449218,0.316726
0.374155,0.417577,0.573271,0.755466,0.544168,0.987073,0,0,0,0,0.590121,0.461185,0.72951,0.267725,0.567145,0.382171,0,0,0,0,0,0,0,0,0,0,0,0,0,0,0.30063,0.488476,0.398663,0.344007,0.306745,0.79633,0,0
0.375691,0.414867,0.587056,0.758183,0.544168,0.989797,0,0,0,0,0.619225,0.469358,0.724915,0.256831,0.551825,0.387615,0,0,0,0,0,0,0,0,0,0,0,0,0,0,0.299084,0.48847,0.397099,0.341344,0.305215,0.793632,0,0
0.378736,0.406692,0.565612,0.779987,0.539575,0.989798,0,0,0,0,0.651393,0.485707,0.721853,0.251375,0.551828,0.382164,0,0,0,0,0,0,0,0,0,0,0,0,0,0,0.299107,0.488385,0.397114,0.33857,0.308284,0.793594,0,0
0.380269,0.395813,0.559486,0.790886,0.53804,0.989798,0,0,0,0,0.663644,0.507508,0.72032,0.240485,0.551828,0.37671,0,0,0,0,0,0,0,0,0,0,0,0,0,0,0.302146,0.480261,0.40018,0.330383,0.309808,0.782721,0,0
0.39253,0.371289,0.602375,0.755464,0.582463,0.993884,0,0,0,0,0.652924,0.45029,0.73564,0.218678,0.559485,0.335847,0,0,0,0,0,0,0,0,0,0,0,0,0,0,0.315928,0.455719,0.412451,0.303167,0.325131,0.758219,0,0
0.400188,0.371251,0.610034,0.752734,0.587057,0.984347,0,0,0,0,0.660582,0.447559,0.743299,0.215952,0.567143,0.322218,0,0,0,0,0,0,0,0,0,0,0,0,0,0,0.323581,0.447543,0.420102,0.297705,0.337375,0.755488,0,0
0.406315,0.354925,0.623821,0.736391,0.593183,0.992521,0,0,0,0,0.685091,0.433937,0.752487,0.188711,0.577868,0.297699,0,0,0,0,0,0,0,0,0,0,0,0,0,0,0.329718,0.433937,0.426222,0.281356,0.340456,0.739133,0,0
0.407848,0.344019,0.628415,0.728218,0.585527,0.993884,0,0,0,0,0.692748,0.428488,0.755555,0.175084,0.587055,0.286795,0,0,0,0,0,0,0,0,0,0,0,0,0,0,0.33125,0.425764,0.427751,0.273193,0.341983,0.730943,0,0
0.403253,0.33859,0.620755,0.752735,0.585526,0.993884,0,0,0,0,0.705004,0.439387,0.752489,0.166905,0.567143,0.286801,0,0,0,0,0,0,0,0,0,0,0,0,0,0,0.323618,0.42029,0.424673,0.259552,0.331259,0.725457,0,0
0.397115,0.335852,0.608504,0.739112,0.582461,0.993884,0,0,0,0,0.674367,0.423041,0.741764,0.164188,0.56561,0.284077,0,0,0,0,0,0,0,0,0,0,0,0,0,0,0.320528,0.412127,0.421619,0.254137,0.325147,0.722751,0,0
0.392514,0.330391,0.61616,0.700967,0.582461,0.993884,0,0,0,0,0.680494,0.39579,0.737171,0.158737,0.554891,0.27045,0,0,0,0,0,0,0,0,0,0,0,0,0,0,0.314402,0.403932,0.41092,0.251392,0.325135,0.711883,0,0
0.390988,0.333098,0.608504,0.698242,0.577867,0.992521,0,0,0,0,0.662115,0.395789,0.735637,0.150555,0.554892,0.281343,0,0,0,0,0,0,0,0,0,0,0,0,0,0,0.31441,0.401208,0.412433,0.251344,0.326664,0.714585,0,0
0.392512,0.327679,0.605437,0.673717,0.574803,0.993884,0,0,0,0,0.654454,0.368544,0.734111,0.142385,0.559487,0.278627,0,0,0,0,0,0,0,0,0,0,0,0,0,0,0.314413,0.398523,0.412433,0.248669,0.326649,0.709149,0,0
0.39251,0.33041,0.60544,0.668269,0.580929,0.992521,0,0,0,0,0.655984,0.357644,0.731045,0.131492,0.550294,0.275903,0,0,0,0,0,0,0,0,0,0,0,0,0,0,0.314415,0.398522,0.412437,0.248683,0.326655,0.70644,0,0
0.394049,0.338584,0.605435,0.684618,0.577865,0.965274,0,0,0,0,0.65905,0.365818,0.731045,0.131488,0.55183,0.281355,0,0,0,0,0,0,0,0,0,0,0,0,0,0,0.314418,0.403939,0.410923,0.251405,0.325123,0.711885,0,0
0.392515,0.33859,0.606969,0.698242,0.570208,0.992521,0,0,0,0,0.672837,0.373994,0.729505,0.131489,0.5457,0.292254,0,0,0,0,0,0,0,0,0,0,0,0,0,0,0.311364,0.412136,0.410891,0.254125,0.32513,0.725471,0,0
0.386397,0.363079,0.599311,0.73639,0.568676,0.992522,0,0,0,0,0.655986,0.406688,0.723385,0.161459,0.541103,0.305875,0,0,0,0,0,0,0,0,0,0,0,0,0,0,0.306736,0.433928,0.401707,0.281332,0.317458,0.744576,0,0
0.380269,0.368558,0.597778,0.750013,0.554891,0.973448,0,0,0,0,0.66058,0.450283,0.723387,0.180537,0.541103,0.324947,0,0,0,0,0,0,0,0,0,0,0,0,0,0,0.30673,0.442121,0.400182,0.2895,0.315942,0.752734,0,0
0.38639,0.382176,0.603905,0.722767,0.579399,0.992521,0,0,0,0,0.65752,0.412139,0.729511,0.199606,0.550293,0.324951,0,0,0,0,0,0,0,0,0,0,0,0,0,0,0.309806,0.45845,0.406304,0.303132,0.323586,0.760924,0,0
0.392527,0.390319,0.600845,0.733663,0.577866,0.992521,0,0,0,0,0.648327,0.439387,0.732581,0.210503,0.551831,0.338566,0,0,0,0,0,0,0,0,0,0,0,0,0,0,0.311362,0.463872,0.409387,0.305891,0.325119,0.763628,0,0
0.39711,0.393049,0.602376,0.720044,0.587059,0.965274,0,0,0,0,0.629947,0.417588,0.741764,0.218683,0.557954,0.341293,0,0,0,0,0,0,0,0,0,0,0,0,0,0,0.319003,0.463912,0.413971,0.311324,0.329718,0.76637,0,0
0.40324,0.384877,0.605437,0.752742,0.582461,0.993883,0,0,0,0,0.660583,0.447564,0.747894,0.213237,0.568673,0.341302,0,0,0,0,0,0,0,0,0,0,0,0,0,0,0.323597,0.461211,0.420095,0.311309,0.33278,0.766354,0,0
0.406297,0.38218,0.613097,0.722766,0.596246,0.992521,0,0,0,0,0.65752,0.42849,0.757081,0.205064,0.577869,0.33857,0,0,0,0,0,0,0,0,0,0,0,0,0,0,0.32971,0.463879,0.426211,0.308605,0.341965,0.766361,0,0
0.407833,0.390334,0.610032,0.717316,0.596246,0.992521,0,0,0,0,0.649858,0.428486,0.758618,0.207788,0.582459,0.341283,0,0,0,0,0,0,0,0,0,0,0,0,0,0,0.331248,0.463869,0.42776,0.311302,0.34198,0.763641,0,0
0.407829,0.38487,0.62382,0.733666,0.597778,0.992521,0,0,0,0,0.662115,0.436662,0.758621,0.218674,0.583993,0.338572,0,0,0,0,0,0,0,0,0,0,0,0,0,0,0.329711,0.461213,0.426238,0.308619,0.341971,0.766348,0,0
0.403247,0.384899,0.620756,0.700969,0.59778,0.992521,0,0,0,0,0.652922,0.428486,0.761683,0.221403,0.591653,0.333121,0,0,0,0,0,0,0,0,0,0,0,0,0,0,0.326675,0.46388,0.424699,0.30861,0.338916,0.766346,0,0
0.401709,0.395806,0.602376,0.763638,0.585525,0.992521,0,0,0,0,0.677432,0.455736,0.758614,0.21868,0.585526,0.34401,0,0,0,0,0,0,0,0,0,0,0,0,0,0,0.323603,0.474821,0.42314,0.316794,0.335841,0.779986,0,0
0.39559,0.403949,0.59625,0.769092,0.585527,0.992521,0,0,0,0,0.654453,0.458465,0.758616,0.240482,0.588589,0.344024,0,0,0,0,0,0,0,0,0,0,0,0,0,0,0.322057,0.485673,0.421627,0.324954,0.331255,0.785428,0,0
0.395583,0.403988,0.579399,0.799061,0.531914,0.992521,0,0,0,0,0.691218,0.502057,0.755551,0.232298,0.579396,0.346754,0,0,0,0,0,0,0,0,0,0,0,0,0,0,0.318986,0.488467,0.420081,0.338558,0.32667,0.790873,0,0
0.394051,0.417591,0.570209,0.796335,0,0,0,0,0,0,0.665178,0.496607,0.755553,0.22685,0.582465,0.346752,0,0,0,0,0,0,0,0,0,0,0,0,0,0,0.318981,0.491137,0.417037,0.338602,0.326665,0.7909,0,0
0.397111,0.406696,0.593186,0.790886,0.565613,0.992522,0,0,0,0,0.692749,0.466636,0.757081,0.224134,0.576335,0.346751,0,0,0,0,0,0,0,0,0,0,0,0,0,0,0.318992,0.488381,0.418551,0.335809,0.326668,0.782723,0,0
0.394064,0.401265,0.59625,0.766361,0.573271,0.993885,0,0,0,0,0.695812,0.461183,0.758614,0.21596,0.573271,0.344028,0,0,0,0,0,0,0,0,0,0,0,0,0,0,0.320524,0.483006,0.418565,0.322246,0.329722,0.777288,0,0
0.406302,0.39033,0.605438,0.760916,0.58859,0.993884,0,0,0,0,0.686622,0.453017,0.760147,0.213223,0.579401,0.33312,0,0,0,0,0,0,0,0,0,0,0,0,0,0,0.322074,0.469399,0.420104,0.314024,0.331259,0.771826,0.46759,0.275895
0.403237,0.393058,0.603905,0.758192,0.591651,0.993884,0,0,0,0,0.683558,0.444841,0.758619,0.20777,0.576338,0.341295,0,0,0,0,0,0,0,0,0,0,0,0,0,0,0.323563,0.472098,0.421619,0.311343,0.33279,0.771835,0,0
0.406308,0.395766,0.588592,0.779986,0.554891,0.993885,0,0,0,0,0.674369,0.461186,0.758616,0.210509,0.574806,0.346736,0,0,0,0,0,0,0,0,0,0,0,0,0,0,0.32054,0.48027,0.4201,0.319514,0.329713,0.779976,0,0
0.403235,0.40123,0.591651,0.796336,0.556422,0.993885,0,0,0,0,0.691217,0.477535,0.758611,0.210518,0.574803,0.344032,0,0,0,0,0,0,0,0,0,0,0,0,0,0,0.320527,0.482964,0.420083,0.327665,0.332778,0.78272,0.461471,0.292294
0.404776,0.401209,0.596246,0.796337,0.551825,0.993885,0,0,0,0,0.703469,0.480261,0.758614,0.210517,0.570208,0.346739,0,0,0,0,0,0,0,0,0,0,0,0,0,0,0.322041,0.480282,0.418562,0.324965,0.331248,0.782703,0,0
0.404768,0.398536,0.593186,0.779986,0.565612,0.993884,0,0,0,0,0.677431,0.463912,0.758614,0.210516,0.571738,0.346741,0,0,0,0,0,0,0,0,0,0,0,0,0,0,0.320544,0.480279,0.41855,0.324961,0.326673,0.777271,0,0
0.401707,0.398507,0.597779,0.763637,0.582463,0.992521,0,0,0,0,0.660581,0.450285,0.758621,0.207788,0.576334,0.344011,0,0,0,0,0,0,0,0,0,0,0,0,0,0,0.322072,0.474817,0.420077,0.316795,0.331256,0.774559,0.47678,0.286806
0.401713,0.393073,0.599312,0.758191,0.582463,0.989797,0,0,0,0,0.665179,0.453013,0.758619,0.207777,0.574806,0.344012,0,0,0,0,0,0,0,0,0,0,0,0,0,0,0.323565,0.472076,0.421606,0.31407,0.331262,0.774542,0,0
0.401712,0.393061,0.603908,0.755458,0.568677,0.993884,0,0,0,0,0.669771,0.444835,0.758622,0.2105,0.57327,0.341295,0,0,0,0,0,0,0,0,0,0,0,0,0,0,0.323581,0.472062,0.421627,0.314031,0.337382,0.779985,0,0
0.401714,0.398477,0.603909,0.750013,0.57174,0.992521,0,0,0,0,0.66824,0.447559,0.760153,0.218684,0.576337,0.341293,0,0,0,0,0,0,0,0,0,0,0,0,0,0,0.323588,0.474793,0.421617,0.314092,0.338915,0.777267,0,0
0.406314,0.390337,0.613097,0.750016,0.583994,0.987072,0,0,0,0,0.685089,0.44211,0.760144,0.218683,0.573272,0.333119,0,0,0,0,0,0,0,0,0,0,0,0,0,0,0.323609,0.474808,0.423143,0.314063,0.338913,0.774556,0,0
0.406308,0.39034,0.617692,0.769085,0.59165,0.992521,0,0,0,0,0.7096,0.447564,0.761679,0.215957,0.580932,0.284075,0,0,0,0,0,0,0,0,0,0,0,0,0,0,0.325107,0.472104,0.423155,0.314019,0.34044,0.774532,0,0
