0.656001,0.406698,0.530382,0.722768,0.424693,0.733668,0.306749,0.801768,0.484443,0.621949,0.654447,0.709151,0.806106,0.818126,0.709594,0.496596,0,0,0,0,0,0,0,0,0,0,0,0,0,0,0.611576,0.38489,0.6468,0.341332,0.466052,0.518403,0,0
0.656,0.406702,0.530386,0.722758,0.426219,0.733661,0.306751,0.799076,0.484442,0.621939,0.65445,0.709151,0.807617,0.818123,0.709596,0.496607,0,0,0,0,0,0,0,0,0,0,0,0,0,0,0.611559,0.384899,0.646785,0.344024,0.464525,0.518394,0,0
0.655999,0.406682,0.530383,0.720052,0.42469,0.733671,0.306745,0.801776,0.484437,0.621941,0.652928,0.709133,0.806104,0.818134,0.709601,0.496603,0,0,0,0,0,0,0,0,0,0,0,0,0,0,0.611558,0.384894,0.645283,0.341342,0.464523,0.518395,0,0
0.655993,0.406685,0.530387,0.722757,0.424688,0.733675,0.306749,0.799078,0.484441,0.62194,0.654447,0.70915,0.806096,0.818139,0.709605,0.496615,0,0,0,0,0,0,0,0,0,0,0,0,0,0,0.610049,0.384905,0.64528,0.344007,0.464511,0.518393,0,0
0.655994,0.403977,0.530386,0.720051,0.424687,0.73639,0.306747,0.79908,0.484417,0.621932,0.652928,0.709129,0.806099,0.818134,0.711118,0.499332,0,0,0,0,0,0,0,0,0,0,0,0,0,0,0.61156,0.384908,0.645281,0.341346,0.464521,0.518391,0,0
0.656003,0.406694,0.530384,0.72005,0.423157,0.736395,0.306746,0.799074,0.482897,0.621925,0.654448,0.706405,0.806099,0.81813,0.709613,0.499332,0,0,0,0,0,0,0,0,0,0,0,0,0,0,0.611578,0.38492,0.645279,0.344031,0.466043,0.518387,0,0
0.65751,0.406706,0.530377,0.722761,0.424686,0.736391,0.306748,0.799074,0.4829,0.619251,0.652921,0.703695,0.806104,0.818138,0.711121,0.502047,0,0,0,0,0,0,0,0,0,0,0,0,0,0,0.611566,0.384924,0.645276,0.341342,0.464523,0.518382,0,0
0.65599,0.409409,0.530378,0.720041,0.423157,0.736385,0.306747,0.799077,0.484418,0.619223,0.651396,0.700983,0.807619,0.815437,0.7096,0.499335,0,0,0,0,0,0,0,0,0,0,0,0,0,0,0.610039,0.387594,0.645275,0.346776,0.466043,0.518393,0,0
0.655987,0.403964,0.530377,0.720049,0.424686,0.736392,0.308267,0.799062,0.482902,0.619202,0.652925,0.703703,0.807622,0.815405,0.70808,0.502054,0,0,0,0,0,0,0,0,0,0,0,0,0,0,0.610042,0.384883,0.645251,0.344037,0.466051,0.515698,0,0
0.657516,0.403956,0.528852,0.717315,0.421627,0.728223,0.308269,0.799058,0.482888,0.616512,0.654453,0.703701,0.806111,0.815396,0.709605,0.502057,0,0,0,0,0,0,0,0,0,0,0,0,0,0,0.610037,0.384905,0.643757,0.346756,0.464516,0.515686,0,0
0.657532,0.401259,0.530379,0.714601,0.423159,0.722771,0.308266,0.796359,0.482899,0.616466,0.652929,0.703694,0.806107,0.815409,0.709612,0.499323,0,0,0,0,0,0,0,0,0,0,0,0,0,0,0.611567,0.384867,0.64528,0.346746,0.466054,0.515675,0,0
0.657519,0.403952,0.530377,0.714588,0.423156,0.722772,0.308272,0.796358,0.482896,0.613784,0.652927,0.703676,0.807617,0.815389,0.711121,0.496607,0,0,0,0,0,0,0,0,0,0,0,0,0,0,0.61005,0.384887,0.64525,0.346767,0.467574,0.515673,0,0
0.657515,0.401249,0.528859,0.711859,0.423156,0.720037,0.308278,0.799044,0.482897,0.613775,0.654447,0.700956,0.807638,0.815404,0.711119,0.50205,0,0,0,0,0,0,0,0,0,0,0,0,0,0,0.611566,0.384887,0.645261,0.346742,0.466049,0.515668,0,0
0.655999,0.403966,0.530379,0.711874,0.421626,0.725486,0.308266,0.799063,0.482889,0.613781,0.654454,0.700984,0.807629,0.815419,0.711127,0.502053,0,0,0,0,0,0,0,0,0,0,0,0,0,0,0.613098,0.384877,0.646784,0.344041,0.466054,0.51569,0,0
0.65751,0.403959,0.530383,0.714596,0.423156,0.728216,0.308267,0.799051,0.482897,0.613771,0.654454,0.703697,0.807623,0.815403,0.712652,0.504782,0,0,0,0,0,0,0,0,0,0,0,0,0,0,0.61158,0.384873,0.64528,0.344036,0.467581,0.515694,0,0
0.657509,0.401268,0.530384,0.714588,0.421625,0.728215,0.308279,0.799063,0.482889,0.611065,0.654454,0.700964,0.806101,0.815415,0.712672,0.507498,0,0,0,0,0,0,0,0,0,0,0,0,0,0,0.611581,0.382178,0.645271,0.34404,0.466051,0.515689,0,0
0.65751,0.403948,0.530384,0.714588,0.420095,0.72821,0.308264,0.796359,0.4829,0.611052,0.654448,0.700973,0.80611,0.815408,0.712672,0.507498,0,0,0,0,0,0,0,0,0,0,0,0,0,0,0.611577,0.38218,0.645265,0.344046,0.467578,0.515688,0,0
0.655997,0.403952,0.530386,0.714594,0.423156,0.728218,0.308268,0.799051,0.482902,0.611064,0.654449,0.700981,0.807627,0.812697,0.712654,0.504779,0,0,0,0,0,0,0,0,0,0,0,0,0,0,0.611569,0.382187,0.645258,0.346754,0.467574,0.515694,0,0
0.655995,0.403962,0.530384,0.714594,0.424688,0.728214,0.308263,0.799066,0.482908,0.613772,0.655981,0.703687,0.809148,0.812696,0.712673,0.502058,0,0,0,0,0,0,0,0,0,0,0,0,0,0,0.61157,0.38217,0.645273,0.349459,0.466044,0.515686,0,0
0.656002,0.401247,0.530379,0.714602,0.424693,0.7255,0.308263,0.799075,0.482898,0.616471,0.654451,0.703698,0.809159,0.812686,0.714182,0.499336,0,0,0,0,0,0,0,0,0,0,0,0,0,0,0.611581,0.382176,0.645262,0.346728,0.466047,0.515687,0,0
0.655996,0.398528,0.530388,0.717308,0.424693,0.730933,0.308275,0.799066,0.4829,0.616484,0.654458,0.703702,0.809161,0.812664,0.714186,0.499335,0,0,0,0,0,0,0,0,0,0,0,0,0,0,0.610034,0.384869,0.64372,0.341327,0.46451,0.515675,0,0
0.655986,0.398507,0.53191,0.717311,0.426221,0.730936,0.308267,0.799064,0.481375,0.619196,0.655979,0.703697,0.809162,0.812666,0.714188,0.499338,0,0,0,0,0,0,0,0,0,0,0,0,0,0,0.608512,0.384899,0.643716,0.341315,0.462993,0.515683,0,0
0.655994,0.398511,0.530384,0.71459,0.423158,0.728216,0.308265,0.799067,0.482889,0.616497,0.655977,0.703693,0.80917,0.812661,0.712666,0.496614,0,0,0,0,0,0,0,0,0,0,0,0,0,0,0.610025,0.384876,0.643727,0.346719,0.46451,0.515692,0,0
0.657509,0.398513,0.531914,0.714604,0.424687,0.728222,0.308272,0.799072,0.482884,0.616513,0.655981,0.703694,0.809168,0.812662,0.714193,0.502063,0,0,0,0,0,0,0,0,0,0,0,0,0,0,0.61003,0.382172,0.64374,0.341324,0.464518,0.515694,0,0
0.65599,0.398499,0.533446,0.71731,0.426223,0.728211,0.308268,0.799077,0.482897,0.616507,0.65598,0.706404,0.809157,0.812677,0.714181,0.496609,0,0,0,0,0,0,0,0,0,0,0,0,0,0,0.610035,0.382172,0.645256,0.338603,0.464524,0.515698,0,0
0.652928,0.401225,0.53192,0.714599,0.424688,0.725494,0.308283,0.799075,0.482895,0.616492,0.654458,0.703685,0.809174,0.812666,0.714195,0.50205,0,0,0,0,0,0,0,0,0,0,0,0,0,0,0.606988,0.38759,0.642216,0.344033,0.462995,0.515681,0,0
0.65598,0.398504,0.531921,0.717326,0.424691,0.730933,0.308277,0.79907,0.482897,0.616504,0.654455,0.706416,0.809171,0.81266,0.712666,0.504776,0,0,0,0,0,0,0,0,0,0,0,0,0,0,0.608499,0.38488,0.643725,0.341308,0.462994,0.515681,0,0
0.655985,0.398516,0.531916,0.714592,0.424687,0.725486,0.308269,0.799079,0.4829,0.616507,0.654458,0.703697,0.810685,0.809957,0.711135,0.499333,0,0,0,0,0,0,0,0,0,0,0,0,0,0,0.608517,0.384878,0.645266,0.338638,0.46299,0.515669,0,0
0.657526,0.40124,0.53191,0.714582,0.423157,0.72004,0.308271,0.799069,0.484419,0.616484,0.655986,0.706417,0.810702,0.809949,0.711131,0.493888,0,0,0,0,0,0,0,0,0,0,0,0,0,0,0.610023,0.384873,0.646789,0.338634,0.462986,0.51567,0,0
0.659042,0.401234,0.530381,0.714602,0.423157,0.722767,0.308272,0.799069,0.482906,0.616517,0.655981,0.706417,0.810706,0.807251,0.71265,0.49388,0,0,0,0,0,0,0,0,0,0,0,0,0,0,0.610036,0.382176,0.646798,0.338601,0.461456,0.512972,0,0
0.657513,0.401244,0.53038,0.714601,0.423158,0.720049,0.308271,0.799075,0.482904,0.616509,0.654462,0.706419,0.812218,0.809947,0.711141,0.493879,0,0,0,0,0,0,0,0,0,0,0,0,0,0,0.610028,0.38218,0.646789,0.341296,0.461461,0.51566,0,0
0.657525,0.401249,0.530382,0.7146,0.423159,0.720046,0.308268,0.799077,0.484416,0.616498,0.655979,0.706422,0.81222,0.807244,0.711143,0.496605,0,0,0,0,0,0,0,0,0,0,0,0,0,0,0.610034,0.382196,0.648313,0.341276,0.461464,0.515665,0,0
0.657524,0.401216,0.53039,0.714582,0.424686,0.717318,0.308279,0.79907,0.484423,0.616487,0.655991,0.706419,0.812219,0.809949,0.711135,0.496596,0,0,0,0,0,0,0,0,0,0,0,0,0,0,0.610041,0.382157,0.646816,0.338616,0.461464,0.515659,0,0
0.657519,0.401224,0.533444,0.714593,0.424692,0.720036,0.30828,0.799066,0.484421,0.616485,0.655992,0.706422,0.812214,0.809937,0.712654,0.50205,0,0,0,0,0,0,0,0,0,0,0,0,0,0,0.610038,0.382148,0.648323,0.338634,0.461466,0.515668,0,0
0.657516,0.398532,0.533445,0.714581,0.424692,0.717316,0.308269,0.799068,0.48443,0.616496,0.657513,0.706429,0.810704,0.809961,0.712657,0.502048,0,0,0,0,0,0,0,0,0,0,0,0,0,0,0.610027,0.37948,0.646797,0.338629,0.46146,0.51296,0,0
0.657508,0.401238,0.531917,0.714592,0.424688,0.717324,0.308275,0.799068,0.484434,0.616487,0.655995,0.709144,0.810706,0.809951,0.712651,0.502067,0,0,0,0,0,0,0,0,0,0,0,0,0,0,0.61003,0.382144,0.646812,0.33865,0.461446,0.512948,0,0
0.655988,0.398523,0.531909,0.711869,0.424687,0.714594,0.308265,0.801768,0.485958,0.616474,0.655984,0.706419,0.810705,0.809947,0.711142,0.502057,0,0,0,0,0,0,0,0,0,0,0,0,0,0,0.608526,0.379456,0.646793,0.338632,0.459934,0.512937,0,0
0.657516,0.401232,0.531912,0.714591,0.426219,0.717315,0.306748,0.801785,0.484441,0.616516,0.655984,0.709145,0.810708,0.809942,0.711137,0.50478,0,0,0,0,0,0,0,0,0,0,0,0,0,0,0.61004,0.38216,0.646785,0.341292,0.462978,0.512974,0,0
0.657528,0.40123,0.531911,0.714586,0.42622,0.717312,0.306749,0.801769,0.484419,0.61651,0.655979,0.709133,0.810701,0.812656,0.712654,0.50205,0,0,0,0,0,0,0,0,0,0,0,0,0,0,0.610045,0.382147,0.645284,0.341257,0.462992,0.515671,0,0
0.657521,0.398519,0.530377,0.709149,0.423156,0.71187,0.306747,0.799052,0.482895,0.616478,0.654461,0.706411,0.8107,0.812675,0.71265,0.504774,0,0,0,0,0,0,0,0,0,0,0,0,0,0,0.61005,0.379482,0.645273,0.338588,0.46299,0.515671,0,0
0.65752,0.398524,0.530383,0.711858,0.424689,0.711877,0.308263,0.799048,0.482897,0.616467,0.654455,0.703699,0.810704,0.812672,0.712655,0.50206,0,0,0,0,0,0,0,0,0,0,0,0,0,0,0.611563,0.382139,0.645279,0.338584,0.464518,0.515682,0,0
0.657521,0.398508,0.531911,0.709147,0.424694,0.711866,0.30675,0.799043,0.484413,0.613785,0.654453,0.703689,0.810707,0.812666,0.712655,0.502057,0,0,0,0,0,0,0,0,0,0,0,0,0,0,0.611563,0.37947,0.645284,0.33854,0.464511,0.515689,0,0
0.657513,0.401249,0.530387,0.709153,0.424687,0.711869,0.306751,0.796355,0.484425,0.613779,0.655979,0.706409,0.812216,0.812676,0.712652,0.49933,0,0,0,0,0,0,0,0,0,0,0,0,0,0,0.610052,0.379488,0.645293,0.338614,0.462984,0.515667,0,0
0.655989,0.403951,0.53038,0.709153,0.423156,0.714594,0.306747,0.796351,0.484416,0.613775,0.654448,0.703681,0.810706,0.812685,0.712659,0.499336,0,0,0,0,0,0,0,0,0,0,0,0,0,0,0.610033,0.382155,0.646783,0.341269,0.462989,0.515675,0,0
0.655999,0.403956,0.530386,0.711858,0.424686,0.717317,0.308263,0.796351,0.484426,0.613757,0.654449,0.703685,0.810705,0.812679,0.712656,0.499329,0,0,0,0,0,0,0,0,0,0,0,0,0,0,0.610035,0.382162,0.64529,0.338605,0.462988,0.515686,0,0
0.655988,0.403975,0.530383,0.711858,0.423159,0.7146,0.308268,0.796346,0.48444,0.611033,0.652928,0.70098,0.812218,0.812684,0.712671,0.504763,0,0,0,0,0,0,0,0,0,0,0,0,0,0,0.610025,0.382174,0.645279,0.338638,0.462978,0.515664,0,0
0.655976,0.40397,0.53039,0.706429,0.424687,0.709145,0.306745,0.796353,0.484436,0.611062,0.654454,0.700975,0.810708,0.812671,0.712671,0.502052,0,0,0,0,0,0,0,0,0,0,0,0,0,0,0.608517,0.382156,0.645287,0.341256,0.462983,0.515668,0,0
0.655978,0.403972,0.530384,0.706423,0.423158,0.709141,0.306742,0.796347,0.484432,0.611063,0.654449,0.700967,0.812214,0.812664,0.712663,0.499322,0,0,0,0,0,0,0,0,0,0,0,0,0,0,0.608522,0.38214,0.646786,0.341295,0.462982,0.512971,0,0
0.657516,0.398521,0.531914,0.709132,0.424687,0.714586,0.308267,0.796351,0.48444,0.611066,0.65446,0.700971,0.812226,0.809962,0.712672,0.493893,0,0,0,0,0,0,0,0,0,0,0,0,0,0,0.610032,0.379435,0.645279,0.33855,0.462978,0.515664,0,0
0.657514,0.398536,0.531913,0.709137,0.426219,0.711875,0.308269,0.79636,0.484444,0.611046,0.654456,0.700957,0.812216,0.809959,0.714196,0.496618,0,0,0,0,0,0,0,0,0,0,0,0,0,0,0.610035,0.379456,0.645269,0.338582,0.461461,0.515667,0,0
0.65753,0.398493,0.531917,0.706427,0.424688,0.709137,0.30827,0.799043,0.485953,0.611041,0.655986,0.700979,0.812234,0.812682,0.715711,0.496614,0,0,0,0,0,0,0,0,0,0,0,0,0,0,0.610053,0.379403,0.645275,0.335856,0.459925,0.507518,0,0
0.657533,0.395794,0.53191,0.709133,0.42469,0.709136,0.30827,0.799054,0.485962,0.611048,0.655983,0.700984,0.81223,0.812662,0.715719,0.499331,0,0,0,0,0,0,0,0,0,0,0,0,0,0,0.610035,0.379407,0.645259,0.335847,0.459912,0.50479,0,0
0.65753,0.395799,0.531913,0.709138,0.42622,0.709139,0.308276,0.799061,0.485958,0.611061,0.655985,0.703681,0.812224,0.812666,0.715725,0.499328,0,0,0,0,0,0,0,0,0,0,0,0,0,0,0.610037,0.379401,0.645257,0.33584,0.459913,0.504797,0,0
0.659055,0.39579,0.53345,0.706422,0.42928,0.706426,0.306751,0.799044,0.484438,0.613756,0.657518,0.700969,0.812232,0.81268,0.715729,0.499335,0,0,0,0,0,0,0,0,0,0,0,0,0,0,0.611562,0.376732,0.64529,0.335799,0.459915,0.504776,0,0
0.659063,0.395798,0.533442,0.706428,0.427751,0.709143,0.306748,0.79636,0.484439,0.613776,0.657519,0.700966,0.812235,0.8127,0.717256,0.499345,0,0,0,0,0,0,0,0,0,0,0,0,0,0,0.611557,0.376722,0.646783,0.335824,0.45991,0.502067,0,0
0.660587,0.395787,0.533444,0.709137,0.427753,0.711861,0.30674,0.79636,0.484436,0.613782,0.65752,0.700972,0.812236,0.812698,0.71725,0.502057,0,0,0,0,0,0,0,0,0,0,0,0,0,0,0.61158,0.376716,0.646791,0.335809,0.458394,0.499344,0,0
0.659053,0.398509,0.53345,0.706432,0.427753,0.711866,0.306741,0.79636,0.484443,0.613776,0.657518,0.700966,0.812235,0.812691,0.715742,0.502052,0,0,0,0,0,0,0,0,0,0,0,0,0,0,0.610052,0.376738,0.6468,0.335884,0.459912,0.502058,0,0
0.659061,0.398517,0.533444,0.709145,0.427752,0.714592,0.30674,0.799042,0.484429,0.613793,0.657517,0.700981,0.812239,0.812698,0.715726,0.496619,0,0,0,0,0,0,0,0,0,0,0,0,0,0,0.611574,0.376744,0.6468,0.33588,0.458394,0.499347,0,0
0.662107,0.398506,0.531917,0.706425,0.42775,0.711862,0.306733,0.79905,0.484445,0.613778,0.655991,0.700974,0.812233,0.812703,0.717261,0.502048,0,0,0,0,0,0,0,0,0,0,0,0,0,0,0.611571,0.379409,0.64528,0.335844,0.461451,0.507517,0,0
0.660578,0.39853,0.531909,0.706415,0.427751,0.71186,0.306733,0.799052,0.485951,0.613753,0.657512,0.70095,0.812234,0.815385,0.717259,0.499347,0,0,0,0,0,0,0,0,0,0,0,0,0,0,0.611556,0.379446,0.645271,0.335865,0.461445,0.504793,0,0
0.66059,0.39851,0.531919,0.706426,0.429281,0.711862,0.306732,0.79905,0.484445,0.613776,0.657521,0.700953,0.81223,0.815389,0.717261,0.50205,0,0,0,0,0,0,0,0,0,0,0,0,0,0,0.610053,0.379422,0.645272,0.335847,0.459931,0.507494,0,0
0.657532,0.401222,0.53192,0.706423,0.429282,0.709149,0.306732,0.799067,0.484438,0.613789,0.65599,0.700974,0.812224,0.812701,0.717249,0.502045,0,0,0,0,0,0,0,0,0,0,0,0,0,0,0.610045,0.379464,0.645261,0.338536,0.461444,0.507501,0,0
0.65905,0.398506,0.533442,0.706418,0.429286,0.709155,0.306737,0.799069,0.484443,0.613788,0.655993,0.700974,0.812231,0.812698,0.717262,0.502054,0,0,0,0,0,0,0,0,0,0,0,0,0,0,0.61005,0.379435,0.645269,0.338523,0.459932,0.507511,0,0
0.657534,0.39306,0.533446,0.709135,0.430812,0.711878,0.305222,0.799051,0.485955,0.616485,0.655986,0.703678,0.813748,0.812692,0.717255,0.502059,0,0,0,0,0,0,0,0,0,0,0,0,0,0,0.611558,0.376714,0.645277,0.335827,0.461453,0.51022,0,0
0.657516,0.395784,0.534973,0.709139,0.427756,0.711877,0.305219,0.799044,0.484442,0.6165,0.655993,0.703685,0.813746,0.812683,0.717257,0.502058,0,0,0,0,0,0,0,0,0,0,0,0,0,0,0.611556,0.376712,0.645293,0.335878,0.461454,0.510213,0,0
0.657518,0.395773,0.533443,0.709135,0.429285,0.711876,0.305223,0.796354,0.484436,0.616474,0.655984,0.700979,0.813754,0.81268,0.717246,0.499335,0,0,0,0,0,0,0,0,0,0,0,0,0,0,0.610052,0.376714,0.645286,0.335894,0.461445,0.50752,0,0
0.656001,0.3985,0.534973,0.706421,0.426223,0.711865,0.306735,0.796326,0.485952,0.613763,0.657514,0.703687,0.813775,0.812669,0.715731,0.496596,0,0,0,0,0,0,0,0,0,0,0,0,0,0,0.61005,0.37674,0.645256,0.338536,0.459924,0.50478,0,0
0.655988,0.398515,0.533443,0.706433,0.42622,0.709151,0.306734,0.796329,0.484438,0.613749,0.655983,0.703699,0.813767,0.81267,0.715741,0.493901,0,0,0,0,0,0,0,0,0,0,0,0,0,0,0.610039,0.379412,0.645254,0.338573,0.461448,0.507514,0,0
0.656005,0.393059,0.531922,0.706414,0.42622,0.709135,0.306739,0.79634,0.485961,0.611063,0.655993,0.700985,0.813768,0.812681,0.717252,0.496624,0,0,0,0,0,0,0,0,0,0,0,0,0,0,0.611553,0.376719,0.645266,0.335853,0.461455,0.507513,0,0
0.657517,0.390353,0.531921,0.706412,0.42469,0.706426,0.306735,0.796349,0.485967,0.611044,0.657511,0.700981,0.815283,0.812674,0.717257,0.496617,0,0,0,0,0,0,0,0,0,0,0,0,0,0,0.611563,0.37672,0.645266,0.335843,0.461452,0.507518,0,0
0.657523,0.390358,0.533449,0.706404,0.42469,0.706421,0.305222,0.796347,0.485959,0.611041,0.65599,0.700967,0.815284,0.812672,0.717252,0.496612,0,0,0,0,0,0,0,0,0,0,0,0,0,0,0.611568,0.376698,0.645288,0.335869,0.461464,0.510228,0,0
0.657515,0.39033,0.533446,0.703704,0.427751,0.706415,0.305205,0.796332,0.484438,0.611035,0.65599,0.700968,0.815282,0.812665,0.71726,0.499337,0,0,0,0,0,0,0,0,0,0,0,0,0,0,0.611568,0.376688,0.645277,0.335841,0.462979,0.510221,0,0
0.657513,0.387633,0.533446,0.703702,0.426222,0.706412,0.305219,0.793636,0.484443,0.611027,0.655989,0.700981,0.815282,0.812662,0.717266,0.502052,0,0,0,0,0,0,0,0,0,0,0,0,0,0,0.611569,0.37669,0.645298,0.33586,0.462982,0.510237,0,0
0.657537,0.393077,0.53345,0.706407,0.42775,0.709133,0.306741,0.796314,0.485974,0.608338,0.659043,0.698255,0.813765,0.81268,0.718787,0.502056,0,0,0,0,0,0,0,0,0,0,0,0,0,0,0.613092,0.37669,0.646795,0.335892,0.46299,0.510235,0,0
0.65904,0.398501,0.53345,0.706407,0.426218,0.706421,0.306748,0.793624,0.485968,0.608344,0.659047,0.700972,0.815284,0.812656,0.717266,0.496621,0,0,0,0,0,0,0,0,0,0,0,0,0,0,0.613087,0.376707,0.645293,0.338512,0.462984,0.510231,0,0
0.65904,0.401222,0.531919,0.706418,0.426222,0.706415,0.308265,0.793638,0.485962,0.608337,0.657521,0.703694,0.815304,0.809974,0.717246,0.491164,0,0,0,0,0,0,0,0,0,0,0,0,0,0,0.613096,0.376751,0.646796,0.338511,0.461457,0.507502,0,0
0.66058,0.39853,0.53192,0.706414,0.426221,0.706416,0.306744,0.796315,0.485952,0.611031,0.655994,0.703694,0.815295,0.809966,0.717254,0.491172,0,0,0,0,0,0,0,0,0,0,0,0,0,0,0.613109,0.376745,0.646796,0.335861,0.461461,0.507521,0,0
0.659045,0.403954,0.531918,0.706412,0.424692,0.706418,0.306741,0.796325,0.485955,0.608352,0.657517,0.703695,0.815294,0.812658,0.718784,0.493901,0,0,0,0,0,0,0,0,0,0,0,0,0,0,0.614622,0.37943,0.648343,0.338613,0.461456,0.5075,0,0
0.657522,0.403958,0.533444,0.706409,0.426218,0.709131,0.306737,0.793624,0.484442,0.611071,0.657517,0.703688,0.815294,0.812657,0.71727,0.4939,0,0,0,0,0,0,0,0,0,0,0,0,0,0,0.613108,0.379434,0.646809,0.338589,0.461448,0.507494,0,0
0.657525,0.403991,0.534974,0.703697,0.426219,0.706413,0.305223,0.793638,0.485954,0.611049,0.659046,0.703677,0.815299,0.812671,0.717269,0.493895,0,0,0,0,0,0,0,0,0,0,0,0,0,0,0.613109,0.379446,0.646798,0.338625,0.459933,0.504782,0,0
0.657534,0.403991,0.53498,0.703696,0.42469,0.706417,0.306744,0.793639,0.485957,0.611042,0.659051,0.700965,0.815294,0.812666,0.71878,0.496618,0,0,0,0,0,0,0,0,0,0,0,0,0,0,0.614623,0.379447,0.646809,0.338629,0.461459,0.504778,0,0
0.657507,0.40668,0.536506,0.703691,0.424688,0.706415,0.306741,0.793638,0.485959,0.611059,0.659058,0.700962,0.815296,0.812666,0.718787,0.496622,0,0,0,0,0,0,0,0,0,0,0,0,0,0,0.611578,0.379464,0.645283,0.338644,0.461454,0.504773,0,0
0.65751,0.403991,0.53651,0.703688,0.424691,0.706412,0.30674,0.796319,0.484444,0.611077,0.659058,0.700963,0.815297,0.812668,0.718793,0.499333,0,0,0,0,0,0,0,0,0,0,0,0,0,0,0.611582,0.379468,0.645295,0.338627,0.461456,0.504775,0,0
0.657529,0.403953,0.534976,0.70641,0.424692,0.709137,0.306747,0.793638,0.48443,0.613773,0.657524,0.700962,0.815293,0.81266,0.71879,0.499343,0,0,0,0,0,0,0,0,0,0,0,0,0,0,0.611577,0.379449,0.645291,0.338564,0.461466,0.504782,0,0
0.657509,0.401264,0.534978,0.706407,0.424693,0.709138,0.306743,0.796315,0.484422,0.613788,0.659044,0.70097,0.815291,0.812667,0.717261,0.493901,0,0,0,0,0,0,0,0,0,0,0,0,0,0,0.611559,0.379444,0.64528,0.338594,0.462989,0.507507,0,0
0.657523,0.401261,0.534974,0.706413,0.42622,0.709144,0.306736,0.793635,0.485953,0.61376,0.657519,0.700972,0.816813,0.812662,0.71878,0.496613,0,0,0,0,0,0,0,0,0,0,0,0,0,0,0.611576,0.379444,0.645274,0.338552,0.462987,0.507495,0,0
0.65753,0.401229,0.53345,0.706411,0.426218,0.709147,0.306738,0.796315,0.485955,0.613757,0.657513,0.700966,0.815298,0.81267,0.718793,0.493901,0,0,0,0,0,0,0,0,0,0,0,0,0,0,0.613096,0.379433,0.64529,0.338528,0.462989,0.507505,0,0
0.656002,0.401253,0.533447,0.706405,0.42469,0.709137,0.30674,0.793637,0.485954,0.613754,0.657521,0.700966,0.815299,0.812681,0.718801,0.49661,0,0,0,0,0,0,0,0,0,0,0,0,0,0,0.613089,0.379438,0.64528,0.338567,0.462979,0.504795,0,0
0.657507,0.401244,0.533443,0.706411,0.424692,0.70642,0.30522,0.793637,0.484441,0.613764,0.657513,0.703683,0.815304,0.812672,0.7188,0.496605,0,0,0,0,0,0,0,0,0,0,0,0,0,0,0.611574,0.379431,0.645269,0.338524,0.461456,0.504787,0,0
0.657506,0.401268,0.533444,0.70641,0.42469,0.706424,0.306734,0.793624,0.485962,0.611068,0.657518,0.700982,0.815301,0.812679,0.720323,0.496612,0,0,0,0,0,0,0,0,0,0,0,0,0,0,0.611571,0.379435,0.645265,0.338535,0.461448,0.504776,0,0
0.656004,0.401253,0.533443,0.703696,0.426216,0.700971,0.306736,0.793628,0.485967,0.611055,0.657524,0.700984,0.813772,0.812675,0.72033,0.499331,0,0,0,0,0,0,0,0,0,0,0,0,0,0,0.613086,0.37942,0.645276,0.338574,0.459923,0.502066,0,0
0.655977,0.403968,0.533442,0.706403,0.424687,0.703699,0.306734,0.796322,0.485959,0.611062,0.657517,0.700974,0.815284,0.812655,0.720321,0.499337,0,0,0,0,0,0,0,0,0,0,0,0,0,0,0.61157,0.379422,0.645255,0.341271,0.459919,0.502071,0,0
0.655981,0.403978,0.531911,0.706408,0.424685,0.703699,0.306737,0.793618,0.485969,0.611063,0.65751,0.700958,0.813773,0.81267,0.720315,0.502048,0,0,0,0,0,0,0,0,0,0,0,0,0,0,0.61157,0.379424,0.645255,0.341263,0.459918,0.502061,0,0
0.655994,0.403969,0.533444,0.706406,0.424687,0.706408,0.305217,0.796319,0.484427,0.611073,0.657513,0.700975,0.815281,0.809976,0.71879,0.499343,0,0,0,0,0,0,0,0,0,0,0,0,0,0,0.611568,0.379431,0.64527,0.338644,0.459929,0.50479,0,0
0.656,0.403965,0.533442,0.706404,0.424689,0.706405,0.305209,0.796329,0.484416,0.613757,0.655991,0.700985,0.815283,0.809973,0.718787,0.499324,0,0,0,0,0,0,0,0,0,0,0,0,0,0,0.611576,0.379434,0.645265,0.338589,0.459934,0.504796,0,0
0.655999,0.403963,0.533447,0.703695,0.424689,0.703684,0.305222,0.793618,0.484429,0.611068,0.657513,0.700977,0.815295,0.809976,0.718786,0.496625,0,0,0,0,0,0,0,0,0,0,0,0,0,0,0.611567,0.379429,0.645247,0.338568,0.459929,0.507503,0,0
0.655996,0.403964,0.533445,0.703688,0.424691,0.700975,0.305221,0.793604,0.484418,0.611033,0.657521,0.700981,0.815295,0.809965,0.720322,0.502043,0,0,0,0,0,0,0,0,0,0,0,0,0,0,0.611564,0.379438,0.64527,0.338593,0.459934,0.507498,0,0
0.655993,0.403967,0.533448,0.703699,0.42469,0.703699,0.305211,0.793603,0.484419,0.611035,0.657521,0.700982,0.815286,0.812654,0.720325,0.504785,0,0,0,0,0,0,0,0,0,0,0,0,0,0,0.611563,0.37944,0.645267,0.338607,0.461457,0.510224,0,0
0.657517,0.403967,0.533441,0.703694,0.423157,0.709138,0.303691,0.793611,0.481367,0.613759,0.655986,0.700957,0.813772,0.812661,0.720322,0.504775,0,0,0,0,0,0,0,0,0,0,0,0,0,0,0.61309,0.379433,0.645272,0.33856,0.461459,0.510217,0,0
0.657513,0.403957,0.533449,0.706406,0.421628,0.709146,0.30369,0.793586,0.479842,0.611072,0.657515,0.700968,0.813769,0.812662,0.720322,0.504772,0,0,0,0,0,0,0,0,0,0,0,0,0,0,0.611569,0.37944,0.645266,0.338574,0.461455,0.507512,0,0
0.657512,0.403978,0.533451,0.703693,0.421627,0.706425,0.303674,0.793586,0.481362,0.613762,0.657513,0.700953,0.813772,0.8127,0.720321,0.50478,0,0,0,0,0,0,0,0,0,0,0,0,0,0,0.611576,0.379458,0.645281,0.338599,0.461454,0.510217,0,0
0.655995,0.403988,0.53345,0.703702,0.423155,0.709143,0.303679,0.790908,0.481369,0.611066,0.657524,0.698252,0.813766,0.8127,0.720326,0.507488,0,0,0,0,0,0,0,0,0,0,0,0,0,0,0.61005,0.379481,0.645256,0.338632,0.461451,0.507515,0,0
0.655987,0.406701,0.53498,0.7037,0.423156,0.709143,0.30368,0.793602,0.481372,0.611069,0.657527,0.698256,0.813756,0.812705,0.720329,0.507497,0,0,0,0,0,0,0,0,0,0,0,0,0,0,0.61157,0.379484,0.645272,0.3413,0.461452,0.507512,0,0
0.655988,0.406703,0.533449,0.706404,0.420097,0.709141,0.303687,0.793618,0.479834,0.613777,0.657522,0.698258,0.81224,0.815385,0.721843,0.510217,0,0,0,0,0,0,0,0,0,0,0,0,0,0,0.610038,0.379475,0.645274,0.341279,0.461452,0.507512,0,0
0.655989,0.406683,0.533441,0.706406,0.420096,0.70914,0.303689,0.793627,0.479834,0.613782,0.657525,0.700952,0.81223,0.81538,0.720327,0.510222,0,0,0,0,0,0,0,0,0,0,0,0,0,0,0.61004,0.379469,0.645258,0.338642,0.45993,0.504791,0,0
0.655994,0.403991,0.533445,0.703693,0.421627,0.706418,0.303675,0.796314,0.479834,0.613783,0.659044,0.700954,0.812232,0.8127,0.721841,0.510216,0,0,0,0,0,0,0,0,0,0,0,0,0,0,0.61005,0.379467,0.643774,0.338631,0.459924,0.504778,0,0
0.655998,0.40398,0.533441,0.706408,0.421628,0.709134,0.303676,0.796321,0.479834,0.613773,0.659045,0.700979,0.812234,0.812701,0.721841,0.510226,0,0,0,0,0,0,0,0,0,0,0,0,0,0,0.610047,0.379458,0.643762,0.338636,0.459924,0.502069,0,0
0.657506,0.401223,0.534979,0.706413,0.423159,0.703702,0.302157,0.79364,0.482891,0.611062,0.659052,0.703688,0.812229,0.81538,0.721848,0.510227,0,0,0,0,0,0,0,0,0,0,0,0,0,0,0.611574,0.379429,0.645272,0.338513,0.459915,0.502055,0,0
0.657506,0.39853,0.533442,0.706417,0.421628,0.706421,0.302156,0.796326,0.48136,0.613752,0.65905,0.70368,0.812226,0.81538,0.721855,0.510236,0,0,0,0,0,0,0,0,0,0,0,0,0,0,0.611573,0.379406,0.64377,0.335863,0.459923,0.502062,0,0
0.656004,0.39853,0.531918,0.70641,0.421626,0.706412,0.302149,0.79633,0.481366,0.611066,0.659057,0.700975,0.812221,0.812703,0.721846,0.510216,0,0,0,0,0,0,0,0,0,0,0,0,0,0,0.613095,0.379399,0.643754,0.335842,0.458393,0.499327,0,0
0.655998,0.398529,0.531919,0.70641,0.421628,0.706407,0.300632,0.796331,0.481372,0.611069,0.660578,0.700983,0.812214,0.8127,0.721845,0.510209,0,0,0,0,0,0,0,0,0,0,0,0,0,0,0.611579,0.37941,0.64376,0.335822,0.458396,0.499334,0,0
0.655996,0.398534,0.533445,0.706425,0.421629,0.706418,0.302142,0.79363,0.482893,0.61105,0.659052,0.703683,0.812216,0.812686,0.720329,0.510244,0,0,0,0,0,0,0,0,0,0,0,0,0,0,0.61157,0.379406,0.64526,0.338506,0.45991,0.499338,0,0
0.655977,0.398522,0.534974,0.706418,0.423154,0.706403,0.300623,0.796326,0.481359,0.61107,0.659054,0.703689,0.812216,0.812693,0.720328,0.510246,0,0,0,0,0,0,0,0,0,0,0,0,0,0,0.610039,0.379418,0.643769,0.338532,0.458399,0.502051,0,0
0.655971,0.401226,0.533445,0.709129,0.423156,0.709133,0.300627,0.793641,0.481368,0.611052,0.65905,0.703683,0.812216,0.812694,0.721839,0.512941,0,0,0,0,0,0,0,0,0,0,0,0,0,0,0.610042,0.379425,0.643751,0.338557,0.459919,0.504794,0,0
0.655968,0.401226,0.534978,0.70913,0.423156,0.70914,0.300622,0.793643,0.481364,0.611063,0.659054,0.703673,0.812211,0.812696,0.721842,0.512939,0,0,0,0,0,0,0,0,0,0,0,0,0,0,0.610038,0.379427,0.643744,0.338569,0.459918,0.5075,0,0
0.65598,0.398525,0.534978,0.709132,0.423157,0.709137,0.300622,0.79364,0.481357,0.611064,0.659052,0.703683,0.810709,0.812697,0.720331,0.512939,0,0,0,0,0,0,0,0,0,0,0,0,0,0,0.61004,0.379417,0.643752,0.338534,0.459919,0.504793,0,0
0.655992,0.398511,0.533447,0.709131,0.42316,0.709148,0.300622,0.796317,0.479842,0.613753,0.659045,0.700988,0.810705,0.815385,0.720331,0.512946,0,0,0,0,0,0,0,0,0,0,0,0,0,0,0.611565,0.37941,0.645251,0.33588,0.459911,0.507492,0,0
0.655988,0.398501,0.533441,0.709145,0.423158,0.711873,0.300609,0.796317,0.479831,0.613764,0.659043,0.703682,0.810702,0.815387,0.720323,0.512969,0,0,0,0,0,0,0,0,0,0,0,0,0,0,0.61157,0.379413,0.643774,0.335885,0.459909,0.507501,0,0
0.655971,0.395798,0.531911,0.706429,0.423154,0.709144,0.300618,0.79364,0.478312,0.613764,0.657525,0.703678,0.810702,0.812693,0.720313,0.51297,0,0,0,0,0,0,0,0,0,0,0,0,0,0,0.610037,0.376743,0.64375,0.335883,0.458398,0.504787,0,0
0.655967,0.398503,0.531917,0.706429,0.421629,0.709149,0.300622,0.793642,0.478302,0.613779,0.659042,0.703686,0.810708,0.812692,0.720309,0.512961,0,0,0,0,0,0,0,0,0,0,0,0,0,0,0.610028,0.376747,0.643732,0.335895,0.459911,0.507494,0,0
0.65597,0.39851,0.531916,0.706428,0.421627,0.709152,0.300619,0.796315,0.478306,0.613772,0.657517,0.703694,0.810704,0.812694,0.718796,0.512967,0,0,0,0,0,0,0,0,0,0,0,0,0,0,0.610032,0.376742,0.64374,0.33851,0.459923,0.507514,0,0
0.654462,0.398511,0.533448,0.706427,0.421627,0.709149,0.300618,0.796328,0.476781,0.613772,0.657522,0.703699,0.81071,0.812701,0.718801,0.512962,0,0,0,0,0,0,0,0,0,0,0,0,0,0,0.608519,0.379402,0.643711,0.338521,0.459917,0.507501,0,0
0.654465,0.398515,0.534975,0.706422,0.42163,0.709143,0.300622,0.796326,0.47678,0.613758,0.657525,0.703695,0.81071,0.812697,0.718797,0.512961,0,0,0,0,0,0,0,0,0,0,0,0,0,0,0.610028,0.3794,0.643721,0.338523,0.459917,0.510215,0,0
0.654462,0.401218,0.533442,0.703702,0.423154,0.70642,0.300618,0.79634,0.478303,0.611061,0.655991,0.700964,0.810708,0.812704,0.718793,0.512951,0,0,0,0,0,0,0,0,0,0,0,0,0,0,0.608522,0.379402,0.643715,0.338559,0.459916,0.510215,0,0
0.654456,0.40122,0.533444,0.703695,0.423154,0.703699,0.300614,0.796337,0.479826,0.611037,0.657512,0.700961,0.81071,0.815379,0.71879,0.512949,0,0,0,0,0,0,0,0,0,0,0,0,0,0,0.608519,0.376742,0.643721,0.338583,0.459915,0.510214,0,0
0.655967,0.398505,0.533443,0.703678,0.421627,0.703687,0.300606,0.79633,0.478305,0.611069,0.655991,0.700974,0.810697,0.8127,0.718798,0.512936,0,0,0,0,0,0,0,0,0,0,0,0,0,0,0.60851,0.376736,0.642232,0.338517,0.459909,0.507518,0,0
0.654458,0.401224,0.531919,0.703689,0.421624,0.703699,0.30061,0.796322,0.476779,0.613783,0.655991,0.700965,0.810693,0.815393,0.718795,0.510243,0,0,0,0,0,0,0,0,0,0,0,0,0,0,0.60851,0.379411,0.642221,0.338562,0.459918,0.510222,0,0
0.654462,0.401236,0.531913,0.703685,0.420095,0.703691,0.29909,0.79633,0.476775,0.613786,0.655994,0.700975,0.81069,0.815394,0.718796,0.510251,0,0,0,0,0,0,0,0,0,0,0,0,0,0,0.608515,0.379408,0.642233,0.338606,0.459913,0.510215,0,0
0.654458,0.401252,0.531917,0.70641,0.42316,0.709137,0.299078,0.793626,0.476782,0.613761,0.65599,0.700953,0.810693,0.815402,0.718785,0.510235,0,0,0,0,0,0,0,0,0,0,0,0,0,0,0.608508,0.379428,0.642226,0.338614,0.459918,0.507513,0,0
0.654461,0.401228,0.53192,0.706405,0.423158,0.706419,0.299081,0.793623,0.476779,0.61378,0.655987,0.700956,0.810692,0.815392,0.718785,0.510245,0,0,0,0,0,0,0,0,0,0,0,0,0,0,0.608517,0.379417,0.643703,0.338571,0.459925,0.510225,0,0
0.654468,0.401228,0.53192,0.703703,0.423157,0.706417,0.299082,0.793626,0.476768,0.613781,0.655987,0.700956,0.810689,0.81539,0.718781,0.510238,0,0,0,0,0,0,0,0,0,0,0,0,0,0,0.608522,0.379412,0.643711,0.338567,0.458393,0.507492,0,0
0.655971,0.401248,0.534975,0.703702,0.423158,0.709134,0.297553,0.793615,0.476765,0.613761,0.655991,0.700949,0.81069,0.815392,0.718791,0.510234,0,0,0,0,0,0,0,0,0,0,0,0,0,0,0.608513,0.379413,0.643722,0.33859,0.459917,0.510215,0,0
0.655972,0.401256,0.534974,0.703703,0.423158,0.709141,0.297557,0.793601,0.476764,0.613749,0.655985,0.698257,0.810687,0.81538,0.718794,0.510231,0,0,0,0,0,0,0,0,0,0,0,0,0,0,0.608507,0.379419,0.643722,0.338584,0.459911,0.507512,0,0
0.655984,0.401236,0.534974,0.706412,0.421626,0.709146,0.297548,0.793606,0.475244,0.611036,0.655983,0.700959,0.809175,0.815402,0.718779,0.51023,0,0,0,0,0,0,0,0,0,0,0,0,0,0,0.608511,0.379429,0.643712,0.338565,0.456863,0.504796,0,0
0.655995,0.401218,0.533446,0.706424,0.421623,0.711873,0.297546,0.793609,0.475231,0.611055,0.654457,0.698256,0.810676,0.815398,0.718778,0.510234,0,0,0,0,0,0,0,0,0,0,0,0,0,0,0.608521,0.379436,0.643715,0.33854,0.458383,0.504782,0,0
0.655997,0.398526,0.533443,0.706409,0.420096,0.711861,0.297547,0.793602,0.47523,0.611047,0.654453,0.698241,0.809173,0.815399,0.718783,0.51025,0,0,0,0,0,0,0,0,0,0,0,0,0,0,0.610023,0.379429,0.643721,0.338542,0.458384,0.50207,0,0
0.655992,0.401225,0.531911,0.706414,0.417029,0.711861,0.296032,0.79091,0.473722,0.611054,0.654453,0.698248,0.809163,0.815403,0.718783,0.512946,0,0,0,0,0,0,0,0,0,0,0,0,0,0,0.610031,0.37943,0.64371,0.338574,0.458391,0.504781,0,0
0.655985,0.401226,0.531909,0.706416,0.41856,0.709154,0.296034,0.790905,0.473725,0.611063,0.654447,0.69825,0.809164,0.815397,0.71727,0.510252,0,0,0,0,0,0,0,0,0,0,0,0,0,0,0.610031,0.379439,0.643708,0.33859,0.458394,0.504775,0,0
0.65597,0.401242,0.530386,0.706415,0.418559,0.709142,0.296033,0.793589,0.473716,0.611078,0.654449,0.700955,0.809165,0.815382,0.717267,0.510242,0,0,0,0,0,0,0,0,0,0,0,0,0,0,0.608502,0.379407,0.642202,0.338586,0.458394,0.504784,0,0
0.654463,0.401247,0.531909,0.706413,0.418561,0.709141,0.29603,0.793586,0.473705,0.611069,0.654449,0.70097,0.809163,0.815387,0.71727,0.512945,0,0,0,0,0,0,0,0,0,0,0,0,0,0,0.608496,0.379419,0.642201,0.338592,0.458396,0.504791,0,0
0.654451,0.401264,0.530384,0.706413,0.417031,0.709146,0.29603,0.793589,0.4737,0.613764,0.654447,0.700965,0.80916,0.815388,0.717264,0.512961,0,0,0,0,0,0,0,0,0,0,0,0,0,0,0.608486,0.379422,0.642204,0.341262,0.458386,0.507496,0,0
0.654463,0.401248,0.531911,0.706403,0.417029,0.709132,0.296015,0.793602,0.473695,0.613767,0.654453,0.698248,0.810676,0.812705,0.718777,0.512948,0,0,0,0,0,0,0,0,0,0,0,0,0,0,0.608509,0.379415,0.642227,0.33861,0.458392,0.504792,0,0
0.65597,0.401234,0.530383,0.706405,0.4155,0.709135,0.29603,0.793601,0.473703,0.613766,0.654452,0.700953,0.809172,0.812704,0.717262,0.512935,0,0,0,0,0,0,0,0,0,0,0,0,0,0,0.60851,0.379407,0.642222,0.338598,0.458388,0.507508,0,0
0.654448,0.398528,0.53191,0.703694,0.417029,0.706412,0.296017,0.793597,0.473726,0.613777,0.654448,0.698239,0.809167,0.815396,0.71725,0.510224,0,0,0,0,0,0,0,0,0,0,0,0,0,0,0.608495,0.376727,0.643705,0.338594,0.456857,0.510226,0,0
0.65446,0.398495,0.531917,0.703694,0.417032,0.70641,0.296016,0.793596,0.47372,0.613793,0.654452,0.698248,0.80917,0.815396,0.717263,0.510208,0,0,0,0,0,0,0,0,0,0,0,0,0,0,0.608494,0.376713,0.643705,0.338541,0.45685,0.510235,0,0
0.655972,0.398512,0.531916,0.70369,0.4155,0.703694,0.296014,0.7936,0.475233,0.61378,0.655977,0.700955,0.809164,0.815381,0.717255,0.507499,0,0,0,0,0,0,0,0,0,0,0,0,0,0,0.608508,0.376719,0.642222,0.338509,0.45685,0.51021,0,0
0.655979,0.395777,0.531914,0.703702,0.415496,0.703684,0.296013,0.793592,0.473721,0.613783,0.65598,0.703682,0.809163,0.815391,0.715733,0.50479,0,0,0,0,0,0,0,0,0,0,0,0,0,0,0.608505,0.376694,0.64221,0.335801,0.455333,0.504789,0,0
0.655984,0.395779,0.53191,0.706413,0.415499,0.706415,0.296016,0.793593,0.47372,0.613794,0.655978,0.703682,0.80917,0.812704,0.715727,0.507495,0,0,0,0,0,0,0,0,0,0,0,0,0,0,0.608501,0.376694,0.642197,0.335781,0.45686,0.507492,0,0
0.655989,0.39578,0.53038,0.706404,0.413965,0.706407,0.296014,0.793588,0.473717,0.613789,0.654461,0.700963,0.809151,0.815382,0.714197,0.507497,0,0,0,0,0,0,0,0,0,0,0,0,0,0,0.60699,0.37671,0.642174,0.333143,0.456853,0.504789,0,0
0.655987,0.395806,0.530384,0.703702,0.413966,0.703685,0.296011,0.793599,0.473719,0.613784,0.654456,0.700956,0.809147,0.812705,0.714198,0.507496,0,0,0,0,0,0,0,0,0,0,0,0,0,0,0.608485,0.376719,0.64219,0.33583,0.456847,0.507495,0,0
0.655997,0.398511,0.528856,0.703697,0.415499,0.698253,0.294496,0.793624,0.473706,0.616475,0.654453,0.70095,0.807641,0.812704,0.714191,0.507505,0,0,0,0,0,0,0,0,0,0,0,0,0,0,0.608511,0.376716,0.6422,0.335838,0.456855,0.507495,0,0
0.657509,0.398517,0.528856,0.703689,0.417032,0.698244,0.294494,0.793637,0.473715,0.613791,0.65445,0.698254,0.80763,0.815383,0.714194,0.504796,0,0,0,0,0,0,0,0,0,0,0,0,0,0,0.610035,0.376713,0.642211,0.335865,0.458378,0.507503,0,0
0.657513,0.398519,0.528845,0.703689,0.417028,0.698248,0.294494,0.793623,0.473702,0.616478,0.654451,0.700965,0.807632,0.812692,0.714191,0.507501,0,0,0,0,0,0,0,0,0,0,0,0,0,0,0.610033,0.376704,0.642203,0.335822,0.458377,0.507498,0,0
0.655992,0.398523,0.528842,0.706403,0.413968,0.703694,0.294488,0.793634,0.473711,0.616475,0.654455,0.700956,0.806107,0.815389,0.714188,0.502071,0,0,0,0,0,0,0,0,0,0,0,0,0,0,0.608508,0.376726,0.642198,0.335818,0.456859,0.507509,0,0
0.65599,0.398512,0.52732,0.706406,0.413966,0.706414,0.294487,0.793626,0.47371,0.616467,0.652927,0.698255,0.807624,0.815377,0.714192,0.502062,0,0,0,0,0,0,0,0,0,0,0,0,0,0,0.608502,0.376729,0.642209,0.335834,0.456863,0.507514,0,0
0.65599,0.39852,0.527324,0.706402,0.413968,0.70641,0.294494,0.793635,0.473715,0.613788,0.652924,0.698246,0.807616,0.8154,0.714188,0.504765,0,0,0,0,0,0,0,0,0,0,0,0,0,0,0.608492,0.376735,0.642198,0.335854,0.458376,0.507519,0,0
0.655997,0.401228,0.527319,0.706411,0.413968,0.706419,0.294485,0.793641,0.473711,0.613797,0.652923,0.698248,0.806097,0.815394,0.714181,0.504766,0,0,0,0,0,0,0,0,0,0,0,0,0,0,0.608512,0.376746,0.642204,0.335872,0.456858,0.507513,0,0
0.655987,0.40124,0.527317,0.706406,0.412436,0.706414,0.294486,0.79364,0.4737,0.616467,0.65292,0.698244,0.807617,0.815382,0.714176,0.504777,0,0,0,0,0,0,0,0,0,0,0,0,0,0,0.608509,0.376742,0.642192,0.338518,0.456856,0.507512,0,0
0.655982,0.398531,0.527309,0.706414,0.412435,0.706414,0.294481,0.796316,0.473716,0.613798,0.654446,0.698246,0.806098,0.815386,0.714178,0.499347,0,0,0,0,0,0,0,0,0,0,0,0,0,0,0.608503,0.376744,0.642198,0.338533,0.455322,0.504795,0,0
0.654468,0.401234,0.52579,0.706406,0.413967,0.706411,0.292975,0.796323,0.473717,0.616469,0.651387,0.69822,0.806092,0.815376,0.712671,0.499325,0,0,0,0,0,0,0,0,0,0,0,0,0,0,0.608498,0.379417,0.642189,0.338565,0.455321,0.507495,0,0
0.655975,0.398515,0.527322,0.706401,0.417026,0.703692,0.292968,0.796334,0.473697,0.616512,0.652924,0.698251,0.804559,0.812698,0.711143,0.499324,0,0,0,0,0,0,0,0,0,0,0,0,0,0,0.60851,0.379408,0.642205,0.33854,0.455333,0.510213,0,0
0.655976,0.395806,0.527321,0.706418,0.417029,0.709134,0.29448,0.796328,0.47371,0.61647,0.652921,0.698246,0.801506,0.815422,0.711124,0.496614,0,0,0,0,0,0,0,0,0,0,0,0,0,0,0.608494,0.379401,0.642171,0.33855,0.455333,0.510216,0,0
0.651398,0.401235,0.527318,0.706414,0.417026,0.706424,0.292971,0.796341,0.473708,0.616497,0.652916,0.698247,0.796916,0.815431,0.708068,0.491152,0,0,0,0,0,0,0,0,0,0,0,0,0,0,0.606968,0.379442,0.640667,0.338574,0.455332,0.51022,0,0
0.652915,0.403965,0.52578,0.706423,0.413966,0.709135,0.292965,0.796333,0.473695,0.616506,0.648326,0.695513,0.792307,0.815436,0.708049,0.491163,0,0,0,0,0,0,0,0,0,0,0,0,0,0,0.606976,0.379459,0.642179,0.338627,0.456854,0.510241,0,0
0.649855,0.403955,0.525781,0.706424,0.413967,0.706424,0.292959,0.796348,0.472193,0.616519,0.648324,0.698229,0.789247,0.818128,0.70652,0.491149,0,0,0,0,0,0,0,0,0,0,0,0,0,0,0.605448,0.379455,0.640676,0.33863,0.456858,0.510225,0,0
0.651383,0.401219,0.525787,0.706428,0.413967,0.706424,0.292964,0.796354,0.472194,0.616524,0.648327,0.695518,0.784654,0.820873,0.704993,0.488452,0,0,0,0,0,0,0,0,0,0,0,0,0,0,0.60545,0.379434,0.640673,0.338588,0.456852,0.507513,0,0
0.651383,0.40123,0.524258,0.706428,0.410907,0.709133,0.292964,0.796355,0.473696,0.616483,0.648328,0.692786,0.783119,0.826299,0.704994,0.488464,0,0,0,0,0,0,0,0,0,0,0,0,0,0,0.605453,0.379414,0.640681,0.338596,0.455325,0.507511,0,0
0.649852,0.401237,0.524254,0.70642,0.412436,0.706409,0.29296,0.796358,0.473702,0.613798,0.6468,0.690066,0.783127,0.823587,0.703459,0.488457,0,0,0,0,0,0,0,0,0,0,0,0,0,0,0.605439,0.379409,0.642176,0.341316,0.455329,0.507508,0,0
0.648339,0.401266,0.522725,0.703703,0.413968,0.706421,0.292962,0.796331,0.473701,0.613794,0.643734,0.673728,0.780056,0.820862,0.698884,0.488417,0,0,0,0,0,0,0,0,0,0,0,0,0,0,0.605444,0.379399,0.64218,0.341344,0.455334,0.510219,0,0
0.649867,0.403978,0.521192,0.703701,0.410905,0.709139,0.292966,0.796329,0.4737,0.613794,0.642201,0.673727,0.773937,0.82359,0.697344,0.488456,0,0,0,0,0,0,0,0,0,0,0,0,0,0,0.60545,0.379411,0.640676,0.344044,0.455324,0.507513,0,0
0.649859,0.406687,0.524253,0.706414,0.409373,0.711872,0.294501,0.796334,0.4737,0.613783,0.640665,0.679174,0.76628,0.820868,0.694293,0.488433,0,0,0,0,0,0,0,0,0,0,0,0,0,0,0.60696,0.379414,0.637616,0.344011,0.456862,0.510233,0,0
0.648338,0.401237,0.524253,0.709151,0.40631,0.706412,0.294505,0.796344,0.473712,0.616476,0.63914,0.695508,0.760155,0.823584,0.692732,0.491172,0,0,0,0,0,0,0,0,0,0,0,0,0,0,0.60544,0.379419,0.636081,0.344024,0.455327,0.507506,0,0
0.648327,0.387636,0.525783,0.711874,0.407842,0.709147,0.296026,0.796346,0.473715,0.613792,0.637608,0.698232,0.75555,0.829031,0.691197,0.491156,0,0,0,0,0,0,0,0,0,0,0,0,0,0,0.602373,0.376688,0.633011,0.335859,0.453788,0.507499,0,0
