0.310878,0.458435,0.751027,0.256829,0.678457,0.401237,0,0,0,0,0,0,0,0,0,0,0,0,0,0,0,0,0,0,0,0,0,0,0,0,0.228609,0.485707,0.214016,0.368544,0,0,0.305961,0.153269
0.310817,0.463873,0.722008,0.267725,0.673632,0.384891,0,0,0,0,0,0,0,0,0,0,0,0,0,0,0,0,0,0,0,0,0,0,0,0,0.218893,0.485699,0.209187,0.37398,0,0,0.310817,0.156016
0.306017,0.461208,0.736512,0.259551,0.65427,0.371269,0,0,0,0,0,0,0,0,0,0,0,0,0,0,0,0,0,0,0,0,0,0,0,0,0.218877,0.485692,0.204457,0.37398,0,0,0.306015,0.155994
0.305946,0.461195,0.760706,0.245922,0.668795,0.365819,0,0,0,0,0,0,0,0,0,0,0,0,0,0,0,0,0,0,0,0,0,0,0,0,0.218912,0.48572,0.204383,0.373983,0,0,0.3012,0.153289
0.30119,0.461207,0.765529,0.248652,0.688146,0.365821,0,0,0,0,0,0,0,0,0,0,0,0,0,0,0,0,0,0,0,0,0,0,0,0,0.214086,0.485706,0.20436,0.373986,0,0,0.301152,0.153275
0.301132,0.463898,0.77037,0.243201,0.697815,0.376717,0,0,0,0,0,0,0,0,0,0,0,0,0,0,0,0,0,0,0,0,0,0,0,0,0.214064,0.488442,0.199589,0.376684,0,0,0.301127,0.156005
0.301194,0.463886,0.751018,0.256823,0.697812,0.376718,0,0,0,0,0,0,0,0,0,0,0,0,0,0,0,0,0,0,0,0,0,0,0,0,0.214054,0.488414,0.199585,0.374003,0,0,0.301137,0.156013
0.305973,0.461201,0.736518,0.254099,0.663941,0.352202,0,0,0,0,0,0,0,0,0,0,0,0,0,0,0,0,0,0,0,0,0,0,0,0,0.218896,0.488428,0.204364,0.371284,0,0,0.301194,0.155991
0.30602,0.46118,0.736515,0.240475,0.654287,0.344024,0,0,0,0,0,0,0,0,0,0,0,0,0,0,0,0,0,0,0,0,0,0,0,0,0.223751,0.485694,0.204431,0.368565,0,0,0.301145,0.153274
0.310801,0.455756,0.717161,0.24593,0.688148,0.352202,0,0,0,0,0,0,0,0,0,0,0,0,0,0,0,0,0,0,0,0,0,0,0,0,0.228602,0.482993,0.209214,0.363129,0,0,0.320468,0.156006
0.310779,0.455765,0.76071,0.235037,0.717154,0.371263,0,0,0,0,0.896149,0.0769918,0,0,0,0,0,0,0,0,0,0,0,0,0,0,0,0,0,0,0.233406,0.485691,0.209165,0.363119,0,0,0.310863,0.153271
0.296351,0.461197,0.702652,0.240468,0.741339,0.379446,0,0,0,0,0.71717,0.0797273,0,0,0,0,0,0,0,0,0,0,0,0,0,0,0,0,0,0,0.218916,0.488433,0.199623,0.365823,0,0,0.291423,0.145113
0.291469,0.463882,0.726834,0.22685,0.721987,0.390336,0,0,0,0,0.77037,0.0660883,0,0,0,0,0,0,0,0,0,0,0,0,0,0,0,0,0,0,0.204413,0.488447,0.189879,0.365846,0,0,0.291488,0.147817
0.28661,0.463913,0.644639,0.349473,0,0,0,0,0,0,0.847775,0.00750808,0,0,0,0,0,0,0,0,0,0,0,0,0,0,0,0,0,0,0.204407,0.491147,0.189842,0.371263,0,0,0.291413,0.147846
0.281818,0.463906,0.678478,0.338579,0.722003,0.420315,0,0,0,0,0,0,0,0,0,0,0,0,0,0,0,0,0,0,0,0,0,0,0,0,0.204402,0.491154,0.18507,0.371286,0,0,0.291431,0.150541
0.286573,0.463903,0.663962,0.303144,0,0,0,0,0,0,0,0,0,0,0,0,0,0,0,0,0,0,0,0,0,0,0,0,0,0,0.209176,0.491136,0.185048,0.373963,0,0,0.291537,0.153274
0.28666,0.461203,0.639727,0.270467,0.712326,0.387608,0.990515,0.485713,0.712335,0.515695,0.823588,0.0115908,0,0,0,0,0,0,0,0,0,0,0,0,0,0,0,0,0,0,0.20919,0.488457,0.18507,0.368569,0,0,0.291441,0.150559
0.291507,0.458442,0.605923,0.281349,0.697811,0.373991,0,0,0,0,0.659122,0.117867,0,0,0,0,0,0,0,0,0,0,0,0,0,0,0,0,0,0,0.218897,0.48839,0.189846,0.363113,0,0,0.286629,0.145116
0.291504,0.453039,0.601086,0.270459,0.692975,0.363086,0,0,0,0,0.557538,0.115142,0.741398,0.0552401,0,0,0,0,0,0,0,0,0,0,0,0,0,0,0,0,0.214111,0.485685,0.189877,0.360412,0,0,0.291427,0.145108
0.301103,0.450295,0.605908,0.265009,0.697812,0.352183,0,0,0,0,0.615583,0.153276,0.750971,0.0552036,0,0,0,0,0,0,0,0,0,0,0,0,0,0,0,0,0.228592,0.480268,0.199523,0.360329,0,0,0.291479,0.142399
0.301178,0.450282,0.60592,0.267708,0.697789,0.349473,0,0,0,0,0.630097,0.16146,0.751093,0.0524839,0,0,0,0,0,0,0,0,0,0,0,0,0,0,0,0,0.228578,0.477548,0.199616,0.360316,0,0,0.291489,0.142398
0.305997,0.450305,0.601095,0.259549,0.678473,0.360363,0,0,0,0,0.581717,0.11786,0.755865,0.0524638,0,0,0,0,0,0,0,0,0,0,0,0,0,0,0,0,0.238205,0.477558,0.204419,0.360326,0,0,0.30115,0.145087
0.310841,0.450311,0.620434,0.264997,0.668805,0.357641,0,0,0,0,0.620415,0.169624,0.934832,0.164223,0,0,0,0,0,0,0,0,0,0,0,0,0,0,0,0,0.233456,0.477538,0.204413,0.360339,0,0,0.301119,0.14242
0.310837,0.453005,0.630068,0.270462,0,0,0,0,0,0,0.601063,0.115133,0.760787,0.0552053,0,0,0,0,0,0,0,0,0,0,0,0,0,0,0,0,0.238225,0.482955,0.204373,0.360355,0,0,0.305949,0.145108
0.306037,0.453018,0.63011,0.267738,0.707511,0.360377,0,0,0,0,0.605916,0.115129,0.765575,0.0525097,0,0,0,0,0,0,0,0,0,0,0,0,0,0,0,0,0.233432,0.48028,0.204371,0.360356,0,0,0.305973,0.145122
0.306048,0.455731,0.644615,0.235029,0,0,0,0,0,0,0.644611,0.177809,0,0,0,0,0,0,0,0,0,0,0,0,0,0,0,0,0,0,0.238194,0.480251,0.204464,0.357676,0,0,0.315651,0.147827
0.310815,0.455732,0.649413,0.262273,0.72201,0.32222,0,0,0,0,0.630103,0.153287,0,0,0,0,0,0,0,0,0,0,0,0,0,0,0,0,0,0,0.238212,0.477541,0.209251,0.357652,0,0,0.315698,0.147844
0.310865,0.455721,0.697814,0.286794,0.69297,0.34402,0,0,0,0,0.668795,0.175082,0,0,0,0,0,0,0,0,0,0,0,0,0,0,0,0,0,0,0.238242,0.480267,0.214059,0.357683,0,0,0.32052,0.145119
0.310875,0.455744,0.634918,0.267726,0.688136,0.333122,0,0,0,0,0.644606,0.164173,0,0,0,0,0,0,0,0,0,0,0,0,0,0,0,0,0,0,0.238289,0.480275,0.214022,0.360341,0,0,0.315666,0.145118
0.31084,0.455752,0.649444,0.26773,0.702657,0.474804,0,0,0,0,0.644614,0.123307,0,0,0,0,0,0,0,0,0,0,0,0,0,0,0,0,0,0,0.238258,0.480273,0.21403,0.363066,0,0,0.315631,0.150558
0.306004,0.455727,0.634926,0.25138,0,0,0,0,0,0,0.634925,0.175075,0,0,0,0,0,0,0,0,0,0,0,0,0,0,0,0,0,0,0.233393,0.482977,0.209294,0.363096,0,0,0.306053,0.15055
0.306021,0.450314,0.630101,0.314044,0.518818,0.485704,0,0,0,0,0.741346,0.180536,0,0,0,0,0,0,0,0,0,0,0,0,0,0,0,0,0,0,0.238291,0.482983,0.20926,0.365847,0,0,0.306042,0.150583
0.310791,0.455734,0.634928,0.305868,0,0,0,0,0,0,0.741359,0.185979,0,0,0,0,0,0,0,0,0,0,0,0,0,0,0,0,0,0,0.23341,0.485727,0.214017,0.373968,0,0,0.305998,0.153271
0.310846,0.458465,0.62524,0.248653,0,0,0,0,0,0,0.678464,0.166905,0,0,0,0,0,0,0,0,0,0,0,0,0,0,0,0,0,0,0.238208,0.485717,0.21412,0.374004,0,0,0.30597,0.153295
0.310856,0.453032,0.634911,0.248656,0,0,0,0,0,0,0.697804,0.1669,0,0,0,0,0,0,0,0,0,0,0,0,0,0,0,0,0,0,0.238258,0.485711,0.218881,0.374007,0,0,0.305974,0.1533
0.320497,0.450307,0.630089,0.245927,0,0,0,0,0,0,0.707497,0.158737,0,0,0,0,0,0,0,0,0,0,0,0,0,0,0,0,0,0,0.243069,0.48026,0.223787,0.368524,0,0,0.306033,0.150561
0.325339,0.45031,0.620425,0.243205,0,0,0,0,0,0,0.702654,0.158737,0,0,0,0,0,0,0,0,0,0,0,0,0,0,0,0,0,0,0.247981,0.482989,0.228582,0.37125,0,0,0.301144,0.14785
0.325345,0.455742,0.625251,0.24047,0,0,0,0,0,0,0.692973,0.155998,0,0,0,0,0,0,0,0,0,0,0,0,0,0,0,0,0,0,0.247966,0.485724,0.228583,0.376687,0,0,0.306028,0.15329
0.339852,0.453023,0.644614,0.2541,0,0,0,0,0,0,0.721999,0.131489,0,0,0,0,0,0,0,0,0,0,0,0,0,0,0,0,0,0,0.243111,0.488419,0.233413,0.374012,0,0,0.301206,0.153287
0.359191,0.450275,0.688127,0.303146,0,0,0,0,0,0,0.721996,0.153287,0,0,0,0,0,0,0,0,0,0,0,0,0,0,0,0,0,0,0.2721,0.485729,0.238278,0.365823,0,0,0.306056,0.147861
0.359206,0.450261,0.692985,0.308604,0,0,0,0,0,0,0.741346,0.156003,0,0,0,0,0,0,0,0,0,0,0,0,0,0,0,0,0,0,0.276899,0.485701,0.238286,0.363095,0,0,0.320516,0.153277
0.354326,0.447569,0.712337,0.305863,0,0,0,0,0,0,0.760701,0.147831,0,0,0,0,0,0,0,0,0,0,0,0,0,0,0,0,0,0,0.257603,0.482967,0.233445,0.363064,0,0,0.320492,0.150539
0.349488,0.447553,0.71233,0.314048,0,0,0,0,0,0,0.770375,0.142382,0.992943,0.213243,0.644593,0.357638,0,0,0,0,0,0,0,0,0,0,0,0,0,0,0.267257,0.480265,0.233421,0.360362,0,0,0.320526,0.147822
0.354389,0.447529,0.66878,0.243206,0.668795,0.414867,0,0,0,0,0.755853,0.128763,0,0,0,0,0,0,0,0,0,0,0,0,0,0,0,0,0,0,0.272135,0.47753,0.24789,0.36032,0,0,0.325364,0.14782
0.359198,0.444861,0.668777,0.254101,0,0,0,0,0,0,0.765533,0.145106,0,0,0,0,0,0,0,0,0,0,0,0,0,0,0,0,0,0,0.28179,0.48025,0.252702,0.357672,0,0,0.330171,0.147832
0.359203,0.447548,0.673619,0.240479,0.644612,0.373992,0,0,0,0,0.804238,0.117863,0,0,0,0,0,0,0,0,0,0,0,0,0,0,0,0,0,0,0.286619,0.477557,0.252828,0.360354,0,0,0.33016,0.145118
0.359237,0.447563,0.673611,0.237748,0.649449,0.368545,0,0,0,0,0.804236,0.120591,0,0,0,0,0,0,0,0,0,0,0,0,0,0,0,0,0,0,0.286619,0.477551,0.257623,0.360374,0,0,0.330195,0.142419
0.368816,0.447578,0.668801,0.2432,0,0,0,0,0,0,0.886461,0.123312,0,0,0,0,0,0,0,0,0,0,0,0,0,0,0,0,0,0,0.291443,0.480267,0.262464,0.360375,0,0,0.334989,0.14241
0.364108,0.450269,0.673633,0.251372,0,0,0,0,0,0,0.876794,0.123318,0,0,0,0,0,0,0,0,0,0,0,0,0,0,0,0,0,0,0.286666,0.480271,0.262443,0.360389,0,0,0.335044,0.145106
0.368895,0.45029,0.668783,0.245931,0.65427,0.376706,0,0,0,0,0.726849,0.166907,0,0,0,0,0,0,0,0,0,0,0,0,0,0,0,0,0,0,0.291489,0.480266,0.257662,0.363079,0,0,0.354341,0.147859
0.368897,0.450313,0.683293,0.262271,0.446268,0.455738,0,0,0,0,0.794557,0.145107,0,0,0,0,0,0,0,0,0,0,0,0,0,0,0,0,0,0,0.291469,0.482973,0.257643,0.363091,0,0,0.354378,0.15327
0.373668,0.453003,0.678458,0.243202,0,0,0,0,0,0,0.736518,0.164181,0,0,0,0,0,0,0,0,0,0,0,0,0,0,0,0,0,0,0.291449,0.483005,0.257688,0.363078,0,0,0.354384,0.153271
0.373712,0.452995,0.678475,0.243205,0,0,0,0,0,0,0.765548,0.15874,0.99292,0.316783,0.673637,0.43396,0,0,0,0,0,0,0,0,0,0,0,0,0,0,0.291508,0.485672,0.257687,0.360424,0,0,0.354332,0.150579
0.368939,0.452994,0.678456,0.240471,0,0,0,0,0,0,0.712348,0.150554,0.992909,0.346749,0.634912,0.455763,0,0,0,0,0,0,0,0,0,0,0,0,0,0,0.291461,0.485678,0.262437,0.363134,0,0,0.354383,0.153302
0.368895,0.453024,0.668795,0.237755,0,0,0,0,0,0,0.721999,0.161451,0.99291,0.352187,0.639715,0.458499,0,0,0,0,0,0,0,0,0,0,0,0,0,0,0.29152,0.485713,0.262435,0.365848,0,0,0.354391,0.156003
0.368869,0.453043,0.668781,0.243202,0,0,0,0,0,0,0.702661,0.161465,0.992913,0.357667,0.538165,0.515687,0,0,0,0,0,0,0,0,0,0,0,0,0,0,0.291441,0.485692,0.262416,0.368568,0,0,0.354361,0.155993
0.36891,0.453018,0.668776,0.248648,0,0,0,0,0,0,0.697795,0.166907,0.992914,0.357647,0.538187,0.515687,0,0,0,0,0,0,0,0,0,0,0,0,0,0,0.291456,0.485695,0.262457,0.368554,0,0,0.35433,0.155985
0.373708,0.452999,0.67847,0.248654,0,0,0,0,0,0,0.702644,0.180536,0.992922,0.360369,0.591368,0.493888,0,0,0,0,0,0,0,0,0,0,0,0,0,0,0.29627,0.48569,0.262495,0.368524,0,0,0.34952,0.153279
0.373712,0.453002,0.688138,0.245928,0.620418,0.34402,0,0,0,0,0.707507,0.172346,0.992923,0.368537,0.543053,0.515675,0,0,0,0,0,0,0,0,0,0,0,0,0,0,0.291518,0.485679,0.262486,0.365851,0,0,0.344716,0.150561
0.368926,0.453015,0.663962,0.237754,0,0,0,0,0,0,0.697804,0.169621,0.992918,0.382177,0.533307,0.523855,0,0,0,0,0,0,0,0,0,0,0,0,0,0,0.291459,0.485665,0.262484,0.371242,0,0,0.354372,0.156002
0.368913,0.453017,0.66879,0.248654,0,0,0,0,0,0,0.65912,0.172362,0.992922,0.384869,0.533307,0.523865,0,0,0,0,0,0,0,0,0,0,0,0,0,0,0.291475,0.485687,0.262459,0.371271,0,0,0.349537,0.155992
0.368908,0.453035,0.663964,0.235021,0.678456,0.346746,0,0,0,0,0,0,0,0,0,0,0,0,0,0,0,0,0,0,0,0,0,0,0,0,0.296247,0.485696,0.262427,0.373985,0,0,0.354357,0.1533
0.368917,0.453048,0.688145,0.245931,0.697833,0.360371,0,0,0,0,0.663954,0.139657,0,0,0,0,0,0,0,0,0,0,0,0,0,0,0,0,0,0,0.291528,0.485698,0.262428,0.373983,0,0,0.354318,0.153286
0.36889,0.455705,0.668782,0.224135,0,0,0,0,0,0,0.712345,0.185982,0.992929,0.387638,0.533393,0.523867,0,0,0,0,0,0,0,0,0,0,0,0,0,0,0.296258,0.485704,0.262417,0.37401,0,0,0.354388,0.155988
0.368882,0.453049,0.649436,0.224133,0.678461,0.344019,0,0,0,0,0.683295,0.180541,0.992933,0.390331,0.538198,0.523839,0,0,0,0,0,0,0,0,0,0,0,0,0,0,0.29153,0.485725,0.262427,0.376702,0,0,0.354318,0.153303
0.368805,0.455728,0.663964,0.240473,0.707496,0.360368,0,0,0,0,0.71232,0.166902,0,0,0,0,0,0,0,0,0,0,0,0,0,0,0,0,0,0,0.291455,0.485711,0.257623,0.376695,0,0,0.335044,0.153292
0.368823,0.45573,0.663968,0.237748,0.717157,0.357646,0,0,0,0,0.707485,0.164181,0,0,0,0,0,0,0,0,0,0,0,0,0,0,0,0,0,0,0.286659,0.488405,0.252861,0.373997,0,0,0.335034,0.153292
0.368874,0.453023,0.64459,0.224132,0,0,0,0,0,0,0.678476,0.180526,0.992926,0.398518,0.543045,0.521152,0,0,0,0,0,0,0,0,0,0,0,0,0,0,0.286656,0.485732,0.252736,0.376687,0,0,0.325326,0.150582
0.368843,0.453043,0.64461,0.226858,0,0,0,0,0,0,0.688141,0.175081,0,0,0,0,0,0,0,0,0,0,0,0,0,0,0,0,0,0,0.286614,0.488398,0.252717,0.374006,0,0,0.325331,0.150579
0.364054,0.453037,0.683293,0.2323,0,0,0,0,0,0,0.69297,0.199604,0.992931,0.390358,0.620402,0.491174,0,0,0,0,0,0,0,0,0,0,0,0,0,0,0.286612,0.488437,0.247991,0.376722,0,0,0.32051,0.15328
0.363984,0.455715,0.673636,0.248652,0,0,0,0,0,0,0.688144,0.188702,0.992933,0.390341,0.625213,0.49115,0,0,0,0,0,0,0,0,0,0,0,0,0,0,0.281745,0.488457,0.247897,0.376693,0,0,0.320517,0.147863
0.359225,0.455724,0.683309,0.248649,0,0,0,0,0,0,0.69298,0.175079,0,0,0,0,0,0,0,0,0,0,0,0,0,0,0,0,0,0,0.276911,0.488435,0.247851,0.376686,0,0,0.315694,0.150554
0.359178,0.455734,0.678476,0.251375,0,0,0,0,0,0,0.692977,0.172353,0.992926,0.398527,0.625197,0.491175,0,0,0,0,0,0,0,0,0,0,0,0,0,0,0.272095,0.488434,0.247867,0.376684,0,0,0.3205,0.150553
0.359202,0.455751,0.683315,0.259542,0,0,0,0,0,0,0.68331,0.172366,0.992929,0.395805,0.620394,0.491141,0,0,0,0,0,0,0,0,0,0,0,0,0,0,0.276962,0.488452,0.247904,0.376698,0,0,0.315654,0.147837
0.359232,0.45575,0.688137,0.259544,0,0,0,0,0,0,0.702665,0.183258,0.992929,0.395803,0.615577,0.491124,0,0,0,0,0,0,0,0,0,0,0,0,0,0,0.276981,0.488452,0.247899,0.376704,0,0,0.320486,0.147852
0.363994,0.455728,0.678477,0.267721,0,0,0,0,0,0,0.692965,0.183267,0.992928,0.395775,0.53816,0.521125,0,0,0,0,0,0,0,0,0,0,0,0,0,0,0.286633,0.488413,0.252703,0.379412,0,0,0.32531,0.150562
0.364051,0.455717,0.678466,0.251377,0,0,0,0,0,0,0.697813,0.172361,0.992931,0.390357,0.596255,0.491181,0,0,0,0,0,0,0,0,0,0,0,0,0,0,0.286664,0.488421,0.252708,0.379462,0,0,0.325305,0.150568
0.364088,0.458488,0.683298,0.224131,0,0,0,0,0,0,0.702664,0.188706,0.992916,0.387625,0.576877,0.49114,0,0,0,0,0,0,0,0,0,0,0,0,0,0,0.291418,0.491149,0.25271,0.384895,0,0,0.320493,0.155996
0.364109,0.461186,0.702642,0.22685,0,0,0,0,0,0,0.755864,0.185983,0.992918,0.384902,0.605865,0.469377,0,0,0,0,0,0,0,0,0,0,0,0,0,0,0.291429,0.493853,0.24796,0.384911,0,0,0.315674,0.158716
0.359129,0.463888,0.630101,0.240477,0,0,0,0,0,0,0.639788,0.172361,0.992922,0.346758,0.591346,0.463899,0,0,0,0,0,0,0,0,0,0,0,0,0,0,0.276961,0.491178,0.247898,0.393048,0,0,0.306005,0.158738
0.359134,0.461188,0.639766,0.26773,0,0,0,0,0,0,0.659116,0.175091,0.992927,0.333143,0.596263,0.458443,0,0,0,0,0,0,0,0,0,0,0,0,0,0,0.281742,0.491202,0.24789,0.393077,0,0,0.305981,0.161441
0.349553,0.461167,0.697808,0.286795,0,0,0,0,0,0,0.702662,0.172361,0,0,0,0,0,0,0,0,0,0,0,0,0,0,0,0,0,0,0.281765,0.491201,0.247921,0.393087,0,0,0.305962,0.158751
0.354397,0.461209,0.697811,0.28407,0,0,0,0,0,0,0.702638,0.166909,0,0,0,0,0,0,0,0,0,0,0,0,0,0,0,0,0,0,0.28182,0.493869,0.247985,0.393083,0,0,0.306,0.158751
0.359166,0.46389,0.70264,0.226855,0,0,0,0,0,0,0.68815,0.177813,0,0,0,0,0,0,0,0,0,0,0,0,0,0,0,0,0,0,0.286612,0.491158,0.252814,0.398503,0,0,0.301133,0.158752
0.35917,0.463907,0.702638,0.218684,0,0,0,0,0,0,0.726838,0.172364,0,0,0,0,0,0,0,0,0,0,0,0,0,0,0,0,0,0,0.28183,0.491149,0.252825,0.398518,0,0,0.305998,0.164172
0.363974,0.461211,0.692965,0.210502,0,0,0,0,0,0,0.69781,0.169633,0,0,0,0,0,0,0,0,0,0,0,0,0,0,0,0,0,0,0.281794,0.488432,0.257623,0.40122,0,0,0.305961,0.16416
0.364056,0.463886,0.697801,0.199606,0,0,0,0,0,0,0.707494,0.169636,0,0,0,0,0,0,0,0,0,0,0,0,0,0,0,0,0,0,0.286671,0.491137,0.257653,0.401212,0,0,0.301147,0.16146
0.364037,0.466644,0.659108,0.21322,0,0,0,0,0,0,0.659111,0.166914,0,0,0,0,0,0,0,0,0,0,0,0,0,0,0,0,0,0,0.281816,0.491181,0.262442,0.401233,0,0,0.301184,0.164176
0.368851,0.46935,0.659113,0.207784,0,0,0,0,0,0,0.654287,0.169632,0.992909,0.237747,0.625278,0.447534,0,0,0,0,0,0,0,0,0,0,0,0,0,0,0.291446,0.493882,0.262443,0.401234,0,0,0.301188,0.164179
0.368854,0.466628,0.654279,0.264994,0,0,0,0,0,0,0.601083,0.185972,0.992917,0.235014,0.639755,0.436655,0,0,0,0,0,0,0,0,0,0,0,0,0,0,0.301098,0.493888,0.262507,0.401229,0,0,0.305963,0.166881
0.364078,0.466622,0.489806,0.235027,0,0,0,0,0,0,0.610741,0.183255,0,0,0,0,0,0,0,0,0,0,0,0,0,0,0,0,0,0,0.291507,0.496586,0.26249,0.398505,0,0,0.306005,0.164165
0.368857,0.455739,0.620409,0.232306,0,0,0,0,0,0,0.630094,0.172367,0,0,0,0,0,0,0,0,0,0,0,0,0,0,0,0,0,0,0.291501,0.488431,0.267273,0.387637,0,0,0.305956,0.156012
0.364088,0.45031,0.644598,0.262273,0,0,0,0,0,0,0.678463,0.177802,0,0,0,0,0,0,0,0,0,0,0,0,0,0,0,0,0,0,0.28666,0.48568,0.26731,0.384868,0,0,0.310823,0.156005
0.3544,0.450279,0.668779,0.22413,0,0,0,0,0,0,0.697805,0.169621,0,0,0,0,0,0,0,0,0,0,0,0,0,0,0,0,0,0,0.276963,0.46936,0.272108,0.382137,0,0,0.306041,0.153282
0.359171,0.450288,0.649457,0.226859,0,0,0,0,0,0,0.668795,0.169619,0,0,0,0,0,0,0,0,0,0,0,0,0,0,0,0,0,0,0.276976,0.472075,0.272139,0.379467,0,0,0.310812,0.150578
0.359209,0.450287,0.659123,0.248658,0,0,0,0,0,0,0.678459,0.166903,0,0,0,0,0,0,0,0,0,0,0,0,0,0,0,0,0,0,0.272114,0.466643,0.27692,0.382143,0,0,0.3108,0.153268
0.359157,0.450284,0.654267,0.237755,0.63493,0.352197,0,0,0,0,0.678461,0.169633,0,0,0,0,0,0,0,0,0,0,0,0,0,0,0,0,0,0,0.267275,0.466625,0.272103,0.379452,0,0,0.306035,0.153275
0.354378,0.450287,0.659115,0.25955,0,0,0,0,0,0,0.644602,0.172341,0,0,0,0,0,0,0,0,0,0,0,0,0,0,0,0,0,0,0.272114,0.463923,0.272097,0.382137,0,0,0.305981,0.153271
0.354377,0.45029,0.659128,0.26499,0,0,0,0,0,0,0.634925,0.172364,0,0,0,0,0,0,0,0,0,0,0,0,0,0,0,0,0,0,0.276975,0.466639,0.272086,0.382152,0,0,0.30596,0.153302
0.359215,0.450297,0.654284,0.240479,0,0,0,0,0,0,0.644605,0.169623,0.973554,0.235028,0.61561,0.431238,0,0,0,0,0,0,0,0,0,0,0,0,0,0,0.281814,0.474806,0.272118,0.387595,0,0,0.30595,0.150582
0.354386,0.453001,0.615572,0.221406,0,0,0,0,0,0,0.625248,0.169647,0.949348,0.240471,0.615553,0.431212,0,0,0,0,0,0,0,0,0,0,0,0,0,0,0.267302,0.472082,0.267287,0.387618,0,0,0.30118,0.153293
0.35916,0.450302,0.455941,0.232299,0,0,0,0,0,0,0.630082,0.172352,0.949364,0.235038,0.610772,0.431215,0,0,0,0,0,0,0,0,0,0,0,0,0,0,0.267287,0.472077,0.257667,0.384909,0,0,0.305965,0.155991
0.359187,0.452992,0.630081,0.243204,0,0,0,0,0,0,0.625245,0.17509,0.915486,0.251379,0.610787,0.428513,0,0,0,0,0,0,0,0,0,0,0,0,0,0,0.272139,0.474808,0.262421,0.387608,0,0,0.305978,0.153284
0.359173,0.453018,0.630096,0.218677,0,0,0,0,0,0,0.625268,0.18053,0.920374,0.24866,0.605931,0.428505,0,0,0,0,0,0,0,0,0,0,0,0,0,0,0.267284,0.477543,0.25764,0.390322,0,0,0.296362,0.155996
0.359167,0.453016,0.48015,0.278616,0,0,0,0,0,0,0.630097,0.18597,0.925168,0.251368,0.605934,0.428508,0,0,0,0,0,0,0,0,0,0,0,0,0,0,0.27211,0.480261,0.257598,0.390347,0,0,0.301136,0.156017
0.354361,0.452995,0.639771,0.248652,0,0,0,0,0,0,0.630101,0.183274,0.930022,0.26228,0.605915,0.425765,0,0,0,0,0,0,0,0,0,0,0,0,0,0,0.252784,0.480266,0.252774,0.38489,0,0,0.296345,0.153277
0.349543,0.453018,0.494653,0.264997,0,0,0,0,0,0,0.620436,0.18325,0.930004,0.256819,0.601058,0.425723,0,0,0,0,0,0,0,0,0,0,0,0,0,0,0.25277,0.480249,0.252786,0.384879,0,0,0.301147,0.15329
0.344665,0.447581,0.630099,0.251377,0.509154,0.300423,0,0,0,0,0.644589,0.183256,0.925171,0.25411,0.5962,0.425751,0,0,0,0,0,0,0,0,0,0,0,0,0,0,0.243083,0.469369,0.252768,0.376729,0,0,0.301125,0.15329
0.339838,0.447563,0.48981,0.251377,0,0,0,0,0,0,0.639761,0.188705,0.915506,0.262277,0.596204,0.425752,0,0,0,0,0,0,0,0,0,0,0,0,0,0,0.238256,0.469369,0.252744,0.376714,0,0,0.301161,0.153299
0.349546,0.447577,0.475296,0.24865,0,0,0,0,0,0,0.630084,0.183242,0.915486,0.267721,0.596253,0.425775,0,0,0,0,0,0,0,0,0,0,0,0,0,0,0.257617,0.474806,0.252807,0.376719,0,0,0.296379,0.155991
0.349539,0.450271,0.634922,0.237752,0.518832,0.248651,0,0,0,0,0.634936,0.180533,0.920338,0.267722,0,0,0,0,0,0,0,0,0,0,0,0,0,0,0,0,0.252805,0.474816,0.25758,0.379436,0,0,0.301113,0.15601
0.349535,0.450278,0.630071,0.24593,0.509155,0.33312,0,0,0,0,0.634943,0.175097,0.915494,0.259541,0.601003,0.425796,0,0,0,0,0,0,0,0,0,0,0,0,0,0,0.252783,0.472094,0.25758,0.379446,0,0,0.301157,0.155992
0.354363,0.447583,0.63491,0.259551,0.494645,0.346744,0,0,0,0,0.639768,0.180519,0.920351,0.256839,0.596268,0.425784,0,0,0,0,0,0,0,0,0,0,0,0,0,0,0.252777,0.469373,0.257595,0.376723,0,0,0.301128,0.153305
0.359177,0.450287,0.630087,0.248652,0.494643,0.335844,0,0,0,0,0.644608,0.180536,0.925178,0.262285,0.596273,0.428512,0,0,0,0,0,0,0,0,0,0,0,0,0,0,0.257607,0.477523,0.257602,0.376716,0,0,0.301158,0.156015
0.359212,0.450289,0.639756,0.264995,0,0,0,0,0,0,0.639776,0.185977,0.96387,0.254098,0.596232,0.431194,0,0,0,0,0,0,0,0,0,0,0,0,0,0,0.257625,0.477542,0.257639,0.376734,0,0,0.301104,0.153299
0.36405,0.452987,0.644588,0.259542,0,0,0,0,0,0,0.634925,0.185988,0,0,0,0,0,0,0,0,0,0,0,0,0,0,0,0,0,0,0.276945,0.477538,0.25763,0.376735,0,0,0.296359,0.155994
0.364048,0.452984,0.649454,0.237752,0,0,0,0,0,0,0.620405,0.183261,0.92035,0.286801,0.596206,0.436663,0,0,0,0,0,0,0,0,0,0,0,0,0,0,0.276975,0.474815,0.257619,0.379456,0,0,0.296328,0.156014
