0.654453,0.368565,0.642191,0.537493,0.530379,0.545639,0.449202,0.741845,0.469103,0.450301,0.750948,0.532029,0.82602,0.540205,0.806086,0.352201,0.639141,0.99525,0.564078,0.99525,0,0,0,0,0.706535,0.995249,0,0,0,0,0.606996,0.314077,0.692763,0.335846,0.554871,0.34946,0.73871,0.395803
0.654452,0.368565,0.642211,0.534764,0.533441,0.534769,0.449193,0.74454,0.472196,0.450279,0.750946,0.532041,0.826022,0.540189,0.806087,0.352205,0.640666,0.99525,0.562551,0.99525,0,0,0,0,0.706538,0.995249,0,0,0,0,0.608484,0.314087,0.692763,0.335847,0.554885,0.349445,0.738712,0.395797
0.654461,0.371241,0.643716,0.526589,0.534973,0.521146,0.449204,0.744551,0.478304,0.463904,0.750949,0.532022,0.826021,0.540206,0.806086,0.352207,0.640672,0.995249,0.564079,0.995249,0,0,0,0,0.708061,0.995248,0,0,0,0,0.608487,0.314094,0.692761,0.335853,0.554882,0.349484,0.738705,0.395771
0.65446,0.371234,0.643742,0.534761,0.539566,0.532019,0.450736,0.749991,0.476771,0.518397,0.75096,0.534744,0.826014,0.540191,0.804589,0.352192,0.637607,0.99525,0.559484,0.995248,0,0,0,0,0.706534,0.995249,0,0,0,0,0.60849,0.316741,0.692765,0.33584,0.553373,0.365822,0.738711,0.395756
0.654452,0.368576,0.645253,0.53747,0.541108,0.53474,0.456837,0.755453,0.485965,0.532056,0.750956,0.532046,0.826018,0.540217,0.806084,0.352211,0.640667,0.99525,0.561019,0.99525,0,0,0,0,0.708068,0.99525,0,0,0,0,0.608484,0.316753,0.692757,0.335847,0.554872,0.346776,0.738708,0.393065
0.654454,0.37124,0.645256,0.542934,0.542632,0.542928,0.458408,0.758187,0.493598,0.532028,0.750947,0.534756,0.826018,0.540214,0.806083,0.352206,0.643729,0.99525,0.565613,0.995251,0,0,0,0,0.709599,0.995249,0,0,0,0,0.608482,0.316762,0.692757,0.33585,0.554881,0.354897,0.738709,0.395754
0.65447,0.371257,0.643754,0.542924,0.54418,0.542925,0.458408,0.755454,0.508956,0.512946,0.750962,0.532039,0.826012,0.540194,0.806098,0.352206,0.642204,0.99525,0.567143,0.99525,0,0,0,0,0.709597,0.995249,0,0,0,0,0.608506,0.316752,0.692779,0.33583,0.556404,0.352197,0.738714,0.390351
0.654465,0.371252,0.64526,0.542927,0.545693,0.542914,0.458386,0.752764,0.51048,0.510229,0.75248,0.534743,0.826019,0.540204,0.80459,0.352188,0.642198,0.99525,0.565613,0.99525,0,0,0,0,0.708071,0.995248,0,0,0,0,0.608503,0.316753,0.69278,0.335829,0.556408,0.352184,0.738716,0.390358
0.654474,0.371276,0.643739,0.548352,0.544169,0.545647,0.45837,0.752728,0.513551,0.504771,0.750954,0.537486,0.826019,0.540213,0.804582,0.352209,0.643731,0.995251,0.571739,0.995252,0,0,0,0,0.70807,0.995249,0,0,0,0,0.608512,0.316752,0.692776,0.335834,0.556414,0.354907,0.738714,0.393083
0.654473,0.371279,0.64374,0.548361,0.544167,0.545663,0.458386,0.752716,0.518124,0.50206,0.750953,0.537486,0.826018,0.542906,0.804568,0.352212,0.643729,0.99525,0.571742,0.995252,0,0,0,0,0.708069,0.995249,0,0,0,0,0.608511,0.316749,0.692769,0.335838,0.556413,0.354895,0.74021,0.395758
0.654472,0.371293,0.643725,0.553822,0.542628,0.559269,0.46147,0.758215,0.522726,0.510216,0.750959,0.540211,0.826009,0.540222,0.80457,0.352213,0.64067,0.995251,0.571738,0.995253,0,0,0,0,0.708064,0.995251,0,0,0,0,0.608526,0.316765,0.692777,0.335842,0.55642,0.352172,0.740214,0.393068
0.65447,0.3713,0.64374,0.553828,0.542634,0.55656,0.464525,0.766339,0.52274,0.512968,0.750964,0.542923,0.826007,0.540191,0.804563,0.352203,0.640672,0.995251,0.57174,0.995252,0,0,0,0,0.708067,0.995251,0,0,0,0,0.610025,0.316772,0.692779,0.335837,0.556403,0.349475,0.738716,0.39307
0.655989,0.371257,0.645254,0.556549,0.541104,0.561989,0.470645,0.771783,0.527312,0.51566,0.750961,0.545642,0.82601,0.540187,0.804571,0.352194,0.645263,0.99525,0.58093,0.99525,0,0,0,0,0.709603,0.99525,0,0,0,0,0.611581,0.316738,0.694283,0.335844,0.554891,0.354902,0.740227,0.395781
0.655996,0.371244,0.643733,0.559286,0.538036,0.567455,0.472169,0.769104,0.528857,0.515688,0.750951,0.545655,0.82601,0.540211,0.804579,0.352172,0.645262,0.995249,0,0,0,0,0,0,0.709603,0.995251,0,0,0,0,0.61311,0.314087,0.695802,0.33586,0.556399,0.349467,0.740225,0.398487
0.65599,0.368574,0.643724,0.561988,0.536504,0.570166,0.472172,0.771809,0.528843,0.521104,0.750946,0.548356,0.826003,0.540224,0.804559,0.349481,0.63914,0.99389,0,0,0,0,0,0,0.70807,0.995252,0,0,0,0,0.613109,0.314077,0.694308,0.33585,0.554901,0.34949,0.740214,0.398469
0.655999,0.371247,0.642184,0.559262,0.531913,0.567436,0.472175,0.771796,0.528846,0.521149,0.749426,0.54021,0.826001,0.5402,0.803054,0.349473,0.637609,0.995248,0.570209,0.995248,0,0,0,0,0.706535,0.995249,0,0,0,0,0.613091,0.314056,0.694294,0.335829,0.554888,0.346779,0.7387,0.395788
0.655984,0.371249,0.642193,0.559294,0.533446,0.570176,0.473693,0.77453,0.528855,0.526546,0.749431,0.542926,0.826001,0.537506,0.803028,0.349491,0.637608,0.995248,0.570208,0.995249,0,0,0,0,0.706533,0.995249,0,0,0,0,0.611581,0.314039,0.694284,0.335829,0.554883,0.346774,0.738705,0.393067
0.655985,0.37126,0.64219,0.559291,0.533439,0.570168,0.473689,0.774541,0.528855,0.523871,0.749431,0.542921,0.826003,0.540191,0.803026,0.352163,0.637608,0.995248,0.573272,0.995248,0,0,0,0,0.706537,0.995249,0,0,0,0,0.611577,0.31403,0.694285,0.335825,0.554888,0.34674,0.738706,0.393059
0.655981,0.373957,0.642185,0.559293,0.533446,0.570182,0.473698,0.774541,0.527314,0.52386,0.747892,0.542944,0.824492,0.537503,0.803015,0.352189,0.640666,0.995248,0.574804,0.995249,0,0,0,0,0.706534,0.99525,0,0,0,0,0.611569,0.314033,0.692782,0.335852,0.554883,0.34946,0.737179,0.395758
0.655966,0.371279,0.642197,0.559266,0.534976,0.567464,0.472187,0.777252,0.527307,0.523855,0.749416,0.54292,0.824484,0.537497,0.803018,0.352195,0.639135,0.993889,0.57174,0.995249,0,0,0,0,0.70653,0.99525,0,0,0,0,0.611555,0.31403,0.692773,0.335856,0.553352,0.357643,0.737176,0.395758
0.655967,0.371282,0.642189,0.556566,0.533452,0.567464,0.472184,0.777244,0.525807,0.526561,0.747899,0.540208,0.824474,0.5375,0.803022,0.354883,0.639136,0.993889,0.57174,0.995249,0,0,0,0,0.705003,0.99525,0,0,0,0,0.610049,0.313999,0.694272,0.335855,0.554882,0.346767,0.738687,0.395816
0.654473,0.371252,0.642193,0.556547,0.534975,0.567433,0.472176,0.777272,0.525797,0.526552,0.747893,0.5402,0.824472,0.540187,0.803021,0.354896,0.637603,0.995249,0.571738,0.995249,0,0,0,0,0.703471,0.99525,0,0,0,0,0.610042,0.311359,0.692782,0.33586,0.553368,0.352185,0.737181,0.398478
0.654449,0.373961,0.640674,0.561991,0.533447,0.572893,0.472154,0.779974,0.528869,0.526579,0.747886,0.545636,0.824477,0.540226,0.803029,0.354933,0.637604,0.993889,0.573273,0.995248,0,0,0,0,0.703472,0.995248,0,0,0,0,0.60851,0.314071,0.692757,0.338543,0.550294,0.354911,0.737152,0.401198
0.654444,0.373956,0.642187,0.559282,0.536506,0.567466,0.470655,0.777253,0.538045,0.542933,0.747896,0.545659,0.824486,0.540216,0.803032,0.357633,0.637603,0.993889,0.576332,0.995249,0,0,0,0,0.705,0.99525,0,0,0,0,0.610017,0.316746,0.692761,0.33856,0.553358,0.34948,0.737158,0.398514
0.65444,0.373991,0.64219,0.56199,0.538037,0.57017,0.472158,0.779978,0.541093,0.551121,0.747888,0.545665,0.824475,0.540226,0.80304,0.357651,0.636075,0.993888,0.573273,0.995248,0,0,0,0,0.705004,0.995249,0,0,0,0,0.610033,0.316764,0.692765,0.338594,0.553374,0.346729,0.735639,0.398525
0.654427,0.373986,0.642187,0.561995,0.538038,0.570182,0.470656,0.779987,0.538047,0.551107,0.746359,0.548373,0.82447,0.542906,0.803034,0.357666,0.636072,0.995248,0.574803,0.995249,0,0,0,0,0.706535,0.995248,0,0,0,0,0.610029,0.316784,0.692769,0.338606,0.55336,0.344038,0.735642,0.398536
0.652907,0.373992,0.642185,0.564713,0.536513,0.572914,0.467578,0.777283,0.538036,0.551107,0.744832,0.551087,0.824457,0.542927,0.803024,0.360346,0.634546,0.993889,0.576333,0.995248,0,0,0,0,0.706532,0.995248,0,0,0,0,0.608507,0.316804,0.692723,0.338591,0.551826,0.346728,0.737168,0.401196
0.651395,0.37402,0.640666,0.559273,0.538042,0.570181,0.467587,0.779979,0.538053,0.548368,0.743305,0.545665,0.822948,0.542947,0.801526,0.360338,0.634543,0.993889,0.57327,0.995248,0,0,0,0,0.703472,0.995248,0,0,0,0,0.608498,0.319473,0.69123,0.338614,0.553347,0.344016,0.734116,0.39855
0.651389,0.374018,0.64066,0.556553,0.536515,0.570184,0.467569,0.779984,0.548772,0.510217,0.744828,0.545669,0.822942,0.542934,0.801524,0.360336,0.63454,0.993888,0.570208,0.995249,0,0,0,0,0.705,0.995248,0,0,0,0,0.60849,0.319494,0.691228,0.338609,0.55336,0.341281,0.73563,0.401199
0.651391,0.374013,0.639144,0.559272,0.538041,0.572899,0.466044,0.779974,0.548754,0.507503,0.744822,0.548373,0.822948,0.54295,0.803014,0.360353,0.634544,0.993888,0.573271,0.995249,0,0,0,0,0.705002,0.995248,0,0,0,0,0.608486,0.31949,0.691223,0.338614,0.553358,0.341275,0.734119,0.401246
0.64985,0.376674,0.637604,0.561992,0.53498,0.572905,0.464508,0.779974,0.544182,0.512953,0.743292,0.548376,0.821403,0.545665,0.799975,0.360362,0.634542,0.993889,0,0,0,0,0,0,0.706532,0.995249,0,0,0,0,0.606971,0.319531,0.691188,0.341265,0.548774,0.346766,0.734094,0.401271
0.649855,0.376704,0.636084,0.561993,0.538036,0.570191,0.462996,0.779976,0.544173,0.512976,0.741777,0.548357,0.819887,0.548354,0.79997,0.360371,0.63301,0.99389,0.574803,0.99525,0,0,0,0,0.701941,0.995251,0,0,0,0,0.60698,0.322203,0.689699,0.341275,0.548774,0.349488,0.732567,0.401251
0.649846,0.376705,0.637607,0.56474,0.538046,0.572917,0.46146,0.779987,0.544163,0.518398,0.741772,0.548386,0.819878,0.54835,0.799971,0.360383,0.633014,0.995248,0.574801,0.99525,0,0,0,0,0.701942,0.995252,0,0,0,0,0.606961,0.322232,0.691188,0.341282,0.54878,0.349467,0.731062,0.40126
0.648334,0.376712,0.636068,0.562002,0.536506,0.572906,0.461455,0.780003,0.542645,0.515698,0.741774,0.548363,0.819876,0.548363,0.799962,0.36038,0.633005,0.99389,0.568677,0.99525,0,0,0,0,0.70194,0.995252,0,0,0,0,0.606945,0.322206,0.689686,0.34128,0.548758,0.346765,0.73104,0.40125
0.649846,0.376723,0.636084,0.561999,0.538042,0.572892,0.46145,0.779968,0.544156,0.515665,0.741771,0.548371,0.819877,0.545648,0.799966,0.360342,0.633009,0.99525,0.568676,0.995252,0,0,0,0,0.701943,0.995249,0,0,0,0,0.605457,0.322206,0.68968,0.341279,0.548783,0.341346,0.731055,0.401263
0.648335,0.376711,0.637606,0.562008,0.538043,0.572899,0.461454,0.779965,0.544175,0.512951,0.741767,0.54836,0.818358,0.545644,0.799958,0.357681,0.633008,0.995249,0.571738,0.99525,0,0,0,0,0.703467,0.995249,0,0,0,0,0.605459,0.322203,0.689678,0.341279,0.550297,0.341364,0.732563,0.401252
0.648339,0.376696,0.639132,0.561989,0.539572,0.567462,0.461451,0.779964,0.544184,0.510229,0.741776,0.548371,0.819878,0.542936,0.799978,0.357663,0.633016,0.995249,0.574803,0.99525,0,0,0,0,0.703473,0.995247,0,0,0,0,0.606973,0.319527,0.689681,0.341265,0.55183,0.341302,0.731045,0.401254
0.648338,0.37668,0.639146,0.559279,0.539575,0.567447,0.461453,0.779964,0.544186,0.512942,0.743294,0.545645,0.819885,0.542926,0.799976,0.357628,0.63301,0.995248,0.571739,0.99525,0,0,0,0,0.70194,0.995248,0,0,0,0,0.606975,0.319519,0.689684,0.341253,0.551828,0.341312,0.732568,0.401219
0.649848,0.376738,0.639147,0.562008,0.541106,0.567465,0.461457,0.777279,0.544186,0.512967,0.743292,0.548383,0.819884,0.545635,0.799969,0.357662,0.633008,0.99389,0,0,0,0,0,0,0,0,0,0,0,0,0.606986,0.322203,0.689678,0.341282,0.550305,0.344014,0.732564,0.40123
0.649846,0.37674,0.640656,0.562002,0.539571,0.567447,0.461463,0.779966,0.54416,0.518408,0.743291,0.548383,0.819895,0.545625,0.799969,0.357664,0.633017,0.99389,0,0,0,0,0,0,0.705001,0.99525,0,0,0,0,0.606973,0.322217,0.68968,0.34129,0.550294,0.34404,0.732574,0.401212
0.648332,0.376702,0.639126,0.562014,0.533444,0.567446,0.461467,0.779997,0.525801,0.559264,0.741769,0.548398,0.821412,0.545633,0.799967,0.35765,0.634541,0.993889,0,0,0,0,0,0,0.705004,0.99525,0,0,0,0,0.60695,0.322224,0.689686,0.341286,0.550293,0.344065,0.73256,0.401245
0.648332,0.376709,0.637615,0.562012,0.533443,0.564735,0.46147,0.780002,0.524275,0.561997,0.741772,0.548391,0.821411,0.542948,0.799977,0.357628,0.634547,0.99389,0,0,0,0,0,0,0.706531,0.99525,0,0,0,0,0.606949,0.322225,0.689684,0.341283,0.550289,0.346748,0.732571,0.401226
0.648339,0.376708,0.639125,0.562002,0.533447,0.564738,0.461475,0.782698,0.524279,0.564723,0.741772,0.548362,0.819894,0.54566,0.799979,0.357617,0.637603,0.993889,0.580928,0.995249,0,0,0,0,0.706538,0.995249,0,0,0,0,0.606955,0.322225,0.689687,0.341279,0.550284,0.349452,0.732569,0.401228
0.648343,0.376731,0.639128,0.564714,0.534983,0.567447,0.461475,0.782703,0.524267,0.570167,0.741763,0.551106,0.821409,0.542938,0.801484,0.357635,0.636072,0.993888,0.579397,0.995248,0,0,0,0,0.708064,0.99525,0,0,0,0,0.606959,0.322251,0.689691,0.341292,0.550309,0.349454,0.734111,0.401268
0.649853,0.376729,0.639138,0.562005,0.539566,0.564732,0.461473,0.782728,0.524257,0.572869,0.741752,0.548394,0.819883,0.545666,0.80148,0.357641,0.63454,0.993889,0.576336,0.995248,0,0,0,0,0.705004,0.99525,0,0,0,0,0.606957,0.322243,0.689688,0.34129,0.550311,0.352178,0.734092,0.401258
0.649851,0.376725,0.639141,0.561996,0.538035,0.564738,0.461467,0.782726,0.524259,0.572886,0.741757,0.54839,0.819888,0.548347,0.799984,0.357633,0.63454,0.993889,0.577865,0.995249,0,0,0,0,0.705006,0.99525,0,0,0,0,0.606958,0.322248,0.689688,0.341293,0.551816,0.352187,0.734094,0.401267
0.649845,0.376718,0.640672,0.559296,0.541099,0.562008,0.461475,0.782706,0.5258,0.572927,0.741767,0.551086,0.821417,0.545659,0.801488,0.357614,0.634538,0.993888,0.57327,0.995249,0,0,0,0,0.705001,0.995249,0,0,0,0,0.606961,0.322233,0.689697,0.341288,0.550312,0.349457,0.734096,0.40127
0.649854,0.376719,0.642181,0.559301,0.541107,0.564717,0.461462,0.782716,0.527329,0.57288,0.741763,0.551094,0.821415,0.545664,0.801483,0.357611,0.633014,0.993888,0.57174,0.995249,0,0,0,0,0.703474,0.99525,0,0,0,0,0.606966,0.322232,0.689696,0.341287,0.550313,0.34946,0.734097,0.401281
0.649858,0.376696,0.63761,0.556566,0.539575,0.562018,0.461461,0.78269,0.531912,0.56746,0.741759,0.548375,0.82141,0.545674,0.799984,0.357629,0.634539,0.993889,0.573272,0.99525,0,0,0,0,0.701943,0.99525,0,0,0,0,0.606969,0.322231,0.691189,0.341297,0.550298,0.354925,0.73258,0.401256
0.651386,0.376722,0.637612,0.556559,0.538045,0.564739,0.461458,0.779995,0.534972,0.570171,0.741774,0.545669,0.819887,0.545658,0.799978,0.357632,0.636076,0.99389,0.576335,0.99525,0,0,0,0,0.705006,0.99525,0,0,0,0,0.606974,0.322229,0.689685,0.341286,0.550305,0.354899,0.73258,0.398544
0.6529,0.376712,0.639131,0.559263,0.536507,0.572891,0.461464,0.782722,0.544165,0.572901,0.74177,0.542945,0.819886,0.548353,0.799972,0.357647,0.637607,0.995248,0,0,0,0,0,0,0.708062,0.99525,0,0,0,0,0.606952,0.324947,0.689688,0.341279,0.548777,0.352199,0.73103,0.395812
0.651381,0.376728,0.639147,0.556589,0.536514,0.570193,0.461467,0.782713,0.542637,0.575608,0.741778,0.542945,0.819891,0.545673,0.799974,0.357643,0.637608,0.99389,0,0,0,0,0,0,0.708069,0.99525,0,0,0,0,0.60695,0.324945,0.689688,0.341284,0.54878,0.352221,0.731036,0.398491
0.651379,0.37671,0.640679,0.556562,0.538044,0.567448,0.461475,0.785409,0.53498,0.57834,0.74329,0.548361,0.821404,0.54566,0.799967,0.357629,0.639135,0.99389,0.577865,0.99525,0,0,0,0,0.706539,0.995249,0,0,0,0,0.606952,0.32494,0.689689,0.341284,0.550288,0.352216,0.731047,0.398539
0.649859,0.376715,0.640671,0.556566,0.538039,0.567449,0.461465,0.78542,0.52733,0.578397,0.741759,0.545671,0.819875,0.548353,0.799956,0.357637,0.639135,0.993889,0.577866,0.99525,0,0,0,0,0.706536,0.99525,0,0,0,0,0.606949,0.32495,0.689688,0.341299,0.548764,0.352197,0.729537,0.398537
0.646809,0.376731,0.64068,0.556555,0.539574,0.564734,0.461472,0.785439,0.525797,0.58106,0.741765,0.545661,0.819886,0.548346,0.799956,0.357638,0.639142,0.99525,0.576331,0.995252,0,0,0,0,0.706535,0.993889,0,0,0,0,0.606957,0.324925,0.689691,0.341289,0.547255,0.346767,0.731035,0.398489
0.646808,0.37671,0.642199,0.556563,0.541108,0.56474,0.461474,0.785449,0.525797,0.581068,0.741765,0.545657,0.819879,0.545658,0.799961,0.357638,0.637603,0.995248,0.571738,0.995251,0,0,0,0,0.705005,0.993883,0,0,0,0,0.606956,0.322248,0.689691,0.34129,0.550283,0.352202,0.731034,0.398533
0.646809,0.376723,0.642184,0.556562,0.5411,0.561989,0.461465,0.788128,0.525775,0.583813,0.741758,0.548365,0.818349,0.54566,0.799953,0.357618,0.637605,0.995248,0.573273,0.99525,0,0,0,0,0.705005,0.995248,0,0,0,0,0.605451,0.324927,0.689677,0.341297,0.550284,0.354938,0.729531,0.395811
0.646805,0.376746,0.6422,0.556579,0.54264,0.5593,0.46147,0.785461,0.525785,0.581094,0.741767,0.548366,0.818344,0.545654,0.798444,0.357629,0.636078,0.995249,0.571738,0.995251,0,0,0,0,0.706529,0.995248,0,0,0,0,0.605443,0.324945,0.689664,0.341306,0.550291,0.357655,0.72953,0.395809
0.646797,0.37674,0.64221,0.559271,0.542644,0.562002,0.461459,0.788132,0.525774,0.57839,0.741765,0.548376,0.816836,0.545631,0.798449,0.357626,0.636077,0.993889,0.574805,0.995249,0,0,0,0,0.705006,0.99525,0,0,0,0,0.605442,0.324926,0.689672,0.341292,0.548781,0.354928,0.731033,0.395804
0.646807,0.376722,0.642204,0.559287,0.542637,0.561997,0.461459,0.785453,0.524278,0.581058,0.741764,0.548396,0.816837,0.545641,0.79996,0.357635,0.637604,0.993889,0.576336,0.995248,0,0,0,0,0.706529,0.995249,0,0,0,0,0.605443,0.322247,0.689688,0.341287,0.550298,0.357648,0.731048,0.398476
0.648318,0.376705,0.642191,0.559278,0.542631,0.562004,0.461456,0.788127,0.525784,0.578364,0.741767,0.548375,0.81682,0.542929,0.799951,0.354938,0.636072,0.993888,0.571741,0.995248,0,0,0,0,0.705001,0.995249,0,0,0,0,0.60546,0.32221,0.689681,0.341253,0.550296,0.360342,0.72953,0.398502
0.646806,0.376681,0.642182,0.559259,0.542626,0.561995,0.46146,0.785458,0.52578,0.578366,0.741767,0.548364,0.818344,0.542908,0.798445,0.354916,0.636076,0.995248,0.574803,0.995249,0,0,0,0,0.705,0.995249,0,0,0,0,0.605461,0.322215,0.689679,0.34125,0.548769,0.357616,0.729519,0.395792
0.646814,0.37671,0.640676,0.559267,0.541097,0.561999,0.461461,0.785427,0.525783,0.57839,0.741768,0.548386,0.816831,0.542951,0.798441,0.354933,0.633013,0.995248,0.570208,0.995249,0,0,0,0,0.703473,0.995249,0,0,0,0,0.605441,0.322217,0.689687,0.341258,0.550283,0.354916,0.72952,0.393037
0.646796,0.376704,0.642197,0.556568,0.54111,0.562,0.461461,0.785421,0.525782,0.578393,0.743288,0.548355,0.816838,0.545626,0.798448,0.354944,0.636075,0.995249,0.57327,0.995249,0,0,0,0,0.706532,0.995249,0,0,0,0,0.605437,0.322216,0.689685,0.341255,0.550289,0.354914,0.729519,0.39036
0.646802,0.376723,0.642214,0.55657,0.544171,0.559293,0.462974,0.78272,0.525796,0.578399,0.743294,0.545658,0.818348,0.542938,0.798432,0.354926,0.636071,0.993889,0.573271,0.995249,0,0,0,0,0.705,0.99525,0,0,0,0,0.605442,0.322218,0.689693,0.341263,0.550303,0.354922,0.729518,0.393054
0.646794,0.376727,0.64222,0.556577,0.544174,0.561989,0.462974,0.782729,0.525785,0.581078,0.743296,0.54566,0.818343,0.542941,0.798433,0.354937,0.634544,0.995249,0.57174,0.995249,0,0,0,0,0.703472,0.99525,0,0,0,0,0.605442,0.322222,0.689687,0.341278,0.550296,0.354927,0.729513,0.393076
0.646794,0.376678,0.642184,0.556563,0.542626,0.561988,0.46146,0.785406,0.525805,0.578389,0.741773,0.545649,0.818351,0.545642,0.79844,0.354946,0.634545,0.995248,0.574802,0.995249,0,0,0,0,0.705002,0.99525,0,0,0,0,0.605442,0.319497,0.689691,0.341253,0.550297,0.35491,0.729513,0.393078
0.646803,0.374021,0.642183,0.556542,0.54111,0.559285,0.461461,0.78273,0.525811,0.581061,0.743292,0.545636,0.818354,0.545636,0.79845,0.354935,0.63607,0.993889,0.574803,0.995249,0,0,0,0,0.705005,0.99525,0,0,0,0,0.605441,0.319479,0.689687,0.338614,0.550296,0.35761,0.729531,0.393085
0.643749,0.368563,0.642193,0.556541,0.542627,0.559264,0.461462,0.782723,0.52581,0.581065,0.743297,0.545648,0.818353,0.545636,0.798453,0.3576,0.634541,0.993889,0.567144,0.99525,0,0,0,0,0.70194,0.99525,0,0,0,0,0.603901,0.314088,0.688136,0.338539,0.548751,0.344065,0.729532,0.390357
0.643731,0.365844,0.640671,0.553849,0.5411,0.556556,0.461461,0.782718,0.527312,0.581085,0.743289,0.545641,0.818344,0.545636,0.799954,0.357606,0.63454,0.993889,0.565614,0.99525,0,0,0,0,0.700409,0.995249,0,0,0,0,0.603884,0.314043,0.685086,0.335877,0.547246,0.341351,0.729536,0.390357
0.640656,0.357626,0.63914,0.553838,0.538046,0.559275,0.461443,0.779996,0.525807,0.57837,0.741762,0.545637,0.816837,0.545667,0.799952,0.35494,0.629944,0.995248,0.557956,0.995249,0,0,0,0,0.694282,0.99525,0,0,0,0,0.600836,0.308601,0.680521,0.33313,0.547235,0.346778,0.729507,0.3985
0.639141,0.352205,0.639129,0.556542,0.539577,0.559293,0.462986,0.779978,0.527324,0.581065,0.741758,0.545668,0.818345,0.545656,0.798453,0.354929,0.631477,0.995248,0.556424,0.995249,0,0,0,0,0.697347,0.99525,0,0,0,0,0.599311,0.305857,0.680506,0.330383,0.547238,0.34677,0.728009,0.398526
0.637609,0.344059,0.642191,0.553815,0.542635,0.559287,0.47065,0.777268,0.534991,0.57838,0.741768,0.542945,0.818347,0.545638,0.799967,0.354924,0.633009,0.995248,0.562548,0.995249,0,0,0,0,0.700408,0.995249,0,0,0,0,0.597796,0.303147,0.680472,0.319533,0.548764,0.346744,0.728001,0.403967
0.633009,0.341281,0.643713,0.551114,0.544172,0.561993,0.472167,0.777278,0.544164,0.589237,0.743308,0.54293,0.816829,0.542943,0.799958,0.357623,0.631483,0.99389,0.557957,0.99525,0,0,0,0,0.703473,0.995249,0,0,0,0,0.596234,0.300403,0.67742,0.316767,0.547243,0.346775,0.726435,0.41758
0.628424,0.333104,0.642198,0.553822,0.542644,0.567444,0.472192,0.777273,0.554879,0.597407,0.744828,0.545638,0.816827,0.542942,0.798453,0.354913,0.631472,0.99525,0,0,0,0,0,0,0,0,0,0,0,0,0.593153,0.294939,0.67284,0.308604,0.54572,0.357623,0.724906,0.423049
0.628405,0.324941,0.642218,0.551113,0.54416,0.564718,0.475248,0.779989,0.557966,0.60015,0.746358,0.542942,0.81683,0.542931,0.799952,0.35493,0.634545,0.995248,0.561016,0.995249,0,0,0,0,0.705005,0.995249,0,0,0,0,0.59163,0.292247,0.672822,0.303169,0.547234,0.360357,0.724925,0.420276
0.629957,0.314076,0.648335,0.551096,0.548762,0.559299,0.481361,0.78271,0.571737,0.605613,0.752493,0.540209,0.818343,0.540186,0.799981,0.357604,0.640667,0.99389,0,0,0,0,0,0,0,0,0,0,0,0,0.591658,0.289484,0.672842,0.289501,0.551841,0.365815,0.729527,0.401225
0.633002,0.314053,0.652927,0.553832,0.55183,0.564721,0.484415,0.7827,0.576325,0.608338,0.755554,0.542914,0.818367,0.540221,0.80148,0.357635,0,0,0,0,0,0,0,0,0,0,0,0,0,0,0.593192,0.289513,0.675911,0.2841,0.553367,0.371272,0.732573,0.395785
0.642171,0.308587,0.656,0.553853,0.554887,0.564726,0.49209,0.782723,0.585524,0.608313,0.758608,0.54565,0.821406,0.545628,0.803024,0.360406,0,0,0,0,0,0,0,0,0,0,0,0,0,0,0.59626,0.2895,0.678986,0.275931,0.554882,0.363099,0.738685,0.384897
0.643745,0.303156,0.657505,0.553805,0.554896,0.55927,0.495135,0.788167,0.590109,0.608309,0.76014,0.545644,0.821405,0.545623,0.803029,0.36309,0.642204,0.99525,0,0,0,0,0,0,0,0,0,0,0,0,0.599314,0.284112,0.682013,0.273177,0.554901,0.363067,0.738718,0.382148
0.655961,0.284101,0.65598,0.551107,0.554886,0.556549,0.495139,0.788188,0.585526,0.589258,0.758604,0.542925,0.824475,0.537483,0.801513,0.354939,0,0,0,0,0,0,0,0,0,0,0,0,0,0,0.608484,0.264971,0.692765,0.256867,0.556432,0.34405,0.741749,0.352184
0.657537,0.284063,0.654448,0.551094,0.551834,0.556568,0.48902,0.785423,0.582462,0.583819,0.757078,0.54292,0.825991,0.534732,0.801514,0.352185,0,0,0,0,0,0,0,0,0,0,0,0,0,0,0.611565,0.256821,0.697332,0.262253,0.556419,0.360388,0.740218,0.341313
0.662114,0.284057,0.652917,0.55113,0.548771,0.559277,0.47831,0.777262,0.579407,0.591984,0.755554,0.545647,0.826013,0.523836,0.801507,0.344015,0,0,0,0,0,0,0,0,0,0,0,0,0,0,0.617669,0.25409,0.701923,0.270409,0.554891,0.373967,0.738707,0.344043
0.657524,0.286778,0.649851,0.551115,0.545707,0.553852,0.475261,0.777248,0.577875,0.605619,0.754019,0.54567,0.826028,0.518421,0.803055,0.335883,0,0,0,0,0,0,0,0,0,0,0,0,0,0,0.613104,0.254142,0.695819,0.273172,0.553375,0.363099,0.738708,0.357621
0.648327,0.286827,0.651396,0.545658,0.548763,0.545648,0.475247,0.771799,0.580917,0.608349,0.755545,0.542946,0.826019,0.515721,0.803059,0.335818,0,0,0,0,0,0,0,0,0,0,0,0,0,0,0.605456,0.256864,0.689694,0.275891,0.551839,0.341266,0.734121,0.398494
0.643744,0.292227,0.65292,0.545669,0.548759,0.548363,0.476778,0.774546,0.580922,0.608322,0.757089,0.54294,0.826019,0.518412,0.803048,0.335866,0,0,0,0,0,0,0,0,0,0,0,0,0,0,0.603883,0.267738,0.685098,0.275918,0.550292,0.34127,0.731068,0.401272
0.642204,0.31401,0.655998,0.545636,0.554901,0.532032,0.49209,0.782686,0.594717,0.613795,0.758605,0.542933,0.824477,0.521156,0.799956,0.341307,0.639139,0.995251,0.561017,0.99525,0,0,0,0,0.708071,0.987073,0,0,0,0,0.599298,0.286771,0.682046,0.289484,0.551834,0.352213,0.731068,0.401248
0.642207,0.316743,0.656006,0.545655,0.556429,0.540216,0.493621,0.788153,0.596255,0.616506,0.758625,0.540218,0.82446,0.523834,0.799964,0.343999,0.639142,0.99525,0.567144,0.99525,0,0,0,0,0.706536,0.995248,0,0,0,0,0.599304,0.292204,0.682039,0.292196,0.553373,0.360355,0.732564,0.401264
0.642198,0.319502,0.656002,0.54839,0.556417,0.545656,0.495161,0.790889,0.59625,0.616479,0.758621,0.545635,0.822948,0.52386,0.799971,0.344039,0.639134,0.995252,0,0,0,0,0,0,0,0,0,0,0,0,0.599309,0.292249,0.682047,0.294958,0.550309,0.360376,0.732576,0.401231
0.642199,0.319532,0.655974,0.548396,0.554901,0.548371,0.493623,0.790866,0.593171,0.613794,0.7586,0.542916,0.822944,0.523876,0.799971,0.344033,0.646797,0.995249,0,0,0,0,0,0,0,0,0,0,0,0,0.599302,0.292254,0.682034,0.294997,0.55031,0.357655,0.732561,0.401236
0.633005,0.319533,0.652909,0.551084,0.550298,0.548379,0.48749,0.793601,0.579394,0.616482,0.757069,0.54566,0.821418,0.523874,0.799963,0.344021,0.639133,0.995249,0,0,0,0,0,0,0,0,0,0,0,0,0.593207,0.292228,0.678934,0.297734,0.550309,0.352198,0.729516,0.406711
0.63148,0.319492,0.651392,0.55113,0.550298,0.55654,0.481361,0.793609,0.57327,0.61377,0.755548,0.545676,0.819891,0.523875,0.799963,0.344023,0,0,0,0,0,0,0,0,0,0,0,0,0,0,0.593196,0.289538,0.677452,0.297735,0.551827,0.349467,0.728,0.417581
0.629952,0.316745,0.649863,0.559302,0.551828,0.572908,0.473689,0.793645,0.547231,0.602878,0.752476,0.542932,0.818349,0.526555,0.798443,0.344001,0,0,0,0,0,0,0,0,0,0,0,0,0,0,0.593185,0.284076,0.67592,0.297669,0.548767,0.344049,0.727974,0.420282
0.628401,0.314057,0.646807,0.56471,0.550293,0.572907,0.473702,0.796324,0.538036,0.600157,0.747889,0.542921,0.816833,0.526593,0.798438,0.34401,0.631486,0.99525,0,0,0,0,0,0,0,0,0,0,0,0,0.591653,0.281377,0.674362,0.294989,0.556405,0.34404,0.727953,0.420273
0.6284,0.314076,0.646808,0.559302,0.548766,0.572918,0.475225,0.793634,0.548777,0.600149,0.749427,0.54294,0.818358,0.526594,0.798428,0.343998,0,0,0,0,0,0,0,0,0,0,0,0,0,0,0.591641,0.281362,0.674357,0.295007,0.554883,0.352196,0.726468,0.420308
0.626896,0.316731,0.649865,0.561991,0.548766,0.572921,0.476789,0.793643,0.557939,0.600137,0.752478,0.545658,0.816819,0.529275,0.798432,0.341337,0,0,0,0,0,0,0,0,0,0,0,0,0,0,0.591637,0.284071,0.672851,0.295007,0.550284,0.354924,0.727953,0.420285
0.62689,0.322236,0.648321,0.559273,0.544179,0.570192,0.492075,0.807219,0.576343,0.597439,0.75554,0.548397,0.818367,0.529333,0.798428,0.346748,0,0,0,0,0,0,0,0,0,0,0,0,0,0,0.590119,0.292235,0.672851,0.303154,0.550293,0.35764,0.727955,0.423023
0.626895,0.327692,0.646799,0.562019,0.544166,0.575627,0.493598,0.809959,0.577853,0.597419,0.755541,0.551087,0.819873,0.529317,0.796918,0.346731,0,0,0,0,0,0,0,0,0,0,0,0,0,0,0.59013,0.292289,0.674363,0.308582,0.548782,0.36036,0.727946,0.42307
0.626873,0.335848,0.648329,0.564733,0.545707,0.578328,0.492085,0.809952,0.573275,0.591978,0.754012,0.551116,0.821404,0.532035,0.798442,0.346742,0.640672,0.993891,0,0,0,0,0,0,0,0,0,0,0,0,0.588588,0.297698,0.67132,0.311345,0.55029,0.368559,0.726463,0.425773
0.626865,0.338532,0.64833,0.567444,0.547234,0.578365,0.492083,0.809964,0.570216,0.591989,0.754012,0.551111,0.822942,0.529296,0.799952,0.344045,0.642199,0.995249,0,0,0,0,0,0,0,0,0,0,0,0,0.58858,0.297741,0.671295,0.314029,0.548758,0.365835,0.726447,0.425791
0.625353,0.341311,0.643739,0.57561,0.542627,0.58652,0.489024,0.815427,0.562549,0.594707,0.75401,0.553845,0.824481,0.526605,0.801507,0.341324,0,0,0,0,0,0,0,0,0,0,0,0,0,0,0.587069,0.303136,0.671315,0.316809,0.548755,0.363101,0.726421,0.431235
0.625341,0.341286,0.64372,0.572905,0.542638,0.58924,0.487483,0.815405,0.557968,0.594686,0.750962,0.556533,0.824463,0.529281,0.799979,0.344005,0,0,0,0,0,0,0,0,0,0,0,0,0,0,0.588583,0.30312,0.671309,0.319508,0.547252,0.363086,0.724929,0.431256
0.625344,0.338587,0.643734,0.564736,0.54723,0.575615,0.482903,0.809977,0.54876,0.586542,0.7479,0.548388,0.824465,0.529274,0.799965,0.341344,0.63761,0.995248,0.574801,0.99525,0,0,0,0,0.709596,0.995251,0,0,0,0,0.588581,0.297705,0.671314,0.316802,0.548773,0.349474,0.724909,0.431191
0.62383,0.335838,0.640681,0.561985,0.542629,0.570187,0.478305,0.796329,0.553355,0.581097,0.74636,0.551087,0.822951,0.526555,0.799979,0.338603,0.634538,0.995248,0.559488,0.995249,0,0,0,0,0.706532,0.995248,0,0,0,0,0.588582,0.292275,0.671312,0.314088,0.547232,0.357644,0.724892,0.428492
0.622287,0.341279,0.64219,0.567447,0.542645,0.578342,0.482889,0.801773,0.556436,0.586504,0.74637,0.551126,0.824487,0.52386,0.799982,0.338576,0.639137,0.995249,0,0,0,0,0,0,0,0,0,0,0,0,0.587048,0.300427,0.669791,0.32225,0.547239,0.363111,0.723378,0.436641
0.620774,0.344028,0.642208,0.564743,0.542647,0.572908,0.485979,0.804509,0.561032,0.600156,0.750947,0.553852,0.826013,0.521121,0.801508,0.335862,0.637601,0.995253,0,0,0,0,0,0,0,0,0,0,0,0,0.585537,0.308558,0.669763,0.330412,0.547231,0.363097,0.723397,0.436642
0.625369,0.354937,0.645266,0.570162,0.54265,0.575634,0.495167,0.807252,0.583992,0.602879,0.754026,0.55656,0.827535,0.515661,0.803028,0.319511,0.640669,0.995248,0,0,0,0,0,0,0,0,0,0,0,0,0.58859,0.316811,0.672823,0.335852,0.547228,0.379452,0.726442,0.433928
0.626894,0.357648,0.645271,0.570179,0.544159,0.575641,0.49517,0.809934,0.583984,0.602847,0.755539,0.556574,0.827531,0.515669,0.803031,0.322206,0.640674,0.995251,0,0,0,0,0,0,0,0,0,0,0,0,0.59011,0.319482,0.67283,0.335866,0.548764,0.384887,0.726466,0.431214
0.626896,0.357646,0.643726,0.570185,0.544156,0.575652,0.49363,0.804518,0.579406,0.602904,0.752491,0.556564,0.826037,0.515695,0.803017,0.324934,0.639134,0.995252,0,0,0,0,0,0,0.706533,0.993886,0,0,0,0,0.590106,0.316825,0.671318,0.33586,0.547251,0.384899,0.726448,0.431213
0.626875,0.357621,0.643714,0.567474,0.542647,0.578331,0.492094,0.804506,0.577854,0.602848,0.752489,0.556565,0.827523,0.515697,0.80302,0.32224,0.639132,0.995253,0,0,0,0,0,0,0,0,0,0,0,0,0.588595,0.316795,0.671315,0.335857,0.547236,0.390335,0.72644,0.431234
0.62382,0.344006,0.643722,0.567466,0.5411,0.581057,0.487505,0.801788,0.573278,0.597443,0.754025,0.55655,0.82755,0.510259,0.801499,0.314038,0,0,0,0,0,0,0,0,0,0,0,0,0,0,0.585534,0.308609,0.668254,0.324937,0.54571,0.382162,0.724911,0.431248
0.622294,0.343989,0.643719,0.567458,0.541101,0.578344,0.485966,0.801781,0.573263,0.597461,0.752496,0.556568,0.829062,0.512994,0.801501,0.314024,0.6376,0.995253,0,0,0,0,0,0,0,0,0,0,0,0,0.584002,0.308612,0.668248,0.319541,0.545707,0.382153,0.724913,0.43125
0.622279,0.341323,0.643717,0.567454,0.541097,0.578325,0.482913,0.801777,0.573258,0.602874,0.752488,0.556562,0.833665,0.521107,0.801487,0.31678,0.634543,0.995251,0,0,0,0,0,0,0,0,0,0,0,0,0.584005,0.308604,0.668231,0.31681,0.54722,0.376721,0.724928,0.431231
0.62381,0.341249,0.64375,0.564749,0.542632,0.572911,0.481368,0.793617,0.576329,0.60288,0.754017,0.559299,0.839801,0.532023,0.796911,0.322219,0.63454,0.99525,0,0,0,0,0,0,0.700408,0.99525,0,0,0,0,0.585516,0.308581,0.668249,0.316759,0.547246,0.379451,0.724916,0.431238
0.625352,0.335857,0.645261,0.564737,0.539579,0.570159,0.475242,0.7827,0.571751,0.594719,0.755563,0.56471,0.847457,0.532022,0.790765,0.319509,0.643728,0.993889,0.574802,0.99389,0,0,0,0,0.708071,0.99525,0,0,0,0,0.587063,0.300409,0.669784,0.313998,0.547231,0.365837,0.726456,0.428457
0.625355,0.335816,0.643749,0.559286,0.541106,0.562002,0.473693,0.779983,0.570215,0.597396,0.75403,0.559274,0.852036,0.532064,0.789223,0.319506,0.639139,0.995249,0.567146,0.99525,0,0,0,0,0.708071,0.99525,0,0,0,0,0.58707,0.297713,0.669791,0.311359,0.54725,0.363097,0.727965,0.425749
0.625354,0.324958,0.642219,0.556573,0.539566,0.553852,0.466053,0.771836,0.564094,0.591971,0.754016,0.559283,0.859706,0.542944,0.787698,0.314021,0.649864,0.993891,0.576337,0.995251,0,0,0,0,0.715727,0.99525,0.786182,0.995252,0,0,0.587067,0.292229,0.671293,0.311267,0.547235,0.354911,0.727987,0.414872
0.626862,0.322256,0.643711,0.553838,0.541099,0.548373,0.466044,0.769092,0.564084,0.591975,0.754029,0.556562,0.859725,0.551101,0.787719,0.316749,0.64833,0.993889,0.576337,0.99525,0,0,0,0,0.715724,0.99389,0.789254,0.995253,0,0,0.588575,0.289552,0.672829,0.308624,0.547237,0.346753,0.727998,0.409416
0.626875,0.324951,0.64221,0.553818,0.542631,0.542927,0.462996,0.769076,0.564084,0.591945,0.752494,0.559285,0.859703,0.570192,0.784668,0.319488,0.643733,0.993891,0.568673,0.99525,0,0,0,0,0.712665,0.995249,0.790781,0.995255,0,0,0.5886,0.289545,0.674355,0.308617,0.547247,0.346768,0.727981,0.420292
0.626895,0.324945,0.642186,0.553837,0.539569,0.545646,0.461474,0.760939,0.564092,0.591964,0.75095,0.562019,0.859718,0.578374,0.783126,0.324944,0.642201,0.995249,0.570209,0.995251,0,0,0,0,0.711133,0.995249,0.793848,0.995254,0,0,0.590129,0.28954,0.674369,0.311276,0.548754,0.349477,0.728,0.417585
0.629958,0.333133,0.634557,0.545664,0.538038,0.534758,0.458374,0.760912,0.565601,0.589235,0.741779,0.548403,0.852065,0.597394,0.777013,0.349467,0.639141,0.995248,0.561016,0.99525,0,0,0,0,0.711127,0.99389,0.801499,0.995252,0,0,0.594708,0.286809,0.677441,0.314096,0.548771,0.346764,0.726461,0.423002
0.633012,0.335804,0.633016,0.54839,0.536501,0.540194,0.456853,0.75822,0.56254,0.586506,0.73871,0.551076,0.84899,0.59745,0.77393,0.354929,0.643732,0.99525,0.570207,0.995254,0,0,0,0,0.714197,0.995249,0.807623,0.995254,0,0,0.596272,0.286804,0.680473,0.316827,0.547247,0.35219,0.724928,0.428486
0.642191,0.341302,0.629966,0.548374,0.531908,0.551081,0.450738,0.755451,0.561018,0.586513,0.734107,0.542936,0.841325,0.586524,0.758624,0.360409,0.646797,0.995251,0.57327,0.995256,0,0,0,0,0,0,0,0,0,0,0.603894,0.289543,0.686631,0.335811,0.548757,0.349472,0.727979,0.403993
0.649861,0.344001,0.633003,0.551108,0.531923,0.553845,0.453805,0.752769,0.568669,0.589266,0.734111,0.54295,0.84132,0.586518,0.758618,0.360356,0.645267,0.995248,0.574803,0.995253,0,0,0,0,0.712664,0.993886,0,0,0,0,0.608522,0.292207,0.692779,0.335853,0.547241,0.349445,0.729497,0.403965
0.659045,0.344031,0.63454,0.548399,0.533457,0.551108,0.456861,0.752712,0.574803,0.583792,0.735646,0.542923,0.841317,0.591957,0.758632,0.354926,0.645259,0.992522,0.567144,0.992521,0,0,0,0,0.711136,0.987075,0,0,0,0,0.620753,0.289534,0.70347,0.335885,0.550301,0.357617,0.734108,0.406701
0.663648,0.34403,0.634542,0.548379,0.533449,0.551074,0.456841,0.749986,0.576329,0.581088,0.735639,0.545657,0.839813,0.594672,0.758602,0.354907,0.646795,0.993884,0.5748,0.993887,0,0,0,0,0.711129,0.98435,0,0,0,0,0.625347,0.289555,0.706517,0.338519,0.553345,0.357647,0.737171,0.403984
0.674351,0.357655,0.633026,0.55109,0.53191,0.548354,0.453791,0.74455,0.576343,0.586534,0.735635,0.553818,0.838247,0.605608,0.758597,0.360356,0.642197,0.993887,0.567145,0.993891,0,0,0,0,0.708065,0.989801,0,0,0,0,0.629953,0.294936,0.712647,0.341275,0.554869,0.35768,0.740234,0.406686
0.672851,0.360343,0.633015,0.551095,0.531912,0.548356,0.450726,0.744542,0.576321,0.586544,0.735628,0.551124,0.836717,0.613737,0.754023,0.357624,0.643736,0.993889,0.574799,0.995252,0,0,0,0,0.708073,0.993885,0,0,0,0,0.629947,0.294963,0.709618,0.341311,0.553346,0.360366,0.740241,0.406701
0.66977,0.36039,0.628429,0.551115,0.525798,0.548383,0.44612,0.739104,0.571733,0.597395,0.729508,0.553849,0.829083,0.62739,0.75557,0.376729,0.640667,0.995249,0.573271,0.995255,0,0,0,0,0.706535,0.993889,0,0,0,0,0.62841,0.294998,0.706558,0.344043,0.5503,0.365802,0.738692,0.41759
0.666725,0.360348,0.6269,0.551084,0.525791,0.545653,0.441546,0.730966,0.567135,0.594706,0.726445,0.553826,0.827529,0.635568,0.755573,0.38487,0.637606,0.995249,0.57174,0.995253,0,0,0,0,0.705,0.993885,0,0,0,0,0.626866,0.295014,0.706518,0.344021,0.54877,0.363133,0.734113,0.420329
0.660587,0.360399,0.623823,0.556562,0.522731,0.548373,0.436957,0.725474,0.562543,0.602867,0.723375,0.564735,0.818348,0.662795,0.754028,0.40125,0.631472,0.99525,0.553362,0.995251,0,0,0,0,0.698877,0.995251,0,0,0,0,0.622295,0.297714,0.703465,0.349457,0.545698,0.368526,0.731055,0.428457
0.66212,0.360401,0.623806,0.556535,0.524255,0.542929,0.438469,0.720049,0.564088,0.597434,0.721844,0.570188,0.81377,0.665534,0.754016,0.401245,0.63148,0.99525,0.551825,0.995249,0,0,0,0,0.700404,0.99389,0,0,0,0,0.622299,0.297712,0.70348,0.349467,0.545709,0.365836,0.732568,0.428458
0.668242,0.363123,0.626878,0.553849,0.527328,0.537468,0.441525,0.722736,0.573287,0.597421,0.721857,0.56747,0.807634,0.690088,0.754036,0.403994,0.634548,0.99525,0,0,0,0,0,0,0.705005,0.995252,0,0,0,0,0.626893,0.297724,0.708051,0.352164,0.547235,0.368542,0.737152,0.425753
0.675905,0.368547,0.628405,0.567467,0.528842,0.537494,0.444589,0.725491,0.574812,0.600151,0.718793,0.589254,0.798435,0.71457,0.75707,0.403957,0,0,0,0,0,0,0,0,0,0,0,0,0,0,0.631477,0.300437,0.71265,0.352197,0.548779,0.368529,0.740243,0.423044
0.680478,0.379485,0.626896,0.575627,0.528859,0.540207,0.446117,0.730955,0.573268,0.605575,0.715722,0.605596,0.79233,0.730972,0.760138,0.447569,0,0,0,0,0,0,0,0,0,0,0,0,0,0,0.639125,0.313996,0.714182,0.357645,0.550287,0.368526,0.740229,0.417595
0.680479,0.384925,0.628407,0.578357,0.52886,0.542939,0.444609,0.730958,0.571751,0.605614,0.715733,0.6056,0.790804,0.744561,0.761681,0.461192,0.625352,0.99525,0,0,0,0,0,0,0,0,0,0,0,0,0.639127,0.314075,0.71418,0.360401,0.550284,0.368523,0.738704,0.428487
0.672842,0.393072,0.625351,0.575617,0.527329,0.553814,0.447655,0.750007,0.571726,0.619196,0.717248,0.600146,0.790765,0.752698,0.763214,0.482976,0.634538,0.995251,0,0,0,0,0,0,0,0,0,0,0,0,0.631492,0.322209,0.708051,0.373989,0.547227,0.368546,0.731046,0.439402
0.669779,0.393092,0.626894,0.570189,0.528856,0.551117,0.449215,0.75545,0.574796,0.621925,0.717256,0.586524,0.790762,0.752728,0.761696,0.482954,0.631486,0.99525,0,0,0,0,0,0,0,0,0,0,0,0,0.629951,0.322204,0.705027,0.371301,0.545728,0.36582,0.729533,0.436664
0.662123,0.387616,0.628413,0.572907,0.528846,0.553844,0.456868,0.75277,0.585517,0.619206,0.720324,0.586522,0.789256,0.750039,0.760145,0.482971,0.633014,0.995249,0,0,0,0,0,0,0,0,0,0,0,0,0.622304,0.319481,0.700396,0.365814,0.544177,0.371302,0.727976,0.431194
0.659039,0.382163,0.628414,0.572881,0.528847,0.553807,0.458406,0.755454,0.588582,0.616524,0.721848,0.58654,0.789253,0.752719,0.76015,0.482982,0.633017,0.995249,0,0,0,0,0,0,0,0,0,0,0,0,0.619215,0.316755,0.695807,0.360408,0.54414,0.373984,0.726452,0.428486
0.651379,0.368565,0.623833,0.567447,0.521204,0.562005,0.455327,0.777265,0.570223,0.613759,0.724903,0.572907,0.784652,0.77179,0.772386,0.521152,0.629949,0.995251,0,0,0,0,0,0,0,0,0,0,0,0,0.610029,0.30861,0.691194,0.354903,0.541094,0.368552,0.721851,0.425789
0.643754,0.365849,0.623816,0.575609,0.521191,0.570171,0.452258,0.785415,0.561025,0.616476,0.727967,0.581063,0.781603,0.780001,0.777016,0.534787,0,0,0,0,0,0,0,0,0,0,0,0,0,0,0.606961,0.308599,0.68814,0.354919,0.539575,0.376726,0.717254,0.436643
0.637598,0.384901,0.622278,0.583798,0.521184,0.57836,0.443075,0.788162,0.545699,0.621966,0.726442,0.597415,0.775477,0.796314,0.790762,0.57565,0.634543,0.993888,0,0,0,0,0,0,0,0,0,0,0,0,0.602363,0.324943,0.680515,0.368507,0.538053,0.376737,0.715739,0.45029
0.631469,0.403999,0.619223,0.600181,0.515059,0.58652,0.435415,0.793579,0.533448,0.635538,0.726437,0.61379,0.754033,0.818157,0.798433,0.668288,0,0,0,0,0,0,0,0,0,0,0,0,0,0,0.596247,0.343993,0.678972,0.384921,0.538045,0.382171,0.714195,0.463938
0.629939,0.414857,0.614622,0.602869,0.510478,0.583787,0.427744,0.79086,0.525766,0.638286,0.723377,0.613778,0.727977,0.831754,0.809156,0.722752,0,0,0,0,0,0,0,0,0,0,0,0,0,0,0.594732,0.349487,0.677443,0.398517,0.53804,0.382166,0.712675,0.477515
0.629949,0.409423,0.614626,0.602891,0.510464,0.586534,0.427765,0.788186,0.524268,0.635562,0.723391,0.613779,0.734116,0.81811,0.826006,0.72002,0,0,0,0,0,0,0,0,0,0,0,0,0,0,0.594745,0.346758,0.678942,0.39848,0.538033,0.39035,0.71267,0.472114
0.631464,0.401287,0.620767,0.597423,0.515061,0.591972,0.44767,0.796348,0.545702,0.627396,0.732562,0.600147,0.75095,0.812686,0.827563,0.665528,0,0,0,0,0,0,0,0,0,0,0,0,0,0,0.596265,0.338627,0.678964,0.382144,0.536521,0.3985,0.715706,0.458491
0.62997,0.403941,0.623805,0.597396,0.518125,0.591972,0.450739,0.801808,0.548769,0.632864,0.732569,0.594683,0.758609,0.799052,0.824473,0.627387,0,0,0,0,0,0,0,0,0,0,0,0,0,0,0.596249,0.341267,0.678948,0.382138,0.53804,0.395777,0.715744,0.453013
0.629923,0.409398,0.62228,0.602845,0.518128,0.59469,0.447663,0.80452,0.544178,0.63826,0.726459,0.60287,0.775465,0.76908,0.807642,0.575618,0.60697,0.995249,0.54876,0.995249,0,0,0,0,0,0,0,0,0,0,0.594721,0.346729,0.678943,0.390343,0.538047,0.390328,0.71572,0.458428
0.629959,0.420299,0.619234,0.602905,0.518126,0.597418,0.444609,0.801803,0.539562,0.635556,0.726435,0.6056,0.780062,0.752779,0.804565,0.553794,0.605437,0.995248,0.541107,0.99389,0,0,0,0,0,0,0,0,0,0,0.596235,0.352204,0.678955,0.398511,0.538045,0.398494,0.71573,0.461172
0.629968,0.431187,0.620749,0.605581,0.52426,0.583815,0.43542,0.799047,0.504351,0.63014,0.72031,0.611052,0.78466,0.728227,0.813765,0.542902,0.605442,0.995248,0,0,0,0,0,0,0,0,0,0,0,0,0.597773,0.363107,0.678952,0.406696,0.542626,0.384899,0.715731,0.472084
0.629964,0.428511,0.623811,0.605624,0.527313,0.583809,0.43848,0.804503,0.499737,0.635573,0.721847,0.611046,0.787719,0.725504,0.82446,0.545652,0.603905,0.99389,0.538042,0.993889,0,0,0,0,0,0,0,0,0,0,0.596262,0.360409,0.678934,0.404004,0.54262,0.384898,0.717247,0.466663
0.629971,0.425761,0.625354,0.608311,0.530376,0.602871,0.449201,0.815411,0.510473,0.632836,0.724926,0.605621,0.789261,0.728256,0.838282,0.559307,0.606973,0.995249,0,0,0,0,0,0,0,0,0,0,0,0,0.596263,0.36033,0.678945,0.401258,0.544162,0.38217,0.718796,0.469395
0.631499,0.425802,0.626897,0.605629,0.527309,0.602861,0.45838,0.818143,0.548773,0.649193,0.729507,0.613756,0.789255,0.73641,0.841313,0.57565,0,0,0,0,0,0,0,0,0,0,0,0,0,0,0.599299,0.360359,0.678973,0.401262,0.544169,0.387617,0.721846,0.469325
0.633029,0.431219,0.628421,0.611056,0.527315,0.602895,0.464512,0.818127,0.570216,0.651908,0.731042,0.616495,0.792309,0.74185,0.839817,0.575594,0,0,0,0,0,0,0,0,0,0,0,0,0,0,0.600836,0.371256,0.680511,0.404006,0.544181,0.406686,0.724923,0.469345
0.634552,0.433976,0.628431,0.611024,0.527332,0.602887,0.464517,0.81812,0.57328,0.651938,0.731051,0.616489,0.793851,0.7391,0.838246,0.567465,0.628413,0.993889,0.553354,0.99525,0,0,0,0,0,0,0,0,0,0,0.600849,0.373997,0.682024,0.406693,0.544167,0.417599,0.726414,0.469385
0.634556,0.439359,0.629945,0.608309,0.528866,0.59742,0.459943,0.812702,0.567155,0.662789,0.73258,0.616508,0.79539,0.73096,0.82755,0.559297,0.634541,0.993887,0,0,0,0,0,0,0,0,0,0,0,0,0.602355,0.37669,0.682034,0.409427,0.54569,0.403985,0.726431,0.480266
0.634539,0.433968,0.629945,0.611028,0.528855,0.597426,0.461443,0.812687,0.567155,0.6628,0.732582,0.619227,0.795382,0.730965,0.827538,0.561991,0.619226,0.993886,0,0,0,0,0,0,0,0,0,0,0,0,0.60084,0.37399,0.680524,0.406736,0.545714,0.406681,0.726438,0.48027
0.629947,0.425714,0.629932,0.611071,0.530385,0.600155,0.462982,0.815375,0.571745,0.662817,0.73105,0.624672,0.796897,0.733686,0.82908,0.570187,0,0,0,0,0,0,0,0,0,0,0,0,0,0,0.596251,0.365796,0.678943,0.401263,0.547217,0.403979,0.720326,0.493912
0.628437,0.417598,0.631481,0.611029,0.533443,0.594706,0.464508,0.815373,0.571754,0.660115,0.732584,0.621945,0.798426,0.733665,0.830621,0.570164,0,0,0,0,0,0,0,0,0,0,0,0,0,0,0.594736,0.360401,0.677426,0.398528,0.547224,0.398505,0.718807,0.493862
0.626872,0.398543,0.63147,0.611036,0.533439,0.600154,0.470625,0.815447,0.573281,0.660092,0.734109,0.619239,0.799966,0.730942,0.835205,0.562011,0,0,0,0,0,0,0,0,0,0,0,0,0,0,0.593174,0.346768,0.675884,0.382135,0.545711,0.406686,0.718787,0.491175
0.626883,0.39308,0.631497,0.61104,0.533441,0.597446,0.469113,0.818165,0.573268,0.66011,0.735639,0.619228,0.799985,0.728237,0.835206,0.559297,0,0,0,0,0,0,0,0,0,0,0,0,0,0,0.593194,0.344027,0.677405,0.379454,0.54722,0.403953,0.718785,0.491197
0.629947,0.384876,0.631468,0.608302,0.531911,0.597447,0.466056,0.820858,0.570209,0.662806,0.734113,0.613755,0.803027,0.703673,0.838251,0.532023,0,0,0,0,0,0,0,0,0,0,0,0,0,0,0.596266,0.338547,0.678962,0.37939,0.548773,0.401243,0.720314,0.493903
0.631498,0.373987,0.631483,0.59742,0.531926,0.594687,0.464526,0.826303,0.567134,0.662839,0.734102,0.600152,0.807614,0.660098,0.839792,0.485698,0,0,0,0,0,0,0,0,0,0,0,0,0,0,0.600852,0.327664,0.680493,0.365853,0.554881,0.379434,0.724897,0.48845
0.633013,0.360344,0.631478,0.58924,0.533443,0.581081,0.464516,0.831758,0.571728,0.66555,0.735644,0.594695,0.812227,0.616507,0.832138,0.428474,0.637608,0.995249,0,0,0,0,0,0,0,0,0,0,0,0,0.600832,0.314035,0.680499,0.360337,0.553368,0.376711,0.72034,0.491132
0.633006,0.352212,0.631486,0.58653,0.53497,0.583795,0.461471,0.83177,0.568671,0.662783,0.737164,0.59197,0.813781,0.602903,0.822946,0.403949,0,0,0,0,0,0,0,0,0,0,0,0,0,0,0.602356,0.311284,0.680499,0.354941,0.554898,0.371282,0.721856,0.488431
0.631484,0.352207,0.633017,0.586531,0.538041,0.570184,0.446148,0.815408,0.538042,0.643767,0.732587,0.597434,0.818357,0.605594,0.803047,0.401224,0.626884,0.993888,0.554889,0.99525,0,0,0,0,0,0,0,0,0,0,0.60236,0.30316,0.680473,0.357591,0.553358,0.357652,0.726429,0.474824
0.631495,0.357611,0.631467,0.597406,0.538035,0.581065,0.443081,0.815432,0.521199,0.638325,0.7295,0.605576,0.815283,0.616476,0.806089,0.403989,0,0,0,0,0,0,0,0,0,0,0,0,0,0,0.602358,0.30589,0.678971,0.360374,0.551837,0.354915,0.721866,0.482991
