0.702654,0.428483,0.296307,0.695513,0.0302808,0.73094,0,0,0,0,0.688149,0.646464,0.992911,0.858992,0.910597,0.564747,0,0,0,0,0,0,0,0,0,0,0,0,0,0,0.543014,0.393044,0.692961,0.363073,0.0350903,0.45576,0,0
0.702657,0.4285,0.286626,0.6928,0.0302669,0.730931,0,0,0,0,0.688115,0.646476,0.992909,0.85627,0.910588,0.564728,0,0,0,0,0,0,0,0,0,0,0,0,0,0,0.542985,0.390362,0.692968,0.363093,0.0254449,0.453022,0,0
0.702625,0.428481,0.286634,0.690075,0.0254521,0.739105,0,0,0,0,0.688129,0.643772,0.992911,0.848099,0.905868,0.562021,0,0,0,0,0,0,0,0,0,0,0,0,0,0,0.542985,0.390357,0.69776,0.360403,0.049599,0.453004,0,0
0.697855,0.428481,0.286637,0.690061,0.0302325,0.736397,0,0,0,0,0.692963,0.643755,0.992912,0.845367,0.90586,0.561999,0,0,0,0,0,0,0,0,0,0,0,0,0,0,0.538233,0.393042,0.692925,0.360423,0.0254387,0.453015,0,0
0.69302,0.428491,0.301124,0.690058,0.0206055,0.733662,0,0,0,0,0.68815,0.643745,0.99291,0.848117,0.905816,0.562016,0,0,0,0,0,0,0,0,0,0,0,0,0,0,0.528562,0.393083,0.688133,0.363109,0.0496069,0.455774,0,0
0.68812,0.433927,0.306002,0.690057,0.0254298,0.736386,0,0,0,0,0.678456,0.641043,0.992907,0.85356,0.896138,0.570168,0,0,0,0,0,0,0,0,0,0,0,0,0,0,0.528507,0.398489,0.678435,0.371265,0.0641148,0.458484,0,0
0.668778,0.444795,0.296314,0.695528,0.0302434,0.741842,0,0,0,0,0.668776,0.651937,0.992899,0.856292,0.876743,0.572919,0,0,0,0,0,0,0,0,0,0,0,0,0,0,0.513997,0.403951,0.644667,0.382132,0.0350857,0.463898,0,0
0.649498,0.444809,0.281789,0.684612,0.0254463,0.687342,0,0,0,0,0.659129,0.64647,0.95422,0.845374,0.867075,0.575606,0,0,0,0,0,0,0,0,0,0,0,0,0,0,0.499518,0.403978,0.644576,0.382141,0.020594,0.463926,0,0
0.634943,0.450279,0.281813,0.687335,0.0302374,0.736386,0,0,0,0,0.634905,0.649189,0.959053,0.842644,0.833216,0.57837,0,0,0,0,0,0,0,0,0,0,0,0,0,0,0.484955,0.412147,0.630054,0.393093,0.0495985,0.469379,0,0
0.630109,0.45031,0.281812,0.684627,0.0254479,0.725491,0,0,0,0,0.610739,0.643762,0.954186,0.8345,0.818707,0.57833,0,0,0,0,0,0,0,0,0,0,0,0,0,0,0.480101,0.417558,0.610746,0.395762,0.0544094,0.474803,0,0
0.615546,0.450271,0.27697,0.679168,0.0254624,0.71459,0,0,0,0,0.605915,0.641025,0.944498,0.815395,0.799445,0.572893,0,0,0,0,0,0,0,0,0,0,0,0,0,0,0.475269,0.414889,0.596214,0.395803,0.0641572,0.474793,0,0
0.605929,0.447603,0.291458,0.673706,0.0254181,0.709137,0,0,0,0,0.610767,0.638297,0.963873,0.807244,0.794556,0.564714,0,0,0,0,0,0,0,0,0,0,0,0,0,0,0.475268,0.414855,0.596192,0.398516,0.0786735,0.469336,0,0
0.610735,0.44486,0.291457,0.660101,0.0254238,0.679174,0,0,0,0,0.601067,0.624695,0.94932,0.777291,0.789717,0.55653,0,0,0,0,0,0,0,0,0,0,0,0,0,0,0.480094,0.406733,0.591386,0.39577,0.0980404,0.46117,0,0
0.615611,0.436657,0.291477,0.64376,0.020625,0.64921,0,0,0,0,0.625249,0.619248,0.954226,0.769092,0.784888,0.551069,0,0,0,0,0,0,0,0,0,0,0,0,0,0,0.480132,0.403954,0.591365,0.390309,0.12218,0.453002,0,0
0.634905,0.425719,0.325336,0.616494,0.0254217,0.627391,0,0,0,0,0.639812,0.59199,0,0,0,0,0,0,0,0,0,0,0,0,0,0,0,0,0,0,0.518801,0.395762,0.615546,0.382206,0.175319,0.442116,0,0
0.649483,0.420282,0.320466,0.613781,0.0254018,0.616505,0.0254543,0.690075,0.257607,0.529316,0.644616,0.589276,0.990475,0.733659,0.799429,0.526584,0,0,0,0,0,0,0,0,0,0,0,0,0,0,0.533323,0.390342,0.630124,0.376723,0.204385,0.433923,0,0
0.688184,0.398527,0.363999,0.572907,0.0302513,0.551124,0.0254586,0.643755,0.301145,0.499339,0.678444,0.57835,0.973545,0.717324,0.82362,0.507505,0,0,0,0,0,0,0,0,0,0,0,0,0,0,0.567244,0.371272,0.649478,0.360345,0.247999,0.409443,0,0
0.702659,0.390341,0.36889,0.559291,0,0,0,0,0,0,0.697789,0.559289,0.992899,0.747284,0.838068,0.496631,0,0,0,0,0,0,0,0,0,0,0,0,0,0,0.591406,0.363093,0.673612,0.357614,0.272097,0.401271,0,0
0.72684,0.376732,0.407584,0.545641,0.102814,0.523848,0.0254471,0.600155,0.397914,0.458462,0.721988,0.54838,0.992914,0.730937,0.862329,0.477544,0,0,0,0,0,0,0,0,0,0,0,0,0,0,0.615623,0.34948,0.702642,0.335848,0.310799,0.384928,0,0
0.736471,0.363088,0.407548,0.532022,0.0979743,0.512969,0.025414,0.589255,0.407558,0.450263,0.721978,0.537478,0.992902,0.730932,0.867133,0.466642,0,0,0,0,0,0,0,0,0,0,0,0,0,0,0.63004,0.341285,0.707448,0.330376,0.320503,0.37669,0,0
0.741301,0.354881,0.441391,0.515662,0.136696,0.499327,0.0205764,0.578339,0.412411,0.428476,0.736526,0.521117,0.992909,0.717324,0.871929,0.450327,0,0,0,0,0,0,0,0,0,0,0,0,0,0,0.63486,0.322228,0.707522,0.314053,0.330199,0.360317,0,0
0.736491,0.352201,0.441461,0.510237,0.131833,0.491174,0.0205871,0.572886,0.37856,0.431239,0.746137,0.518394,0.992912,0.711857,0.871949,0.447584,0,0,0,0,0,0,0,0,0,0,0,0,0,0,0.634838,0.322221,0.707445,0.314061,0.330222,0.357652,0,0
0.71722,0.346758,0.451133,0.502051,0.146348,0.488436,0.0157613,0.559266,0.383405,0.423001,0.736496,0.510241,0.99291,0.679181,0.857492,0.439402,0,0,0,0,0,0,0,0,0,0,0,0,0,0,0.620426,0.319505,0.697803,0.314037,0.325305,0.354931,0.663952,0.357643
0.70752,0.346723,0.431775,0.499343,0.141532,0.491161,0.0206001,0.553836,0.373698,0.423041,0.712363,0.499354,0.992911,0.635573,0.842906,0.433943,0,0,0,0,0,0,0,0,0,0,0,0,0,0,0.605862,0.316779,0.688129,0.308586,0.32045,0.354944,0,0
0.692917,0.352158,0.43178,0.499312,0.165693,0.491172,0.0157731,0.548391,0.373722,0.41758,0.688143,0.493894,0.990483,0.643746,0.818751,0.42853,0.509154,0.880805,0,0,0,0,0,0,0,0,0,0,0,0,0.586592,0.322237,0.659109,0.314016,0.301199,0.357654,0.63492,0.352194
0.678511,0.352161,0.422076,0.493912,0.141528,0.488431,0.0157613,0.548374,0.373699,0.420318,0.673654,0.493891,0.949389,0.624672,0.799473,0.436639,0,0,0,0,0,0,0,0,0,0,0,0,0,0,0.58174,0.324954,0.649458,0.314017,0.296366,0.360397,0,0
0.663968,0.357691,0.407513,0.504773,0.131864,0.496592,0.0157932,0.553846,0.359237,0.425802,0.659099,0.504776,0.920357,0.605609,0.789642,0.436654,0,0,0,0,0,0,0,0,0,0,0,0,0,0,0.567172,0.333157,0.639805,0.324925,0.291481,0.368524,0,0
0.654271,0.36044,0.393043,0.510233,0.122161,0.496621,0.0205551,0.559268,0.354345,0.431241,0.659106,0.512929,0.910662,0.613778,0.775227,0.444839,0.596225,0.880806,0.310826,0.899876,0,0,0,0,0.799403,0.848105,0,0,0,0,0.557463,0.341294,0.630108,0.335811,0.291403,0.379409,0.634923,0.360377
0.639817,0.368542,0.397888,0.515694,0.146344,0.512955,0.0205943,0.553844,0.335002,0.444846,0.639821,0.512976,0.896158,0.602897,0.760655,0.453043,0,0,0,0,0,0,0,0,0,0,0,0,0,0,0.557468,0.349484,0.625227,0.344014,0.286592,0.382162,0,0
0.639791,0.36857,0.397872,0.515698,0.141509,0.512947,0.0157903,0.551119,0.339843,0.444814,0.639764,0.515657,0.891343,0.605598,0.755914,0.453042,0,0,0,0,0,0,0,0,0,0,0,0,0,0,0.557446,0.35218,0.625255,0.341315,0.28661,0.382169,0,0
0.639843,0.36856,0.402738,0.515678,0.14634,0.510229,0.0157944,0.551124,0.339882,0.444832,0.644621,0.512976,0.886512,0.602861,0.755858,0.453008,0.591391,0.905328,0,0,0,0,0,0,0.784874,0.888981,0,0,0,0,0.557447,0.352178,0.625278,0.341282,0.286685,0.382187,0,0
0.639851,0.373968,0.3882,0.51567,0.12218,0.502057,0.020563,0.562001,0.344677,0.444801,0.644586,0.515666,0.886475,0.6056,0.755888,0.453048,0,0,0,0,0,0,0,0,0,0,0,0,0,0,0.557488,0.354895,0.630019,0.344017,0.286674,0.384886,0,0
0.644539,0.382186,0.407604,0.52387,0.160875,0.518404,0.0158036,0.567458,0.34956,0.450282,0.649431,0.523864,0.891295,0.608332,0.755807,0.458495,0.567201,0.886255,0,0,0,0,0,0,0.775216,0.87263,0,0,0,0,0.552736,0.35769,0.620434,0.354902,0.29147,0.393095,0.634931,0.384889
0.644647,0.384928,0.417255,0.529285,0.180219,0.523843,0.0206143,0.570178,0.354388,0.453023,0.654244,0.523872,0.891349,0.61106,0.755956,0.463874,0,0,0,0,0,0,0,0,0,0,0,0,0,0,0.557456,0.360408,0.63006,0.357637,0.296295,0.395818,0,0
0.654308,0.393062,0.431736,0.532033,0.175392,0.526574,0.0157724,0.575626,0.36405,0.455756,0.659079,0.532005,0.900951,0.630139,0.760719,0.466637,0.615573,0.897152,0.397894,0.929852,0,0,0,0,0.794565,0.872629,0,0,0,0,0.562359,0.363142,0.634911,0.360365,0.301181,0.401225,0.634933,0.403965
0.659139,0.393072,0.422071,0.529318,0.17537,0.526572,0.025419,0.575618,0.359196,0.461171,0.64941,0.523852,0.920312,0.706418,0.755972,0.469328,0.552691,0.875357,0,0,0,0,0,0,0.780038,0.859009,0,0,0,0,0.567212,0.368527,0.634958,0.36039,0.30599,0.401219,0.63494,0.398513
0.654306,0.393073,0.436602,0.52931,0.180227,0.526575,0.0205865,0.575613,0.359237,0.461184,0.654291,0.523853,0.915489,0.679169,0.74624,0.472056,0,0,0,0,0,0,0,0,0,0,0,0,0,0,0.572035,0.365851,0.639739,0.360371,0.305987,0.401184,0.63976,0.384889
0.65912,0.393031,0.436588,0.532007,0.17538,0.526574,0.0254164,0.572888,0.36404,0.4585,0.673623,0.521125,0.896174,0.624666,0.736492,0.469347,0,0,0,0,0,0,0,0,0,0,0,0,0,0,0.572056,0.365846,0.639793,0.360333,0.305919,0.401191,0.634938,0.382167
0.654253,0.390314,0.436602,0.529322,0.189902,0.532036,0.0399377,0.570183,0.368798,0.458485,0.654288,0.523836,0.915495,0.624676,0.726884,0.466644,0.663947,0.924401,0.455944,0.948926,0,0,0,0,0.88163,0.90805,0,0,0,0,0.567187,0.365807,0.644589,0.357609,0.301185,0.398495,0,0
0.649492,0.390334,0.422099,0.529317,0.170549,0.532024,0.0350967,0.570166,0.364046,0.46116,0.644636,0.532017,0.900982,0.619206,0.726821,0.466651,0,0,0,0,0,0,0,0,0,0,0,0,0,0,0.567181,0.363114,0.644598,0.357613,0.305939,0.398468,0,0
0.654317,0.3876,0.422055,0.534727,0.180204,0.534744,0.0495966,0.564718,0.364047,0.461172,0.634907,0.532025,0.900973,0.619215,0.722005,0.466672,0,0,0,0,0,0,0,0,0,0,0,0,0,0,0.572017,0.360415,0.649415,0.354896,0.306023,0.395827,0,0
0.659101,0.387626,0.431773,0.532024,0.185062,0.534758,0.0592779,0.564728,0.36883,0.461177,0.644576,0.526567,0.905809,0.616479,0.721972,0.466635,0,0,0,0,0,0,0,0,0,0,0,0,0,0,0.572047,0.360428,0.64948,0.354903,0.306015,0.395821,0,0
0.663944,0.387598,0.417242,0.532041,0.160869,0.529311,0.0544381,0.564725,0.368842,0.461186,0.639778,0.532018,0.91064,0.6192,0.726851,0.466667,0,0,0,0,0,0,0,0,0,0,0,0,0,0,0.57692,0.360417,0.644685,0.354911,0.310789,0.395813,0,0
0.663929,0.387621,0.417268,0.532055,0.175361,0.532037,0.0447554,0.567444,0.368812,0.4612,0.644598,0.532021,0.915524,0.621951,0.722041,0.469365,0.673625,0.940754,0,0,0,0,0,0,0.876786,0.924403,0,0,0,0,0.576878,0.363094,0.649417,0.354939,0.306018,0.395815,0,0
0.66397,0.390333,0.393074,0.532012,0.126998,0.523852,0.0399186,0.575637,0.354378,0.466617,0.649451,0.537471,0.925219,0.621938,0.731694,0.469402,0,0,0,0,0,0,0,0,0,0,0,0,0,0,0.581713,0.363127,0.649449,0.357649,0.306007,0.395786,0,0
0.663972,0.390342,0.407551,0.537482,0.151189,0.532042,0.0447582,0.581085,0.364002,0.466622,0.64458,0.540199,0.915457,0.619219,0.736466,0.472111,0,0,0,0,0,0,0,0,0,0,0,0,0,0,0.581749,0.363095,0.654253,0.357607,0.310805,0.395802,0,0
0.673621,0.387646,0.417239,0.532044,0.160856,0.523852,0.0350953,0.586518,0.344667,0.472088,0.649424,0.532029,0.910685,0.624669,0.741367,0.472119,0,0,0,0,0,0,0,0,0,0,0,0,0,0,0.586575,0.363084,0.663989,0.354928,0.315642,0.395772,0,0
0.663902,0.390314,0.417264,0.540189,0.170537,0.532022,0.0399084,0.583794,0.35436,0.469361,0.644626,0.540187,0.915495,0.627404,0.746205,0.472071,0,0,0,0,0,0,0,0,0,0,0,0,0,0,0.581716,0.360397,0.654255,0.357617,0.310856,0.393083,0,0
0.663949,0.387639,0.422092,0.532052,0.189887,0.526588,0.020587,0.578359,0.359221,0.46934,0.644622,0.532042,0.91062,0.622008,0.750964,0.469361,0,0,0,0,0,0,0,0,0,0,0,0,0,0,0.581744,0.360359,0.659093,0.354911,0.310815,0.39307,0,0
0.668798,0.384891,0.417226,0.534772,0.170551,0.518411,0.0205877,0.572911,0.363981,0.466667,0.639791,0.540184,0.910665,0.6247,0.751005,0.469356,0,0,0,0,0,0,0,0,0,0,0,0,0,0,0.586543,0.360321,0.663907,0.352193,0.306037,0.393056,0,0
0.668746,0.384928,0.407571,0.542922,0.141526,0.537484,0.02058,0.578344,0.339862,0.472115,0.649448,0.534765,0.925161,0.63014,0.750892,0.472098,0,0,0,0,0,0,0,0,0,0,0,0,0,0,0.581686,0.360326,0.668761,0.346779,0.296324,0.395758,0,0
0.659103,0.393034,0.388237,0.548378,0.112496,0.534758,0.0205631,0.578362,0.325307,0.477526,0.644622,0.548353,0.920392,0.638301,0.746198,0.477561,0,0,0,0,0,0,0,0,0,0,0,0,0,0,0.576871,0.360366,0.654301,0.354913,0.291441,0.395778,0,0
0.659112,0.382214,0.359216,0.545644,0.0931405,0.523848,0.0158338,0.567436,0.305991,0.472125,0.615569,0.548393,0.900986,0.641029,0.736524,0.474837,0,0,0,0,0,0,0,0,0,0,0,0,0,0,0.562441,0.357675,0.649431,0.346758,0.272119,0.395751,0,0
0.644654,0.38489,0.368896,0.548378,0.0931364,0.532036,0.0205983,0.575632,0.296303,0.480239,0.625246,0.54837,0.905769,0.641034,0.726879,0.477523,0,0,0,0,0,0,0,0,0,0,0,0,0,0,0.557497,0.357664,0.639822,0.349486,0.257593,0.39575,0,0
0.63982,0.379417,0.393052,0.540218,0.0689474,0.518418,0.0205776,0.591982,0.276937,0.482956,0.639763,0.53476,0.905874,0.641055,0.722062,0.472098,0,0,0,0,0,0,0,0,0,0,0,0,0,0,0.547813,0.354879,0.639728,0.338612,0.247854,0.390324,0,0
0.639721,0.382173,0.417251,0.540205,0.0979885,0.540206,0.015883,0.611032,0.281772,0.485705,0.755869,0.493886,0.905827,0.65738,0.722032,0.480275,0,0,0,0,0,0,0,0,0,0,0,0,0,0,0.547802,0.357629,0.63494,0.34401,0.2431,0.395813,0,0
0.639763,0.387608,0.402758,0.5484,0.102813,0.545658,0.0206257,0.613779,0.272102,0.493908,0.678477,0.53748,0.910666,0.668271,0.72208,0.488426,0,0,0,0,0,0,0,0,0,0,0,0,0,0,0.542982,0.35769,0.634892,0.346759,0.243035,0.39855,0,0
0.639839,0.387601,0.422087,0.54839,0.112483,0.551105,0.0206281,0.61377,0.281781,0.496627,0.755876,0.507508,0.920278,0.668299,0.72688,0.491119,0,0,0,0,0,0,0,0,0,0,0,0,0,0,0.547805,0.360333,0.63969,0.344033,0.243027,0.401226,0,0
0.639745,0.401216,0.4656,0.55384,0.131853,0.575622,0.0206625,0.632841,0.272138,0.510209,0.784897,0.510232,0.934849,0.695523,0.746132,0.502033,0,0,0,0,0,0,0,0,0,0,0,0,0,0,0.543049,0.368562,0.639759,0.357683,0.243061,0.412138,0,0
0.663935,0.398524,0.436586,0.556561,0.0883172,0.559284,0.0254037,0.64374,0.272146,0.512964,0.673631,0.556558,0,0,0,0,0,0,0,0,0,0,0,0,0,0,0,0,0,0,0.55274,0.368525,0.654301,0.357599,0.243055,0.412152,0,0
0.673662,0.40121,0.441423,0.570175,0.126989,0.572905,0.0254246,0.643752,0.286621,0.518397,0.688135,0.559282,0.992898,0.70642,0.76076,0.504788,0,0,0,0,0,0,0,0,0,0,0,0,0,0,0.56719,0.36857,0.668819,0.357617,0.247877,0.417581,0,0
0.67843,0.401272,0.441436,0.581077,0.0641213,0.58652,0.0302368,0.654651,0.281806,0.523839,0.717148,0.562,0.992908,0.725487,0.770342,0.51021,0,0,0,0,0,0,0,0,0,0,0,0,0,0,0.572071,0.371272,0.673606,0.357636,0.247874,0.417583,0,0
0.69298,0.403979,0.441423,0.597429,0.112491,0.611047,0.020674,0.687341,0.281762,0.534734,0.712307,0.586533,0.992924,0.728209,0.79452,0.52113,0,0,0,0,0,0,0,0,0,0,0,0,0,0,0.586572,0.376733,0.688105,0.360359,0.247853,0.425717,0,0
0.692966,0.412157,0.436605,0.605605,0.0931386,0.621946,0.0253853,0.703695,0.272117,0.545648,0.72198,0.583802,0.992924,0.733657,0.799383,0.526589,0,0,0,0,0,0,0,0,0,0,0,0,0,0,0.591348,0.382177,0.688138,0.363098,0.243094,0.425817,0,0
0.683357,0.420326,0.417264,0.608314,0.0592812,0.61377,0.0254469,0.698239,0.25765,0.556543,0.707487,0.600149,0,0,0,0,0,0,0,0,0,0,0,0,0,0,0,0,0,0,0.586509,0.384892,0.683304,0.368541,0.218947,0.439387,0,0
0.683273,0.423061,0.412436,0.619235,0.0544556,0.630117,0.020664,0.700968,0.247941,0.561987,0.712323,0.605595,0.992914,0.763635,0.794473,0.542956,0,0,0,0,0,0,0,0,0,0,0,0,0,0,0.572024,0.395785,0.678463,0.373998,0.209265,0.44483,0,0
0.654313,0.442088,0.368879,0.641027,0.0399248,0.649189,0.0254752,0.690067,0.209262,0.581108,0.668797,0.630135,0.992914,0.77181,0.784877,0.55386,0,0,0,0,0,0,0,0,0,0,0,0,0,0,0.552737,0.403951,0.654313,0.393048,0.180263,0.453012,0,0
0.634863,0.444828,0.320492,0.649199,0.0254159,0.671001,0,0,0,0,0.639775,0.627396,0.992913,0.818137,0.751008,0.567472,0,0,0,0,0,0,0,0,0,0,0,0,0,0,0.518779,0.403994,0.634929,0.393039,0.122181,0.458449,0,0
0.596205,0.450296,0.296299,0.65737,0.025474,0.687338,0,0,0,0,0.712333,0.619226,0.992894,0.85356,0.712338,0.581077,0,0,0,0,0,0,0,0,0,0,0,0,0,0,0.475318,0.420311,0.596223,0.398519,0.0737483,0.472074,0,0
0.58659,0.450287,0.291483,0.654652,0.0302494,0.681898,0,0,0,0,0.615581,0.646479,0,0,0,0,0,0,0,0,0,0,0,0,0,0,0,0,0,0,0.470453,0.420285,0.591337,0.395809,0.0496187,0.469353,0,0
0.57691,0.447563,0.267303,0.654653,0.0399293,0.736386,0,0,0,0,0.610744,0.646467,0.944527,0.83992,0.702629,0.583793,0,0,0,0,0,0,0,0,0,0,0,0,0,0,0.446324,0.409414,0.586526,0.387597,0.0206292,0.461194,0,0
0.572071,0.447589,0.257606,0.651927,0.0544562,0.823583,0,0,0,0,0.673629,0.624672,0.959035,0.850834,0.70262,0.586505,0,0,0,0,0,0,0,0,0,0,0,0,0,0,0.441478,0.406723,0.586537,0.384914,0.0206501,0.463912,0,0
0.57686,0.450276,0.175373,0.681897,0,0,0,0,0,0,0.576874,0.66009,0.959036,0.867187,0.697848,0.591982,0,0,0,0,0,0,0,0,0,0,0,0,0,0,0.436631,0.409408,0.591347,0.384927,0.0254008,0.45848,0,0
0.572027,0.450255,0.199571,0.690065,0,0,0,0,0,0,0.586566,0.665551,0,0,0,0,0,0,0,0,0,0,0,0,0,0,0,0,0,0,0.4366,0.409391,0.58661,0.384931,0.0254376,0.461182,0,0
0.586597,0.442129,0.0641203,0.750018,0,0,0,0,0,0,0.572035,0.681885,0.992906,0.878081,0.712374,0.594703,0,0,0,0,0,0,0,0,0,0,0,0,0,0,0.446324,0.398541,0.601059,0.376704,0.0254699,0.453007,0,0
0.59141,0.433956,0.112501,0.714593,0,0,0,0,0,0,0.601067,0.679178,0.992912,0.888978,0.722008,0.594704,0,0,0,0,0,0,0,0,0,0,0,0,0,0,0.451178,0.393095,0.605908,0.365816,0.0255002,0.444829,0.615569,0.450284
0.620391,0.425801,0.117317,0.698244,0,0,0,0,0,0,0.572033,0.665543,0.992894,0.913497,0.75583,0.594719,0,0,0,0,0,0,0,0,0,0,0,0,0,0,0.470402,0.387626,0.625267,0.360347,0.0254851,0.439394,0,0
0.625271,0.425749,0.0641206,0.74184,0,0,0,0,0,0,0.567229,0.668277,0.992901,0.929853,0.755916,0.600132,0,0,0,0,0,0,0,0,0,0,0,0,0,0,0.470458,0.384866,0.630037,0.360335,0.0302072,0.442114,0.620414,0.447559
0.610708,0.428485,0.0302559,0.741836,0,0,0,0,0,0,0.5817,0.684604,0.992899,0.962539,0.755912,0.608319,0,0,0,0,0,0,0,0,0,0,0,0,0,0,0.4559,0.387624,0.620437,0.357667,0.0303175,0.412143,0,0
0.634905,0.428481,0.0351058,0.785436,0,0,0,0,0,0,0.610729,0.728214,0.930009,0.973449,0.770397,0.62469,0,0,0,0,0,0,0,0,0,0,0,0,0,0,0.446287,0.390368,0.634996,0.357679,0.0350807,0.442124,0,0
0.630114,0.431218,0.0254229,0.766364,0,0,0,0,0,0,0.596218,0.70914,0.915493,0.967995,0.784883,0.624659,0,0,0,0,0,0,0,0,0,0,0,0,0,0,0.455907,0.393085,0.634885,0.357647,0.0303258,0.447568,0,0
0.634981,0.428488,0.0350918,0.758191,0,0,0,0,0,0,0.625251,0.714593,0.925196,0.899884,0.799394,0.6192,0,0,0,0,0,0,0,0,0,0,0,0,0,0,0.460805,0.390347,0.639746,0.349491,0.0303217,0.450272,0.625255,0.463908
0.639819,0.425779,0.0399307,0.750015,0,0,0,0,0,0,0.601073,0.700973,0.920327,0.967999,0.804257,0.613785,0,0,0,0,0,0,0,0,0,0,0,0,0,0,0.46561,0.387641,0.639801,0.349463,0.035081,0.447569,0,0
0.644584,0.428479,0.0350968,0.755464,0,0,0,0,0,0,0.601058,0.687358,0.891303,0.965277,0.809125,0.605588,0,0,0,0,0,0,0,0,0,0,0,0,0,0,0.47041,0.390306,0.639805,0.344045,0.0303008,0.447565,0.625244,0.45846
0.649434,0.433933,0.035093,0.755469,0,0,0,0,0,0,0.60107,0.690068,0.915492,0.959813,0.804272,0.605587,0,0,0,0,0,0,0,0,0,0,0,0,0,0,0.480055,0.393055,0.639732,0.354931,0.030315,0.450276,0.630094,0.463915
0.644624,0.431206,0.0302651,0.755469,0,0,0,0,0,0,0.596212,0.687354,0.920324,0.962542,0.804259,0.602896,0,0,0,0,0,0,0,0,0,0,0,0,0,0,0.475358,0.393022,0.639788,0.354901,0.0303145,0.450293,0,0
0.634965,0.442099,0.035098,0.758191,0,0,0,0,0,0,0.591366,0.684618,0.92031,0.962556,0.80426,0.605597,0,0,0,0,0,0,0,0,0,0,0,0,0,0,0.475254,0.39034,0.639759,0.357657,0.030318,0.447565,0,0
0.639751,0.431232,0.0302536,0.760915,0,0,0,0,0,0,0.591372,0.684608,0.92031,0.962543,0.804237,0.605605,0,0,0,0,0,0,0,0,0,0,0,0,0,0,0.475239,0.390324,0.639724,0.354919,0.0303224,0.450278,0,0
0.634924,0.425748,0.0254169,0.752743,0,0,0,0,0,0,0.581711,0.687337,0.944521,0.967997,0.799409,0.613777,0,0,0,0,0,0,0,0,0,0,0,0,0,0,0.470457,0.39037,0.634866,0.352215,0.0303208,0.43666,0,0
0.625268,0.433937,0.0592909,0.766359,0,0,0,0,0,0,0.557517,0.681888,0.949352,0.962546,0.794615,0.613774,0,0,0,0,0,0,0,0,0,0,0,0,0,0,0.470437,0.393088,0.634984,0.354931,0.035128,0.444834,0,0
0.630063,0.425764,0.0641185,0.763637,0,0,0,0,0,0,0.567221,0.681896,0.93484,0.959821,0.794609,0.613764,0,0,0,0,0,0,0,0,0,0,0,0,0,0,0.470416,0.393065,0.634915,0.354897,0.0399321,0.453003,0,0
0.625256,0.433951,0.0399442,0.760918,0,0,0,0,0,0,0.547855,0.679158,0.900985,0.959816,0.794597,0.605622,0,0,0,0,0,0,0,0,0,0,0,0,0,0,0.460804,0.39036,0.634968,0.354918,0.0351181,0.444845,0,0
0.630115,0.431222,0.0447706,0.760915,0,0,0,0,0,0,0.543031,0.676443,0.905817,0.962542,0.799344,0.602886,0,0,0,0,0,0,0,0,0,0,0,0,0,0,0.45598,0.387599,0.639698,0.34675,0.0351312,0.442114,0,0
0.62041,0.409441,0.0496063,0.766359,0,0,0,0,0,0,0.54784,0.673715,0.925162,0.95165,0.79452,0.600164,0,0,0,0,0,0,0,0,0,0,0,0,0,0,0.460771,0.384863,0.634835,0.341346,0.0303101,0.428497,0,0
0.630097,0.412142,0.0447756,0.763638,0,0,0,0,0,0,0.557529,0.673718,0.92517,0.954372,0.789749,0.602868,0,0,0,0,0,0,0,0,0,0,0,0,0,0,0.460791,0.382158,0.634895,0.341304,0.035091,0.439391,0,0
0.625246,0.412151,0.0399436,0.771815,0,0,0,0,0,0,0.547861,0.67372,0.983215,0.962551,0.7849,0.602865,0,0,0,0,0,0,0,0,0,0,0,0,0,0,0.455977,0.384896,0.63008,0.341334,0.03508,0.431211,0,0
0.620428,0.414883,0.0447635,0.769092,0,0,0,0,0,0,0.552714,0.670998,0.983216,0.967984,0.784884,0.602858,0,0,0,0,0,0,0,0,0,0,0,0,0,0,0.455946,0.384918,0.62528,0.341318,0.0350791,0.433942,0,0
0.630065,0.41487,0.0447661,0.769088,0,0,0,0,0,0,0.56236,0.67644,0.939684,0.962543,0.784895,0.602863,0,0,0,0,0,0,0,0,0,0,0,0,0,0,0.460822,0.393062,0.630122,0.35217,0.0302992,0.442114,0.610748,0.455737
0.630121,0.412171,0.0496033,0.769091,0,0,0,0,0,0,0.57687,0.681901,0.930018,0.959827,0.784913,0.602876,0,0,0,0,0,0,0,0,0,0,0,0,0,0,0.465618,0.393062,0.63485,0.349495,0.0302872,0.447549,0.61074,0.461187
0.634855,0.412158,0.0496117,0.771814,0,0,0,0,0,0,0.581711,0.679172,0.910656,0.951641,0.794577,0.602858,0,0,0,0,0,0,0,0,0,0,0,0,0,0,0.470511,0.393069,0.634898,0.354899,0.0302733,0.447561,0.615572,0.461184
0.634922,0.417611,0.039929,0.774538,0,0,0,0,0,0,0.576891,0.670988,0.925171,0.948932,0.794625,0.600149,0,0,0,0,0,0,0,0,0,0,0,0,0,0,0.475368,0.395776,0.634983,0.354904,0.0302491,0.447571,0.625265,0.463914
0.639744,0.41761,0.0205784,0.760913,0,0,0,0,0,0,0.586539,0.668263,0.944514,0.929867,0.799474,0.597404,0,0,0,0,0,0,0,0,0,0,0,0,0,0,0.475241,0.3903,0.630095,0.346757,0.0302686,0.447574,0.634927,0.455736
0.654288,0.425757,0.030263,0.771808,0,0,0,0,0,0,0.581696,0.676453,0.992897,0.927123,0.813933,0.594721,0,0,0,0,0,0,0,0,0,0,0,0,0,0,0.489768,0.384912,0.644579,0.346756,0.0254188,0.45299,0,0
0.659111,0.420324,0.0350917,0.77181,0,0,0,0,0,0,0.58654,0.681888,0.992898,0.92984,0.818765,0.594699,0,0,0,0,0,0,0,0,0,0,0,0,0,0,0.494657,0.384895,0.64459,0.344018,0.0254493,0.45028,0.620423,0.466637
0.639746,0.433934,0.0399433,0.777265,0,0,0,0,0,0,0.586531,0.670985,0.9929,0.927137,0.813871,0.597428,0,0,0,0,0,0,0,0,0,0,0,0,0,0,0.480218,0.395755,0.634854,0.354894,0.0254786,0.45846,0.620426,0.472084
0.639767,0.428477,0.035102,0.779992,0,0,0,0,0,0,0.581687,0.670997,0.992896,0.927111,0.809043,0.597449,0,0,0,0,0,0,0,0,0,0,0,0,0,0,0.480175,0.395775,0.630098,0.354908,0.0254435,0.458456,0.620417,0.472086
0.639727,0.43123,0.0399185,0.788155,0,0,0,0,0,0,0.58657,0.681891,0.9929,0.927132,0.813887,0.597451,0,0,0,0,0,0,0,0,0,0,0,0,0,0,0.48012,0.395811,0.630075,0.354933,0.0254288,0.46118,0.625242,0.474811
0.678468,0.43123,0.020581,0.76909,0,0,0,0,0,0,0.630088,0.673728,0.96872,0.924378,0.862256,0.60015,0,0,0,0,0,0,0,0,0,0,0,0,0,0,0.518867,0.398503,0.663943,0.357678,0.0206749,0.455712,0.62526,0.458462
0.683262,0.423042,0.044773,0.774538,0,0,0,0,0,0,0.625231,0.662817,0.992894,0.913492,0.862322,0.59745,0,0,0,0,0,0,0,0,0,0,0,0,0,0,0.523654,0.398498,0.673558,0.354919,0.020677,0.455707,0,0
0.678508,0.425783,0.0302585,0.771808,0,0,0,0,0,0,0.630097,0.66827,0.990478,0.910786,0.867082,0.600126,0,0,0,0,0,0,0,0,0,0,0,0,0,0,0.523685,0.39848,0.668793,0.357598,0.0206795,0.453035,0,0
0.678476,0.423063,0.0254141,0.769088,0,0,0,0,0,0,0.634901,0.671002,0.99048,0.913499,0.86233,0.597427,0,0,0,0,0,0,0,0,0,0,0,0,0,0,0.52364,0.398503,0.673637,0.3576,0.0254142,0.455726,0,0
0.683266,0.425736,0.0205934,0.76636,0,0,0,0,0,0,0.6301,0.676433,0.992895,0.910779,0.862327,0.597436,0,0,0,0,0,0,0,0,0,0,0,0,0,0,0.523672,0.39847,0.67363,0.357645,0.0254067,0.455726,0,0
0.697789,0.428512,0.0302558,0.774536,0,0,0,0,0,0,0.630103,0.676447,0.992904,0.913498,0.871948,0.597449,0,0,0,0,0,0,0,0,0,0,0,0,0,0,0.53817,0.395791,0.683294,0.360324,0.0206746,0.453031,0,0
0.693017,0.428485,0.0350947,0.774542,0,0,0,0,0,0,0.634897,0.673716,0.992899,0.913505,0.872,0.597452,0,0,0,0,0,0,0,0,0,0,0,0,0,0,0.538189,0.395754,0.688101,0.357659,0.025413,0.45574,0,0
0.697804,0.428478,0.0399273,0.774543,0,0,0,0,0,0,0.634932,0.668285,0.990478,0.90806,0.876772,0.597438,0,0,0,0,0,0,0,0,0,0,0,0,0,0,0.542987,0.393096,0.68812,0.357637,0.025371,0.455745,0,0
0.707466,0.420316,0.0447653,0.76909,0,0,0,0,0,0,0.644587,0.662807,0.968709,0.908052,0.881617,0.592,0,0,0,0,0,0,0,0,0,0,0,0,0,0,0.547859,0.390368,0.697796,0.352185,0.0254252,0.45572,0,0
0.707526,0.412156,0.0496222,0.752735,0,0,0,0,0,0,0.649432,0.660082,0.954208,0.910773,0.886446,0.591968,0,0,0,0,0,0,0,0,0,0,0,0,0,0,0.547829,0.38491,0.697823,0.346728,0.0254212,0.452992,0,0
0.712355,0.412167,0.0351068,0.752745,0,0,0,0,0,0,0.668769,0.665528,0.992893,0.910775,0.89133,0.58655,0,0,0,0,0,0,0,0,0,0,0,0,0,0,0.557511,0.382141,0.69782,0.344065,0.0254381,0.444849,0,0
