0.369544,0.349486,0.341957,0.485722,0.288379,0.507497,0.372584,0.616523,0.374162,0.461192,0.394042,0.463929,0.45532,0.600129,0.524237,0.619232,0.398644,0.818113,0.360363,0.845377,0.449203,0.848127,0.568671,0.897143,0.438475,0.785452,0.476769,0.989799,0.527319,0.995248,0.343491,0.316744,0.387935,0.316806,0.288375,0.338624,0.409394,0.335854
0.366479,0.349456,0.338924,0.482991,0.285295,0.502048,0.372594,0.619221,0.374153,0.455736,0.390999,0.461174,0.450717,0.581102,0.522713,0.608333,0.390984,0.796349,0.352699,0.823584,0.45531,0.848123,0.568673,0.894434,0.427755,0.771822,0.482896,0.962546,0,0,0.341957,0.31409,0.386402,0.316763,0.286837,0.341254,0.409356,0.335836
0.366492,0.349449,0.338894,0.483002,0.2853,0.502054,0.372585,0.616525,0.374163,0.455724,0.387946,0.461194,0.450719,0.578405,0.524241,0.605594,0.392526,0.796332,0.357289,0.823595,0.455315,0.84808,0.568673,0.891733,0.429287,0.769097,0.482899,0.957097,0,0,0.341969,0.314095,0.386403,0.316758,0.286832,0.338624,0.409361,0.33583
0.369537,0.346762,0.33893,0.480258,0.288353,0.499331,0.374122,0.616492,0.37722,0.458458,0.387935,0.453033,0.450719,0.575655,0.527304,0.597388,0.394049,0.790866,0.358825,0.818153,0.456847,0.842637,0.567152,0.888977,0.43081,0.755468,0.489022,0.935302,0.574803,0.993885,0.343505,0.314099,0.387925,0.314097,0.288341,0.338589,0.410902,0.33585
0.371066,0.346761,0.338923,0.477523,0.288364,0.496618,0.374159,0.616491,0.377219,0.453035,0.387913,0.450291,0.452272,0.57292,0.52884,0.589257,0.39406,0.790901,0.358821,0.820858,0.456847,0.839957,0.570207,0.886275,0.432354,0.75819,0.493622,0.929854,0,0,0.345022,0.314061,0.387948,0.314048,0.288354,0.338579,0.410926,0.327673
0.37259,0.344054,0.338912,0.472113,0.288359,0.493896,0.375657,0.61649,0.37873,0.450322,0.386388,0.447527,0.455331,0.559264,0.530379,0.575651,0.398655,0.790866,0.364949,0.818138,0.456871,0.839918,0.570194,0.883549,0.436942,0.758204,0.49515,0.935292,0.479833,0.993886,0.345049,0.314012,0.389477,0.314016,0.288387,0.335859,0.410912,0.327669
0.37109,0.34402,0.3389,0.472102,0.288348,0.493901,0.37415,0.616461,0.378731,0.452986,0.384868,0.444841,0.456832,0.553853,0.53346,0.564755,0.397117,0.782704,0.361882,0.812691,0.456865,0.839886,0.570218,0.883506,0.435419,0.752723,0.496684,0.929854,0,0,0.34504,0.311352,0.389469,0.31401,0.28838,0.335805,0.410915,0.327687
0.371066,0.341297,0.337357,0.46934,0.285302,0.488457,0.372619,0.611071,0.375682,0.450257,0.383328,0.444795,0.458407,0.534789,0.541113,0.542951,0.392531,0.774547,0.357296,0.804526,0.458386,0.820897,0.570208,0.87808,0.432341,0.744565,0.487491,0.888984,0.583993,0.993885,0.345032,0.311288,0.389458,0.311341,0.288362,0.330396,0.410895,0.322236
0.369558,0.341259,0.335837,0.466656,0.282246,0.488454,0.372592,0.611029,0.375669,0.450262,0.38181,0.439413,0.458399,0.53199,0.544159,0.537465,0.394063,0.771823,0.360354,0.804509,0.458409,0.818143,0.571745,0.878049,0.432346,0.739122,0.478306,0.875357,0.573271,0.993885,0.34502,0.308627,0.387953,0.311325,0.288344,0.327695,0.410892,0.322224
0.369558,0.338612,0.335841,0.46663,0.283779,0.488438,0.372608,0.60833,0.375666,0.447598,0.383318,0.439375,0.458375,0.52118,0.544185,0.526597,0.392512,0.774533,0.357297,0.804517,0.458393,0.815389,0.571744,0.87535,0.429287,0.741845,0.485963,0.8917,0.576336,0.993885,0.343527,0.308617,0.387939,0.311278,0.286838,0.330367,0.409385,0.322224
0.371067,0.338606,0.335852,0.466589,0.286823,0.488408,0.37263,0.608298,0.37719,0.44487,0.380281,0.433979,0.458373,0.518421,0.545682,0.521154,0.394063,0.76908,0.361874,0.799086,0.458403,0.815386,0.571749,0.872641,0.429291,0.736386,0.484427,0.88898,0.582462,0.993884,0.345025,0.308581,0.387951,0.308594,0.286842,0.327686,0.409388,0.319485
0.372616,0.338548,0.337364,0.461213,0.288374,0.485701,0.375669,0.602907,0.381788,0.442125,0.377224,0.431229,0.458369,0.515653,0.545721,0.518431,0.397124,0.755462,0.366478,0.793609,0.459909,0.812669,0.573279,0.869896,0.429288,0.711858,0.461486,0.616494,0.562541,0.627402,0.346548,0.305846,0.390991,0.303131,0.288379,0.324949,0.410915,0.314073
0.374153,0.33853,0.337392,0.461191,0.289903,0.485695,0.378741,0.602852,0.384854,0.442088,0.378728,0.431232,0.456873,0.515662,0.547238,0.518418,0.395595,0.752744,0.364953,0.790866,0.459927,0.809948,0.574794,0.867181,0.427756,0.706425,0.469115,0.619179,0.568656,0.621957,0.346585,0.303154,0.392516,0.300405,0.289901,0.324966,0.412441,0.314065
0.378729,0.338537,0.341971,0.461191,0.292973,0.485674,0.38488,0.600159,0.387929,0.436702,0.384846,0.431217,0.458405,0.515692,0.55182,0.521149,0.395592,0.75003,0.363426,0.790868,0.459952,0.809939,0.573279,0.864443,0.426229,0.706421,0.481355,0.62469,0.577858,0.616446,0.349643,0.297743,0.395582,0.294974,0.291445,0.324967,0.417028,0.308599
0.384862,0.338523,0.343499,0.458469,0.294507,0.482979,0.38792,0.597448,0.389467,0.433922,0.384847,0.428512,0.459922,0.515707,0.551812,0.521128,0.397116,0.747302,0.364952,0.788145,0.461464,0.807215,0.57329,0.861752,0.429289,0.706409,0.482881,0.627405,0.57787,0.616512,0.352697,0.297715,0.397127,0.292271,0.292981,0.322239,0,0
0.386408,0.335824,0.348107,0.458469,0.300602,0.482985,0.391008,0.59745,0.39405,0.431211,0.390989,0.428525,0.469094,0.5157,0.556436,0.515737,0.403243,0.752736,0.371081,0.788177,0.462975,0.801812,0.57635,0.861728,0.438478,0.709159,0.490564,0.651921,0.585526,0.621963,0.357296,0.29771,0.4002,0.292284,0.297569,0.319506,0,0
0.389447,0.335836,0.34966,0.458482,0.30216,0.482998,0.394053,0.597383,0.395595,0.431262,0.39406,0.428516,0.472164,0.512989,0.559473,0.513009,0.407842,0.758181,0.372617,0.7909,0.462995,0.799087,0.576345,0.861711,0.443068,0.722769,0.499739,0.662816,0.583988,0.616528,0.360334,0.297679,0.404789,0.292263,0.300621,0.316768,0,0
0.397101,0.335799,0.35883,0.455736,0.311337,0.482988,0.398657,0.594688,0.401707,0.431237,0.398665,0.425792,0.478297,0.51298,0.567145,0.515642,0.409375,0.75818,0.374139,0.790904,0.464525,0.801776,0.577872,0.859024,0.444602,0.720035,0.49975,0.665563,0.591655,0.621969,0.368016,0.295024,0.410895,0.292239,0.308277,0.316766,0,0
0.400188,0.333101,0.360374,0.453019,0.314419,0.482993,0.404771,0.591971,0.40934,0.431241,0.400195,0.423047,0.479846,0.515698,0.568669,0.515738,0.410914,0.758176,0.375683,0.7909,0.467566,0.80723,0.577868,0.859018,0.446129,0.720042,0.50281,0.670984,0.587062,0.632853,0.372582,0.294999,0.415488,0.292212,0.311351,0.316743,0,0
0.412441,0.333123,0.368015,0.455751,0.322072,0.477508,0.412451,0.586534,0.421611,0.428471,0.406318,0.431219,0.482867,0.532053,0.56869,0.545643,0.415493,0.736382,0.38027,0.777265,0.464509,0.815371,0.576339,0.861747,0.446139,0.687336,0.512001,0.66826,0.580928,0.662846,0.384869,0.295026,0.424726,0.295022,0.320534,0.314005,0,0
0.423136,0.333134,0.372594,0.455761,0.325137,0.469389,0.421609,0.583788,0.429283,0.425762,0.4109,0.436683,0.481361,0.553793,0.568674,0.572895,0.406303,0.752741,0.372616,0.785447,0.46146,0.818138,0.573262,0.861743,0.440011,0.711875,0.527316,0.673721,0.553354,0.700983,0.394069,0.297698,0.433874,0.300425,0.32512,0.311272,0,0
0.443057,0.333137,0.375704,0.455753,0.341997,0.469332,0.432333,0.578353,0.45226,0.425729,0.409397,0.444803,0.470643,0.578353,0.55487,0.643754,0.407848,0.755452,0.375669,0.785447,0.458395,0.823613,0.568685,0.861722,0.443078,0.717305,0.57021,0.670994,0.498208,0.886269,0.420078,0.295029,0.452264,0.303175,0.341983,0.297712,0,0
0.452265,0.335821,0.37721,0.450311,0.349632,0.474791,0.44002,0.578395,0.459907,0.425795,0.406318,0.431193,0.458402,0.578348,0.528843,0.673724,0.404763,0.736411,0.372624,0.771821,0.455326,0.831739,0.571753,0.867172,0.436932,0.695513,0.545715,0.728265,0.501278,0.908066,0.430818,0.295031,0.459957,0.308591,0.352709,0.294953,0,0
0.47372,0.341295,0.386394,0.450285,0.361887,0.469393,0.447655,0.586532,0.473712,0.439388,0.410909,0.431207,0.462991,0.600203,0.522743,0.730918,0.404775,0.769103,0.372619,0.799083,0.44768,0.845366,0.567154,0.880805,0.443073,0.74455,0.538032,0.790881,0.478306,0.940736,0.458368,0.305893,0.48135,0.314071,0.378725,0.292204,0,0
0.484453,0.346759,0.394045,0.450295,0.369546,0.463935,0.449196,0.583789,0.485966,0.436671,0.418559,0.436648,0.464514,0.605608,0.524261,0.730902,0.404773,0.771813,0.374143,0.799086,0.447658,0.848121,0.56409,0.886229,0.438478,0.74185,0.548757,0.790868,0.472172,0.932567,0.470656,0.311309,0.490562,0.316787,0.394036,0.292221,0,0
0.507373,0.357641,0.406317,0.442113,0.387914,0.458463,0.470648,0.578376,0.504323,0.439401,0.426228,0.431193,0.478313,0.611072,0.538042,0.739104,0.401708,0.758178,0.371082,0.793609,0.446147,0.85083,0.570197,0.888992,0.432348,0.717326,0.551826,0.790891,0.481361,0.938029,0.492106,0.314058,0.508941,0.322221,0.417042,0.292287,0,0
0.519652,0.360347,0.41549,0.444839,0.3956,0.461174,0.481348,0.578305,0.516599,0.431245,0.435411,0.433922,0.485954,0.616454,0.539579,0.739107,0.398658,0.7582,0.368017,0.79633,0.44766,0.848097,0.570208,0.891692,0.435416,0.720055,0.553351,0.790892,0.479831,0.943487,0.504338,0.314072,0.522739,0.319499,0.427762,0.29494,0,0
0.542625,0.373958,0.436938,0.444848,0.420078,0.455759,0.504328,0.578374,0.539551,0.433976,0.45686,0.433935,0.496713,0.62196,0.538045,0.733708,0.412435,0.774535,0.372605,0.79907,0.44919,0.834506,0.570206,0.889014,0.45226,0.750013,0.511996,0.717329,0,0,0.527337,0.316784,0.544159,0.333148,0.453783,0.297722,0,0
0.554882,0.379401,0.443085,0.44487,0.427744,0.455737,0.513534,0.583805,0.551837,0.436668,0.459923,0.43666,0.504338,0.624678,0.545681,0.7391,0.421631,0.771819,0.375674,0.799058,0.450739,0.820882,0.570204,0.888993,0.459919,0.749997,0,0,0,0,0.541118,0.322219,0.556408,0.338583,0.469088,0.303169,0,0
0.579381,0.390324,0.458377,0.44484,0.446142,0.453002,0.538036,0.597427,0.574791,0.453014,0.473701,0.436674,0.513535,0.63285,0.56714,0.725453,0.420095,0.758186,0.37261,0.777255,0.453789,0.796306,0.557945,0.886255,0.449202,0.747292,0.547234,0.750005,0.524251,0.834477,0.567121,0.33581,0.579411,0.341294,0.49515,0.314025,0,0
0.590124,0.395815,0.470644,0.45027,0.458392,0.455719,0.548774,0.602884,0.587068,0.452994,0.481366,0.442125,0.53037,0.641017,0.590107,0.720023,0.418565,0.752735,0.377203,0.793612,0.464514,0.771809,0.554881,0.886233,0.447671,0.733668,0.530379,0.750001,0.515062,0.845395,0.577885,0.338565,0,0,0.508956,0.316775,0,0
0.613103,0.406696,0.495159,0.455749,0.484418,0.458472,0.57327,0.611082,0.614631,0.461157,0.50588,0.453024,0.559489,0.646483,0.611574,0.700952,0.435407,0.687335,0.409383,0.676453,0.479842,0.725479,0.557937,0.878111,0.467578,0.684613,0.489032,0.7282,0.542619,0.845395,0.605408,0.352175,0,0,0.53805,0.338545,0,0
0.628429,0.425756,0.505863,0.461182,0.495167,0.461197,0.590114,0.613798,0.625358,0.466668,0.522719,0.461201,0.574797,0.64646,0.622285,0.684616,0.404773,0.796321,0.377202,0.793617,0.485961,0.706459,0.556425,0.875392,0.441536,0.790874,0.55336,0.750021,0.501269,0.842672,0.617718,0.363124,0,0,0.553372,0.34403,0,0
0.654451,0.444804,0.522716,0.47752,0.516604,0.472097,0.607002,0.638286,0.648328,0.499327,0.530377,0.474808,0.591652,0.646475,0.640672,0.662814,0.420086,0.826304,0.38946,0.809947,0.493628,0.681908,0.556436,0.872656,0.447673,0.839921,0.548763,0.75001,0.505875,0.845367,0.643724,0.390333,0,0,0.580904,0.371243,0,0
0.659067,0.444833,0.530383,0.4857,0.53192,0.480264,0.614635,0.643713,0.657526,0.512931,0,0,0,0,0,0,0.420099,0.807224,0.395584,0.80177,0.496696,0.665578,0.556414,0.869927,0.449199,0.809951,0.556427,0.750002,0.501271,0.845373,0.65444,0.398521,0,0,0.591648,0.379458,0,0
0.678993,0.455703,0.544177,0.496606,0.556427,0.49387,0.629927,0.651902,0.674358,0.51569,0.53038,0.488429,0.634544,0.654641,0.663646,0.526582,0.410899,0.790876,0.394053,0.766368,0.507428,0.649193,0.551822,0.867181,0.438475,0.812674,0.553367,0.750022,0.49822,0.845403,0.672835,0.40402,0,0,0.608484,0.384892,0,0
0.691213,0.453014,0.553361,0.491167,0.562547,0.485702,0.634541,0.649192,0.680496,0.512943,0.55029,0.491166,0.629949,0.662811,0.665175,0.752762,0.404781,0.760935,0.387937,0.747277,0.510491,0.640977,0.545683,0.864492,0.427755,0.790883,0.538046,0.809958,0.49515,0.842632,0.680497,0.403957,0,0,0.61616,0.382144,0,0
0.706547,0.433954,0.576344,0.472092,0.580927,0.463903,0.648336,0.638297,0.695803,0.512934,0.576331,0.477526,0.622278,0.646475,0.651387,0.755471,0.413967,0.72822,0.397111,0.703693,0.527311,0.621946,0.539586,0.861742,0.429288,0.755474,0.548761,0.711866,0.493627,0.83991,0.695821,0.387612,0,0,0.626902,0.363078,0,0
0.711125,0.425759,0.580934,0.469354,0.584003,0.461171,0.656007,0.6247,0.703466,0.5075,0.579398,0.469356,0.620775,0.627396,0.648327,0.75547,0.415506,0.720032,0.400182,0.695508,0.5319,0.613799,0.536503,0.858984,0.432351,0.747281,0.533441,0.624669,0.49514,0.834499,0.704982,0.376692,0,0,0.633007,0.352203,0,0
0.718798,0.40124,0.587059,0.453012,0.588588,0.442134,0.668232,0.602879,0.712661,0.488377,0.58859,0.461181,0.623813,0.608316,0.639118,0.755429,0.423153,0.695517,0.40631,0.668288,0.542624,0.600182,0.528836,0.850823,0.443075,0.714597,0.55642,0.643745,0.484413,0.823563,0.711127,0.354941,0,0,0.642172,0.330385,0,0
0.721855,0.395779,0.593184,0.447556,0.593167,0.436649,0.669783,0.594694,0.715711,0.482946,0.597782,0.45575,0.622275,0.608345,0.633011,0.75277,0.42009,0.684627,0.40784,0.651919,0.545676,0.600189,0.524246,0.848091,0.435409,0.725481,0.564082,0.703682,0.47676,0.823588,0.712664,0.344032,0,0,0.642219,0.319474,0,0
0.721852,0.390332,0.593187,0.444839,0.59319,0.43123,0.669788,0.586508,0.715728,0.477542,0.597786,0.450277,0.616158,0.602853,0.626884,0.750047,0.421624,0.673718,0.40784,0.643752,0.545708,0.600131,0.519648,0.845362,0.436945,0.714592,0.524248,0.750004,0.473697,0.823602,0.712661,0.341256,0,0,0.642221,0.314097,0,0
0.717272,0.379464,0.591659,0.433945,0.591647,0.425781,0.665164,0.575616,0.711138,0.463924,0.596251,0.436674,0.606946,0.583802,0.61157,0.749973,0.412442,0.668255,0.401709,0.619224,0.542617,0.605633,0.504331,0.845372,0.427748,0.706411,0.521191,0.741838,0.462977,0.826298,0.70806,0.335851,0.724904,0.344042,0.636078,0.305899,0,0
0.70655,0.368526,0.580933,0.425756,0.57788,0.412125,0.651393,0.556527,0.698877,0.447598,0.59012,0.42851,0.599301,0.57834,0.599296,0.747306,0.409375,0.662828,0.394054,0.616483,0.525803,0.611054,0.484421,0.850824,0.427753,0.703686,0.599314,0.57017,0.600831,0.752757,0.69582,0.316806,0.71111,0.335895,0.625338,0.292214,0,0
0.701918,0.360381,0.5748,0.420324,0.573274,0.40125,0.643728,0.548393,0.691223,0.444799,0.57787,0.428492,0.593202,0.581096,0.593201,0.741851,0.424691,0.657368,0.392524,0.624677,0.508913,0.616535,0.476755,0.853537,0.473709,0.665546,0.545694,0.728198,0.455318,0.815381,0.689686,0.314074,0.704968,0.327692,0.616148,0.286828,0,0
0.678937,0.360367,0.559494,0.412137,0.554876,0.398525,0.622286,0.537472,0.668263,0.444864,0.57481,0.425774,0.585525,0.608306,0.580926,0.744557,0.446131,0.654645,0.401716,0.635574,0.473699,0.61652,0.459917,0.850854,0.496679,0.668272,0.559499,0.728189,0.459934,0.81813,0.669781,0.31401,0.68204,0.322235,0.594746,0.28678,0,0
0.669783,0.363122,0.55795,0.417605,0.542651,0.401228,0.605436,0.54019,0.654447,0.455724,0.576336,0.428494,0.579408,0.602857,0.580905,0.747301,0.455331,0.679163,0.41244,0.662812,0.449222,0.616523,0.450735,0.853561,0.499739,0.698238,0.568686,0.714609,0.484423,0.820855,0.659029,0.316765,0.675887,0.330408,0.583994,0.292206,0,0
0.643712,0.363111,0.539571,0.425755,0.512013,0.414866,0.576336,0.540225,0.625366,0.447565,0.565615,0.431235,0.573258,0.630118,0.568657,0.665582,0.458395,0.692797,0.418567,0.670992,0.430821,0.608314,0.43389,0.848112,0.501286,0.706425,0.58399,0.730946,0.505879,0.853568,0.629945,0.316742,0.646797,0.3358,0.556398,0.28952,0,0
0.633026,0.352208,0.536513,0.423045,0.5074,0.403992,0.565614,0.54022,0.619232,0.436661,0.568683,0.436649,0.564089,0.602884,0.562563,0.69552,0.458381,0.695525,0.420093,0.671005,0.427766,0.605581,0.426244,0.845414,0.49668,0.720039,0.580925,0.739131,0.557943,0.850834,0.619212,0.308587,0.639148,0.319506,0.544165,0.281348,0,0
0.625353,0.3386,0.521183,0.414882,0.499735,0.403986,0.567136,0.53476,0.614626,0.42574,0.544164,0.42304,0.544176,0.646472,0.576343,0.790883,0.441539,0.722776,0.398646,0.703684,0.430823,0.605594,0.420095,0.84813,0.478301,0.750004,0.559488,0.733659,0.602362,0.793607,0.606975,0.29768,0.629918,0.311328,0.53189,0.275919,0,0
0.622275,0.343998,0.52118,0.417595,0.498222,0.40395,0.571758,0.540216,0.616154,0.428492,0.544158,0.425779,0.577859,0.512972,0.60697,0.428525,0.438478,0.720035,0.397113,0.69825,0.435409,0.611042,0.41703,0.850822,0.475248,0.744563,0.559478,0.736398,0.602366,0.839909,0.605449,0.303122,0.626899,0.314063,0.528858,0.281341,0,0
0.617693,0.35491,0.51507,0.428457,0.505874,0.423031,0.576356,0.575655,0.613082,0.447557,0.531918,0.431215,0.579396,0.537491,0.60849,0.450263,0.424691,0.722761,0.384865,0.703705,0.452254,0.621978,0.409368,0.848126,0.458391,0.739118,0.538038,0.703691,0.55183,0.818126,0.605442,0.314035,0.620759,0.319535,0.531917,0.294967,0,0
0.616166,0.360385,0.510464,0.433958,0.513522,0.439403,0.579416,0.591961,0.611571,0.458441,0.525783,0.431212,0.576337,0.553824,0.60851,0.455733,0.415496,0.706422,0.377208,0.706416,0.464507,0.62192,0.403243,0.845419,0.450731,0.709144,0.533449,0.692824,0.527308,0.809974,0.605433,0.316826,0.619216,0.330383,0.533459,0.30861,0,0
0.610036,0.376691,0.507408,0.442102,0.515069,0.450284,0.576325,0.605578,0.606992,0.466669,0.513529,0.431204,0.568678,0.567451,0.605435,0.463907,0.403247,0.717309,0.372608,0.703689,0.484446,0.621993,0.409362,0.842635,0.43235,0.71187,0.530374,0.690054,0.504344,0.815384,0.602377,0.338605,0,0,0.53345,0.330383,0,0
0.606987,0.382159,0.501272,0.444821,0.513535,0.458456,0.573277,0.608324,0.606945,0.466673,0.49975,0.428477,0.557952,0.559275,0,0,0.389463,0.739111,0.372612,0.722771,0.490572,0.624686,0.443052,0.864446,0.406309,0.744565,0.533433,0.690088,0.485962,0.804522,0.596264,0.34947,0,0,0.530379,0.338552,0,0
0.603911,0.38488,0.49669,0.444856,0.508941,0.463922,0.570218,0.613741,0.602362,0.472089,0.495154,0.428472,0.559487,0.561999,0.597791,0.472073,0.381805,0.766365,0.375679,0.763645,0.495159,0.64372,0.561026,0.856289,0.403244,0.766354,0.495149,0.657369,0.499741,0.809963,0.593189,0.352206,0,0,0.524248,0.338617,0,0
0.603921,0.382172,0.498227,0.444824,0.507409,0.463896,0.571763,0.613791,0.602379,0.469385,0.505876,0.431208,0.565614,0.556548,0.600834,0.469372,0.389457,0.750021,0.372615,0.733658,0.504349,0.657391,0.599321,0.820856,0.412437,0.760909,0.496681,0.676451,0.507411,0.809962,0.593156,0.346744,0.606944,0.34677,0.522746,0.338587,0,0
0.603899,0.382183,0.496696,0.442109,0.507413,0.466622,0.577848,0.613789,0.603897,0.469359,0.493611,0.417591,0.541102,0.654648,0.654451,0.815408,0.38027,0.763637,0,0,0,0,0,0,0,0,0,0,0,0,0.59166,0.344054,0,0,0.521214,0.33862,0,0
0.603907,0.382191,0.49821,0.442114,0.507422,0.466628,0.57785,0.616496,0.603899,0.469392,0.493616,0.420306,0.542637,0.649197,0.602365,0.461183,0.404777,0.706422,0.401711,0.706429,0.534982,0.706427,0.65598,0.823586,0,0,0,0,0,0,0.593156,0.346763,0,0,0.522735,0.341296,0,0
0.605462,0.395752,0.495144,0.44485,0.50128,0.461196,0.579381,0.619261,0.603893,0.482959,0.490554,0.428485,0.53498,0.638296,0.602366,0.4721,0.390989,0.760914,0.39865,0.763648,0.542639,0.706417,0.660566,0.837221,0.371079,0.774538,0.534978,0.714594,0,0,0.594702,0.357607,0,0,0.525785,0.344061,0,0
0.606956,0.401186,0.495153,0.447583,0.504337,0.466656,0.579389,0.630132,0.602384,0.488446,0.492085,0.428494,0.545696,0.632842,0.600833,0.485717,0.389461,0.763644,0.390988,0.766371,0.538049,0.703656,0.652923,0.837202,0.374145,0.77999,0.525784,0.820859,0.47218,0.842641,0.59473,0.36039,0,0,0.527325,0.352167,0,0
