0.418567,0.376713,0.462982,0.818135,0.27764,0.807229,0,0,0,0,0.608499,0.79088,0.498214,0.993884,0.242419,0.848104,0,0,0,0,0,0,0,0,0,0,0,0,0,0,0.364944,0.305878,0.501284,0.292199,0.300611,0.349482,0.646812,0.379433
0.47523,0.379477,0.475239,0.829041,0.286832,0.826316,0,0,0,0,0.631476,0.829031,0,0,0,0,0,0,0,0,0,0,0,0,0,0,0,0,0,0,0.417034,0.31131,0.553368,0.294966,0.315945,0.3985,0.65906,0.382162
0.542616,0.436644,0.472173,0.856289,0.274577,0.902604,0,0,0,0,0.648331,0.818137,0,0,0,0,0,0,0,0,0,0,0,0,0,0,0,0,0,0,0.462995,0.346723,0.583993,0.344042,0.285307,0.436636,0,0
0.547236,0.442073,0.473701,0.864463,0.29602,0.938028,0,0,0,0,0.651388,0.815405,0,0,0,0,0,0,0,0,0,0,0,0,0,0,0,0,0,0,0.473706,0.354925,0.593182,0.352161,0.291443,0.442103,0,0
0.553364,0.444799,0.469111,0.85628,0.271511,0.897156,0,0,0,0,0.65292,0.81541,0,0,0,0,0,0,0,0,0,0,0,0,0,0,0,0,0,0,0.478284,0.357669,0.596236,0.354908,0.296024,0.444821,0,0
0.568658,0.447581,0.472179,0.864461,0.288361,0.9353,0,0,0,0,0.654453,0.820865,0,0,0,0,0,0,0,0,0,0,0,0,0,0,0,0,0,0,0.492086,0.363064,0.606968,0.35762,0.302139,0.455746,0,0
0.57635,0.447561,0.475232,0.867177,0.306746,0.943474,0,0,0,0,0.655982,0.826314,0,0,0,0,0,0,0,0,0,0,0,0,0,0,0,0,0,0,0.496691,0.357664,0.616149,0.349481,0.306731,0.455714,0,0
0.599306,0.439407,0.473705,0.878072,0.300617,0.946202,0,0,0,0,0.659054,0.853555,0,0,0,0,0,0,0,0,0,0,0,0,0,0,0,0,0,0,0.518112,0.341305,0.626889,0.341347,0.311333,0.444841,0,0
0.60542,0.436649,0.473711,0.880801,0.300615,0.951649,0,0,0,0,0.735634,0.905318,0,0,0,0,0,0,0,0,0,0,0,0,0,0,0,0,0,0,0.52274,0.338579,0.629961,0.341333,0.312879,0.433935,0,0
0.606955,0.428459,0.453798,0.875359,0.219435,0.916224,0,0,0,0,0.718784,0.891704,0,0,0,0,0,0,0,0,0,0,0,0,0,0,0,0,0,0,0.530361,0.324935,0.633002,0.341265,0.317469,0.420314,0,0
0.605451,0.425743,0.43541,0.869909,0.20718,0.910777,0,0,0,0,0.574803,0.839935,0,0,0,0,0,0,0,0,0,0,0,0,0,0,0,0,0,0,0.528865,0.314085,0.633033,0.338574,0.317458,0.409423,0,0
0.60698,0.406684,0.418564,0.875355,0.197993,0.891703,0,0,0,0,0.553361,0.856282,0.732581,0.995252,0.642206,0.662794,0,0,0,0,0,0,0,0,0,0,0,0,0,0,0.530397,0.300428,0.631509,0.330382,0.317465,0.395797,0,0
0.60699,0.401283,0.421627,0.872634,0.196459,0.886251,0,0,0,0,0.551826,0.859002,0.734109,0.995249,0.645274,0.649199,0,0,0,0,0,0,0,0,0,0,0,0,0,0,0.531934,0.294943,0.634534,0.324924,0.318994,0.393046,0,0
0.608498,0.401249,0.423154,0.86446,0.202581,0.888971,0,0,0,0,0.550296,0.848115,0.749425,0.993892,0.648332,0.635558,0,0,0,0,0,0,0,0,0,0,0,0,0,0,0.534981,0.289532,0.631504,0.32223,0.318987,0.387621,0,0
0.610034,0.401254,0.424688,0.867181,0.201049,0.888979,0,0,0,0,0.551824,0.850827,0.749421,0.99525,0.646802,0.63013,0,0,0,0,0,0,0,0,0,0,0,0,0,0,0.533454,0.289515,0.631491,0.324927,0.318989,0.384918,0,0
0.605418,0.403988,0.409374,0.878078,0.202582,0.894431,0,0,0,0,0.54417,0.859001,0.741768,0.99389,0.643744,0.635582,0,0,0,0,0,0,0,0,0,0,0,0,0,0,0.531902,0.29228,0.628432,0.333104,0.315936,0.395765,0,0
0.605415,0.40399,0.407843,0.886248,0.202581,0.894431,0,0,0,0,0.525786,0.864453,0.738699,0.99389,0.643728,0.63557,0,0,0,0,0,0,0,0,0,0,0,0,0,0,0.530375,0.294937,0.628418,0.333104,0.314399,0.395806,0,0
0.606983,0.401218,0.40018,0.878085,0.191865,0.891713,0,0,0,0,0.513531,0.850833,0.737174,0.995249,0.643731,0.635577,0,0,0,0,0,0,0,0,0,0,0,0,0,0,0.530395,0.289497,0.628424,0.327674,0.314412,0.395768,0,0
0.608484,0.401228,0.412434,0.878082,0.217899,0.902602,0,0,0,0,0.484427,0.812685,0.732574,0.993891,0.643723,0.638312,0,0,0,0,0,0,0,0,0,0,0,0,0,0,0.531933,0.289526,0.629916,0.327685,0.315945,0.390351,0,0
0.606978,0.420305,0.407841,0.883537,0.306744,0.989798,0,0,0,0,0.545701,0.861722,0.727973,0.99525,0.637609,0.654659,0,0,0,0,0,0,0,0,0,0,0,0,0,0,0.531918,0.300416,0.626893,0.338614,0.317465,0.401217,0,0
0.605456,0.423053,0.401716,0.886249,0.31134,0.984347,0,0,0,0,0.550293,0.861731,0.723381,0.995252,0.634543,0.665551,0,0,0,0,0,0,0,0,0,0,0,0,0,0,0.530374,0.30587,0.625336,0.341299,0.312867,0.3985,0,0
0.605455,0.417574,0.395589,0.878079,0.248536,0.948924,0,0,0,0,0.522723,0.845383,0,0,0,0,0,0,0,0,0,0,0,0,0,0,0,0,0,0,0.52885,0.294996,0.620762,0.335837,0.311329,0.395792,0,0
0.602359,0.403948,0.406307,0.864461,0.308274,0.987071,0,0,0,0,0.542634,0.853552,0.720323,0.995252,0.639134,0.665557,0,0,0,0,0,0,0,0,0,0,0,0,0,0,0.525789,0.294936,0.617677,0.327689,0.308264,0.393069,0,0
0.594699,0.40396,0.390992,0.853554,0.228626,0.853563,0,0,0,0,0.518127,0.837206,0.711133,0.99525,0.631477,0.670986,0,0,0,0,0,0,0,0,0,0,0,0,0,0,0.519638,0.29495,0.608503,0.330392,0.299092,0.393085,0,0
0.585532,0.403954,0.380268,0.867185,0.227095,0.878079,0,0,0,0,0.456857,0.790884,0.704999,0.99525,0.625354,0.670987,0,0,0,0,0,0,0,0,0,0,0,0,0,0,0.510465,0.295006,0.60544,0.330388,0.291446,0.398532,0,0
0.577873,0.401292,0.377206,0.875351,0.291427,0.984346,0,0,0,0,0.441538,0.793613,0.703464,0.995255,0.610042,0.668261,0,0,0,0,0,0,0,0,0,0,0,0,0,0,0.499743,0.294946,0.594695,0.324959,0.2853,0.398527,0,0
0.573268,0.398497,0.37414,0.856283,0.217903,0.853557,0,0,0,0,0.498217,0.84539,0.697343,0.995249,0.610032,0.66553,0,0,0,0,0,0,0,0,0,0,0,0,0,0,0.495159,0.289528,0.591651,0.316817,0.279165,0.395784,0,0
0.56868,0.395752,0.375677,0.856281,0.211777,0.84539,0,0,0,0,0.525789,0.845376,0.697341,0.99389,0.608503,0.660104,0,0,0,0,0,0,0,0,0,0,0,0,0,0,0.49055,0.281365,0.582445,0.311335,0.273032,0.393074,0,0
0.56868,0.398534,0.372614,0.845387,0.194927,0.842653,0,0,0,0,0.521189,0.842648,0.69121,0.995253,0.605446,0.662808,0,0,0,0,0,0,0,0,0,0,0,0,0,0,0.484448,0.286802,0.579417,0.314018,0.268443,0.393083,0,0
0.559501,0.401203,0.372611,0.850841,0.194926,0.826314,0,0,0,0,0.508939,0.856271,0.669776,0.995255,0.599306,0.670993,0,0,0,0,0,0,0,0,0,0,0,0,0,0,0.478286,0.292235,0.57479,0.311354,0.263853,0.401256,0,0
0.559479,0.398514,0.374147,0.850841,0.256197,0.987071,0,0,0,0,0.519659,0.84266,0.662112,0.995254,0.59778,0.673731,0,0,0,0,0,0,0,0,0,0,0,0,0,0,0.47676,0.289527,0.571762,0.30857,0.263852,0.403965,0,0
0.557981,0.393047,0.381804,0.86446,0.207182,0.799078,0,0,0,0,0.524253,0.842657,0.678962,0.993885,0.603904,0.66829,0,0,0,0,0,0,0,0,0,0,0,0,0,0,0.475254,0.286779,0.573259,0.303135,0.265376,0.404,0,0
0.557973,0.393051,0.386397,0.853558,0.205652,0.826324,0,0,0,0,0.498214,0.83176,0,0,0,0,0,0,0,0,0,0,0,0,0,0,0,0,0,0,0.47676,0.289492,0.574794,0.303141,0.265376,0.406706,0,0
0.559491,0.395816,0.395589,0.850836,0.251602,0.938022,0,0,0,0,0.536507,0.842647,0.680496,0.995252,0.606969,0.665562,0,0,0,0,0,0,0,0,0,0,0,0,0,0,0.479817,0.292208,0.577877,0.308561,0.271507,0.417589,0,0
0.561025,0.390365,0.401712,0.845383,0.225559,0.845382,0,0,0,0,0.55642,0.839934,0.685087,0.993892,0.608498,0.665546,0,0,0,0,0,0,0,0,0,0,0,0,0,0,0.478317,0.28952,0.580925,0.305847,0.273054,0.41488,0,0
0.561033,0.395811,0.412436,0.845382,0.297555,0.962549,0,0,0,0,0.55489,0.834475,0.686623,0.995249,0.610037,0.679172,0,0,0,0,0,0,0,0,0,0,0,0,0,0,0.481356,0.292261,0.584001,0.311335,0.276098,0.417591,0,0
0.565621,0.401255,0.407841,0.859002,0.30368,0.993884,0,0,0,0,0.479834,0.815409,0.691216,0.995252,0.610042,0.690063,0,0,0,0,0,0,0,0,0,0,0,0,0,0,0.482917,0.295014,0.587072,0.316736,0.276128,0.420312,0,0
0.571724,0.420326,0.40784,0.84811,0.213308,0.84811,0,0,0,0,0.550292,0.839928,0,0,0,0,0,0,0,0,0,0,0,0,0,0,0,0,0,0,0.492066,0.314075,0.590128,0.338523,0.28224,0.420319,0,0
0.573273,0.425728,0.40478,0.848118,0.230157,0.842656,0,0,0,0,0.548765,0.853556,0,0,0,0,0,0,0,0,0,0,0,0,0,0,0,0,0,0,0.492069,0.322241,0.59165,0.341351,0.285291,0.425734,0,0
0.571747,0.431237,0.403241,0.864449,0.213305,0.856279,0,0,0,0,0.554889,0.864458,0,0,0,0,0,0,0,0,0,0,0,0,0,0,0,0,0,0,0.489031,0.338524,0.591652,0.349475,0.286829,0.428516,0,0
