0.561016,0.384907,0.516597,0.624695,0.435408,0.750015,0.44766,0.995251,0,0,0.587062,0.510225,0.669771,0.572889,0.642222,0.431214,0.784656,0.995249,0,0,0,0,0,0,0.8352,0.951648,0,0,0,0,0.528863,0.38219,0.544174,0.354934,0.433892,0.526595,0,0
0.561018,0.382184,0.516598,0.624695,0.433882,0.752723,0.447658,0.995252,0,0,0.590119,0.510232,0.66977,0.570172,0.642182,0.431186,0.78925,0.993891,0,0,0,0,0,0,0.838266,0.959822,0,0,0,0,0.528866,0.37947,0.544156,0.35221,0.435405,0.52116,0,0
0.561021,0.382151,0.519667,0.627405,0.433888,0.747283,0.447656,0.995254,0,0,0.597785,0.515689,0.675888,0.561999,0.634542,0.425757,0.787719,0.99525,0,0,0,0,0,0,0.835211,0.959824,0,0,0,0,0.530363,0.37943,0.544163,0.352195,0.436949,0.523858,0,0
0.561033,0.38217,0.51965,0.624687,0.433888,0.74457,0.447663,0.995252,0,0,0.596249,0.512975,0.67896,0.57291,0.633002,0.428489,0.784657,0.995249,0,0,0,0,0,0,0.835202,0.954378,0,0,0,0,0.530375,0.379432,0.544177,0.354869,0.436963,0.523869,0,0
0.565616,0.382131,0.522718,0.62469,0.43542,0.744571,0.447664,0.995251,0,0,0.602373,0.515691,0.677446,0.556539,0.62688,0.4203,0.775465,0.993891,0,0,0,0,0,0,0.832144,0.965275,0.91026,0.993885,0,0,0.531893,0.379434,0.545701,0.352176,0.441523,0.526572,0,0
0.567138,0.379457,0.521185,0.6247,0.435415,0.74729,0.44767,0.993895,0,0,0.596255,0.512978,0.680504,0.553827,0.623814,0.412143,0.778526,0.993892,0,0,0,0,0,0,0.833675,0.96255,0.898004,0.992521,0,0,0.531923,0.379404,0.545697,0.349476,0.443074,0.526594,0,0
0.567153,0.371283,0.522712,0.619239,0.440008,0.733669,0.449188,0.99525,0,0,0.594722,0.512931,0.68356,0.553863,0.619231,0.401222,0.76934,0.995249,0,0,0,0,0,0,0.830609,0.993884,0.885753,0.993885,0,0,0.531933,0.371288,0.545697,0.341278,0.447652,0.521133,0,0
0.567143,0.363096,0.525779,0.624669,0.440011,0.739122,0.447671,0.993893,0,0,0.600839,0.518384,0.682027,0.553811,0.620761,0.401221,0.772401,0.995249,0,0,0,0,0,0,0.830604,0.992522,0,0,0,0,0.53343,0.360376,0.545694,0.335867,0.449193,0.518376,0,0
0.565607,0.344007,0.527326,0.616513,0.449204,0.730932,0.44766,0.995249,0,0,0.596251,0.510239,0.682043,0.548395,0.619224,0.395798,0.767805,0.995249,0,0,0,0,0,0,0.822945,0.993887,0.859711,0.993886,0,0,0.53193,0.338606,0.544178,0.314017,0.45684,0.499355,0,0
0.567145,0.341288,0.531914,0.621937,0.450727,0.74184,0.449197,0.993886,0,0,0.597781,0.512946,0.683561,0.537481,0.616171,0.384871,0.761678,0.993889,0,0,0,0,0,0,0.81682,0.993887,0.852053,0.993887,0,0,0.53498,0.338542,0.545687,0.311339,0.459942,0.493879,0,0
0.568652,0.338515,0.538049,0.616518,0.469104,0.728201,0.452262,0.995252,0,0,0.603916,0.507509,0.680498,0.512985,0.608488,0.363064,0.778527,0.993889,0,0,0,0,0,0,0,0,0,0,0,0,0.539576,0.333129,0.545711,0.303145,0.472189,0.488426,0,0
0.567149,0.333094,0.544157,0.613765,0.475243,0.722766,0.456859,0.99525,0,0,0.610025,0.496621,0.680513,0.499331,0.608486,0.35491,0.772402,0.993889,0,0,0,0,0,0,0.824483,0.993887,0,0,0,0,0.542624,0.327688,0.547222,0.297688,0.476783,0.485736,0,0
0.571738,0.327658,0.547229,0.61103,0.478303,0.722772,0.46452,0.995256,0,0,0.611562,0.491175,0.680498,0.4857,0.602391,0.341277,0,0,0,0,0,0,0,0,0,0,0,0,0,0,0.54569,0.324935,0.55794,0.292264,0.481368,0.488433,0,0
0.571759,0.330406,0.544174,0.611034,0.475236,0.722776,0.464515,0.995252,0,0,0.613088,0.491173,0.678959,0.472119,0.594753,0.338518,0.775467,0.99389,0,0,0,0,0,0,0,0,0,0,0,0,0.545695,0.327681,0.554884,0.294986,0.479846,0.491117,0,0
0.568666,0.319503,0.545692,0.605625,0.476757,0.720031,0.458384,0.995256,0,0,0.610032,0.488394,0.66826,0.442109,0.582445,0.327682,0,0,0,0,0,0,0,0,0,0,0,0,0,0,0.542641,0.319483,0.544187,0.286788,0.481357,0.488475,0,0
0.564085,0.314091,0.545702,0.602861,0.478309,0.717327,0.458391,0.995254,0,0,0.611571,0.480254,0.665178,0.425808,0.576315,0.316818,0.761679,0.993889,0,0,0,0,0,0,0.816822,0.989799,0,0,0,0,0.53956,0.316748,0.542638,0.286778,0.481374,0.488428,0,0
0.561013,0.311339,0.541096,0.605579,0.46452,0.728226,0.450731,0.995252,0,0,0.608496,0.480254,0.660585,0.401221,0.565608,0.3113,0.754018,0.995249,0,0,0,0,0,0,0.809162,0.993887,0.850516,0.992522,0,0,0.534978,0.314026,0.533453,0.284044,0.482881,0.485705,0,0
0.561034,0.308608,0.538038,0.602876,0.461458,0.725497,0.449205,0.995255,0,0,0.610036,0.480245,0.659038,0.390364,0.561022,0.308603,0.755549,0.995249,0,0,0,0,0,0,0.81223,0.993886,0.844398,0.989799,0,0,0.534999,0.314003,0.533418,0.275896,0.482899,0.482991,0,0
0.559498,0.300431,0.53958,0.600138,0.461456,0.720049,0.449197,0.995253,0,0,0.616154,0.477533,0.655998,0.376714,0.554899,0.297736,0.752488,0.995249,0,0,0,0,0,0,0.816823,0.992522,0,0,0,0,0.536501,0.308616,0.525788,0.251451,0.487491,0.472101,0,0
0.56101,0.297697,0.539561,0.600137,0.461447,0.725492,0.450729,0.995252,0,0,0.613103,0.474797,0.65599,0.374008,0.553362,0.294992,0.75402,0.99389,0,0,0,0,0,0,0.81376,0.992523,0,0,0,0,0.534994,0.308558,0.524257,0.251324,0.492066,0.469341,0,0
0.557947,0.28406,0.538035,0.591989,0.462989,0.709158,0.452259,0.99525,0,0,0.613102,0.472079,0.660584,0.379411,0.553362,0.294935,0.741764,0.99389,0,0,0,0,0,0,0.793847,0.946197,0,0,0,0,0.533427,0.29223,0.527317,0.251386,0.49516,0.455757,0,0
0.557967,0.278647,0.538032,0.591967,0.464511,0.709139,0.453789,0.995252,0,0,0.610035,0.472079,0.663635,0.379443,0.556418,0.297709,0.744826,0.99389,0,0,0,0,0,0,0.789254,0.940746,0,0,0,0,0.533432,0.284076,0.533441,0.259588,0.496669,0.447592,0,0
0.557971,0.275905,0.536513,0.594689,0.456859,0.706418,0.458387,0.995249,0,0,0.613094,0.474795,0.672829,0.382208,0.577862,0.319534,0.729509,0.993887,0.682029,0.995249,0,0,0,0,0.778523,0.932576,0.893413,0.995249,0,0,0.530366,0.275901,0,0,0.495142,0.436635,0,0
0.551833,0.25413,0.538045,0.589245,0.459918,0.70642,0.458386,0.993892,0,0,0.610035,0.480259,0.678963,0.40121,0.580952,0.316776,0.723386,0.993889,0.678961,0.995249,0,0,0,0,0.773934,0.924403,0.890344,0.995249,0,0,0.52884,0.270406,0,0,0.495133,0.431244,0,0
0.551832,0.254089,0.533445,0.583819,0.458393,0.700981,0.458393,0.993892,0,0,0.603899,0.474807,0.69429,0.447541,0.602387,0.341336,0.720321,0.993888,0.677431,0.99525,0,0,0,0,0.769341,0.905331,0.905665,0.993889,0,0,0.525767,0.270424,0,0,0.493623,0.431202,0,0
0.556401,0.256835,0.534971,0.583823,0.462978,0.698247,0.459913,0.993891,0,0,0.60543,0.472081,0.703456,0.461195,0.610051,0.354933,0.726449,0.993888,0.680494,0.995249,0,0,0,0,0.775466,0.913501,0.896475,0.995248,0,0,0.525787,0.270442,0,0,0.493611,0.431228,0,0
0.557949,0.256859,0.533457,0.594715,0.459926,0.71188,0.461461,0.995251,0,0,0.603916,0.472108,0.706545,0.480268,0.620757,0.368555,0.729513,0.993886,0.686622,0.99525,0,0,0,0,0.776995,0.929853,0.908726,0.99389,0,0,0.530361,0.270482,0.531887,0.245939,0.495127,0.43938,0,0
0.557977,0.26225,0.538042,0.597411,0.46298,0.714591,0.466054,0.995251,0,0,0.605438,0.474822,0.709601,0.488396,0.622304,0.371297,0.724915,0.993888,0.678963,0.99525,0,0,0,0,0.773936,0.932578,0.888812,0.995249,0,0,0.530388,0.273159,0.53194,0.248601,0.495154,0.444804,0,0
0.561008,0.267701,0.538032,0.605588,0.46298,0.725491,0.472175,0.995251,0,0,0.603903,0.480266,0.709614,0.488451,0.625356,0.376724,0.732577,0.993888,0.686626,0.995251,0,0,0,0,0.781593,0.935294,0.904133,0.99525,0,0,0.530394,0.275876,0,0,0.496702,0.44487,0,0
0.562544,0.273142,0.536508,0.605615,0.466049,0.728208,0.472176,0.993893,0,0,0.603907,0.48298,0.711124,0.488413,0.625333,0.382136,0.738701,0.993885,0.700407,0.995252,0,0,0,0,0.78465,0.938015,0.911786,0.99525,0,0,0.531915,0.278595,0,0,0.499736,0.447572,0,0
0.559501,0.273204,0.539567,0.605597,0.470646,0.728215,0,0,0,0,0.603914,0.482991,0.709602,0.488414,0.622294,0.37948,0.746363,0.993886,0.70347,0.995255,0,0,0,0,0.787719,0.93257,0.924048,0.99525,0,0,0.53191,0.278629,0,0,0.502799,0.447554,0,0
0.559483,0.273176,0.539567,0.60287,0.473706,0.722762,0,0,0,0,0.603896,0.477544,0.708081,0.482984,0.619237,0.376738,0.752486,0.993886,0.705007,0.995258,0,0,0,0,0.792315,0.929849,0.936293,0.99525,0,0,0.531936,0.278662,0,0,0.50282,0.447602,0,0
0.557966,0.270452,0.544155,0.600147,0.48137,0.717322,0,0,0,0,0.605435,0.480261,0.709606,0.466598,0.616165,0.371297,0.746361,0.993888,0,0,0,0,0,0,0.792313,0.954374,0,0,0,0,0.531926,0.278661,0,0,0.505869,0.453032,0,0
0.559503,0.273139,0.544158,0.60015,0.47983,0.720036,0,0,0,0,0.605447,0.480267,0.709612,0.466643,0.617693,0.37399,0.747895,0.993891,0,0,0,0,0,0,0.79997,0.993885,0,0,0,0,0.533434,0.281352,0.533431,0.251397,0.505885,0.45573,0,0
0.562556,0.275916,0.545701,0.608332,0.479839,0.733663,0,0,0,0,0.60698,0.488438,0.712649,0.485702,0.619231,0.382186,0.758614,0.995252,0,0,0,0,0,0,0.807622,0.954377,0,0,0,0,0.536494,0.289534,0.539564,0.254108,0.507428,0.463924,0,0
0.562549,0.284071,0.545706,0.608329,0.481361,0.736385,0,0,0,0,0.608494,0.488424,0.714191,0.485721,0.619216,0.384876,0.757085,0.993889,0,0,0,0,0,0,0.809166,0.992522,0.936299,0.993889,0,0,0.538029,0.292292,0.539577,0.267722,0.508912,0.466659,0,0
0.564081,0.286777,0.545709,0.608344,0.482901,0.730944,0,0,0,0,0.605441,0.488421,0.717244,0.491166,0.619236,0.387593,0.752487,0.993889,0,0,0,0,0,0,0.807633,0.993885,0.939361,0.993886,0,0,0.539568,0.294977,0.542634,0.270407,0.508929,0.469379,0,0
0.564079,0.286789,0.545703,0.608326,0.482898,0.730946,0,0,0,0,0.605441,0.488435,0.717247,0.491145,0.620757,0.395754,0.758616,0.993892,0,0,0,0,0,0,0.809159,0.967999,0.9363,0.995249,0,0,0.539565,0.294962,0.541102,0.270392,0.508937,0.46933,0,0
0.564093,0.289481,0.545694,0.605616,0.478297,0.733674,0,0,0,0,0.605441,0.488434,0.717269,0.491183,0.617686,0.395784,0.754022,0.99389,0,0,0,0,0,0,0.798441,0.965273,0.933241,0.993886,0,0,0.539559,0.295023,0,0,0.508919,0.469361,0,0
0.564088,0.289495,0.544165,0.605607,0.475247,0.73094,0,0,0,0,0.603911,0.488439,0.717252,0.491199,0.61615,0.39578,0.750957,0.993889,0,0,0,0,0,0,0.795377,0.970726,0.924049,0.965275,0,0,0.538042,0.297689,0,0,0.508917,0.472058,0,0
0.565611,0.292211,0.54417,0.605604,0.475238,0.728206,0,0,0,0,0.606965,0.491161,0.717261,0.49391,0.616158,0.398467,0.752489,0.993889,0,0,0,0,0,0,0.798438,0.957099,0.911788,0.932575,0,0,0.538052,0.297731,0,0,0.508916,0.474784,0,0
0.565619,0.292244,0.544168,0.605603,0.475237,0.725491,0,0,0,0,0.606974,0.493892,0.718779,0.493888,0.616148,0.398477,0.75402,0.993888,0,0,0,0,0,0,0.796908,0.954378,0.908729,0.916227,0,0,0.53957,0.300436,0,0,0.508913,0.477517,0,0
0.567133,0.292259,0.544166,0.608328,0.472178,0.730931,0,0,0,0,0.61004,0.502052,0.720332,0.493893,0.616169,0.401267,0.755555,0.99525,0,0,0,0,0,0,0.793846,0.951656,0.91485,0.935292,0,0,0.541097,0.305878,0.542609,0.273227,0.507418,0.482998,0,0
0.567143,0.292293,0.541109,0.613769,0.470638,0.736398,0,0,0,0,0.606975,0.499345,0.72186,0.496613,0.61616,0.401278,0.754022,0.995249,0,0,0,0,0,0,0.801503,0.992522,0.919447,0.946208,0,0,0.54261,0.308566,0.542654,0.281335,0.507404,0.485702,0,0
0.567151,0.297687,0.544166,0.616508,0.472169,0.736386,0,0,0,0,0.608505,0.512966,0.7249,0.502066,0.616153,0.401277,0.767807,0.99525,0,0,0,0,0,0,0.80763,0.993886,0.93629,0.954379,0,0,0.542614,0.311295,0.542656,0.286811,0.507374,0.488444,0,0
0.568675,0.297715,0.545695,0.619229,0.472173,0.744565,0,0,0,0,0.611563,0.512946,0.724908,0.49934,0.616148,0.403955,0.766273,0.99525,0,0,0,0,0,0,0.809165,0.993886,0.937823,0.989796,0,0,0.542618,0.314002,0.54265,0.286762,0.507381,0.491167,0,0
0.571732,0.305874,0.548768,0.619241,0.475236,0.750004,0,0,0,0,0.614626,0.51568,0.726441,0.49387,0.619221,0.403992,0.76934,0.99525,0,0,0,0,0,0,0.819884,0.959827,0.948554,0.993891,0,0,0.544148,0.316735,0,0,0.507411,0.49115,0,0
0.573256,0.308564,0.551826,0.619237,0.47677,0.74457,0,0,0,0,0.619229,0.518386,0.726456,0.491154,0.619233,0.403999,0.767804,0.995249,0,0,0,0,0,0,0.818354,0.993883,0.953149,0.973453,0,0,0.544173,0.316754,0,0,0.508924,0.491156,0,0
0.57481,0.308577,0.54877,0.627384,0.476766,0.75818,0,0,0,0,0.61769,0.512947,0.726449,0.485713,0.620758,0.401276,0.770869,0.993891,0,0,0,0,0,0,0.824481,0.989797,0.960809,0.995247,0,0,0.545696,0.314073,0,0,0.508947,0.488398,0,0
0.574784,0.308575,0.550301,0.621961,0.476766,0.752727,0,0,0,0,0.62076,0.510223,0.726448,0.482961,0.620754,0.401192,0.770872,0.995249,0,0,0,0,0,0,0.82295,0.951648,0.962335,0.993886,0,0,0.544183,0.314028,0,0,0.51049,0.482989,0,0
0.574785,0.29771,0.554882,0.608319,0.476767,0.730938,0.47831,0.995252,0,0,0.623823,0.499323,0.726428,0.474832,0.620766,0.398485,0.778528,0.993887,0.735637,0.995251,0,0,0,0,0.827546,0.93257,0.966937,0.993884,0,0,0.544195,0.305848,0,0,0.515074,0.466677,0,0
0.574813,0.297672,0.551825,0.608315,0.475236,0.722764,0.478301,0.995251,0,0,0.619225,0.493887,0.726445,0.477554,0.622281,0.395789,0.775465,0.993889,0.734105,0.995251,0,0,0,0,0.822952,0.938018,0.953148,0.993884,0,0,0.54569,0.300438,0,0,0.515071,0.463917,0,0
0.573273,0.297678,0.55182,0.608324,0.475233,0.730943,0.481359,0.995253,0,0,0.619217,0.496604,0.726442,0.480255,0.620774,0.395805,0.767808,0.993887,0,0,0,0,0,0,0.816822,0.946199,0.943956,0.993884,0,0,0.544186,0.300405,0,0,0.515053,0.461212,0,0
0.574785,0.297697,0.550289,0.611043,0.4737,0.730932,0.487487,0.995258,0,0,0.619225,0.49933,0.726452,0.482955,0.622272,0.39849,0.764741,0.993887,0.720323,0.995254,0,0,0,0,0.812223,0.940756,0.937837,0.989797,0,0,0.544175,0.300458,0,0,0.511993,0.463917,0,0
0.574793,0.300426,0.547232,0.616479,0.470642,0.733664,0.478299,0.995256,0,0,0.616161,0.504785,0.729524,0.49115,0.623806,0.401225,0.767806,0.99389,0.718789,0.995249,0,0,0,0,0.813762,0.948924,0.931703,0.957101,0,0,0.544197,0.300459,0,0,0.512005,0.466645,0,0
0.576314,0.300416,0.550297,0.619211,0.473706,0.741843,0.475247,0.995255,0,0,0.616159,0.510238,0.731043,0.491149,0.625365,0.401267,0.770867,0.993892,0,0,0,0,0,0,0.813764,0.951652,0.93324,0.992522,0,0,0.54568,0.303156,0,0,0.513543,0.466594,0,0
0.576317,0.300436,0.550294,0.627403,0.475234,0.75546,0.47983,0.995253,0,0,0.619227,0.515674,0.735638,0.488474,0.625366,0.401284,0.770871,0.995249,0,0,0,0,0,0,0.821416,0.9571,0.933237,0.993888,0,0,0.544188,0.308576,0,0,0.513539,0.466614,0,0
0.577849,0.297724,0.553355,0.621935,0.473707,0.750011,0.48749,0.995254,0,0,0.625349,0.510232,0.73869,0.488422,0.626882,0.40393,0.772399,0.993889,0,0,0,0,0,0,0.819888,0.951651,0.933239,0.995248,0,0,0.545703,0.303141,0,0,0.513528,0.466651,0,0
0.576315,0.297714,0.551832,0.621966,0.470646,0.747294,0.478304,0.995254,0,0,0.631475,0.512957,0.74021,0.480241,0.626883,0.401286,0.775465,0.99525,0,0,0,0,0,0,0.82142,0.957103,0.936306,0.993887,0,0,0.545717,0.305869,0,0,0.508963,0.474791,0,0
0.571755,0.297715,0.551818,0.621966,0.470639,0.747289,0.475243,0.995255,0,0,0.629947,0.510234,0.740218,0.480255,0.629926,0.401276,0.77853,0.995251,0,0,0,0,0,0,0.822951,0.954378,0.937839,0.987071,0,0,0.545695,0.30858,0,0,0.508951,0.477552,0,0
0.567134,0.297682,0.551819,0.621952,0.472177,0.752736,0.475233,0.995258,0,0,0.628409,0.512942,0.738702,0.474803,0.629953,0.401266,0.778527,0.99525,0,0,0,0,0,0,0.824484,0.951651,0.93937,0.989796,0,0,0.544153,0.308603,0,0,0.510459,0.480272,0,0
0.565607,0.294953,0.553364,0.619222,0.475243,0.747292,0.489024,0.993893,0.456872,0.976184,0.626883,0.502066,0.738701,0.474789,0.629946,0.398522,0.778523,0.99525,0,0,0,0,0,0,0.82448,0.94893,0.939357,0.94621,0,0,0.542635,0.308586,0,0,0.510461,0.480267,0,0
0.561028,0.29221,0.548771,0.619205,0.472174,0.750012,0.476773,0.995255,0.423197,0.929862,0.623818,0.499336,0.738686,0.474829,0.628417,0.395807,0.780061,0.99525,0,0,0,0,0,0,0.827546,0.95438,0.939368,0.967999,0,0,0.538048,0.305879,0,0,0.508924,0.482983,0,0
0.561036,0.292217,0.550291,0.61921,0.473705,0.750011,0.464515,0.995255,0,0,0.625357,0.499329,0.73869,0.477516,0.628396,0.393071,0.781591,0.995251,0,0,0,0,0,0,0.829076,0.96255,0,0,0,0,0.539559,0.30587,0,0,0.507418,0.485696,0,0
0.56103,0.294957,0.548755,0.619206,0.470643,0.752728,0.452268,0.99389,0,0,0.620758,0.493885,0.738699,0.480282,0.629953,0.395807,0.772401,0.99525,0,0,0,0,0,0,0.827548,0.943485,0.933237,0.995248,0,0,0.538025,0.311309,0.535001,0.284078,0.505879,0.493913,0,0
0.564083,0.297684,0.547222,0.619218,0.469109,0.752729,0.452262,0.995253,0,0,0.622291,0.4939,0.738684,0.485692,0.628404,0.395814,0.783122,0.993893,0,0,0,0,0,0,0.832137,0.943482,0.942424,0.993888,0,0,0.538043,0.311351,0.541101,0.278629,0.505866,0.507493,0,0
0.562542,0.303145,0.545703,0.621941,0.470639,0.752725,0.450725,0.995255,0,0,0.614635,0.499329,0.732578,0.488426,0.626863,0.398472,0.766274,0.995252,0,0,0,0,0,0,0.827541,0.959824,0,0,0,0,0.533469,0.31676,0.539564,0.28681,0.501269,0.512916,0,0
0.559481,0.305856,0.544158,0.613788,0.46298,0.750001,0.449193,0.99525,0,0,0.613093,0.496615,0.731049,0.488394,0.625336,0.395771,0.758617,0.995252,0,0,0,0,0,0,0.818353,0.987073,0,0,0,0,0.533425,0.316736,0.53498,0.289544,0.498232,0.51022,0,0
0.553368,0.29499,0.534982,0.616492,0.452265,0.74184,0,0,0,0,0.610032,0.496616,0.727977,0.488401,0.622278,0.384891,0.752486,0.993891,0,0,0,0,0,0,0.810693,0.993888,0,0,0,0,0.527306,0.311348,0.525807,0.278635,0.495126,0.510189,0,0
0.551831,0.292253,0.531913,0.613799,0.447664,0.744564,0,0,0,0,0.606961,0.493878,0.727978,0.485701,0.620772,0.382165,0,0,0,0,0,0,0,0,0,0,0,0,0,0,0.525777,0.311293,0.527327,0.275896,0.493597,0.504782,0,0
0.553359,0.297722,0.531927,0.621926,0.449195,0.752745,0.459913,0.978906,0,0,0.606975,0.493885,0.727985,0.491142,0.625351,0.387611,0,0,0,0,0,0,0,0,0,0,0,0,0,0,0.525778,0.311345,0.530373,0.278629,0.492076,0.504783,0,0
0.551831,0.308605,0.534975,0.63013,0.450732,0.766365,0,0,0,0,0.606966,0.499321,0.727983,0.499353,0.626863,0.398525,0,0,0,0,0,0,0,0,0,0,0,0,0,0,0.525801,0.319484,0.53036,0.286804,0.492102,0.512993,0,0
0.548766,0.297728,0.536515,0.621976,0.458385,0.758191,0.453795,0.995248,0,0,0.608496,0.491136,0.726459,0.485685,0.623807,0.384911,0.773934,0.993889,0,0,0,0,0,0,0,0,0,0,0,0,0.524267,0.314055,0.522735,0.284043,0.492106,0.512974,0,0
0.548764,0.292227,0.536509,0.613768,0.455326,0.744562,0,0,0,0,0.608493,0.482977,0.726453,0.46939,0.623819,0.37674,0.769339,0.993889,0,0,0,0,0,0,0,0,0,0,0,0,0.525764,0.308583,0.525769,0.278615,0.493598,0.510195,0,0
0.547248,0.292221,0.538045,0.613782,0.455324,0.747284,0,0,0,0,0.606973,0.485692,0.724907,0.469364,0.619225,0.373987,0.764742,0.99389,0,0,0,0,0,0,0.824481,0.993888,0,0,0,0,0.522709,0.305852,0.524244,0.275873,0.492076,0.502059,0,0
0.547225,0.292237,0.5365,0.613778,0.45379,0.750005,0.450728,0.995256,0.390989,0.995251,0.603915,0.482983,0.723394,0.469351,0.614632,0.371253,0.764743,0.99389,0,0,0,0,0,0,0.822947,0.993888,0,0,0,0,0.521202,0.305843,0.522731,0.27591,0.489031,0.502046,0,0
0.541097,0.292258,0.527304,0.61376,0.443077,0.747294,0.441543,0.995259,0,0,0.599308,0.480257,0.717251,0.466658,0.610037,0.365825,0.763208,0.993887,0,0,0,0,0,0,0.821414,0.993888,0,0,0,0,0.515063,0.308598,0.510482,0.278632,0.47983,0.507513,0,0
0.536524,0.292263,0.521202,0.616475,0.43848,0.752737,0.441534,0.995255,0,0,0.59319,0.480251,0.715738,0.46934,0.608508,0.368516,0.758614,0.993888,0,0,0,0,0,0,0,0,0,0,0,0,0.512006,0.311328,0.510488,0.27592,0.475243,0.512958,0,0
0.53498,0.294937,0.521185,0.616476,0.43541,0.755458,0,0,0,0,0.590126,0.482989,0.717257,0.477514,0.608498,0.371291,0,0,0,0,0,0,0,0,0,0,0,0,0,0,0.508964,0.314056,0.507371,0.281315,0.470654,0.521127,0,0
0.534992,0.29229,0.521201,0.619214,0.436948,0.758189,0.43695,0.995257,0,0,0.593176,0.482974,0.718799,0.480258,0.610023,0.376715,0.752486,0.993888,0,0,0,0,0,0,0,0,0,0,0,0,0.508959,0.314086,0.50739,0.278636,0.470639,0.523877,0,0
0.541089,0.305881,0.521201,0.627387,0.43541,0.782707,0.432352,0.995252,0,0,0.591655,0.482976,0.726445,0.485712,0.617681,0.384919,0.747893,0.993887,0,0,0,0,0,0,0,0,0,0,0,0,0.510484,0.322221,0.508953,0.289492,0.472151,0.529302,0,0
0.541084,0.305882,0.525772,0.638287,0.43541,0.801784,0.432352,0.99525,0,0,0.59625,0.48841,0.727991,0.485708,0.619232,0.387628,0,0,0,0,0,0,0,0,0,0,0,0,0,0,0.511997,0.322229,0.508957,0.289528,0.472151,0.529318,0,0
0.539579,0.300439,0.527315,0.630121,0.438478,0.790884,0.435419,0.995254,0,0,0.597774,0.480247,0.731042,0.483007,0.6223,0.39309,0,0,0,0,0,0,0,0,0,0,0,0,0,0,0.510481,0.316807,0.511986,0.286756,0.472192,0.529278,0,0
0.53805,0.294973,0.527319,0.624663,0.441538,0.777267,0.436947,0.995253,0,0,0.599309,0.477538,0.729511,0.483004,0.620755,0.387646,0.754021,0.995248,0,0,0,0,0,0,0,0,0,0,0,0,0.510469,0.31406,0.507404,0.281311,0.472175,0.523874,0,0
0.538049,0.286788,0.528848,0.61649,0.443072,0.760917,0.438477,0.995253,0,0,0.599308,0.469372,0.729516,0.461199,0.619223,0.382149,0,0,0,0,0,0,0,0,0,0,0,0,0,0,0.510465,0.308577,0.507401,0.275905,0.472155,0.518376,0,0
0.538047,0.284056,0.530371,0.613782,0.443074,0.760906,0.438475,0.995251,0,0,0.602377,0.469372,0.729518,0.450277,0.61463,0.376695,0,0,0,0,0,0,0,0,0,0,0,0,0,0,0.508953,0.303159,0.505853,0.27046,0.470659,0.515663,0,0
0.531927,0.275883,0.527318,0.611056,0.443073,0.76091,0.440005,0.995252,0,0,0.599306,0.463898,0.724915,0.425734,0.61156,0.357675,0,0,0,0,0,0,0,0,0,0,0,0,0,0,0.507395,0.297718,0.502809,0.259576,0.472148,0.512994,0,0
0.533439,0.273175,0.527317,0.608328,0.443068,0.750021,0.443076,0.995252,0,0,0.602377,0.463902,0.724918,0.401259,0.606957,0.344023,0,0,0,0,0,0,0,0,0,0,0,0,0,0,0.507424,0.297703,0.50432,0.25415,0.472172,0.510255,0,0
0.541097,0.262285,0.531922,0.608328,0.449203,0.750018,0.444606,0.993895,0,0,0.605438,0.461169,0.726446,0.387648,0.606979,0.338617,0.775466,0.993889,0,0,0,0,0,0,0,0,0,0,0,0,0.51199,0.289549,0.507374,0.248651,0.473732,0.507516,0,0
0.541111,0.259534,0.533441,0.611069,0.450728,0.758189,0.446134,0.995252,0,0,0.6085,0.461184,0.729497,0.387622,0.610023,0.338535,0,0,0,0,0,0,0,0,0,0,0,0,0,0,0.515067,0.286811,0.508959,0.248676,0.478319,0.507502,0,0
0.548762,0.262283,0.539576,0.608317,0.458385,0.747294,0.455327,0.995252,0,0,0.614626,0.461194,0.735647,0.390343,0.619228,0.33585,0.78006,0.993888,0,0,0,0,0,0,0,0,0,0,0,0,0.522716,0.289507,0.516609,0.248679,0.485975,0.504786,0,0
0.550295,0.25955,0.54417,0.611026,0.469115,0.755461,0.459924,0.995249,0,0,0.617688,0.458461,0.740221,0.395793,0.623818,0.335881,0,0,0,0,0,0,0,0,0,0,0,0,0,0,0.525769,0.289491,0.518129,0.245926,0.490557,0.510207,0,0
0.559479,0.273203,0.551821,0.619215,0.475232,0.788159,0,0,0,0,0.623821,0.463915,0.752487,0.401248,0.637595,0.341337,0,0,0,0,0,0,0,0,0,0,0,0,0,0,0.533438,0.300408,0.527327,0.262256,0.498225,0.518436,0,0
0.557949,0.275921,0.556423,0.62195,0.475245,0.790887,0.482899,0.993886,0,0,0.628414,0.469365,0.758613,0.409442,0.64375,0.34674,0,0,0,0,0,0,0,0,0,0,0,0,0,0,0.534986,0.305889,0.527312,0.259578,0.501294,0.52928,0,0
0.577856,0.29226,0.570205,0.641035,0.479831,0.826315,0,0,0,0,0.64526,0.480269,0.775471,0.433925,0.655995,0.357649,0,0,0,0,0,0,0,0,0,0,0,0,0,0,0.545696,0.316806,0.541093,0.270474,0.512005,0.545649,0,0
0.580925,0.289525,0.57174,0.641035,0.478309,0.829036,0,0,0,0,0.648332,0.482991,0.778523,0.431201,0.655983,0.354933,0,0,0,0,0,0,0,0,0,0,0,0,0,0,0.548771,0.316813,0.544174,0.275878,0.515054,0.551077,0,0
0.580934,0.284099,0.576337,0.646484,0.482904,0.834481,0,0,0,0,0.651389,0.480254,0.781583,0.414862,0.663635,0.346741,0,0,0,0,0,0,0,0,0,0,0,0,0,0,0.556405,0.314086,0.545702,0.267713,0.521188,0.54567,0,0
0.582467,0.284057,0.579409,0.64103,0.489024,0.820861,0,0,0,0,0.655988,0.477529,0.781593,0.406696,0.666713,0.341342,0,0,0,0,0,0,0,0,0,0,0,0,0,0,0.557958,0.314092,0.547245,0.262257,0.522715,0.545658,0,0
0.576352,0.28949,0.59165,0.638284,0.505875,0.801782,0,0,0,0,0.659056,0.477517,0.786179,0.395807,0.67284,0.344036,0,0,0,0,0,0,0,0,0,0,0,0,0,0,0.557934,0.327684,0.547218,0.270477,0.522721,0.559258,0,0
0.585529,0.30316,0.596246,0.646476,0.518128,0.818132,0,0,0,0,0.662118,0.485691,0.787697,0.39307,0.675883,0.349486,0,0,0,0,0,0,0,0,0,0,0,0,0,0,0.559492,0.346722,0.548781,0.289469,0.522736,0.578312,0,0
0.608503,0.327662,0.605436,0.662824,0.525784,0.848111,0,0,0,0,0.683557,0.504781,0.790772,0.395771,0.689676,0.365826,0,0,0,0,0,0,0,0,0,0,0,0,0,0,0.568694,0.387591,0.562559,0.316775,0.527323,0.621966,0,0
0.619219,0.349454,0.610038,0.676437,0.531917,0.856281,0,0,0,0,0.686621,0.521111,0.796908,0.401248,0.69582,0.376713,0,0,0,0,0,0,0,0,0,0,0,0,0,0,0.573284,0.409422,0.564091,0.346746,0.528864,0.651935,0,0
0.608499,0.387603,0.608509,0.700971,0.536509,0.891705,0,0,0,0,0.674366,0.523866,0.809177,0.428469,0.709596,0.401258,0,0,0,0,0,0,0,0,0,0,0,0,0,0,0.577864,0.450305,0.570212,0.357615,0.528851,0.69549,0,0
0.620752,0.398521,0.620757,0.703704,0.544167,0.924403,0,0,0,0,0.682028,0.53203,0.813756,0.433941,0.715722,0.425753,0,0,0,0,0,0,0,0,0,0,0,0,0,0,0.579403,0.463911,0.576342,0.368552,0.530387,0.700972,0,0
0.614628,0.412135,0.626875,0.717314,0.534976,0.908054,0,0,0,0,0.698874,0.545649,0.827545,0.436658,0.72186,0.433953,0,0,0,0,0,0,0,0,0,0,0,0,0,0,0.580918,0.488407,0.577879,0.373984,0.527328,0.720042,0,0
0.616165,0.423059,0.625356,0.720031,0.528854,0.910775,0,0,0,0,0.703473,0.542934,0.829069,0.431237,0.726436,0.436646,0,0,0,0,0,0,0,0,0,0,0,0,0,0,0.580917,0.49117,0.577872,0.371304,0.527314,0.72546,0,0
0.606993,0.420301,0.62229,0.728216,0.536509,0.940746,0,0,0,0,0.688155,0.532025,0.830611,0.428485,0.732577,0.428493,0,0,0,0,0,0,0,0,0,0,0,0,0,0,0.57785,0.504778,0.577846,0.368512,0.525781,0.736404,0,0
0.610051,0.431201,0.623814,0.725484,0.531914,0.935294,0,0,0,0,0.688155,0.521125,0.836728,0.417586,0.740234,0.428507,0,0,0,0,0,0,0,0,0,0,0,0,0,0,0.576334,0.507511,0.576353,0.368552,0.524261,0.741836,0,0
0.611568,0.444827,0.62689,0.73638,0.534979,0.938021,0,0,0,0,0.688154,0.515679,0.839795,0.398504,0.746356,0.428482,0,0,0,0,0,0,0,0,0,0,0,0,0,0,0.570213,0.521126,0.576334,0.374013,0.524252,0.749998,0,0
0.610056,0.450263,0.629945,0.736393,0.545698,0.957102,0,0,0,0,0.692748,0.512958,0.842861,0.395794,0.750952,0.4312,0,0,0,0,0,0,0,0,0,0,0,0,0,0,0.568665,0.534733,0.576316,0.379485,0.522721,0.755431,0,0
0.616157,0.472096,0.633012,0.750017,0.544167,0.967997,0,0,0,0,0.703471,0.510234,0.858188,0.406703,0.7632,0.442129,0,0,0,0,0,0,0,0,0,0,0,0,0,0,0.567148,0.559294,0.577887,0.395818,0.519664,0.763657,0,0
