0.476751,0.382136,0.436936,0.51298,0.364943,0.521126,0,0,0,0,0.504337,0.504803,0.580945,0.545676,0.637611,0.447542,0.492087,0.785437,0.43388,0.818134,0,0,0,0,0.545698,0.755469,0,0,0,0,0.443072,0.365804,0.475258,0.363066,0.384882,0.436679,0,0
0.476781,0.384927,0.436931,0.515667,0.366478,0.523869,0,0,0,0,0.502798,0.504767,0.580918,0.551068,0.636074,0.450266,0.493623,0.774539,0.436945,0.818134,0,0,0,0,0.545702,0.747285,0,0,0,0,0.444588,0.368534,0.478298,0.368543,0.38638,0.439362,0,0
0.476781,0.384929,0.435419,0.512993,0.36648,0.521138,0,0,0,0,0.502816,0.504776,0.580932,0.551094,0.636081,0.450263,0.493616,0.769086,0.433882,0.812686,0,0,0,0,0.544171,0.744562,0,0,0,0,0.444603,0.368554,0.476792,0.365829,0.386406,0.439367,0,0
0.478319,0.390341,0.435423,0.513,0.363425,0.518434,0,0,0,0,0.50435,0.507521,0.582473,0.551104,0.6376,0.447602,0.492089,0.766367,0.433881,0.801786,0,0,0,0,0.5457,0.741838,0.643737,0.700975,0,0,0.446134,0.371245,0.479834,0.371245,0.387919,0.436683,0,0
0.478321,0.390321,0.435421,0.513002,0.361902,0.518406,0,0,0,0,0.505861,0.510208,0.582474,0.551091,0.637611,0.447543,0.49056,0.769083,0.433879,0.804508,0,0,0,0,0.54417,0.741839,0.6422,0.703702,0,0,0.446133,0.368579,0.479844,0.37124,0.386405,0.439367,0,0
0.478313,0.384919,0.435418,0.512947,0.363422,0.515691,0,0,0,0,0.505857,0.507507,0.582465,0.55108,0.634547,0.442126,0.490559,0.774539,0.430816,0.815407,0,0,0,0,0.544172,0.75001,0.643735,0.706414,0,0,0.446142,0.368519,0.479843,0.36854,0.386418,0.439349,0,0
0.478293,0.382201,0.435402,0.512914,0.361908,0.512986,0,0,0,0,0.504349,0.504802,0.582474,0.548409,0.634534,0.439414,0.490558,0.785434,0.430818,0.823588,0,0,0,0,0.545694,0.752737,0.64374,0.706417,0,0,0.44613,0.365822,0.479817,0.363125,0.386421,0.436689,0,0
0.479827,0.384862,0.435403,0.51024,0.361897,0.512933,0,0,0,0,0.505866,0.507517,0.583987,0.551062,0.634531,0.436667,0.482899,0.818131,0.424691,0.845385,0,0,0,0,0.541103,0.76909,0,0,0,0,0.447651,0.365804,0.481358,0.365792,0.387942,0.436668,0,0
0.481343,0.384867,0.435416,0.51023,0.361905,0.51025,0,0,0,0,0.505873,0.507516,0.583983,0.551064,0.633029,0.436688,0.478304,0.820863,0.421628,0.848103,0,0,0,0,0.538042,0.790885,0,0,0,0,0.44766,0.363132,0.481369,0.365794,0.387947,0.436666,0,0
0.479846,0.384863,0.435429,0.51022,0.363408,0.510221,0,0,0,0,0.507379,0.507496,0.584002,0.551067,0.633032,0.436637,0.478305,0.820861,0.423155,0.848109,0,0,0,0,0.539568,0.788161,0,0,0,0,0.44766,0.363126,0.48137,0.363085,0.389451,0.436652,0,0
0.47984,0.382147,0.435427,0.510197,0.361908,0.510233,0,0,0,0,0.505872,0.502044,0.583994,0.548343,0.633019,0.43123,0.476772,0.823586,0.418562,0.850834,0,0,0,0,0.538038,0.760914,0,0,0,0,0.446152,0.363067,0.481352,0.360367,0.38795,0.433969,0,0
0.476784,0.379461,0.435412,0.510231,0.361891,0.515673,0,0,0,0,0.5028,0.499343,0.580953,0.542959,0.629955,0.428513,0.490552,0.790884,0.42622,0.839934,0,0,0,0,0.545703,0.747294,0,0,0,0,0.444584,0.360417,0.47526,0.360373,0.386374,0.436642,0,0
0.473711,0.376721,0.433891,0.518386,0.372616,0.532059,0,0,0,0,0.495151,0.49392,0.57787,0.542916,0.62689,0.428491,0.495152,0.804516,0.440005,0.850833,0,0,0,0,0.545701,0.760909,0,0,0,0,0.440015,0.360343,0.4737,0.357613,0.378745,0.433903,0,0
0.466055,0.371271,0.424673,0.518446,0.36342,0.551125,0,0,0,0,0.484447,0.48847,0.568688,0.534745,0.617666,0.425725,0.49056,0.829035,0.440008,0.856283,0,0,0,0,0.544168,0.777267,0,0,0,0,0.430805,0.349473,0.464507,0.349476,0.372594,0.425791,0,0
0.461466,0.368537,0.423149,0.513003,0.361874,0.542932,0,0,0,0,0.48137,0.488414,0.564088,0.534757,0.611559,0.423035,0.490559,0.804513,0.440011,0.84266,0,0,0,0,0.5411,0.763639,0,0,0,0,0.42623,0.346754,0.459945,0.346736,0.364969,0.423072,0,0
0.461444,0.368576,0.421623,0.515662,0.358817,0.537491,0,0,0,0,0.479841,0.49115,0.562537,0.534766,0.608486,0.425718,0.482899,0.804511,0.433877,0.848104,0,0,0,0,0.530381,0.760912,0,0,0,0,0.426207,0.346745,0.459924,0.349468,0.364952,0.425711,0,0
0.462989,0.36853,0.423128,0.51296,0.360346,0.534773,0,0,0,0,0.482883,0.491141,0.56407,0.53478,0.608508,0.423065,0.484429,0.804514,0.43388,0.848102,0,0,0,0,0.531913,0.760916,0,0,0,0,0.427753,0.346733,0.461442,0.346751,0.369547,0.423023,0,0
0.46912,0.360396,0.424701,0.507526,0.36495,0.526585,0,0,0,0,0.484439,0.488442,0.568679,0.532035,0.611569,0.4203,0.490555,0.807236,0.440005,0.84538,0,0,0,0,0.539571,0.760919,0,0,0,0,0.435401,0.33863,0.467576,0.338597,0.374129,0.417566,0,0
0.472173,0.354905,0.42776,0.502074,0.366482,0.523859,0,0,0,0,0.49054,0.488406,0.571751,0.523878,0.614622,0.406682,0.492085,0.83721,0.446134,0.867181,0,0,0,0,0.541104,0.77999,0,0,0,0,0.438479,0.33586,0.472178,0.335837,0.375673,0.406667,0,0
0.475253,0.352193,0.435406,0.502076,0.377209,0.526582,0.395585,0.722767,0,0,0.490541,0.485694,0.574797,0.523824,0.613099,0.401216,0.492087,0.820858,0.443072,0.850831,0,0,0,0,0.54263,0.760916,0,0,0,0,0.444584,0.335848,0.473708,0.333098,0.378752,0.40395,0,0
0.475256,0.354901,0.433873,0.49933,0.374148,0.521134,0.395588,0.709139,0,0,0.490556,0.488412,0.574821,0.521162,0.610022,0.39578,0.487489,0.850831,0.446135,0.850833,0,0,0,0,0.541103,0.75274,0,0,0,0,0.444596,0.335862,0.473713,0.335806,0.380266,0.401296,0,0
0.476767,0.349463,0.435404,0.502058,0.378732,0.521118,0,0,0,0,0.487489,0.488423,0.574812,0.510211,0.593182,0.373977,0.481367,0.878082,0.429284,0.88353,0,0,0,0,0.533444,0.864456,0,0,0,0,0.444613,0.330405,0.475221,0.333102,0.378737,0.398495,0,0
0.476783,0.34673,0.433887,0.49662,0.375673,0.521108,0,0,0,0,0.489026,0.488408,0.574788,0.493908,0.577877,0.363096,0.484425,0.859005,0.430815,0.859005,0,0,0,0,0.539569,0.850834,0,0,0,0,0.446133,0.324973,0.475244,0.330398,0.381792,0.395789,0,0
0.47983,0.341324,0.435412,0.499323,0.378732,0.515668,0,0,0,0,0.490551,0.485693,0.574806,0.469386,0.559477,0.338565,0.489022,0.82086,0.438475,0.850829,0,0,0,0,0.541106,0.747291,0,0,0,0,0.447657,0.314096,0.479815,0.324924,0.383338,0.384902,0,0
0.481354,0.344014,0.435424,0.493886,0.378737,0.515673,0,0,0,0,0.492092,0.480248,0.574808,0.469336,0.557948,0.335846,0.498217,0.763643,0.450732,0.801784,0,0,0,0,0.545701,0.733668,0,0,0,0,0.447678,0.314031,0.479844,0.324952,0.384852,0.382184,0,0
0.481346,0.338596,0.435417,0.491178,0.372615,0.499341,0,0,0,0,0.492096,0.485685,0.577866,0.488415,0.565615,0.346751,0.484428,0.861728,0.429288,0.864459,0,0,0,0,0.541102,0.856279,0,0,0,0,0.447691,0.314093,0.478316,0.316804,0.386384,0.384907,0,0
0.481362,0.341327,0.429289,0.48839,0.369551,0.493891,0,0,0,0,0.492086,0.48296,0.579379,0.502041,0.568677,0.363075,0.48749,0.834484,0.435413,0.850833,0,0,0,0,0.545696,0.736397,0,0,0,0,0.449201,0.316823,0.478316,0.322224,0.384881,0.390348,0,0
0.481366,0.344048,0.427769,0.488455,0.364955,0.493877,0,0,0,0,0.493607,0.48839,0.579415,0.521124,0.570202,0.376743,0.50434,0.78816,0.452261,0.820856,0,0,0,0,0.55029,0.75002,0,0,0,0,0.44922,0.32768,0.479835,0.330382,0.386395,0.395803,0,0
0.48137,0.346744,0.426247,0.48847,0.363413,0.491168,0,0,0,0,0.492085,0.48843,0.579404,0.521114,0.567153,0.379474,0.495149,0.788159,0.444604,0.820858,0,0,0,0,0.544169,0.755458,0,0,0,0,0.449205,0.330374,0.479819,0.327692,0.384874,0.395806,0,0
0.481352,0.346748,0.424719,0.488426,0.361876,0.491147,0,0,0,0,0.49055,0.488383,0.579383,0.507505,0.556403,0.374008,0.489025,0.769087,0.438477,0.804511,0,0,0,0,0.541105,0.741842,0,0,0,0,0.449193,0.327683,0.478307,0.324959,0.38486,0.395808,0,0
0.481379,0.349472,0.426222,0.488416,0.36035,0.488461,0,0,0,0,0.490563,0.488416,0.579383,0.493914,0.548769,0.368577,0.482898,0.804509,0.429284,0.831759,0,0,0,0,0.541102,0.744566,0,0,0,0,0.449201,0.330377,0.479834,0.330376,0.384878,0.395808,0,0
0.484412,0.346752,0.426244,0.488393,0.361881,0.491132,0,0,0,0,0.4921,0.4884,0.579399,0.48843,0.544163,0.371246,0.481368,0.853556,0.427755,0.853559,0,0,0,0,0.53957,0.845383,0,0,0,0,0.452254,0.330382,0.482881,0.330385,0.387909,0.395763,0,0
0.484424,0.344012,0.427764,0.488404,0.363413,0.491161,0,0,0,0,0.492086,0.488397,0.579413,0.488414,0.544175,0.368525,0.482899,0.867183,0.429286,0.87263,0,0,0,0,0.539574,0.864456,0,0,0,0,0.452264,0.322241,0.481383,0.322212,0.387924,0.393061,0,0
0.485951,0.338602,0.429283,0.482984,0.360364,0.485696,0,0,0,0,0.493616,0.485685,0.582445,0.49112,0.547217,0.365808,0.476771,0.859003,0.423158,0.859006,0,0,0,0,0.531915,0.859004,0,0,0,0,0.453804,0.316741,0.481379,0.316756,0.387931,0.384881,0,0
0.485962,0.338547,0.429279,0.477562,0.358832,0.477529,0,0,0,0,0.495142,0.485675,0.582452,0.491178,0.547242,0.368543,0.478299,0.845383,0.423157,0.850834,0,0,0,0,0.533446,0.837207,0,0,0,0,0.455311,0.314074,0.481379,0.314014,0.387923,0.379477,0,0
0.487508,0.338516,0.429292,0.48027,0.363416,0.480275,0,0,0,0,0.493621,0.482975,0.582469,0.496596,0.548766,0.373981,0.479836,0.845383,0.426221,0.853553,0.542636,0.993884,0,0,0.536508,0.845381,0,0,0,0,0.456843,0.314044,0.482912,0.31134,0.389456,0.382123,0,0
0.49054,0.338563,0.433887,0.48841,0.368021,0.485696,0,0,0,0,0.493625,0.482996,0.582476,0.499356,0.550281,0.376745,0.481367,0.859006,0.429287,0.859005,0,0,0,0,0.531913,0.859007,0,0,0,0,0.458356,0.314079,0.484416,0.311333,0.390973,0.382163,0,0
0.492081,0.338593,0.436935,0.488408,0.369542,0.488425,0,0,0,0,0.495161,0.483003,0.583984,0.502071,0.548775,0.38215,0.478299,0.883529,0.426219,0.864456,0,0,0,0,0.52732,0.880804,0,0,0,0,0.458414,0.314074,0.485976,0.314077,0.392518,0.382145,0,0
0.492071,0.33858,0.435421,0.485726,0.36802,0.485711,0,0,0,0,0.495155,0.485681,0.583992,0.50207,0.547247,0.379448,0.478299,0.888978,0.424691,0.872631,0,0,0,0,0.530381,0.880803,0.593182,0.992521,0,0,0.458411,0.314075,0.485972,0.314073,0.391009,0.379466,0,0
0.490562,0.338578,0.433886,0.482997,0.36801,0.482997,0,0,0,0,0.495152,0.482982,0.582464,0.499351,0.545722,0.379474,0.476772,0.87263,0.423161,0.859006,0,0,0,0,0.52885,0.87808,0,0,0,0,0.458388,0.314088,0.485954,0.31675,0.390992,0.382141,0,0
0.490551,0.338577,0.433871,0.485678,0.366488,0.482974,0,0,0,0,0.492103,0.480277,0.582449,0.50205,0.545681,0.382138,0.4783,0.856284,0.42316,0.850833,0,0,0,0,0.530382,0.864454,0,0,0,0,0.458374,0.314067,0.484446,0.314073,0.390976,0.382131,0,0
0.489037,0.338524,0.432359,0.480258,0.363427,0.48026,0,0,0,0,0.493627,0.480262,0.582456,0.502071,0.545696,0.382131,0.475241,0.859002,0.421624,0.853552,0,0,0,0,0.531911,0.861733,0.599312,0.992521,0,0,0.458375,0.314018,0.48443,0.314035,0.390984,0.379448,0,0
0.490568,0.335816,0.433885,0.482982,0.368007,0.480264,0,0,0,0,0.495145,0.482959,0.582481,0.50477,0.547221,0.379452,0.478302,0.853559,0.423156,0.850832,0,0,0,0,0.531916,0.856283,0,0,0,0,0.458397,0.311354,0.484434,0.305893,0.392533,0.379435,0,0
0.490565,0.335799,0.435412,0.482982,0.36955,0.482974,0,0,0,0,0.495157,0.482989,0.582471,0.502056,0.545728,0.376722,0.4829,0.766364,0,0,0,0,0,0,0.53498,0.72277,0,0,0,0,0.458401,0.311329,0.484442,0.305888,0.392543,0.379418,0,0
0.490564,0.335811,0.435416,0.485735,0.372609,0.488438,0,0,0,0,0.493632,0.485671,0.582451,0.502037,0.545717,0.371266,0.48596,0.801784,0.43388,0.837206,0,0,0,0,0.541101,0.730943,0,0,0,0,0.458396,0.311316,0.484436,0.308612,0.392523,0.379431,0,0
0.492092,0.338561,0.435407,0.485732,0.366489,0.488436,0,0,0,0,0.496674,0.485669,0.580949,0.504772,0.545694,0.373994,0.487494,0.785435,0.43235,0.820858,0,0,0,0,0.542638,0.744564,0,0,0,0,0.459895,0.314004,0.48595,0.316773,0.392539,0.382126,0,0
0.49363,0.338601,0.435406,0.488427,0.368013,0.491173,0,0,0,0,0.496681,0.485698,0.580923,0.502046,0.542638,0.371279,0.485959,0.837207,0.432347,0.831757,0,0,0,0,0.539574,0.741839,0,0,0,0,0.45991,0.314018,0.48596,0.319483,0.394042,0.379486,0,0
0.492076,0.341253,0.435399,0.485726,0.366484,0.491165,0,0,0,0,0.498206,0.482993,0.577858,0.493885,0.530388,0.373975,0.479834,0.774539,0,0,0,0,0,0,0.534978,0.730941,0,0,0,0,0.459949,0.314024,0.485962,0.314021,0.394072,0.379415,0,0
0.49054,0.338617,0.435429,0.485722,0.36649,0.48843,0,0,0,0,0.498226,0.485705,0.574803,0.491214,0.521208,0.374014,0.475243,0.766363,0.42469,0.807238,0,0,0,0,0.528852,0.730941,0,0,0,0,0.461466,0.313995,0.489029,0.311364,0.395587,0.376722,0,0
0.492089,0.341303,0.43696,0.485674,0.371077,0.485704,0,0,0,0,0.499744,0.485677,0.565627,0.496614,0.4967,0.390347,0.478296,0.728207,0.427753,0.747284,0,0,0,0,0.528847,0.690065,0,0,0,0,0.466047,0.314045,0.492073,0.319506,0.397105,0.376719,0,0
0.49666,0.338548,0.435401,0.488399,0.372597,0.488457,0.550293,0.534756,0.490557,0.401242,0.495145,0.488378,0.561016,0.512913,0.489019,0.403947,0.484431,0.758191,0.436941,0.823584,0,0,0,0,0.53804,0.709146,0,0,0,0,0.467589,0.311365,0.492091,0.314017,0.397114,0.37673,0,0
0.496682,0.341267,0.433868,0.493913,0.368024,0.49391,0,0,0,0,0.495145,0.510217,0.557968,0.532013,0.478316,0.431219,0.464516,0.891703,0.407842,0.905328,0,0,0,0,0.519661,0.875356,0,0,0,0,0.469099,0.314035,0.492084,0.319478,0.397104,0.376742,0,0
0.495171,0.341322,0.432354,0.499326,0.364967,0.499321,0,0,0,0,0.496668,0.507521,0.557934,0.534781,0.476766,0.428533,0.475242,0.755461,0.423159,0.774535,0,0,0,0,0.524261,0.736385,0,0,0,0,0.467584,0.314095,0.492074,0.322229,0.395606,0.379414,0,0
0.495149,0.344056,0.430811,0.499348,0.364957,0.496593,0,0,0,0,0.49515,0.510245,0.557979,0.537455,0.485957,0.428482,0.473708,0.755465,0.426225,0.769083,0,0,0,0,0.522727,0.736388,0,0,0,0,0.466057,0.319496,0.489032,0.322241,0.395602,0.382217,0,0
0.495176,0.349488,0.430812,0.504752,0.364947,0.499324,0,0,0,0,0.49363,0.510224,0.559477,0.540207,0.484422,0.425799,0.461447,0.769086,0.410901,0.77726,0,0,0,0,0.515063,0.750008,0,0,0,0,0.467575,0.322247,0.492083,0.333095,0.395598,0.384909,0,0
0.493598,0.354908,0.432347,0.510192,0.364945,0.507503,0,0,0,0,0.495133,0.510247,0.562557,0.55107,0.495144,0.433975,0.461453,0.78816,0.418563,0.826309,0,0,0,0,0.51813,0.744568,0,0,0,0,0.461459,0.33037,0.490537,0.335842,0.394046,0.393032,0,0
0.492066,0.352169,0.429292,0.504768,0.361887,0.499332,0,0,0,0,0.495149,0.510228,0.568664,0.551138,0.501262,0.442127,0.47217,0.790881,0.418565,0.818132,0,0,0,0,0.524257,0.750021,0,0,0,0,0.459896,0.322234,0.487476,0.335852,0.390999,0.390335,0,0
0.492067,0.344051,0.432349,0.504789,0.364954,0.496594,0,0,0,0,0.49513,0.510194,0.571764,0.553785,0.502819,0.444839,0.475233,0.799067,0.421629,0.834484,0,0,0,0,0.52732,0.766363,0,0,0,0,0.459918,0.319493,0.487483,0.333111,0.392506,0.390323,0,0
0.493592,0.349463,0.433873,0.504753,0.368019,0.491182,0,0,0,0,0.492104,0.504799,0.573266,0.559306,0.507383,0.447558,0.479831,0.793612,0.427751,0.834486,0,0,0,0,0.539565,0.747298,0,0,0,0,0.461449,0.324957,0.489012,0.335828,0.394037,0.39306,0,0
0.492107,0.349486,0.435429,0.499352,0.368011,0.491164,0,0,0,0,0.49666,0.502081,0.576329,0.578373,0.515059,0.453026,0.484429,0.774541,0.417032,0.793613,0,0,0,0,0.539566,0.741853,0,0,0,0,0.461461,0.330416,0.48751,0.333106,0.394056,0.395816,0,0
0.492084,0.346777,0.438474,0.50479,0.364958,0.491145,0,0,0,0,0.496701,0.504763,0.579374,0.589259,0.521181,0.455736,0.473699,0.777261,0.40937,0.790882,0,0,0,0,0.528849,0.755469,0,0,0,0,0.459943,0.330394,0.48749,0.330411,0.394059,0.398464,0,0
0.492073,0.344043,0.436941,0.496624,0.363431,0.485732,0,0,0,0,0.496696,0.502075,0.580902,0.581107,0.519667,0.453024,0.46911,0.834483,0.410905,0.848103,0,0,0,0,0.522725,0.793609,0,0,0,0,0.459904,0.322228,0.485965,0.327671,0.394039,0.398467,0,0
0.492071,0.344013,0.436942,0.49661,0.366482,0.488437,0.580931,0.562009,0,0,0.496676,0.502066,0.580934,0.578329,0.52119,0.458438,0.473706,0.845381,0.418563,0.853554,0,0,0,0,0.525786,0.796339,0,0,0,0,0.459902,0.322223,0.485949,0.322247,0.394038,0.398469,0,0
0.490553,0.346767,0.435403,0.507489,0.369545,0.491169,0,0,0,0,0.496671,0.510247,0.579383,0.572928,0.515051,0.45577,0.446136,0.875356,0,0,0,0,0,0,0,0,0,0,0,0,0.458364,0.322227,0.485954,0.333132,0.391008,0.398504,0,0
0.489018,0.344034,0.435419,0.507523,0.36955,0.493896,0,0,0,0,0.495154,0.510235,0.577872,0.567443,0.511995,0.455746,0.48596,0.799065,0.426218,0.842658,0,0,0,0,0.539572,0.763638,0,0,0,0,0.456856,0.322238,0.482912,0.327676,0.390993,0.398486,0,0
0.484453,0.344002,0.435429,0.507508,0.36954,0.493883,0,0,0,0,0.496692,0.512944,0.577885,0.553815,0.507406,0.45304,0.479836,0.77999,0.423158,0.812686,0,0,0,0,0.53498,0.747294,0,0,0,0,0.456836,0.327675,0.482878,0.327684,0.389467,0.398551,0,0
0.484451,0.344043,0.435417,0.504803,0.368021,0.496612,0,0,0,0,0.496694,0.512915,0.579378,0.548384,0.507412,0.453033,0.476773,0.785432,0.418561,0.815407,0,0,0,0,0.533441,0.747292,0,0,0,0,0.45532,0.330399,0.482879,0.327684,0.389453,0.401199,0,0
0.482878,0.341301,0.435408,0.502065,0.366485,0.491185,0,0,0,0,0.495142,0.499349,0.579374,0.534797,0.505868,0.439401,0.472174,0.801785,0.412434,0.826309,0,0,0,0,0.527314,0.782711,0,0,0,0,0.449214,0.330382,0.478306,0.3195,0.386421,0.401245,0,0
0.479838,0.34131,0.436929,0.510194,0.374128,0.518435,0,0,0,0,0.495162,0.493897,0.577873,0.529325,0.502826,0.431203,0.489015,0.774534,0.436943,0.804516,0,0,0,0,0.53651,0.739128,0,0,0,0,0.447653,0.330395,0.475268,0.322228,0.386381,0.401273,0,0
0.476787,0.34131,0.432352,0.499355,0.371068,0.51568,0,0,0,0,0.492102,0.491157,0.57481,0.521148,0.504331,0.428485,0.473705,0.85628,0.420094,0.850836,0,0,0,0,0.524257,0.856282,0,0,0,0,0.444601,0.327671,0.473717,0.324955,0.383312,0.401238,0,0
0.475261,0.341337,0.430818,0.499338,0.364958,0.515684,0,0,0,0,0.492103,0.491129,0.574786,0.521113,0.504326,0.425779,0.472176,0.856284,0.418561,0.850834,0,0,0,0,0.525785,0.856278,0,0,0,0,0.444602,0.327695,0.473732,0.333112,0.383309,0.401231,0,0
0.476758,0.341286,0.430806,0.499332,0.364952,0.515671,0,0,0,0,0.493604,0.491149,0.574802,0.518381,0.507384,0.42306,0.470644,0.85628,0.415499,0.853552,0,0,0,0,0.521193,0.853559,0,0,0,0,0.444585,0.322237,0.473728,0.324962,0.383314,0.398548,0,0
0.475261,0.341273,0.430808,0.499339,0.363422,0.515678,0,0,0,0,0.493614,0.491145,0.574821,0.518402,0.507387,0.425725,0.473709,0.845384,0.420094,0.848104,0,0,0,0,0.528848,0.831759,0,0,0,0,0.443092,0.322206,0.47372,0.324952,0.381809,0.398546,0,0
0.476786,0.341284,0.429296,0.493899,0.361881,0.507513,0,0,0,0,0.493622,0.488475,0.576334,0.521111,0.507388,0.423052,0.475234,0.837209,0.418562,0.845384,0,0,0,0,0.527319,0.812685,0,0,0,0,0.444595,0.322203,0.475226,0.327673,0.383328,0.398545,0,0
0.476775,0.341296,0.429295,0.499325,0.363433,0.515678,0,0,0,0,0.493609,0.488479,0.576324,0.521125,0.507382,0.42306,0.479831,0.839934,0.424689,0.850828,0,0,0,0,0.533444,0.809961,0,0,0,0,0.444595,0.322228,0.475231,0.333094,0.383321,0.398548,0,0
0.475231,0.341282,0.426235,0.493882,0.360361,0.510226,0,0,0,0,0.49057,0.488398,0.57329,0.521131,0.50128,0.412147,0.475236,0.850834,0.420094,0.845382,0,0,0,0,0.52732,0.848106,0,0,0,0,0.441557,0.322203,0.473706,0.330407,0.37875,0.401187,0,0
0.475226,0.341319,0.42775,0.493912,0.36342,0.512967,0,0,0,0,0.490569,0.488404,0.573276,0.521129,0.505873,0.420289,0.4783,0.823586,0.424688,0.837209,0,0,0,0,0.530378,0.76909,0,0,0,0,0.441547,0.322205,0.473719,0.333124,0.378751,0.401177,0,0
0.475259,0.344012,0.426229,0.491124,0.36035,0.499343,0,0,0,0,0.492097,0.485725,0.573285,0.518432,0.504337,0.420328,0.475233,0.79361,0.420091,0.823588,0,0,0,0,0.525792,0.750015,0,0,0,0,0.44309,0.322236,0.475244,0.335867,0.380273,0.398515,0,0
0.476778,0.344003,0.430806,0.491142,0.361881,0.493905,0,0,0,0,0.493612,0.488395,0.574805,0.518437,0.504349,0.423009,0.470641,0.799061,0.410908,0.834481,0,0,0,0,0.519661,0.766361,0,0,0,0,0.446107,0.324939,0.476756,0.335862,0.383322,0.398549,0,0
0.479813,0.341265,0.432337,0.491146,0.361885,0.491152,0,0,0,0,0.49516,0.488448,0.577847,0.521163,0.505871,0.422993,0.472175,0.818134,0.407838,0.837206,0,0,0,0,0.528846,0.77454,0,0,0,0,0.446134,0.319497,0.478288,0.330404,0.384872,0.398504,0,0
0.478309,0.338509,0.432338,0.488439,0.361885,0.488444,0,0,0,0,0.495159,0.488398,0.57785,0.523845,0.507382,0.420303,0.46605,0.812685,0.404775,0.826309,0,0,0,0,0.524249,0.782715,0,0,0,0,0.446118,0.316774,0.476778,0.319512,0.384871,0.398464,0,0
0.478301,0.335872,0.430812,0.491153,0.360368,0.49387,0,0,0,0,0.495152,0.488436,0.576349,0.523869,0.50586,0.420326,0.464512,0.796332,0.400181,0.818129,0,0,0,0,0.519663,0.774534,0,0,0,0,0.444603,0.316779,0.475245,0.316795,0.384842,0.398495,0,0
0.476785,0.335866,0.430821,0.491176,0.361898,0.491163,0,0,0,0,0.493624,0.488411,0.576338,0.526556,0.507391,0.423036,0.461454,0.78816,0.400183,0.804514,0,0,0,0,0.513531,0.771807,0,0,0,0,0.443087,0.316793,0.475236,0.322209,0.383329,0.401173,0,0
0.473721,0.335822,0.427758,0.488472,0.360351,0.493894,0,0,0,0,0.492101,0.485709,0.574812,0.523885,0.507388,0.422996,0.46299,0.788164,0.407841,0.807233,0,0,0,0,0.516595,0.766359,0,0,0,0,0.441527,0.316735,0.472189,0.316769,0.380262,0.398531,0,0
0.473699,0.33581,0.430813,0.491135,0.363417,0.496619,0,0,0,0,0.493608,0.485673,0.574797,0.526565,0.50738,0.423034,0.464515,0.793605,0.409368,0.812686,0,0,0,0,0.513535,0.771816,0,0,0,0,0.438481,0.316734,0.472179,0.31678,0.378737,0.398495,0,0
0.472196,0.33311,0.43082,0.493871,0.364951,0.502071,0,0,0,0,0.490569,0.483008,0.574784,0.523886,0.505857,0.423003,0.469113,0.793613,0.412435,0.820857,0,0,0,0,0.519661,0.769088,0,0,0,0,0.438475,0.31406,0.472166,0.314065,0.377223,0.398475,0,0
0.47216,0.335796,0.429275,0.48847,0.363426,0.499334,0,0,0,0,0.490546,0.482965,0.571763,0.523894,0.501277,0.420303,0.473708,0.782711,0.420093,0.807238,0,0,0,0,0.525778,0.75546,0,0,0,0,0.436938,0.314039,0.472158,0.316791,0.375688,0.398469,0,0
0.469106,0.335849,0.42623,0.491165,0.361888,0.507524,0,0,0,0,0.489036,0.485688,0.570204,0.52928,0.496682,0.425764,0.467583,0.771818,0.420091,0.790889,0,0,0,0,0.516602,0.75546,0,0,0,0,0.433895,0.316757,0.464529,0.316805,0.374164,0.401208,0,0
0.467586,0.338509,0.426229,0.4912,0.364957,0.507512,0,0,0,0,0.485977,0.485716,0.568671,0.529292,0.495161,0.425754,0.475236,0.788165,0.426224,0.812686,0,0,0,0,0.519661,0.758199,0,0,0,0,0.433878,0.31677,0.46606,0.319522,0.374142,0.401183,0,0
0.466059,0.335831,0.424673,0.488479,0.361897,0.504774,0,0,0,0,0.482884,0.482971,0.567127,0.523872,0.493611,0.425709,0.473701,0.777266,0.424689,0.796338,0,0,0,0,0.518132,0.758181,0,0,0,0,0.433859,0.31407,0.464514,0.316755,0.374109,0.398489,0,0
0.467591,0.335808,0.42471,0.488433,0.364957,0.496625,0,0,0,0,0.484436,0.482966,0.567152,0.52117,0.493614,0.422993,0.473704,0.777267,0.423158,0.799064,0,0,0,0,0.521195,0.758191,0,0,0,0,0.4339,0.314022,0.469095,0.316782,0.374142,0.395784,0,0
0.469108,0.335803,0.424701,0.485668,0.358827,0.48844,0,0,0,0,0.487502,0.482994,0.570185,0.518436,0.493631,0.420324,0.472171,0.760912,0.415496,0.785435,0,0,0,0,0.524252,0.739119,0,0,0,0,0.435415,0.314006,0.470644,0.316763,0.375654,0.393067,0,0
0.470641,0.333122,0.426214,0.485679,0.360349,0.488457,0,0,0,0,0.48902,0.480283,0.571734,0.515715,0.493613,0.417572,0.475232,0.763636,0.413966,0.788165,0,0,0,0,0.528851,0.733665,0,0,0,0,0.436954,0.313994,0.47216,0.314057,0.375687,0.393065,0,0
0.467582,0.327694,0.424716,0.485689,0.361888,0.491153,0,0,0,0,0.490546,0.477552,0.573254,0.496592,0.489014,0.409443,0.492097,0.744565,0.44001,0.771815,0,0,0,0,0.541104,0.711866,0,0,0,0,0.430826,0.305864,0.470635,0.314027,0.374124,0.387592,0,0
0.464526,0.330394,0.424719,0.4884,0.361895,0.496617,0,0,0,0,0.489035,0.480261,0.57023,0.491158,0.489011,0.412148,0.492089,0.741834,0.441539,0.771807,0,0,0,0,0.541099,0.703697,0,0,0,0,0.426242,0.300461,0.469096,0.314035,0.372599,0.387639,0,0
0.461443,0.31677,0.42468,0.482979,0.357296,0.488416,0,0,0,0,0.489028,0.480241,0.568694,0.482968,0.482886,0.406726,0.489027,0.744565,0.433881,0.782713,0,0,0,0,0.53957,0.700977,0,0,0,0,0.424704,0.297732,0.466045,0.311289,0.371059,0.384909,0,0
0.461473,0.319543,0.424711,0.488431,0.361882,0.49933,0,0,0,0,0.489018,0.483005,0.570212,0.482979,0.4829,0.414886,0.489026,0.752748,0.432346,0.793609,0,0,0,0,0.541099,0.709139,0,0,0,0,0.426204,0.305852,0.467579,0.314019,0.371088,0.393049,0,0
0.45992,0.319534,0.424716,0.488406,0.35883,0.496602,0,0,0,0,0.49208,0.485694,0.570222,0.480262,0.484422,0.420283,0.485958,0.758187,0.424687,0.801787,0,0,0,0,0.541096,0.711878,0,0,0,0,0.424707,0.308552,0.466051,0.314022,0.371077,0.393086,0,0
0.458413,0.324968,0.424709,0.491167,0.360358,0.504782,0,0,0,0,0.489021,0.485719,0.568683,0.477564,0.482887,0.417574,0.484425,0.760909,0.426222,0.796333,0,0,0,0,0.538045,0.725487,0,0,0,0,0.423177,0.308596,0.466039,0.316757,0.369558,0.395812,0,0
0.456852,0.324975,0.424688,0.491125,0.358833,0.507489,0,0,0,0,0.487492,0.485681,0.565609,0.474835,0.481372,0.41488,0.482892,0.744562,0.430818,0.76364,0,0,0,0,0.531916,0.706428,0,0,0,0,0.421626,0.308623,0.459948,0.316761,0.364953,0.39846,0,0
0.455338,0.335854,0.42468,0.488443,0.358829,0.504791,0,0,0,0,0.48444,0.480245,0.564092,0.477542,0.482888,0.412122,0.482893,0.747291,0.432348,0.771817,0,0,0,0,0.531908,0.706433,0,0,0,0,0.421617,0.311341,0.459946,0.322239,0.363412,0.395812,0,0
0.456851,0.335839,0.424674,0.488395,0.360364,0.50477,0,0,0,0,0.484424,0.474843,0.564084,0.482991,0.484435,0.403992,0.481365,0.752731,0.432351,0.782709,0,0,0,0,0.528848,0.709144,0,0,0,0,0.42315,0.314107,0.459935,0.324945,0.364968,0.401183,0,0
0.458386,0.338526,0.423139,0.485723,0.357292,0.496631,0,0,0,0,0.485962,0.477539,0.565613,0.485705,0.485966,0.404001,0.478309,0.752749,0.42775,0.777266,0,0,0,0,0.528848,0.717318,0,0,0,0,0.424693,0.316768,0.464511,0.330381,0.366492,0.398549,0,0
0.45992,0.341356,0.423168,0.488432,0.357298,0.499344,0,0,0,0,0.487498,0.482986,0.567155,0.491134,0.489034,0.406707,0.476766,0.750017,0.423161,0.774536,0,0,0,0,0.527315,0.711868,0,0,0,0,0.427752,0.324954,0.464526,0.335816,0.371088,0.401245,0,0
0.459909,0.344048,0.423184,0.488434,0.358825,0.49663,0,0,0,0,0.489017,0.482995,0.56866,0.491193,0.48904,0.409422,0.478296,0.74456,0.426222,0.763641,0,0,0,0,0.528849,0.703709,0,0,0,0,0.42774,0.327673,0.464523,0.335875,0.372582,0.401256,0,0
0.458404,0.346755,0.423172,0.488474,0.357287,0.499341,0,0,0,0,0.485972,0.483016,0.568677,0.502057,0.490572,0.417599,0.479831,0.747292,0.429284,0.771805,0,0,0,0,0.528859,0.709151,0,0,0,0,0.426237,0.327648,0.466039,0.338531,0.369552,0.401235,0,0
0.459904,0.346783,0.424683,0.49389,0.358805,0.507525,0,0,0,0,0.487512,0.488438,0.570181,0.510273,0.495123,0.425738,0.478309,0.752749,0.426216,0.77999,0,0,0,0,0.530386,0.720041,0,0,0,0,0.427748,0.330374,0.466045,0.338597,0.37108,0.401298,0,0
0.462972,0.360314,0.426218,0.50204,0.357284,0.51022,0,0,0,0,0.490555,0.496611,0.570227,0.521091,0.496682,0.43393,0.487488,0.747296,0.427755,0.774542,0,0,0,0,0.539571,0.714595,0,0,0,0,0.429303,0.335806,0.472157,0.346722,0.372575,0.403944,0,0
0.462993,0.357618,0.426231,0.504773,0.358817,0.510227,0,0,0,0,0.489026,0.496634,0.571737,0.52661,0.498206,0.436655,0.485957,0.750019,0.426223,0.777269,0,0,0,0,0.539569,0.711877,0,0,0,0,0.430813,0.335862,0.473696,0.349462,0.372598,0.406665,0,0
0.466049,0.360362,0.426223,0.504783,0.355772,0.51023,0,0,0,0,0.490552,0.502078,0.57325,0.534712,0.498214,0.439407,0.490554,0.75274,0,0,0,0,0,0,0.542629,0.714603,0,0,0,0,0.433882,0.338535,0.473718,0.346746,0.374107,0.409439,0,0
0.467581,0.360384,0.426239,0.510197,0.358816,0.515665,0,0,0,0,0.490546,0.504771,0.573267,0.534745,0.49823,0.439401,0.472176,0.831759,0.412434,0.839928,0,0,0,0,0.53191,0.755463,0,0,0,0,0.433894,0.338573,0.475215,0.346764,0.374123,0.412127,0,0
0.47063,0.360329,0.429298,0.504759,0.357299,0.504782,0,0,0,0,0.495169,0.499347,0.576332,0.534753,0.499747,0.43669,0.476768,0.777259,0.412436,0.799064,0,0,0,0,0.533445,0.744567,0,0,0,0,0.435417,0.33856,0.475233,0.346755,0.374172,0.412152,0,0
0.470646,0.357652,0.433877,0.502079,0.360363,0.502052,0,0,0,0,0.496686,0.499344,0.577857,0.537478,0.50129,0.433963,0.4829,0.774541,0.420097,0.801788,0,0,0,0,0.539576,0.744569,0,0,0,0,0.435428,0.338568,0.475257,0.346738,0.375685,0.414863,0,0
0.47216,0.352205,0.435404,0.49119,0.36189,0.491179,0,0,0,0,0.499766,0.491154,0.580924,0.532028,0.507402,0.425773,0.473701,0.758189,0.412434,0.790887,0,0,0,0,0.527312,0.733672,0,0,0,0,0.436937,0.33586,0.475223,0.341279,0.37722,0.409424,0,0
0.472164,0.3549,0.43389,0.4939,0.361888,0.499325,0,0,0,0,0.498222,0.488485,0.582456,0.526584,0.519645,0.428466,0.47371,0.769087,0.412434,0.801783,0,0,0,0,0.528855,0.750014,0,0,0,0,0.435427,0.335868,0.473718,0.341301,0.377193,0.412131,0,0
0.47062,0.357638,0.427761,0.493877,0.358824,0.499319,0,0,0,0,0.495158,0.488473,0.579407,0.52113,0.51353,0.423046,0.478301,0.823585,0.420092,0.823586,0,0,0,0,0.534979,0.842656,0,0,0,0,0.435425,0.33856,0.473698,0.341341,0.374166,0.414872,0,0
0.470624,0.357653,0.424722,0.493862,0.355772,0.499327,0,0,0,0,0.493624,0.491128,0.577878,0.526553,0.508932,0.425775,0.476767,0.807238,0.413968,0.837207,0,0,0,0,0.531916,0.755463,0,0,0,0,0.435424,0.338623,0.473691,0.346736,0.374144,0.417559,0,0
0.472172,0.365799,0.424691,0.493887,0.357278,0.499349,0,0,0,0,0.492073,0.491196,0.574804,0.548389,0.507407,0.433921,0.470643,0.856284,0.41397,0.850835,0,0,0,0,0.524253,0.856283,0,0,0,0,0.440003,0.341356,0.473691,0.352177,0.377194,0.42028,0,0
0.473709,0.368553,0.424712,0.493922,0.357283,0.499322,0,0,0,0,0.492092,0.496603,0.574807,0.553882,0.510472,0.439382,0.459927,0.823586,0.401715,0.842655,0,0,0,0,0.518127,0.78816,0,0,0,0,0.443071,0.344052,0.473717,0.354925,0.381804,0.423027,0,0
0.478292,0.374011,0.429283,0.49391,0.358831,0.493894,0,0,0,0,0.495156,0.496628,0.576316,0.561989,0.519656,0.442072,0.464517,0.785433,0.410914,0.799057,0,0,0,0,0.518134,0.758197,0,0,0,0,0.44769,0.346763,0.479824,0.357661,0.386404,0.423006,0,0
0.479835,0.3713,0.427753,0.491217,0.358833,0.493891,0,0,0,0,0.495153,0.493892,0.577859,0.559267,0.521191,0.439356,0.464522,0.77454,0.409373,0.785436,0,0,0,0,0.52119,0.755472,0,0,0,0,0.449221,0.34675,0.479836,0.354895,0.387923,0.42033,0,0
0.478306,0.371252,0.429299,0.491153,0.360342,0.493895,0,0,0,0,0.496678,0.491175,0.579403,0.55112,0.521204,0.431211,0.469111,0.804516,0.409372,0.820863,0,0,0,0,0.524254,0.785436,0,0,0,0,0.449209,0.341314,0.481349,0.352204,0.387922,0.417562,0,0
0.478292,0.365846,0.427765,0.491183,0.35883,0.496624,0,0,0,0,0.496664,0.49115,0.579384,0.551079,0.521187,0.431188,0.46452,0.796332,0.40784,0.812686,0,0,0,0,0.519662,0.779984,0,0,0,0,0.449195,0.341293,0.479815,0.352176,0.387922,0.414862,0,0
0.47831,0.368528,0.427766,0.491201,0.358834,0.496632,0,0,0,0,0.496668,0.49117,0.579382,0.548371,0.521187,0.431196,0.46605,0.818136,0.407843,0.831762,0,0,0,0,0.524251,0.796336,0,0,0,0,0.449201,0.341307,0.479825,0.352169,0.387922,0.417576,0,0
0.478306,0.368531,0.427749,0.493908,0.357295,0.504785,0,0,0,0,0.495159,0.491173,0.579387,0.548379,0.521189,0.431189,0.472171,0.807238,0.410904,0.837206,0,0,0,0,0.525783,0.771817,0,0,0,0,0.449195,0.341352,0.478312,0.34945,0.387914,0.420278,0,0
0.478287,0.371257,0.4293,0.496587,0.357304,0.502053,0,0,0,0,0.498212,0.493876,0.580906,0.545654,0.521206,0.428536,0.473702,0.77999,0.413964,0.804511,0,0,0,0,0.527321,0.755457,0,0,0,0,0.44769,0.346751,0.479814,0.354885,0.386409,0.420325,0,0
0.4783,0.371274,0.430831,0.493893,0.360368,0.502077,0,0,0,0,0.498236,0.491157,0.58094,0.542902,0.52425,0.428533,0.478304,0.78271,0.421621,0.804514,0,0,0,0,0.531917,0.755458,0,0,0,0,0.44769,0.346746,0.479836,0.354889,0.386421,0.420336,0,0
0.479835,0.363085,0.436935,0.493906,0.366479,0.5075,0,0,0,0,0.501286,0.488423,0.582483,0.534797,0.531914,0.428472,0.485962,0.774539,0.424695,0.809961,0,0,0,0,0.539564,0.733669,0,0,0,0,0.447691,0.341274,0.478313,0.344037,0.387909,0.417566,0,0
0.479836,0.360368,0.435423,0.491138,0.363419,0.499331,0,0,0,0,0.504344,0.485732,0.588601,0.529328,0.536519,0.417595,0.481361,0.804509,0.421625,0.818135,0,0,0,0,0.53651,0.75819,0,0,0,0,0.447695,0.33855,0.479842,0.341284,0.387951,0.406727,0,0
0.481364,0.363112,0.435417,0.491145,0.361893,0.499318,0,0,0,0,0.504341,0.488373,0.591624,0.53204,0.541121,0.403993,0.476768,0.796336,0.418565,0.818134,0,0,0,0,0.530384,0.774538,0,0,0,0,0.447687,0.335868,0.482905,0.341304,0.386405,0.403943,0,0
0.481366,0.365792,0.435404,0.488468,0.361892,0.49391,0,0,0,0,0.502822,0.485691,0.590128,0.529338,0.541119,0.403948,0.475245,0.788165,0.417032,0.820856,0,0,0,0,0.530384,0.766366,0,0,0,0,0.447694,0.335867,0.482894,0.341307,0.386395,0.40129,0,0
0.484434,0.363068,0.433887,0.488398,0.361891,0.491185,0,0,0,0,0.502816,0.48296,0.588599,0.526558,0.536497,0.398531,0.472169,0.782716,0.410909,0.801786,0,0,0,0,0.524259,0.763645,0,0,0,0,0.450744,0.335838,0.482909,0.341286,0.387926,0.40127,0,0
0.481368,0.354932,0.433883,0.485709,0.361901,0.491141,0,0,0,0,0.50129,0.480271,0.588573,0.526576,0.533457,0.40119,0.472179,0.799061,0.412435,0.823585,0,0,0,0,0.525787,0.769088,0,0,0,0,0.450721,0.335812,0.482872,0.338555,0.387934,0.40125,0,0
0.479832,0.341271,0.433863,0.482957,0.361887,0.485732,0,0,0,0,0.499745,0.477516,0.576356,0.534747,0.524264,0.401233,0.470647,0.769088,0.410903,0.796334,0,0,0,0,0.524254,0.75273,0,0,0,0,0.44919,0.319532,0.478298,0.322242,0.38793,0.398512,0,0
0.479833,0.344006,0.433863,0.477523,0.361892,0.485699,0,0,0,0,0.499747,0.472103,0.568681,0.540218,0.519649,0.401216,0.470639,0.758193,0.412435,0.774537,0,0,0,0,0.52272,0.736393,0,0,0,0,0.450726,0.316821,0.482873,0.327674,0.389448,0.398501,0,0
0.482874,0.344068,0.435409,0.482974,0.363429,0.48569,0,0,0,0,0.501284,0.480252,0.55797,0.534744,0.495172,0.371241,0.472171,0.741844,0.417033,0.752735,0,0,0,0,0.524252,0.717311,0,0,0,0,0.450745,0.316832,0.482903,0.31954,0.389469,0.398525,0,0
0.479815,0.35219,0.435401,0.482956,0.364963,0.477532,0,0,0,0,0.499735,0.485671,0.562555,0.518419,0.490565,0.382185,0.472173,0.728215,0.418559,0.73367,0,0,0,0,0.521195,0.703691,0,0,0,0,0.452253,0.319509,0.484413,0.333091,0.390977,0.398526,0,0
0.479832,0.341299,0.43695,0.48301,0.368016,0.4884,0,0,0,0,0.501281,0.477514,0.568693,0.515726,0.50588,0.401225,0.476775,0.733668,0.423155,0.750011,0,0,0,0,0.53192,0.706417,0,0,0,0,0.452257,0.322239,0.481351,0.316748,0.390994,0.401229,0,0
0.485973,0.357605,0.433881,0.488379,0.361901,0.49387,0,0,0,0,0.499748,0.480266,0.57327,0.529325,0.525767,0.395778,0.475245,0.758188,0.421623,0.777259,0,0,0,0,0.531914,0.730942,0,0,0,0,0.453806,0.327663,0.482915,0.316803,0.391003,0.401275,0,0
0.487505,0.341325,0.435401,0.485692,0.361877,0.491147,0,0,0,0,0.504351,0.480274,0.576352,0.537457,0.5319,0.398505,0.47371,0.766366,0.41703,0.788158,0,0,0,0,0.528844,0.747288,0,0,0,0,0.456863,0.322238,0.48595,0.316753,0.394038,0.401216,0,0
0.487488,0.341313,0.436932,0.483007,0.361904,0.488416,0,0,0,0,0.504355,0.480251,0.577874,0.532055,0.527318,0.401228,0.475246,0.755465,0.420093,0.769085,0,0,0,0,0.528855,0.730934,0,0,0,0,0.458369,0.322202,0.485974,0.316789,0.395566,0.398527,0,0
0.487496,0.341329,0.436931,0.485677,0.363419,0.488408,0,0,0,0,0.50433,0.483002,0.576344,0.529331,0.525796,0.395762,0.47371,0.763646,0.4155,0.785437,0,0,0,0,0.527322,0.744569,0,0,0,0,0.458374,0.322202,0.485964,0.314084,0.395565,0.398533,0,0
0.489014,0.341356,0.435419,0.488399,0.363425,0.488447,0,0,0,0,0.502797,0.485698,0.576331,0.529273,0.52886,0.395773,0.472177,0.760919,0.415502,0.779988,0,0,0,0,0.52578,0.747286,0,0,0,0,0.458363,0.322216,0.485962,0.31409,0.394057,0.398533,0,0
0.489032,0.346771,0.435419,0.485729,0.363412,0.488439,0,0,0,0,0.502816,0.485662,0.579393,0.518443,0.528833,0.39579,0.473709,0.758199,0.417029,0.774542,0,0,0,0,0.525793,0.744564,0,0,0,0,0.458374,0.322218,0.487501,0.319492,0.394052,0.398527,0,0
0.487502,0.344048,0.435421,0.488384,0.363418,0.488471,0,0,0,0,0.502815,0.485669,0.580906,0.518438,0.528842,0.398472,0.475246,0.758198,0.420093,0.774542,0,0,0,0,0.52885,0.73912,0,0,0,0,0.458381,0.322257,0.487497,0.3222,0.39406,0.398544,0,0
0.490539,0.341356,0.435428,0.485733,0.361896,0.491135,0,0,0,0,0.504352,0.483004,0.582448,0.531993,0.531926,0.398489,0.479833,0.763637,0.423161,0.77999,0,0,0,0,0.533449,0.74729,0,0,0,0,0.458404,0.327652,0.487499,0.319504,0.395574,0.401188,0,0
0.489033,0.344014,0.436928,0.485682,0.363425,0.488412,0,0,0,0,0.505853,0.482995,0.583992,0.532004,0.534986,0.401204,0.476778,0.766367,0.421622,0.788165,0,0,0,0,0.531913,0.752734,0,0,0,0,0.458409,0.324954,0.489039,0.333087,0.39709,0.398539,0,0
0.490563,0.341304,0.438478,0.482991,0.364965,0.485716,0,0,0,0,0.507397,0.480282,0.588582,0.523831,0.53039,0.40124,0.479835,0.76092,0.421626,0.788164,0,0,0,0,0.536508,0.739121,0,0,0,0,0.459901,0.319521,0.490556,0.327667,0.397093,0.398476,0,0
0.490561,0.341282,0.440003,0.482969,0.366492,0.485684,0,0,0,0,0.507406,0.480231,0.587059,0.515723,0.530377,0.401249,0.485962,0.747295,0.42469,0.758196,0,0,0,0,0.542642,0.714598,0,0,0,0,0.459901,0.319519,0.490558,0.324931,0.39711,0.398477,0,0
0.492072,0.341353,0.441549,0.485692,0.368019,0.485701,0,0,0,0,0.508946,0.482997,0.585521,0.496637,0.522704,0.39578,0.485964,0.75274,0.426223,0.760912,0,0,0,0,0.542629,0.722772,0,0,0,0,0.459923,0.319486,0.492103,0.31681,0.397107,0.39581,0,0
0.492063,0.34404,0.443059,0.485695,0.368017,0.485697,0,0,0,0,0.510462,0.485721,0.585527,0.491139,0.5166,0.393066,0.478303,0.755466,0.421626,0.763641,0,0,0,0,0.539571,0.725498,0,0,0,0,0.459922,0.319513,0.493607,0.322203,0.397112,0.398463,0,0
0.490567,0.344024,0.443063,0.485693,0.368018,0.485701,0,0,0,0,0.510473,0.485731,0.585542,0.488396,0.510474,0.390327,0.484432,0.755461,0.426223,0.76092,0,0,0,0,0.542631,0.72549,0,0,0,0,0.459897,0.319532,0.492103,0.319517,0.397088,0.398456,0,0
0.490537,0.341336,0.443083,0.485686,0.368026,0.485705,0,0,0,0,0.510468,0.485715,0.587063,0.491133,0.518115,0.395797,0.485958,0.74729,0.42622,0.758187,0,0,0,0,0.542633,0.717324,0,0,0,0,0.458413,0.319497,0.492095,0.322227,0.395605,0.398478,0,0
0.490544,0.341303,0.441543,0.482977,0.369547,0.485714,0,0,0,0,0.508917,0.477565,0.590102,0.504777,0.521209,0.401206,0.484429,0.741844,0.423159,0.758193,0,0,0,0,0.544162,0.711875,0,0,0,0,0.458363,0.316816,0.492072,0.324939,0.395596,0.398478,0,0
0.490561,0.338564,0.443054,0.480281,0.369548,0.48568,0,0,0,0,0.507411,0.477543,0.590125,0.510211,0.522719,0.401269,0.478305,0.733663,0.420092,0.744565,0,0,0,0,0.538038,0.709138,0,0,0,0,0.45685,0.316782,0.489019,0.316788,0.395601,0.398481,0,0
0.487495,0.335794,0.444597,0.485672,0.37261,0.485726,0,0,0,0,0.507415,0.474832,0.59164,0.515718,0.525781,0.403969,0.482896,0.744563,0.42469,0.750017,0,0,0,0,0.539569,0.717322,0,0,0,0,0.45379,0.314097,0.484446,0.311317,0.395587,0.398542,0,0
0.489011,0.333122,0.441559,0.482974,0.371083,0.485718,0,0,0,0,0.507406,0.474839,0.591658,0.518412,0.525804,0.40398,0.482897,0.747284,0.423161,0.75546,0,0,0,0,0.539569,0.722762,0,0,0,0,0.452265,0.314075,0.484436,0.308613,0.395569,0.398514,0,0
0.484445,0.330381,0.438469,0.477518,0.364968,0.482981,0,0,0,0,0.50588,0.472114,0.590134,0.518404,0.525792,0.40129,0.475243,0.741845,0.421628,0.752731,0,0,0,0,0.527313,0.722769,0,0,0,0,0.449209,0.314028,0.482894,0.303181,0.391011,0.395811,0,0
0.484426,0.327691,0.436951,0.477545,0.364961,0.485686,0,0,0,0,0.505856,0.474789,0.591628,0.518413,0.52731,0.401283,0.475246,0.755466,0.421626,0.763635,0,0,0,0,0.528852,0.74184,0,0,0,0,0.447692,0.314029,0.482882,0.305888,0.390986,0.395788,0,0
0.482908,0.32769,0.435422,0.477511,0.363437,0.485692,0,0,0,0,0.504335,0.472056,0.591624,0.521123,0.528858,0.401257,0.473711,0.755466,0.415502,0.760922,0,0,0,0,0.525792,0.741846,0,0,0,0,0.447648,0.314012,0.481376,0.305882,0.389475,0.395771,0,0
0.481382,0.330392,0.435399,0.474797,0.363424,0.482976,0,0,0,0,0.504334,0.469397,0.590133,0.523841,0.528867,0.401201,0.473709,0.755457,0.415504,0.760919,0,0,0,0,0.527314,0.739112,0,0,0,0,0.446153,0.314016,0.481378,0.311311,0.38795,0.395783,0,0
0.479848,0.327662,0.435416,0.472088,0.364956,0.480277,0,0,0,0,0.502812,0.469355,0.590119,0.518394,0.53039,0.398488,0.47523,0.750012,0.418566,0.758184,0,0,0,0,0.525793,0.730935,0,0,0,0,0.446111,0.311328,0.481362,0.311307,0.387927,0.393029,0,0
0.47984,0.322244,0.435398,0.472076,0.36342,0.480239,0,0,0,0,0.504327,0.469357,0.590106,0.515702,0.528866,0.398471,0.472171,0.752736,0.413967,0.758184,0,0,0,0,0.524252,0.736387,0,0,0,0,0.444592,0.311281,0.47832,0.308617,0.387925,0.39307,0,0
0.47984,0.324965,0.435407,0.472062,0.363432,0.480252,0,0,0,0,0.502801,0.469337,0.585535,0.512912,0.522735,0.395769,0.479833,0.752732,0.418566,0.763638,0,0,0,0,0.538033,0.725484,0,0,0,0,0.446106,0.308602,0.479832,0.311302,0.387938,0.393034,0,0
0.482899,0.319477,0.436932,0.472101,0.363416,0.480245,0,0,0,0,0.504338,0.472058,0.583983,0.507523,0.518129,0.393045,0.476778,0.755466,0.417028,0.76637,0,0,0,0,0.534971,0.730938,0,0,0,0,0.447667,0.305864,0.48137,0.305842,0.389458,0.393074,0,0
0.484418,0.319481,0.438466,0.474798,0.36495,0.480262,0,0,0,0,0.50586,0.474815,0.580942,0.512995,0.516593,0.398463,0.475233,0.755455,0.417035,0.760921,0,0,0,0,0.525791,0.739114,0,0,0,0,0.450741,0.303131,0.482903,0.30315,0.392512,0.390313,0,0
0.484452,0.316816,0.438473,0.474835,0.364956,0.482957,0,0,0,0,0.505882,0.477512,0.580921,0.515693,0.513531,0.395763,0.472165,0.755455,0.412437,0.760915,0,0,0,0,0.522723,0.741845,0,0,0,0,0.452274,0.300444,0.482912,0.300445,0.392529,0.387622,0,0
0.489007,0.319481,0.440001,0.474837,0.364953,0.480236,0,0,0,0,0.507392,0.48027,0.580937,0.51567,0.516582,0.395798,0.462989,0.739117,0.407835,0.752742,0,0,0,0,0.521186,0.728212,0,0,0,0,0.455327,0.300458,0.48595,0.300428,0.394065,0.387627,0,0
0.487501,0.322231,0.441532,0.474801,0.368008,0.477545,0,0,0,0,0.507401,0.477546,0.582456,0.515664,0.519654,0.398468,0.472177,0.747286,0.412435,0.752735,0,0,0,0,0.524258,0.728223,0,0,0,0,0.455333,0.303153,0.485966,0.305868,0.394072,0.3876,0,0
0.490539,0.322228,0.440012,0.477511,0.366495,0.482961,0,0,0,0,0.507425,0.477547,0.584002,0.512978,0.521194,0.395778,0.47524,0.75547,0.413968,0.760919,0,0,0,0,0.527324,0.744566,0,0,0,0,0.456847,0.30586,0.489013,0.308578,0.39559,0.387639,0,0
0.492067,0.327658,0.440026,0.47752,0.369539,0.480276,0,0,0,0,0.508916,0.477532,0.587072,0.512969,0.522735,0.401199,0.476768,0.747294,0.415502,0.755461,0,0,0,0,0.531913,0.730936,0,0,0,0,0.458362,0.308581,0.490546,0.311323,0.395583,0.393033,0,0
0.490547,0.333102,0.441538,0.480247,0.369558,0.485677,0,0,0,0,0.508914,0.47755,0.588579,0.515716,0.522733,0.403941,0.476772,0.755471,0.413971,0.763639,0,0,0,0,0.533444,0.741839,0,0,0,0,0.458359,0.313994,0.487495,0.311321,0.395603,0.39581,0,0
0.49206,0.335845,0.440006,0.480278,0.368018,0.485727,0,0,0,0,0.507413,0.480231,0.588587,0.52112,0.522744,0.403991,0.475241,0.750011,0.412435,0.752743,0,0,0,0,0.531917,0.733663,0,0,0,0,0.456872,0.314086,0.489015,0.314048,0.395594,0.398483,0,0
0.490567,0.338604,0.439991,0.485711,0.368005,0.491151,0,0,0,0,0.507399,0.485669,0.587056,0.526595,0.522724,0.409409,0.476771,0.750005,0.420093,0.758192,0,0,0,0,0.531908,0.73094,0,0,0,0,0.458369,0.31951,0.489019,0.319493,0.395586,0.401184,0,0
0.490567,0.338586,0.438499,0.485667,0.366492,0.48847,0,0,0,0,0.507399,0.480261,0.585533,0.529265,0.524233,0.404025,0.473711,0.750016,0.41856,0.758188,0,0,0,0,0.527314,0.73367,0,0,0,0,0.458401,0.319524,0.49057,0.322237,0.395596,0.401179,0,0
0.490555,0.338601,0.440003,0.482974,0.368016,0.488448,0,0,0,0,0.507419,0.477522,0.587052,0.529281,0.525785,0.403984,0.476767,0.755471,0.418566,0.766362,0,0,0,0,0.531908,0.73912,0,0,0,0,0.459898,0.319499,0.492084,0.319524,0.395605,0.3985,0,0
0.490557,0.338618,0.439996,0.48298,0.368015,0.488455,0,0,0,0,0.507416,0.477519,0.587043,0.529284,0.525778,0.404002,0.478297,0.755464,0.420097,0.763645,0,0,0,0,0.531918,0.739111,0,0,0,0,0.458414,0.319512,0.492077,0.322235,0.397087,0.398504,0,0
0.49054,0.338618,0.440003,0.485665,0.366498,0.488445,0,0,0,0,0.5074,0.482969,0.584014,0.52932,0.525768,0.409434,0.473711,0.758184,0.417031,0.766364,0,0,0,0,0.527321,0.741844,0,0,0,0,0.458398,0.32222,0.490544,0.322236,0.395586,0.398548,0,0
0.489029,0.34127,0.439999,0.485727,0.366485,0.491146,0,0,0,0,0.507393,0.483002,0.584001,0.53203,0.524264,0.412163,0.478304,0.758189,0.421621,0.769093,0,0,0,0,0.534976,0.744559,0,0,0,0,0.458374,0.324953,0.487511,0.319512,0.395578,0.401199,0,0
0.489026,0.338624,0.440014,0.485735,0.369545,0.488462,0,0,0,0,0.505876,0.483004,0.584004,0.532022,0.524248,0.420336,0.478302,0.758192,0.421629,0.777259,0,0,0,0,0.533442,0.741841,0,0,0,0,0.456866,0.322256,0.485978,0.316807,0.395561,0.401235,0,0
0.48902,0.338623,0.440022,0.488396,0.369547,0.488468,0,0,0,0,0.505871,0.485696,0.583996,0.532017,0.522739,0.423004,0.476775,0.760908,0.421627,0.774543,0,0,0,0,0.530381,0.747286,0,0,0,0,0.45684,0.322205,0.485975,0.316787,0.395563,0.401226,0,0
0.484448,0.338595,0.440009,0.485723,0.369553,0.488466,0,0,0,0,0.504332,0.482959,0.583997,0.529304,0.518133,0.417577,0.479836,0.755465,0.424693,0.771817,0,0,0,0,0.53344,0.733674,0,0,0,0,0.453804,0.322203,0.484429,0.316789,0.39404,0.401213,0,0
0.484422,0.338607,0.436963,0.485707,0.364961,0.491149,0,0,0,0,0.50435,0.480267,0.583993,0.529271,0.518133,0.414841,0.475247,0.758193,0.418562,0.774541,0,0,0,0,0.531913,0.739115,0,0,0,0,0.452272,0.322213,0.484425,0.316803,0.392509,0.398535,0,0
0.482878,0.344007,0.436937,0.485731,0.364951,0.49119,0,0,0,0,0.502806,0.477557,0.583981,0.523863,0.518131,0.409427,0.472173,0.758194,0.415501,0.769087,0,0,0,0,0.524261,0.747285,0,0,0,0,0.452257,0.33037,0.484436,0.330404,0.389482,0.39854,0,0
0.482876,0.341359,0.436937,0.485712,0.364944,0.491158,0,0,0,0,0.502821,0.480241,0.583986,0.526568,0.521211,0.409409,0.472178,0.755458,0.415498,0.763636,0,0,0,0,0.525784,0.739115,0,0,0,0,0.450732,0.330396,0.484426,0.32768,0.389467,0.398554,0,0
0.481353,0.344014,0.435423,0.485683,0.363432,0.488465,0,0,0,0,0.504337,0.477559,0.582477,0.532066,0.530368,0.401206,0.473712,0.741842,0.418559,0.755465,0,0,0,0,0.527319,0.717325,0,0,0,0,0.450721,0.330387,0.484443,0.330381,0.389446,0.398523,0,0
0.481376,0.346755,0.436931,0.488387,0.366478,0.491167,0,0,0,0,0.502818,0.482964,0.582469,0.540199,0.538038,0.401222,0.4783,0.75546,0.420097,0.763641,0,0,0,0,0.531913,0.733661,0,0,0,0,0.45073,0.333142,0.484412,0.330399,0.389446,0.398554,0,0
0.484411,0.360338,0.436931,0.488396,0.363428,0.491177,0,0,0,0,0.504342,0.482984,0.582454,0.542942,0.547247,0.393071,0.473699,0.755471,0.413973,0.763645,0,0,0,0,0.527315,0.739122,0,0,0,0,0.450723,0.335878,0.487493,0.338564,0.387952,0.401242,0,0
0.48443,0.360388,0.43694,0.485731,0.363427,0.488454,0,0,0,0,0.504342,0.482996,0.582452,0.537457,0.547227,0.395787,0.472169,0.750014,0.41397,0.758189,0,0,0,0,0.524252,0.730944,0,0,0,0,0.452254,0.338518,0.489007,0.341264,0.389458,0.401225,0,0
0.487481,0.360322,0.436933,0.485682,0.363425,0.488427,0,0,0,0,0.50587,0.480264,0.583985,0.515703,0.541097,0.382202,0.472179,0.758199,0.415499,0.771812,0,0,0,0,0.525777,0.747287,0,0,0,0,0.453785,0.335874,0.487506,0.338549,0.389474,0.401186,0,0
0.484451,0.357663,0.436932,0.485695,0.363427,0.488445,0,0,0,0,0.505881,0.480273,0.583982,0.512929,0.538052,0.379405,0.476768,0.76364,0.418562,0.785434,0,0,0,0,0.530384,0.741839,0,0,0,0,0.453779,0.335874,0.487494,0.338568,0.389466,0.401197,0,0
0.485961,0.360358,0.436962,0.4857,0.363435,0.488459,0,0,0,0,0.505887,0.480272,0.585534,0.515726,0.542613,0.387588,0.475242,0.758184,0.417032,0.771811,0,0,0,0,0.531914,0.736391,0,0,0,0,0.453792,0.338533,0.489028,0.341287,0.389473,0.401227,0,0
0.485975,0.360398,0.436966,0.488387,0.364947,0.491186,0,0,0,0,0.505881,0.480282,0.587054,0.521137,0.542638,0.393072,0.482896,0.755463,0.423158,0.77999,0,0,0,0,0.541109,0.722766,0,0,0,0,0.455319,0.338595,0.487507,0.34129,0.390985,0.401291,0,0
0.487493,0.36306,0.438483,0.488414,0.363435,0.493867,0,0,0,0,0.50742,0.485664,0.590107,0.52655,0.544151,0.39576,0.482894,0.763642,0.42163,0.793613,0,0,0,0,0.541101,0.733668,0,0,0,0,0.456843,0.338621,0.490536,0.341286,0.391001,0.403945,0,0
0.485977,0.360392,0.438478,0.488416,0.363429,0.491194,0,0,0,0,0.508921,0.483008,0.591631,0.523855,0.54415,0.390362,0.482897,0.766366,0.423161,0.790887,0,0,0,0,0.541102,0.744563,0,0,0,0,0.455338,0.338605,0.489028,0.341285,0.390996,0.401271,0,0
0.489013,0.357626,0.439996,0.488392,0.364949,0.491153,0,0,0,0,0.50894,0.482979,0.591668,0.521146,0.544171,0.390351,0.478306,0.763644,0.420096,0.785438,0,0,0,0,0.536513,0.747287,0,0,0,0,0.456854,0.338536,0.490546,0.33857,0.392525,0.401256,0,0
0.489009,0.357616,0.439998,0.488381,0.364958,0.491158,0,0,0,0,0.508945,0.480289,0.593153,0.521127,0.544168,0.390335,0.476774,0.763641,0.418563,0.790886,0,0,0,0,0.534975,0.744569,0,0,0,0,0.456846,0.338522,0.48903,0.338527,0.392525,0.401244,0,0
0.489018,0.357639,0.439995,0.488391,0.364952,0.491175,0,0,0,0,0.508936,0.480277,0.593168,0.521135,0.54417,0.390333,0.475244,0.763639,0.41397,0.801785,0,0,0,0,0.533443,0.744562,0,0,0,0,0.456846,0.338507,0.489032,0.338579,0.392509,0.401247,0,0
0.489009,0.357654,0.440003,0.488384,0.366475,0.49115,0,0,0,0,0.508929,0.482957,0.593165,0.521157,0.544175,0.390359,0.476772,0.758196,0.420093,0.796335,0,0,0,0,0.534973,0.739113,0,0,0,0,0.456837,0.335886,0.489026,0.338592,0.392511,0.401234,0,0
0.489022,0.360346,0.44,0.488381,0.364957,0.491147,0,0,0,0,0.508926,0.482957,0.593161,0.521159,0.544186,0.39576,0.479835,0.760911,0.423154,0.774537,0,0,0,0,0.53651,0.744564,0,0,0,0,0.456847,0.338532,0.489036,0.341292,0.392512,0.40394,0,0
0.490538,0.357656,0.438497,0.4884,0.364952,0.491158,0,0,0,0,0.508921,0.482999,0.59316,0.52114,0.544177,0.393076,0.478304,0.769091,0.421625,0.790885,0,0,0,0,0.536511,0.755456,0,0,0,0,0.456854,0.338541,0.48903,0.341261,0.392544,0.40397,0,0
0.490567,0.36036,0.43848,0.488407,0.364943,0.491169,0,0,0,0,0.508924,0.482978,0.59318,0.518442,0.545679,0.390362,0.47677,0.763636,0.420091,0.782713,0,0,0,0,0.538036,0.736388,0,0,0,0,0.458371,0.335848,0.490565,0.341274,0.394065,0.401257,0,0
0.492067,0.36039,0.438485,0.488393,0.364958,0.488464,0,0,0,0,0.507417,0.485678,0.59319,0.518397,0.545708,0.39036,0.475244,0.760919,0.42009,0.777264,0,0,0,0,0.534973,0.741841,0,0,0,0,0.458382,0.335824,0.492069,0.341271,0.394058,0.401238,0,0
0.492077,0.357651,0.439999,0.485737,0.366489,0.491167,0,0,0,0,0.508931,0.482966,0.593201,0.515659,0.545716,0.390326,0.475245,0.758188,0.418567,0.76909,0,0,0,0,0.534974,0.73639,0,0,0,0,0.458397,0.335809,0.492095,0.338563,0.394074,0.401248,0,0
0.492076,0.360386,0.440007,0.4884,0.366485,0.491189,0,0,0,0,0.508941,0.48298,0.593211,0.512979,0.545725,0.390318,0.478306,0.760915,0.420096,0.788162,0,0,0,0,0.539567,0.73367,0,0,0,0,0.458397,0.335829,0.492095,0.341274,0.395571,0.401275,0,0
0.49054,0.360327,0.439994,0.485727,0.36496,0.491141,0,0,0,0,0.508936,0.48299,0.5932,0.512929,0.54572,0.390326,0.476773,0.76364,0.418562,0.78816,0,0,0,0,0.536507,0.739113,0,0,0,0,0.45836,0.335833,0.490573,0.341263,0.394048,0.401256,0,0
0.490544,0.360358,0.438484,0.485699,0.364955,0.488449,0,0,0,0,0.507418,0.480268,0.593195,0.510224,0.545724,0.387607,0.478304,0.769091,0.418566,0.801783,0,0,0,0,0.538043,0.739119,0,0,0,0,0.45836,0.335815,0.492073,0.341278,0.392542,0.401227,0,0
0.489022,0.357635,0.436962,0.485706,0.363433,0.488452,0,0,0,0,0.507406,0.482965,0.593176,0.507485,0.545702,0.382211,0.479832,0.771811,0.423156,0.818134,0,0,0,0,0.538037,0.736387,0,0,0,0,0.456842,0.333137,0.490557,0.341261,0.392508,0.401194,0,0
0.487503,0.357626,0.436949,0.485678,0.36342,0.488438,0,0,0,0,0.507395,0.480264,0.593184,0.507477,0.545702,0.384866,0.475238,0.771814,0.418561,0.812685,0,0,0,0,0.531913,0.741843,0,0,0,0,0.456832,0.333103,0.490546,0.341262,0.392503,0.398552,0,0
0.487494,0.352177,0.436937,0.482996,0.363411,0.485733,0,0,0,0,0.507382,0.480248,0.593176,0.5048,0.545691,0.382182,0.472179,0.763641,0.413971,0.78816,0,0,0,0,0.52579,0.747287,0,0,0,0,0.45532,0.333102,0.487506,0.33586,0.390981,0.398546,0,0
0.485981,0.346735,0.436944,0.483003,0.363423,0.488403,0,0,0,0,0.507386,0.480249,0.593183,0.504794,0.545686,0.382165,0.473711,0.779989,0.417029,0.809961,0,0,0,0,0.527319,0.755466,0,0,0,0,0.455325,0.330392,0.485972,0.330398,0.390992,0.398528,0,0
0.487509,0.346763,0.436933,0.482984,0.361897,0.488415,0,0,0,0,0.507389,0.477538,0.59319,0.507504,0.544176,0.376743,0.473707,0.785437,0.413967,0.801786,0,0,0,0,0.52885,0.760914,0,0,0,0,0.455336,0.327697,0.487502,0.333116,0.390987,0.398495,0,0
0.489011,0.346772,0.436937,0.482969,0.361885,0.488406,0,0,0,0,0.5074,0.47751,0.593199,0.510257,0.544179,0.379428,0.475236,0.771813,0.41397,0.796333,0,0,0,0,0.528855,0.755463,0,0,0,0,0.456837,0.327682,0.487505,0.333124,0.390997,0.398458,0,0
0.487506,0.346752,0.436929,0.48026,0.361886,0.485715,0,0,0,0,0.507395,0.47479,0.593199,0.515719,0.545697,0.384876,0.473702,0.769089,0.413964,0.785439,0,0,0,0,0.527316,0.755459,0,0,0,0,0.455338,0.327681,0.48749,0.333094,0.389478,0.398477,0,0
0.487495,0.346739,0.436929,0.48028,0.361892,0.485719,0,0,0,0,0.505883,0.474809,0.593196,0.518378,0.545687,0.384872,0.472177,0.76909,0.410909,0.788163,0,0,0,0,0.52579,0.755457,0,0,0,0,0.455317,0.327665,0.485972,0.327689,0.389473,0.398476,0,0
0.485974,0.346775,0.435411,0.480273,0.361904,0.48573,0,0,0,0,0.50435,0.474799,0.593196,0.515702,0.545684,0.384904,0.470645,0.788161,0.409374,0.801785,0,0,0,0,0.524256,0.760922,0,0,0,0,0.453791,0.330369,0.485945,0.327682,0.387952,0.398502,0,0
0.485971,0.346775,0.435416,0.482979,0.363412,0.488411,0,0,0,0,0.504341,0.474818,0.593186,0.515684,0.54419,0.384901,0.470647,0.793611,0.410901,0.807238,0,0,0,0,0.525782,0.769085,0,0,0,0,0.453787,0.327681,0.484448,0.330401,0.389446,0.398517,0,0
0.489009,0.354906,0.435411,0.48297,0.363412,0.485713,0,0,0,0,0.504332,0.477513,0.593196,0.515671,0.54568,0.382195,0.473702,0.790887,0.412437,0.807236,0,0,0,0,0.52579,0.763634,0,0,0,0,0.452277,0.322254,0.48596,0.335811,0.38794,0.39846,0,0
0.487485,0.344021,0.435408,0.482956,0.361895,0.485708,0,0,0,0,0.50434,0.474829,0.593203,0.512987,0.545708,0.382165,0.475246,0.779989,0.417035,0.804513,0,0,0,0,0.528855,0.75547,0,0,0,0,0.453783,0.319517,0.484439,0.322233,0.387949,0.395791,0,0
0.49056,0.346754,0.435403,0.48024,0.361897,0.485704,0,0,0,0,0.504343,0.47211,0.594703,0.512928,0.548754,0.382195,0.47677,0.785435,0.418563,0.812683,0,0,0,0,0.533445,0.758193,0,0,0,0,0.456849,0.316786,0.489027,0.330385,0.391006,0.393071,0,0
0.493602,0.341283,0.436952,0.480261,0.363412,0.485686,0,0,0,0,0.507396,0.477531,0.594744,0.510256,0.551811,0.382196,0.484431,0.788158,0.424689,0.818134,0,0,0,0,0.541108,0.755456,0,0,0,0,0.458389,0.314099,0.490542,0.319509,0.394037,0.390352,0,0
0.495162,0.338522,0.440009,0.477528,0.364967,0.482988,0,0,0,0,0.508934,0.472101,0.5993,0.510208,0.553364,0.379453,0.484426,0.758188,0.423157,0.785436,0,0,0,0,0.541102,0.733668,0,0,0,0,0.461452,0.311346,0.49209,0.311317,0.397093,0.384896,0,0
0.496696,0.338571,0.441525,0.477517,0.366478,0.482955,0,0,0,0,0.51048,0.474789,0.600845,0.507522,0.554895,0.379474,0.478303,0.769087,0.418565,0.804508,0,0,0,0,0.53651,0.755457,0,0,0,0,0.464509,0.311303,0.49513,0.314026,0.397135,0.382188,0,0
0.49975,0.333099,0.444593,0.472093,0.36955,0.474814,0,0,0,0,0.513541,0.472089,0.603898,0.507529,0.556436,0.376744,0.482897,0.766363,0.423156,0.788161,0,0,0,0,0.541108,0.752741,0,0,0,0,0.469096,0.308578,0.495171,0.303159,0.400174,0.379472,0,0
0.502819,0.333095,0.444611,0.46936,0.369553,0.469372,0,0,0,0,0.515073,0.472078,0.60542,0.504767,0.557976,0.376721,0.476772,0.763641,0.418562,0.782714,0,0,0,0,0.538044,0.755459,0,0,0,0,0.470637,0.303125,0.498215,0.305863,0.401702,0.379399,0,0
0.50739,0.330411,0.452267,0.463929,0.381805,0.461174,0.360332,0.387621,0.361916,0.368564,0.521187,0.46935,0.606998,0.504763,0.565624,0.374019,0.492089,0.777262,0.433879,0.804512,0,0,0,0,0.548761,0.758185,0,0,0,0,0.473724,0.297673,0.504344,0.30584,0.407846,0.376676,0,0
0.508928,0.322243,0.453804,0.46393,0.380277,0.461193,0.360372,0.382188,0.363436,0.376708,0.522723,0.469341,0.61002,0.507474,0.568673,0.373973,0.492086,0.763637,0.432352,0.779989,0,0,0,0,0.547231,0.755463,0,0,0,0,0.476755,0.294998,0.505869,0.300419,0.409371,0.373983,0,0
0.511989,0.31404,0.456865,0.461206,0.383339,0.455747,0,0,0,0,0.525793,0.46666,0.614614,0.510191,0.570226,0.368535,0.490553,0.766366,0.430816,0.801784,0,0,0,0,0.547227,0.75547,0,0,0,0,0.478305,0.289524,0.507416,0.294954,0.410908,0.36857,0,0
0.512006,0.314073,0.458373,0.463879,0.383336,0.458435,0,0,0,0,0.525804,0.46667,0.614636,0.512973,0.57173,0.373971,0.485965,0.763641,0.427755,0.774535,0,0,0,0,0.544167,0.758183,0,0,0,0,0.479825,0.286813,0.508915,0.294956,0.410925,0.368541,0,0
0.513546,0.308572,0.458367,0.463878,0.383327,0.455748,0,0,0,0,0.527318,0.469361,0.617672,0.521145,0.570199,0.376711,0.487489,0.766366,0.427752,0.779988,0,0,0,0,0.547232,0.755469,0,0,0,0,0.481353,0.284072,0.507418,0.286787,0.412441,0.365827,0,0
0.513541,0.305857,0.458394,0.463882,0.383334,0.453019,0,0,0,0,0.527321,0.469344,0.617696,0.523837,0.570227,0.379403,0.492083,0.763639,0.430818,0.777263,0,0,0,0,0.548766,0.752735,0,0,0,0,0.479847,0.278643,0.508932,0.284094,0.412434,0.363121,0,0
0.519655,0.308566,0.461442,0.458461,0.38945,0.447552,0,0,0,0,0.53039,0.466645,0.622272,0.51842,0.576339,0.376741,0.487495,0.774537,0.430815,0.793612,0,0,0,0,0.544171,0.763643,0,0,0,0,0.482895,0.275867,0.511998,0.281371,0.415498,0.360382,0,0
0.521167,0.300403,0.46298,0.46118,0.39251,0.447574,0.369549,0.491169,0,0,0.533434,0.469376,0.625357,0.518393,0.576351,0.376721,0.489024,0.801786,0.429283,0.818133,0,0,0,0,0.547232,0.779986,0,0,0,0,0.484423,0.275887,0.512019,0.27592,0.418561,0.363079,0,0
0.522714,0.308568,0.462993,0.461207,0.390999,0.450284,0,0,0,0,0.533457,0.472093,0.626882,0.51838,0.57635,0.376726,0.485955,0.782714,0.426217,0.79906,0,0,0,0,0.542638,0.769089,0,0,0,0,0.484444,0.275873,0.518125,0.28406,0.420077,0.360382,0,0
0.521217,0.303159,0.462999,0.463878,0.392513,0.447563,0,0,0,0,0.533463,0.474825,0.626866,0.52112,0.577845,0.379475,0.481363,0.779985,0.423155,0.785436,0,0,0,0,0.539572,0.769082,0,0,0,0,0.485979,0.275909,0.516599,0.278649,0.420083,0.360364,0,0
0.524266,0.31131,0.464525,0.466622,0.394044,0.458446,0.3619,0.54565,0,0,0.536501,0.480268,0.626872,0.529268,0.577864,0.382137,0.481368,0.785434,0.424684,0.788163,0,0,0,0,0.53804,0.774536,0,0,0,0,0.489038,0.27861,0.5212,0.292232,0.421637,0.360411,0,0
0.524248,0.305847,0.467585,0.46662,0.395596,0.458456,0.366485,0.532011,0,0,0.536516,0.480243,0.626875,0.529317,0.577855,0.382149,0.482899,0.779993,0.424695,0.782709,0,0,0,0,0.5411,0.777262,0,0,0,0,0.490565,0.278616,0.519668,0.281355,0.423141,0.360404,0,0
0.527338,0.300405,0.472181,0.463938,0.397132,0.455721,0.36036,0.540202,0,0,0.542636,0.480277,0.628421,0.532051,0.579414,0.379476,0.479835,0.77726,0.423155,0.771811,0,0,0,0,0.539576,0.777261,0,0,0,0,0.495137,0.275928,0.522713,0.2786,0.42471,0.360381,0,0
0.528867,0.297703,0.472186,0.466601,0.398648,0.455715,0.357289,0.545658,0,0,0.542636,0.482954,0.629924,0.532032,0.579391,0.379457,0.479836,0.769092,0.423155,0.763637,0,0,0,0,0.539573,0.771811,0,0,0,0,0.495165,0.275865,0.522746,0.275874,0.424722,0.360337,0,0
0.530379,0.297677,0.47371,0.466649,0.398654,0.455741,0.355766,0.553822,0,0,0.542639,0.482977,0.62996,0.523857,0.57785,0.379445,0.48596,0.829033,0.426222,0.831756,0,0,0,0,0.544165,0.826311,0,0,0,0,0.496664,0.273197,0.524239,0.273151,0.426219,0.357647,0,0
0.530364,0.297711,0.473694,0.466638,0.397126,0.455729,0.37567,0.493879,0,0,0.542646,0.485681,0.629958,0.52116,0.576326,0.37942,0.487489,0.815408,0.427751,0.820858,0,0,0,0,0.545696,0.809962,0,0,0,0,0.495148,0.273178,0.524243,0.275927,0.424693,0.357654,0,0
0.524265,0.294944,0.469109,0.466651,0.392517,0.461185,0,0,0,0,0.539571,0.480232,0.628421,0.518425,0.570217,0.376685,0.481363,0.842656,0.421624,0.848111,0,0,0,0,0.541101,0.829036,0,0,0,0,0.490567,0.26773,0.51965,0.273148,0.421598,0.35488,0,0
0.524239,0.292258,0.469109,0.46666,0.392527,0.463887,0,0,0,0,0.538034,0.477551,0.6284,0.515717,0.570223,0.376695,0.479835,0.84811,0.423155,0.853559,0,0,0,0,0.539569,0.842655,0,0,0,0,0.48903,0.265017,0.518125,0.270446,0.420075,0.354889,0,0
0.51811,0.294925,0.453793,0.469372,0.372615,0.463913,0,0,0,0,0.528839,0.477537,0.622287,0.515718,0.56102,0.374005,0.485958,0.837208,0.42775,0.850832,0,0,0,0,0.545701,0.815411,0,0,0,0,0.481353,0.259578,0.508946,0.27045,0.409353,0.352205,0,0
0.51353,0.286794,0.449201,0.463914,0.36802,0.46118,0,0,0,0,0.527316,0.472067,0.619237,0.515658,0.557956,0.368546,0.479833,0.815412,0.420093,0.83176,0,0,0,0,0.539572,0.799058,0,0,0,0,0.47676,0.254152,0.505885,0.256836,0.406303,0.349493,0,0
0.510465,0.278647,0.452264,0.461176,0.372612,0.447565,0,0,0,0,0.524253,0.466601,0.619233,0.510255,0.55949,0.365807,0.481368,0.815404,0.421629,0.829034,0,0,0,0,0.544172,0.796334,0,0,0,0,0.473707,0.251385,0.502822,0.251408,0.400174,0.346721,0,0
0.510481,0.278615,0.447677,0.45845,0.368011,0.447576,0,0,0,0,0.522744,0.463927,0.619241,0.50204,0.557966,0.357612,0.481363,0.823588,0.421623,0.842659,0,0,0,0,0.544172,0.80451,0,0,0,0,0.473698,0.248658,0.504337,0.25135,0.39864,0.341269,0,0
0.50894,0.284093,0.449204,0.461174,0.369551,0.455738,0,0,0,0,0.522741,0.466624,0.619232,0.50751,0.557949,0.363098,0.481366,0.818138,0.418566,0.83448,0,0,0,0,0.547228,0.799062,0,0,0,0,0.473692,0.254107,0.502802,0.254127,0.398638,0.35217,0,0
0.507403,0.294956,0.447669,0.469362,0.368023,0.469355,0,0,0,0,0.521203,0.472114,0.617683,0.515663,0.553366,0.365806,0.479832,0.826312,0.420096,0.842655,0,0,0,0,0.542637,0.809965,0,0,0,0,0.472174,0.265009,0.501264,0.265012,0.397133,0.357653,0,0
