0.57326,0.33584,0.580937,0.493867,0.485957,0.515667,0.426243,0.72278,0.524241,0.559268,0.685084,0.477532,0.760131,0.463925,0.724928,0.292263,0.591651,0.992521,0.524251,0.995249,0,0,0,0,0.654456,0.97618,0,0,0,0,0.530373,0.292209,0.61003,0.292273,0.487487,0.335811,0.660578,0.352188
0.573285,0.341261,0.580926,0.496628,0.48596,0.518418,0.42928,0.728219,0.524273,0.570155,0.68356,0.48025,0.76166,0.469357,0.72645,0.300401,0.594718,0.993884,0.527315,0.995248,0,0,0,0,0.655991,0.978897,0,0,0,0,0.530398,0.294975,0.610047,0.297713,0.487496,0.33581,0.660591,0.357674
0.576336,0.341293,0.582453,0.504781,0.487489,0.521131,0.429298,0.728209,0.527308,0.572913,0.686619,0.485711,0.763201,0.4721,0.727973,0.30312,0.596243,0.989798,0.525783,0.993887,0,0,0,0,0.657517,0.976172,0,0,0,0,0.533462,0.295025,0.614627,0.300402,0.489041,0.333108,0.663632,0.357635
0.577869,0.344056,0.582468,0.512941,0.485966,0.526574,0.429285,0.733664,0.527315,0.57834,0.688145,0.491148,0.763189,0.47482,0.727969,0.308602,0.599308,0.993885,0.53038,0.995247,0,0,0,0,0.659047,0.993885,0,0,0,0,0.534988,0.300449,0.616162,0.308554,0.490557,0.338563,0.663653,0.360346
0.582449,0.352207,0.588591,0.51838,0.492087,0.529297,0.430814,0.736386,0.528851,0.583793,0.691209,0.496608,0.766289,0.488399,0.732583,0.314028,0.60237,0.992523,0.534977,0.993886,0,0,0,0,0.662112,0.987073,0,0,0,0,0.541104,0.308568,0.622275,0.314011,0.49514,0.341328,0.66826,0.365844
0.582476,0.352169,0.588592,0.515697,0.492086,0.529287,0.430823,0.736394,0.528854,0.583793,0.691217,0.493904,0.767823,0.488406,0.734113,0.314014,0.600846,0.989798,0.533447,0.992524,0,0,0,0,0.660586,0.984345,0,0,0,0,0.542625,0.305861,0.623815,0.313991,0.495172,0.341301,0.669789,0.3658
0.584006,0.354903,0.591649,0.518419,0.493624,0.529307,0.432345,0.739096,0.530381,0.583793,0.694274,0.499327,0.770869,0.48845,0.737167,0.314083,0.594718,0.989798,0.527321,0.993886,0,0,0,0,0.657518,0.98435,0,0,0,0,0.544172,0.30859,0.625363,0.31405,0.496697,0.33859,0.675878,0.365836
0.588578,0.35761,0.593199,0.521116,0.49668,0.529297,0.435405,0.744576,0.533441,0.583783,0.697341,0.504793,0.773922,0.491155,0.740233,0.316741,0.600848,0.993885,0.533445,0.995248,0,0,0,0,0.660587,0.992522,0,0,0,0,0.545682,0.311289,0.6269,0.316752,0.498221,0.341298,0.67591,0.373999
0.59164,0.360399,0.59471,0.526559,0.496688,0.540217,0.43848,0.750007,0.538033,0.586522,0.700407,0.510248,0.775474,0.493875,0.741775,0.319488,0.597783,0.993889,0.528847,0.995249,0,0,0,0,0.65905,0.995249,0,0,0,0,0.547225,0.314045,0.629954,0.316823,0.499758,0.341296,0.67894,0.37402
0.593161,0.363116,0.596256,0.526588,0.499752,0.540209,0.439998,0.752721,0.539562,0.594693,0.703467,0.512938,0.776985,0.493904,0.743304,0.324932,0.602379,0.993885,0.533449,0.993889,0,0,0,0,0.663647,0.993885,0,0,0,0,0.548777,0.3141,0.631466,0.319517,0.502815,0.344049,0.678988,0.376732
0.594703,0.357677,0.59932,0.526552,0.50128,0.54019,0.441528,0.752719,0.542621,0.594685,0.706518,0.507508,0.778539,0.493883,0.74788,0.322234,0.603908,0.992524,0.538043,0.993887,0,0,0,0,0.666713,0.989797,0,0,0,0,0.551828,0.314022,0.633023,0.316796,0.507385,0.344048,0.682035,0.368547
0.596234,0.360362,0.60084,0.52656,0.50282,0.537479,0.44154,0.752738,0.542634,0.597421,0.706533,0.507504,0.778549,0.496592,0.749434,0.324927,0.605433,0.993886,0.536506,0.995248,0,0,0,0,0.66977,0.993885,0,0,0,0,0.553359,0.314037,0.636061,0.316814,0.507397,0.346749,0.685081,0.371263
0.596249,0.354921,0.600846,0.52384,0.50281,0.534771,0.441528,0.749999,0.541095,0.591993,0.706529,0.502069,0.780052,0.493883,0.750938,0.319486,0.603912,0.993883,0.53957,0.993888,0,0,0,0,0.668244,0.989798,0,0,0,0,0.554878,0.3086,0.637605,0.314074,0.508911,0.341287,0.686612,0.365804
0.596254,0.354938,0.600844,0.523846,0.502803,0.534765,0.441529,0.750017,0.541096,0.594681,0.70654,0.504769,0.780051,0.493895,0.749437,0.319481,0.603913,0.993884,0.53957,0.993887,0,0,0,0,0.668239,0.992524,0,0,0,0,0.554876,0.308624,0.637607,0.314088,0.508913,0.341306,0.685086,0.365814
0.597774,0.354943,0.603896,0.523845,0.504336,0.534767,0.443076,0.750013,0.544165,0.586524,0.708077,0.504767,0.781593,0.493893,0.752493,0.319491,0.608505,0.993885,0.545701,0.995248,0,0,0,0,0.675905,0.989799,0,0,0,0,0.556395,0.308619,0.640648,0.314072,0.508943,0.341308,0.688143,0.371266
0.599319,0.354923,0.60391,0.523862,0.502819,0.537488,0.444592,0.750018,0.544187,0.586507,0.70808,0.502071,0.781591,0.493891,0.752504,0.316817,0.608502,0.993887,0.545698,0.995249,0,0,0,0,0.675901,0.989801,0,0,0,0,0.55643,0.308558,0.640668,0.314043,0.508957,0.338619,0.68967,0.365841
0.60085,0.357626,0.605424,0.523847,0.505878,0.534766,0.444615,0.750039,0.547227,0.589268,0.708083,0.502068,0.783133,0.499316,0.754007,0.322216,0.608505,0.993885,0.541107,0.99389,0,0,0,0,0.675897,0.992522,0,0,0,0,0.557937,0.311284,0.642183,0.316734,0.51048,0.344026,0.691187,0.368536
0.60236,0.357634,0.605444,0.52385,0.507398,0.534753,0.444612,0.752706,0.547239,0.591994,0.709598,0.507491,0.784658,0.499343,0.754028,0.324929,0.610032,0.992524,0.542635,0.993888,0,0,0,0,0.677428,0.989799,0,0,0,0,0.557956,0.31129,0.642207,0.316744,0.510488,0.344053,0.691199,0.37123
0.602381,0.357661,0.605416,0.526575,0.505869,0.540207,0.443078,0.752702,0.544167,0.600131,0.708064,0.510247,0.783109,0.504774,0.754038,0.327688,0.606969,0.993885,0.538044,0.993889,0,0,0,0,0.674364,0.989798,0,0,0,0,0.557952,0.311322,0.642216,0.316786,0.510462,0.344023,0.689693,0.371259
0.602369,0.357682,0.603892,0.526595,0.504334,0.540224,0.441552,0.752711,0.542641,0.600116,0.708054,0.512945,0.783117,0.507491,0.754028,0.33039,0.60391,0.993886,0.53498,0.993889,0,0,0,0,0.668239,0.993887,0,0,0,0,0.557948,0.311349,0.642202,0.316818,0.510469,0.344019,0.689691,0.371243
0.597786,0.360347,0.599326,0.526576,0.501285,0.537493,0.438484,0.752758,0.54109,0.600143,0.705011,0.512954,0.778551,0.51025,0.752488,0.333112,0.600841,0.993887,0.530379,0.993888,0,0,0,0,0.662111,0.993885,0,0,0,0,0.556398,0.314006,0.640647,0.319489,0.508941,0.341291,0.688154,0.371259
0.594728,0.360375,0.59473,0.5266,0.498209,0.537488,0.435428,0.752741,0.534985,0.589265,0.701934,0.512969,0.776995,0.51022,0.747898,0.333108,0.596252,0.993888,0.527312,0.995248,0,0,0,0,0.657524,0.995248,0,0,0,0,0.553355,0.314033,0.634559,0.319505,0.50588,0.344041,0.68202,0.374016
0.593209,0.363098,0.594711,0.529281,0.496689,0.540194,0.435414,0.75272,0.536501,0.591972,0.700408,0.515682,0.775479,0.510206,0.74484,0.335833,0.597784,0.993889,0.527324,0.995249,0,0,0,0,0.659048,0.995248,0,0,0,0,0.551814,0.314038,0.633,0.319511,0.504341,0.34673,0.68048,0.373991
0.593208,0.363102,0.594712,0.529281,0.496694,0.54021,0.435407,0.752703,0.536498,0.591988,0.700411,0.515657,0.775478,0.510223,0.744835,0.335843,0.599315,0.993887,0.528848,0.995249,0,0,0,0,0.660579,0.993889,0,0,0,0,0.55031,0.314038,0.633002,0.31951,0.504355,0.346756,0.680492,0.373961
0.593196,0.35763,0.594721,0.523846,0.49668,0.534766,0.435396,0.747302,0.534986,0.589266,0.701931,0.507518,0.776976,0.504786,0.744836,0.333097,0.599308,0.993887,0.528849,0.995249,0,0,0,0,0.659051,0.995248,0,0,0,0,0.548782,0.311302,0.631499,0.316765,0.504331,0.34405,0.678993,0.376674
0.593192,0.357614,0.59472,0.52386,0.496684,0.534762,0.433891,0.747308,0.533458,0.591965,0.701931,0.507522,0.776968,0.504781,0.744846,0.333095,0.597779,0.993887,0.528846,0.995249,0,0,0,0,0.659046,0.993887,0,0,0,0,0.548773,0.311291,0.631505,0.316743,0.502812,0.344036,0.678992,0.373961
0.59319,0.357668,0.594716,0.526573,0.496692,0.534771,0.433882,0.750029,0.531927,0.5974,0.70041,0.512976,0.775461,0.507519,0.74483,0.335832,0.599309,0.993888,0.528848,0.995249,0,0,0,0,0.657525,0.995248,0,0,0,0,0.548782,0.311342,0.631498,0.316788,0.502809,0.34402,0.678971,0.373995
0.593193,0.357642,0.59471,0.526562,0.496685,0.534753,0.433881,0.750019,0.53193,0.597398,0.701929,0.512944,0.775461,0.510208,0.744828,0.335831,0.60084,0.993888,0.530383,0.995248,0,0,0,0,0.659052,0.993887,0,0,0,0,0.550281,0.311316,0.631498,0.316764,0.502815,0.34402,0.67899,0.368571
0.593187,0.360354,0.59472,0.526575,0.496679,0.537475,0.43388,0.75004,0.531925,0.594677,0.701935,0.51566,0.775469,0.510224,0.744823,0.335862,0.599311,0.993888,0.528848,0.995249,0,0,0,0,0.659049,0.995248,0,0,0,0,0.548773,0.311347,0.631468,0.316814,0.502809,0.349478,0.67899,0.371293
0.593192,0.360377,0.59472,0.526553,0.496694,0.534778,0.433894,0.750034,0.533443,0.591977,0.70193,0.512955,0.776978,0.510258,0.746357,0.335847,0.597781,0.993884,0.528851,0.993887,0,0,0,0,0.657522,0.992523,0,0,0,0,0.550283,0.311359,0.631494,0.31682,0.50433,0.344034,0.680496,0.371232
0.594695,0.36036,0.597777,0.526568,0.499744,0.53748,0.436943,0.752718,0.534987,0.591982,0.703472,0.512953,0.77701,0.51024,0.749415,0.335824,0.602368,0.993885,0.53191,0.993887,0,0,0,0,0.662119,0.992522,0,0,0,0,0.551817,0.311359,0.633025,0.31681,0.505878,0.35217,0.682038,0.373994
0.594732,0.360341,0.597798,0.523879,0.501277,0.534747,0.43847,0.752743,0.538028,0.594717,0.704995,0.512945,0.77852,0.510255,0.750965,0.335817,0.603908,0.993884,0.536507,0.993886,0,0,0,0,0.66671,0.989801,0,0,0,0,0.553353,0.313994,0.634557,0.319472,0.507407,0.344056,0.685095,0.373988
0.594698,0.357679,0.596242,0.526559,0.498211,0.537487,0.436945,0.752765,0.533448,0.600138,0.703465,0.512949,0.776997,0.51298,0.747893,0.335879,0.599313,0.993884,0.530383,0.993887,0,0,0,0,0.659057,0.992524,0,0,0,0,0.551819,0.314011,0.633026,0.316826,0.505886,0.349482,0.68052,0.373993
0.594697,0.360333,0.596248,0.526553,0.498226,0.53748,0.436946,0.752772,0.531935,0.602865,0.703462,0.510247,0.777002,0.51298,0.747894,0.338522,0.600839,0.992521,0.530382,0.993885,0,0,0,0,0.662113,0.987076,0,0,0,0,0.551811,0.314016,0.633024,0.316831,0.505884,0.349496,0.680512,0.37401
0.594701,0.360334,0.59473,0.529274,0.496698,0.542914,0.435424,0.755462,0.531926,0.602894,0.701939,0.512969,0.77548,0.512961,0.746367,0.33854,0.600838,0.993886,0.530383,0.993888,0,0,0,0,0.660587,0.993884,0,0,0,0,0.550291,0.314035,0.633008,0.316826,0.505855,0.349464,0.68051,0.373998
0.593211,0.360363,0.594729,0.529284,0.496689,0.542933,0.435407,0.755468,0.531897,0.602892,0.701939,0.515657,0.776976,0.512965,0.747885,0.338535,0.599307,0.993885,0.52885,0.993887,0,0,0,0,0.659054,0.992523,0,0,0,0,0.55029,0.314049,0.632998,0.319486,0.505861,0.346751,0.680492,0.376715
0.594697,0.363116,0.594719,0.53201,0.49669,0.545643,0.435394,0.755477,0.531898,0.602857,0.701928,0.518405,0.775474,0.515696,0.747889,0.338589,0.597776,0.995248,0.528845,0.995249,0,0,0,0,0.657523,0.995249,0,0,0,0,0.5503,0.31674,0.632997,0.322251,0.504348,0.354923,0.678991,0.382179
0.594695,0.365848,0.594721,0.532002,0.4967,0.542935,0.433883,0.755482,0.531905,0.602877,0.701926,0.521108,0.775468,0.518405,0.746365,0.34126,0.599311,0.995248,0.528854,0.995249,0,0,0,0,0.65905,0.995249,0,0,0,0,0.55029,0.316746,0.632999,0.327669,0.504346,0.352201,0.678978,0.384885
0.594701,0.36851,0.594736,0.529334,0.498205,0.545631,0.435407,0.755491,0.531916,0.602897,0.701942,0.5184,0.776981,0.518396,0.747893,0.338622,0.599311,0.993888,0.52885,0.995249,0,0,0,0,0.659046,0.99525,0,0,0,0,0.550288,0.316759,0.633009,0.330385,0.505852,0.349492,0.68049,0.376702
0.594706,0.365824,0.596239,0.529315,0.498221,0.542918,0.435408,0.755477,0.53191,0.602887,0.701947,0.518404,0.776996,0.515707,0.749414,0.338577,0.59931,0.993888,0.528855,0.995248,0,0,0,0,0.657525,0.995248,0,0,0,0,0.550307,0.316735,0.633011,0.327663,0.505861,0.352174,0.680498,0.376703
0.594714,0.3631,0.596248,0.529307,0.49822,0.542929,0.435416,0.755491,0.531927,0.605617,0.703469,0.518389,0.777012,0.515686,0.75094,0.338545,0.60237,0.993887,0.530385,0.995248,0,0,0,0,0.662115,0.995247,0,0,0,0,0.551833,0.316731,0.633031,0.324934,0.505883,0.352213,0.683554,0.371265
0.594722,0.36307,0.596244,0.529309,0.498223,0.542936,0.435412,0.758165,0.531904,0.605613,0.703461,0.518379,0.777006,0.515669,0.750942,0.338553,0.600846,0.993886,0.531912,0.995248,0,0,0,0,0.659057,0.995248,0,0,0,0,0.551832,0.314095,0.633031,0.322235,0.505877,0.352219,0.682046,0.371267
0.594747,0.360409,0.596253,0.529295,0.499739,0.542925,0.435419,0.758178,0.531928,0.605626,0.704987,0.515688,0.778514,0.515675,0.75248,0.338535,0.603898,0.993886,0.531912,0.995248,0,0,0,0,0.665179,0.993886,0,0,0,0,0.553352,0.314053,0.636064,0.322208,0.507383,0.3522,0.683561,0.382172
0.596235,0.363065,0.597783,0.529321,0.499759,0.542922,0.436933,0.758163,0.533449,0.605623,0.705007,0.518389,0.778519,0.515698,0.752479,0.33855,0.605431,0.995248,0.534974,0.99525,0,0,0,0,0.666712,0.995249,0,0,0,0,0.553371,0.314063,0.637592,0.322213,0.507403,0.357628,0.685101,0.382153
0.596256,0.363117,0.599319,0.529298,0.502807,0.540195,0.438475,0.75821,0.534984,0.602897,0.706519,0.518388,0.780048,0.515667,0.754009,0.338556,0.605443,0.993889,0.538038,0.99525,0,0,0,0,0.669775,0.995249,0,0,0,0,0.55488,0.31674,0.637607,0.322255,0.50891,0.354931,0.686627,0.379439
0.596256,0.365801,0.59932,0.529309,0.50129,0.542935,0.438473,0.758197,0.5365,0.602897,0.706529,0.515698,0.778553,0.515679,0.75401,0.338553,0.605445,0.993889,0.53957,0.99525,0,0,0,0,0.671303,0.995249,0,0,0,0,0.5549,0.314096,0.63761,0.322253,0.508917,0.354898,0.688133,0.379421
0.597797,0.368511,0.603896,0.529288,0.504337,0.542936,0.440006,0.758215,0.539559,0.6056,0.708059,0.518377,0.781599,0.518437,0.755534,0.338577,0.606966,0.99389,0.538043,0.99525,0,0,0,0,0.669775,0.99525,0,0,0,0,0.556395,0.316748,0.63914,0.324946,0.508965,0.354901,0.68966,0.384915
0.600828,0.368523,0.603919,0.529335,0.505863,0.545665,0.441528,0.76093,0.539579,0.60832,0.708069,0.518421,0.783118,0.51844,0.755545,0.338609,0.608499,0.995249,0.539573,0.99525,0,0,0,0,0.675898,0.995249,0,0,0,0,0.556422,0.316787,0.640675,0.330378,0.510474,0.352215,0.68967,0.382181
0.60084,0.371238,0.602387,0.537482,0.504339,0.553822,0.441545,0.763637,0.541108,0.613778,0.708056,0.521155,0.783126,0.521124,0.75555,0.3413,0.610033,0.99389,0.541108,0.99525,0,0,0,0,0.678961,0.99525,0,0,0,0,0.556438,0.319502,0.640677,0.333101,0.510457,0.354925,0.689679,0.384874
0.602369,0.371254,0.603906,0.53748,0.504348,0.553849,0.44306,0.763647,0.542613,0.616489,0.70808,0.521125,0.784648,0.52116,0.755553,0.341317,0.611565,0.995248,0.545699,0.995251,0,0,0,0,0.678964,0.995249,0,0,0,0,0.557949,0.319514,0.642173,0.333112,0.510467,0.357631,0.689687,0.3822
0.60238,0.371267,0.603905,0.53749,0.504349,0.553841,0.443058,0.766337,0.541102,0.61649,0.708067,0.521128,0.784639,0.523847,0.755555,0.341339,0.611564,0.995249,0.544166,0.99525,0,0,0,0,0.678961,0.995248,0,0,0,0,0.55795,0.322206,0.642172,0.335797,0.51046,0.357674,0.689683,0.384903
0.603886,0.374022,0.605431,0.540194,0.505871,0.553849,0.443084,0.766385,0.54263,0.616473,0.708082,0.521131,0.784645,0.526555,0.757064,0.344044,0.608506,0.995249,0.541107,0.995251,0,0,0,0,0.677429,0.995249,0,0,0,0,0.557965,0.327652,0.642183,0.33586,0.510486,0.357657,0.691183,0.384919
0.602379,0.374003,0.605435,0.537505,0.50587,0.553852,0.443086,0.766382,0.542638,0.61646,0.709591,0.521143,0.784662,0.526563,0.755568,0.344049,0.610031,0.995249,0.541107,0.99525,0,0,0,0,0.677434,0.99525,0,0,0,0,0.557963,0.324963,0.642189,0.335848,0.510485,0.360363,0.6912,0.382169
0.603898,0.374013,0.605429,0.540195,0.50588,0.553849,0.443082,0.766364,0.542638,0.616468,0.709593,0.521148,0.784654,0.526557,0.757081,0.344043,0.61003,0.995248,0.541102,0.99525,0,0,0,0,0.677433,0.99525,0,0,0,0,0.557971,0.322255,0.642204,0.335844,0.510498,0.360343,0.691201,0.382183
0.603898,0.37398,0.605428,0.540216,0.505868,0.556536,0.444591,0.766383,0.542643,0.616497,0.709588,0.521154,0.78465,0.526559,0.757083,0.344026,0.610036,0.995248,0.542637,0.99525,0,0,0,0,0.677429,0.995251,0,0,0,0,0.557966,0.324937,0.642215,0.335827,0.510483,0.357642,0.691197,0.384883
0.603914,0.373956,0.605419,0.542914,0.504353,0.556558,0.444587,0.766377,0.542632,0.616482,0.709589,0.521145,0.784648,0.523874,0.757074,0.344011,0.611562,0.995248,0.544169,0.99525,0,0,0,0,0.678959,0.99525,0,0,0,0,0.557965,0.322238,0.642215,0.333144,0.510478,0.357654,0.691198,0.382198
0.603898,0.371281,0.605419,0.54022,0.505866,0.556541,0.443085,0.769076,0.542613,0.616517,0.708072,0.521155,0.78465,0.523862,0.757064,0.343999,0.610036,0.995248,0.544166,0.99525,0,0,0,0,0.678961,0.99525,0,0,0,0,0.55796,0.322242,0.642192,0.335787,0.510472,0.357641,0.691182,0.382179
0.603903,0.371251,0.60391,0.540187,0.504353,0.55385,0.443066,0.769062,0.541108,0.616479,0.708072,0.521124,0.78464,0.523848,0.75707,0.34134,0.608507,0.99525,0.539575,0.99525,0,0,0,0,0.677431,0.99525,0,0,0,0,0.557968,0.322216,0.642194,0.333106,0.510479,0.357637,0.691182,0.379414
0.603902,0.368556,0.605419,0.534735,0.50588,0.551096,0.443083,0.763631,0.542626,0.611026,0.708076,0.521106,0.783131,0.521117,0.757082,0.341268,0.610031,0.99525,0.542639,0.99525,0,0,0,0,0.677433,0.995249,0,0,0,0,0.55796,0.31949,0.642195,0.330375,0.512007,0.357673,0.691192,0.384911
0.603902,0.368544,0.605431,0.532045,0.50739,0.548392,0.443088,0.760917,0.544163,0.611022,0.709587,0.521111,0.784642,0.521114,0.757089,0.338618,0.611569,0.995249,0.544167,0.99525,0,0,0,0,0.680495,0.995248,0,0,0,0,0.557964,0.316804,0.64221,0.327675,0.51201,0.357618,0.691199,0.384866
0.602379,0.36852,0.603919,0.532054,0.505871,0.551077,0.444601,0.760891,0.544176,0.61104,0.708061,0.518418,0.783116,0.518402,0.757066,0.338601,0.611566,0.99389,0.544166,0.99525,0,0,0,0,0.68049,0.995249,0,0,0,0,0.557961,0.31676,0.642186,0.32495,0.511997,0.354923,0.69119,0.379454
0.603884,0.368512,0.603918,0.532064,0.50588,0.551089,0.4446,0.760893,0.544167,0.61105,0.708059,0.518418,0.783112,0.518406,0.757067,0.338599,0.61616,0.995248,0.544169,0.99525,0,0,0,0,0.683555,0.995249,0,0,0,0,0.55796,0.31676,0.642178,0.32494,0.512009,0.357627,0.691197,0.37946
0.603891,0.365794,0.60543,0.532007,0.505885,0.548388,0.443089,0.758211,0.54264,0.611072,0.708064,0.518386,0.781603,0.518388,0.75557,0.338588,0.610037,0.995249,0.544167,0.99525,0,0,0,0,0.680495,0.995249,0,0,0,0,0.557971,0.314095,0.642181,0.32223,0.511994,0.354915,0.691195,0.376746
0.603886,0.363094,0.605427,0.529333,0.505878,0.548355,0.444591,0.758203,0.542631,0.61106,0.708071,0.515697,0.781596,0.515694,0.757064,0.338556,0.610035,0.995249,0.541106,0.99525,0,0,0,0,0.680497,0.995249,0,0,0,0,0.557969,0.314066,0.642186,0.319518,0.512016,0.35761,0.691201,0.379423
0.603907,0.360412,0.605431,0.532011,0.507393,0.545657,0.444593,0.755484,0.54264,0.611027,0.709592,0.515702,0.784645,0.512985,0.757095,0.33854,0.614633,0.995249,0.54417,0.99525,0,0,0,0,0.682024,0.995249,0,0,0,0,0.557983,0.314023,0.642223,0.31948,0.51202,0.357615,0.691234,0.379401
0.603905,0.360399,0.605431,0.529318,0.507401,0.545658,0.444589,0.755479,0.542627,0.608319,0.709596,0.515662,0.78465,0.512973,0.758601,0.335879,0.611566,0.99389,0.541104,0.99525,0,0,0,0,0.680496,0.993888,0,0,0,0,0.557973,0.314005,0.642222,0.316821,0.51201,0.352214,0.691228,0.37401
0.603911,0.360384,0.605451,0.526607,0.507416,0.542911,0.444588,0.755449,0.544144,0.605574,0.7096,0.512943,0.783128,0.512938,0.757101,0.335852,0.614632,0.993889,0.547228,0.995249,0,0,0,0,0.682029,0.993886,0,0,0,0,0.557976,0.311339,0.642225,0.316801,0.512012,0.349488,0.691241,0.371261
0.603905,0.360408,0.606946,0.526603,0.507408,0.540224,0.444586,0.755446,0.544165,0.60559,0.709607,0.512959,0.78464,0.512945,0.7571,0.335855,0.614629,0.993889,0.547227,0.995249,0,0,0,0,0.682031,0.993886,0,0,0,0,0.557977,0.311349,0.643708,0.316806,0.512019,0.349465,0.691241,0.371263
0.603906,0.360364,0.605438,0.529286,0.507404,0.542931,0.444591,0.755437,0.54416,0.605595,0.709591,0.51296,0.784648,0.512926,0.757092,0.33583,0.614628,0.995248,0.545697,0.995249,0,0,0,0,0.680499,0.993888,0,0,0,0,0.557979,0.311334,0.643711,0.3168,0.51201,0.346748,0.691226,0.371273
0.603913,0.360362,0.60544,0.529284,0.507401,0.545632,0.444596,0.755437,0.544172,0.605623,0.709597,0.512954,0.784651,0.512934,0.757095,0.335843,0.616157,0.995248,0.5457,0.99525,0,0,0,0,0.682021,0.993886,0,0,0,0,0.557979,0.311341,0.643712,0.316794,0.511999,0.346731,0.69122,0.373963
0.603906,0.360339,0.605431,0.529297,0.505882,0.545639,0.443082,0.755458,0.542641,0.608316,0.7096,0.512973,0.784644,0.510251,0.757082,0.335858,0.613095,0.995248,0.542634,0.99525,0,0,0,0,0.680498,0.993888,0,0,0,0,0.557973,0.31134,0.642228,0.316791,0.511996,0.346728,0.691218,0.376699
0.603884,0.357677,0.605422,0.529281,0.505876,0.545635,0.443073,0.755465,0.542632,0.608317,0.709588,0.512952,0.784649,0.512951,0.757072,0.33586,0.613094,0.993889,0.547228,0.995249,0,0,0,0,0.680495,0.993885,0,0,0,0,0.55796,0.311323,0.642209,0.316791,0.510488,0.344042,0.691201,0.373996
0.602387,0.357675,0.605431,0.526603,0.505882,0.542944,0.443078,0.755472,0.542627,0.605583,0.709595,0.512941,0.784643,0.512925,0.75707,0.335853,0.613099,0.995249,0.547229,0.99525,0,0,0,0,0.682022,0.993887,0,0,0,0,0.557967,0.311301,0.642209,0.31678,0.510487,0.344051,0.691198,0.37942
0.603894,0.36033,0.605438,0.526601,0.505879,0.542934,0.443084,0.755469,0.542642,0.602887,0.709606,0.512949,0.784644,0.510235,0.757069,0.335861,0.613097,0.995249,0.545697,0.99525,0,0,0,0,0.680498,0.993885,0,0,0,0,0.557962,0.311317,0.642202,0.316786,0.510495,0.346729,0.691209,0.379446
0.602383,0.360361,0.605423,0.526595,0.507391,0.54293,0.443081,0.755437,0.544146,0.60285,0.709588,0.512943,0.783125,0.510245,0.755573,0.335859,0.613094,0.995249,0.545702,0.995251,0,0,0,0,0.680489,0.993889,0,0,0,0,0.557956,0.311317,0.642193,0.316794,0.510469,0.341352,0.691207,0.376728
0.602387,0.360366,0.605429,0.526583,0.507391,0.542931,0.443076,0.755439,0.542648,0.602864,0.709585,0.510253,0.783118,0.510228,0.755573,0.335837,0.611566,0.995248,0.5457,0.99525,0,0,0,0,0.678964,0.993886,0,0,0,0,0.557955,0.311327,0.642192,0.316799,0.510472,0.341353,0.691206,0.376721
0.602373,0.357659,0.60544,0.526578,0.507408,0.540217,0.443081,0.752774,0.544153,0.602892,0.709589,0.512938,0.783122,0.510225,0.757071,0.335814,0.610035,0.99389,0.544165,0.99525,0,0,0,0,0.677432,0.995249,0,0,0,0,0.557956,0.311303,0.642204,0.316782,0.510493,0.343998,0.691217,0.373972
0.602385,0.357652,0.605453,0.52656,0.507407,0.540195,0.444586,0.752767,0.544153,0.605571,0.709595,0.510235,0.783129,0.507527,0.757072,0.335815,0.611568,0.995248,0.545696,0.99525,0,0,0,0,0.678964,0.995248,0,0,0,0,0.557957,0.311298,0.642203,0.316775,0.510488,0.34133,0.691215,0.373999
0.603882,0.357652,0.606949,0.526578,0.508936,0.540213,0.444595,0.755453,0.544147,0.605606,0.709604,0.510221,0.784649,0.50752,0.758598,0.333112,0.614627,0.995248,0.545699,0.99525,0,0,0,0,0.680491,0.993889,0,0,0,0,0.557962,0.311301,0.643711,0.316755,0.512004,0.344053,0.691236,0.365832
0.603908,0.357636,0.60696,0.526551,0.508946,0.54019,0.444595,0.755455,0.542646,0.605593,0.71112,0.507507,0.784646,0.507517,0.758604,0.333109,0.611566,0.995248,0.544168,0.995249,0,0,0,0,0.67896,0.993887,0,0,0,0,0.557963,0.311305,0.643721,0.316754,0.512013,0.34406,0.691241,0.371243
0.603898,0.357653,0.606957,0.526589,0.508935,0.542919,0.4446,0.75548,0.542648,0.60557,0.709606,0.51022,0.783137,0.507524,0.758618,0.333141,0.614626,0.995248,0.545697,0.995249,0,0,0,0,0.678966,0.995248,0,0,0,0,0.557974,0.311328,0.643721,0.316763,0.512021,0.344062,0.692721,0.37129
0.602387,0.3576,0.606958,0.52385,0.508938,0.537486,0.444588,0.752746,0.54264,0.594718,0.711126,0.504795,0.784647,0.510213,0.758626,0.333131,0.610035,0.993888,0.54417,0.995248,0,0,0,0,0.677433,0.995248,0,0,0,0,0.557957,0.308589,0.643714,0.314086,0.512023,0.34133,0.692723,0.371242
0.602387,0.357622,0.606947,0.526564,0.508927,0.540196,0.444609,0.755443,0.542647,0.597454,0.709604,0.510222,0.784642,0.510221,0.758616,0.333137,0.613095,0.99389,0.545701,0.995249,0,0,0,0,0.680494,0.995248,0,0,0,0,0.557948,0.308615,0.642226,0.314101,0.512016,0.341334,0.691226,0.373978
0.602387,0.35764,0.606948,0.526553,0.508936,0.540192,0.444615,0.755439,0.542654,0.600131,0.709608,0.510209,0.783136,0.510226,0.758603,0.333122,0.613097,0.993888,0.547228,0.995248,0,0,0,0,0.680489,0.993885,0,0,0,0,0.557959,0.311291,0.642221,0.316753,0.512013,0.341335,0.691226,0.371295
0.603899,0.360329,0.605448,0.529283,0.50741,0.545639,0.444587,0.755479,0.542651,0.602907,0.7096,0.512951,0.784644,0.512923,0.758597,0.335858,0.611568,0.995248,0.544169,0.995249,0,0,0,0,0.678966,0.993885,0,0,0,0,0.557959,0.311352,0.643707,0.316778,0.5105,0.341316,0.691226,0.374019
0.603906,0.360336,0.60545,0.529286,0.507407,0.545647,0.444594,0.755471,0.542648,0.605577,0.709606,0.512942,0.784651,0.51293,0.757103,0.335869,0.616158,0.993888,0.545699,0.995249,0,0,0,0,0.682024,0.993885,0,0,0,0,0.557958,0.311359,0.643708,0.316784,0.510498,0.341326,0.691223,0.376676
0.605413,0.360329,0.606965,0.526609,0.508937,0.54294,0.4446,0.755478,0.542649,0.605611,0.71113,0.512951,0.786174,0.512974,0.760129,0.335861,0.613101,0.993889,0.5457,0.99525,0,0,0,0,0.682021,0.993886,0,0,0,0,0.557979,0.311353,0.643733,0.31678,0.512003,0.341331,0.692729,0.371281
0.605415,0.357663,0.606961,0.529279,0.508927,0.545641,0.444602,0.755481,0.542631,0.605588,0.71113,0.512937,0.786192,0.512943,0.758619,0.335859,0.611569,0.993889,0.544167,0.995249,0,0,0,0,0.680493,0.995247,0,0,0,0,0.557982,0.311346,0.643741,0.316776,0.512018,0.341338,0.692725,0.371272
0.605439,0.357658,0.60699,0.526595,0.508946,0.540215,0.44462,0.755469,0.542639,0.60288,0.712664,0.512947,0.789227,0.512955,0.760159,0.335841,0.614629,0.995248,0.545703,0.99525,0,0,0,0,0.682023,0.995249,0,0,0,0,0.559501,0.311335,0.64376,0.316775,0.513543,0.344003,0.692765,0.374011
0.605448,0.357675,0.60699,0.526605,0.508945,0.542925,0.446116,0.755463,0.542648,0.602861,0.712661,0.512948,0.787728,0.512952,0.760152,0.335842,0.614632,0.995248,0.545703,0.995251,0,0,0,0,0.682022,0.995249,0,0,0,0,0.5595,0.311332,0.64376,0.316783,0.513544,0.344011,0.692764,0.376701
0.605437,0.360375,0.606988,0.529298,0.508947,0.54294,0.446124,0.755454,0.544172,0.602868,0.712654,0.515667,0.787726,0.515664,0.761661,0.338521,0.617694,0.995249,0.54876,0.995251,0,0,0,0,0.68203,0.995249,0,0,0,0,0.559506,0.314017,0.643757,0.316805,0.513543,0.343997,0.692768,0.374006
0.60545,0.360341,0.608503,0.526599,0.510462,0.540201,0.446131,0.755461,0.544186,0.600184,0.714193,0.512952,0.789233,0.512946,0.76016,0.335848,0.616161,0.993889,0.547229,0.99525,0,0,0,0,0.682026,0.993888,0,0,0,0,0.559512,0.313993,0.645262,0.316792,0.513543,0.341327,0.692773,0.371246
0.605448,0.360345,0.608501,0.529283,0.510473,0.542935,0.44612,0.755475,0.544183,0.602889,0.714201,0.512967,0.789233,0.512975,0.761675,0.338519,0.623819,0.995249,0.548766,0.99525,0,0,0,0,0.68509,0.995248,0,0,0,0,0.559509,0.313997,0.645271,0.316794,0.515069,0.341337,0.694271,0.368528
0.606952,0.360359,0.608508,0.529324,0.510468,0.548368,0.446144,0.755499,0.545712,0.605589,0.715718,0.515667,0.789255,0.512972,0.761687,0.338522,0.623818,0.995249,0.550291,0.995251,0,0,0,0,0.68662,0.995251,0,0,0,0,0.561024,0.314029,0.646784,0.31682,0.516592,0.344049,0.694306,0.368512
0.606974,0.360352,0.608495,0.529297,0.51048,0.545642,0.447657,0.755503,0.545702,0.605596,0.714193,0.515668,0.789266,0.512988,0.761696,0.338555,0.622289,0.995249,0.548765,0.995251,0,0,0,0,0.685093,0.995251,0,0,0,0,0.56254,0.314025,0.646805,0.316814,0.516608,0.346751,0.695805,0.373973
0.606988,0.360359,0.608518,0.529299,0.513529,0.540223,0.447647,0.755489,0.547227,0.605621,0.714193,0.515687,0.789269,0.512979,0.763202,0.338546,0.620753,0.995249,0.545698,0.995251,0,0,0,0,0.685086,0.995252,0,0,0,0,0.562555,0.314023,0.648342,0.316818,0.519637,0.349448,0.695831,0.376693
0.608486,0.357631,0.608509,0.529284,0.511999,0.540216,0.447656,0.755472,0.545712,0.605577,0.714182,0.515677,0.790763,0.512961,0.763215,0.335872,0.614633,0.995249,0.545696,0.99525,0,0,0,0,0.683554,0.995248,0,0,0,0,0.564085,0.311329,0.649864,0.316772,0.519649,0.346752,0.697348,0.374016
0.608489,0.35763,0.608525,0.526612,0.512002,0.540222,0.447684,0.755503,0.545722,0.602908,0.714194,0.512968,0.790777,0.512951,0.763229,0.33586,0.620753,0.99525,0.547232,0.995251,0,0,0,0,0.685092,0.99525,0,0,0,0,0.564091,0.311335,0.649874,0.316762,0.519642,0.344056,0.698864,0.368566
0.608519,0.35762,0.610049,0.529282,0.512013,0.542924,0.449189,0.758168,0.547232,0.60558,0.717249,0.512944,0.790799,0.512935,0.764715,0.335848,0.620753,0.99525,0.545697,0.995251,0,0,0,0,0.685094,0.99525,0,0,0,0,0.565603,0.311312,0.6514,0.316752,0.519648,0.341325,0.698883,0.371239
0.608519,0.357625,0.610049,0.529297,0.513528,0.545637,0.449202,0.75817,0.547249,0.605583,0.717248,0.512949,0.792306,0.512949,0.764719,0.33585,0.617692,0.995249,0.545697,0.99525,0,0,0,0,0.683559,0.995251,0,0,0,0,0.565611,0.311329,0.652909,0.316758,0.51965,0.344062,0.7004,0.374
0.610021,0.35765,0.610041,0.529298,0.51353,0.545644,0.449212,0.758181,0.547248,0.602905,0.717249,0.512942,0.792296,0.512964,0.764727,0.335869,0.619221,0.995249,0.545699,0.99525,0,0,0,0,0.683566,0.995252,0,0,0,0,0.567129,0.311339,0.652927,0.316779,0.519666,0.346764,0.700402,0.373971
0.61003,0.357633,0.611561,0.529301,0.513542,0.545639,0.450719,0.758181,0.547248,0.605567,0.717256,0.512967,0.790798,0.512925,0.764723,0.335852,0.619227,0.995248,0.547231,0.99525,0,0,0,0,0.685088,0.995251,0,0,0,0,0.565622,0.311318,0.652922,0.31676,0.52118,0.346739,0.700414,0.371266
0.610021,0.354909,0.611561,0.526607,0.513533,0.540217,0.450722,0.755481,0.547238,0.602866,0.717246,0.512972,0.792303,0.512943,0.76474,0.335809,0.619225,0.99525,0.545697,0.995251,0,0,0,0,0.68509,0.995249,0,0,0,0,0.567128,0.308604,0.652911,0.314071,0.521188,0.344043,0.700395,0.368559
0.610022,0.35493,0.610054,0.526608,0.513537,0.540221,0.450725,0.75549,0.547231,0.602877,0.71725,0.512949,0.792298,0.512944,0.764743,0.333144,0.619222,0.99525,0.545698,0.995251,0,0,0,0,0.685089,0.995249,0,0,0,0,0.567128,0.311287,0.652905,0.314096,0.521184,0.346744,0.700401,0.371279
0.61002,0.354945,0.610039,0.529283,0.513532,0.542942,0.450721,0.755494,0.547218,0.602886,0.715733,0.512962,0.792298,0.510246,0.764734,0.335837,0.619227,0.995249,0.547227,0.995251,0,0,0,0,0.686622,0.993889,0,0,0,0,0.565626,0.311304,0.652905,0.316742,0.519674,0.346738,0.700391,0.373983
0.61003,0.35762,0.610044,0.529285,0.513535,0.54564,0.450729,0.755501,0.547226,0.602888,0.717246,0.512956,0.7923,0.510252,0.76473,0.335861,0.620754,0.995248,0.547233,0.995251,0,0,0,0,0.686619,0.99525,0,0,0,0,0.567138,0.311323,0.652916,0.316763,0.521172,0.346766,0.700404,0.373965
0.610032,0.35761,0.610049,0.52929,0.513539,0.545649,0.45072,0.758159,0.547231,0.602883,0.717247,0.512956,0.792298,0.512925,0.764735,0.335863,0.620758,0.995249,0.54876,0.995251,0,0,0,0,0.68662,0.99525,0,0,0,0,0.567127,0.311301,0.652917,0.31675,0.521179,0.346737,0.700412,0.373978
0.610032,0.357611,0.610053,0.529292,0.513544,0.545645,0.449219,0.758174,0.547227,0.602885,0.715732,0.512966,0.792295,0.51293,0.764735,0.335867,0.617696,0.995249,0.545703,0.995251,0,0,0,0,0.685092,0.99525,0,0,0,0,0.567128,0.311302,0.652917,0.316751,0.521177,0.346737,0.700414,0.373985
0.610035,0.357595,0.610044,0.529278,0.512011,0.542943,0.450722,0.758161,0.547246,0.602892,0.717249,0.512957,0.792302,0.512941,0.764744,0.335818,0.620758,0.995249,0.547233,0.995251,0,0,0,0,0.68662,0.995251,0,0,0,0,0.567137,0.311296,0.652919,0.316732,0.521187,0.344053,0.700419,0.368554
0.610037,0.354913,0.610044,0.529302,0.512009,0.545649,0.449208,0.755489,0.547237,0.602898,0.715725,0.515663,0.792302,0.512928,0.764754,0.33582,0.616163,0.99525,0.545703,0.995252,0,0,0,0,0.682029,0.99525,0,0,0,0,0.567137,0.311274,0.652922,0.314091,0.521186,0.344031,0.700418,0.373975
0.61003,0.354882,0.610052,0.529293,0.512014,0.542932,0.449215,0.755483,0.547233,0.602893,0.715727,0.512975,0.792303,0.512946,0.764754,0.335826,0.619223,0.995251,0.547229,0.995252,0,0,0,0,0.683558,0.995251,0,0,0,0,0.567141,0.30859,0.65292,0.31406,0.521189,0.344034,0.700411,0.371288
0.610031,0.354918,0.610049,0.529295,0.512013,0.545639,0.449215,0.755486,0.547244,0.602898,0.715719,0.515662,0.792301,0.512945,0.764755,0.335832,0.619228,0.99525,0.545701,0.995252,0,0,0,0,0.685087,0.995252,0,0,0,0,0.567139,0.311272,0.652917,0.316735,0.521192,0.344041,0.700414,0.374009
0.610036,0.354929,0.610042,0.529315,0.512005,0.545671,0.450723,0.755485,0.548753,0.602893,0.715719,0.515677,0.790802,0.515657,0.764764,0.335849,0.62382,0.99525,0.548766,0.995252,0,0,0,0,0.686623,0.995253,0,0,0,0,0.567134,0.3113,0.652925,0.316751,0.521186,0.344039,0.700404,0.374007
0.610035,0.357608,0.610044,0.52931,0.513534,0.545641,0.450719,0.758173,0.547244,0.602906,0.715719,0.51568,0.790805,0.515651,0.764755,0.335865,0.617689,0.99525,0.54723,0.995252,0,0,0,0,0.682028,0.995253,0,0,0,0,0.567157,0.311322,0.654426,0.316764,0.521189,0.344042,0.700406,0.376716
0.610026,0.357661,0.610025,0.529292,0.512002,0.545632,0.449193,0.758184,0.545718,0.605609,0.715728,0.515685,0.790802,0.515709,0.764741,0.338525,0.614628,0.99525,0.544168,0.995252,0,0,0,0,0.680493,0.995254,0,0,0,0,0.567153,0.311351,0.651397,0.31682,0.521171,0.344016,0.700404,0.382148
0.610026,0.35766,0.608521,0.529304,0.510486,0.545648,0.44919,0.758189,0.545719,0.605609,0.71573,0.515693,0.790802,0.51838,0.76474,0.338529,0.614628,0.99525,0.544167,0.995252,0,0,0,0,0.680489,0.995254,0,0,0,0,0.567158,0.311351,0.651397,0.316821,0.521172,0.344021,0.700397,0.379468
0.610025,0.360351,0.608511,0.529328,0.511999,0.54565,0.447667,0.7582,0.545711,0.605623,0.714192,0.518397,0.790802,0.518392,0.76472,0.338549,0.616161,0.99525,0.544168,0.995252,0,0,0,0,0.68202,0.995252,0,0,0,0,0.56714,0.314014,0.651386,0.319491,0.519675,0.346739,0.698868,0.379432
0.61003,0.360379,0.608507,0.532034,0.510484,0.548364,0.447655,0.758211,0.545698,0.605614,0.714191,0.518429,0.79079,0.518401,0.763222,0.338563,0.614628,0.99525,0.542633,0.995252,0,0,0,0,0.680498,0.995253,0,0,0,0,0.567134,0.314027,0.649868,0.319499,0.519654,0.344015,0.698861,0.379438
0.610021,0.360397,0.60852,0.532002,0.512003,0.545633,0.447657,0.758175,0.544182,0.60562,0.714197,0.518422,0.790783,0.518442,0.764719,0.338579,0.620755,0.995249,0.54876,0.995251,0,0,0,0,0.683559,0.995252,0,0,0,0,0.567142,0.314054,0.651389,0.319522,0.519669,0.341354,0.698868,0.379425
0.610023,0.36038,0.608523,0.529332,0.512006,0.542935,0.447656,0.758182,0.544173,0.605593,0.714195,0.518422,0.790784,0.518434,0.763229,0.338579,0.619222,0.995249,0.548759,0.995251,0,0,0,0,0.682032,0.995252,0,0,0,0,0.567137,0.314051,0.651386,0.319519,0.519668,0.341362,0.698866,0.379422
0.610032,0.360359,0.608498,0.532017,0.511992,0.545651,0.44615,0.758175,0.544176,0.608294,0.714186,0.518411,0.790787,0.518422,0.763217,0.338573,0.614632,0.99525,0.545702,0.995252,0,0,0,0,0.680494,0.995254,0,0,0,0,0.567136,0.314027,0.651384,0.319502,0.519656,0.344012,0.698871,0.376695
0.610021,0.360351,0.608501,0.532012,0.511998,0.545653,0.446153,0.758187,0.544178,0.608304,0.714186,0.518411,0.790784,0.518411,0.763214,0.338558,0.613102,0.99525,0.545699,0.995252,0,0,0,0,0.680491,0.995253,0,0,0,0,0.567134,0.314022,0.65139,0.319499,0.519653,0.344017,0.698885,0.376696
0.610027,0.360358,0.608507,0.529335,0.512012,0.545638,0.446147,0.758176,0.54418,0.605619,0.714187,0.518405,0.79078,0.518411,0.763225,0.338557,0.6131,0.99525,0.544171,0.995252,0,0,0,0,0.680493,0.995254,0,0,0,0,0.567144,0.314015,0.651391,0.319492,0.519665,0.344032,0.698878,0.37673
0.61002,0.360369,0.608512,0.532014,0.512009,0.54294,0.447648,0.758171,0.54417,0.608293,0.714203,0.52111,0.790786,0.518416,0.763213,0.338584,0.613102,0.995249,0.544169,0.995252,0,0,0,0,0.680487,0.995253,0,0,0,0,0.567145,0.31401,0.65138,0.319503,0.519652,0.344011,0.69736,0.374015
0.610035,0.360383,0.608506,0.532023,0.511998,0.545643,0.446152,0.758188,0.544176,0.605618,0.715714,0.521113,0.790781,0.518425,0.76322,0.338593,0.614628,0.99525,0.547228,0.995252,0,0,0,0,0.68049,0.995253,0,0,0,0,0.567141,0.314028,0.651381,0.319537,0.519658,0.344005,0.697356,0.379416
0.610032,0.360378,0.608515,0.532015,0.512009,0.545655,0.447648,0.758195,0.544188,0.608306,0.714199,0.518426,0.790781,0.518428,0.763219,0.338587,0.61769,0.99525,0.545702,0.995251,0,0,0,0,0.682025,0.995252,0,0,0,0,0.567145,0.314047,0.651387,0.322207,0.519666,0.344019,0.698884,0.376714
0.610042,0.36039,0.608508,0.532024,0.511998,0.545663,0.44615,0.758211,0.544192,0.608314,0.714202,0.521107,0.790775,0.518409,0.763224,0.338587,0.614629,0.99525,0.54723,0.995252,0,0,0,0,0.680489,0.995253,0,0,0,0,0.567134,0.314042,0.651378,0.319531,0.519663,0.344005,0.698886,0.376729
0.610042,0.36039,0.608505,0.532036,0.512001,0.545658,0.446148,0.758196,0.544191,0.608317,0.714193,0.521124,0.790775,0.518418,0.76322,0.338594,0.614633,0.99525,0.545702,0.995252,0,0,0,0,0.680492,0.995253,0,0,0,0,0.567137,0.314038,0.649873,0.319536,0.519661,0.341362,0.698887,0.376738
0.610035,0.360396,0.608496,0.532025,0.511994,0.545646,0.447649,0.758184,0.544181,0.608307,0.714185,0.521137,0.790778,0.518417,0.763213,0.338605,0.616157,0.99525,0.547227,0.995252,0,0,0,0,0.680497,0.995252,0,0,0,0,0.567141,0.314054,0.649875,0.322233,0.51966,0.344024,0.698879,0.379461
0.61003,0.3604,0.608496,0.532028,0.510483,0.545652,0.447655,0.7582,0.54417,0.608329,0.714183,0.521142,0.790777,0.518417,0.763219,0.338607,0.614626,0.99525,0.5457,0.995252,0,0,0,0,0.680495,0.995252,0,0,0,0,0.567141,0.314052,0.651384,0.322251,0.519658,0.344022,0.698868,0.382143
0.610018,0.360384,0.608496,0.532027,0.51048,0.545658,0.44765,0.758187,0.544156,0.608348,0.714186,0.521141,0.790776,0.521114,0.76322,0.338618,0.617692,0.99525,0.548765,0.995252,0,0,0,0,0.682024,0.995251,0,0,0,0,0.56714,0.314062,0.649875,0.324931,0.519656,0.346729,0.698862,0.382138
0.608527,0.36038,0.606992,0.532057,0.510476,0.548378,0.447648,0.758192,0.544169,0.60832,0.712664,0.521156,0.790767,0.518442,0.76322,0.338612,0.614628,0.995249,0.5457,0.995252,0,0,0,0,0.680493,0.995251,0,0,0,0,0.567138,0.31408,0.651377,0.324943,0.519648,0.344007,0.697352,0.382184
0.608525,0.360382,0.608494,0.532015,0.510483,0.548363,0.447649,0.758202,0.544152,0.608346,0.71419,0.521124,0.790774,0.518422,0.763222,0.338615,0.616164,0.99525,0.548762,0.995251,0,0,0,0,0.682024,0.995249,0,0,0,0,0.567149,0.314078,0.651382,0.324936,0.519668,0.346748,0.698873,0.382134
0.610023,0.360376,0.608495,0.532036,0.511994,0.548357,0.44765,0.758202,0.542648,0.608335,0.71267,0.521139,0.790772,0.518427,0.763222,0.338618,0.614631,0.995249,0.547233,0.995252,0,0,0,0,0.680493,0.99525,0,0,0,0,0.567147,0.314073,0.651385,0.324937,0.519667,0.346749,0.698872,0.382141
0.610026,0.360382,0.608506,0.532027,0.511999,0.548362,0.447654,0.758205,0.544158,0.608346,0.714199,0.518433,0.790793,0.518416,0.764717,0.338613,0.614629,0.995249,0.545701,0.995252,0,0,0,0,0.680497,0.995251,0,0,0,0,0.567146,0.31407,0.651383,0.322241,0.519667,0.344064,0.700397,0.382142
0.610029,0.360376,0.60851,0.53203,0.51201,0.545663,0.447652,0.758186,0.544152,0.608312,0.714199,0.52112,0.790795,0.518413,0.763224,0.338603,0.616163,0.995249,0.547231,0.995251,0,0,0,0,0.682024,0.99525,0,0,0,0,0.567139,0.314061,0.651395,0.322242,0.519645,0.344027,0.698886,0.382175
0.610033,0.360383,0.608518,0.532002,0.512012,0.545647,0.44765,0.758181,0.544173,0.608337,0.715715,0.518413,0.790795,0.518416,0.763228,0.338605,0.616161,0.995249,0.547231,0.995251,0,0,0,0,0.682028,0.995252,0,0,0,0,0.567147,0.31405,0.651404,0.322237,0.519668,0.344018,0.70039,0.382139
0.610036,0.360376,0.608509,0.532024,0.512004,0.545664,0.447645,0.758181,0.544159,0.608306,0.715714,0.521116,0.790789,0.51842,0.763226,0.338611,0.619227,0.995249,0.548762,0.995252,0,0,0,0,0.683554,0.995252,0,0,0,0,0.567149,0.314048,0.651402,0.322223,0.519666,0.34401,0.698879,0.38216
0.610023,0.357671,0.608528,0.529317,0.513531,0.542933,0.447666,0.758174,0.544188,0.608313,0.71572,0.518381,0.792298,0.518393,0.76323,0.338573,0.616163,0.995249,0.544169,0.995251,0,0,0,0,0.682027,0.995251,0,0,0,0,0.568654,0.314002,0.652917,0.319526,0.521173,0.344035,0.700412,0.379464
0.610026,0.357672,0.608527,0.52932,0.513527,0.54293,0.447666,0.758175,0.54418,0.608314,0.715717,0.518393,0.790804,0.518386,0.764717,0.338576,0.616164,0.995249,0.544168,0.995252,0,0,0,0,0.682026,0.995252,0,0,0,0,0.568655,0.314007,0.652916,0.31952,0.521169,0.344029,0.700409,0.379462
0.610025,0.357675,0.608514,0.529327,0.512007,0.545645,0.44767,0.75818,0.545681,0.608307,0.715719,0.518389,0.790805,0.518382,0.764719,0.338563,0.619221,0.99525,0.545701,0.995251,0,0,0,0,0.682031,0.995252,0,0,0,0,0.568655,0.314017,0.65291,0.319525,0.519672,0.344031,0.7004,0.379419
0.610023,0.357669,0.610023,0.529316,0.51201,0.545637,0.447675,0.75817,0.544179,0.60562,0.715721,0.518389,0.790794,0.515717,0.76323,0.338546,0.620754,0.99525,0.545699,0.995252,0,0,0,0,0.682036,0.995253,0,0,0,0,0.567158,0.314012,0.65292,0.319528,0.519674,0.341352,0.700412,0.382149
0.610028,0.357655,0.610042,0.529312,0.515062,0.542911,0.447674,0.758183,0.544187,0.605588,0.715735,0.518403,0.790799,0.515682,0.764739,0.335875,0.617696,0.995249,0.542635,0.995252,0,0,0,0,0.682031,0.995252,0,0,0,0,0.568661,0.314002,0.652923,0.319507,0.521166,0.341349,0.701934,0.379467
0.610039,0.357654,0.610047,0.529322,0.515059,0.542944,0.447675,0.758181,0.544183,0.605598,0.717255,0.518395,0.792315,0.51838,0.764745,0.335884,0.617696,0.995249,0.542637,0.995252,0,0,0,0,0.68203,0.995252,0,0,0,0,0.568663,0.314001,0.65293,0.319504,0.521174,0.341337,0.701936,0.379475
0.611569,0.357643,0.613095,0.52932,0.51659,0.545635,0.449185,0.758169,0.544183,0.60561,0.718792,0.518407,0.792335,0.518404,0.766286,0.338528,0.616163,0.995249,0.545697,0.995251,0,0,0,0,0.682024,0.995251,0,0,0,0,0.56869,0.311355,0.654452,0.319497,0.521202,0.344005,0.701954,0.382162
0.611573,0.357646,0.61309,0.529334,0.515068,0.545668,0.449188,0.758186,0.54419,0.605617,0.718787,0.518409,0.792328,0.518397,0.766286,0.338524,0.617688,0.995249,0.545699,0.995251,0,0,0,0,0.682021,0.995251,0,0,0,0,0.568689,0.311356,0.654455,0.319494,0.521198,0.34405,0.701955,0.382135
0.613089,0.357654,0.611579,0.532024,0.513539,0.548369,0.449209,0.758192,0.545697,0.605598,0.720311,0.521114,0.793842,0.515717,0.766285,0.338543,0.617692,0.995248,0.547234,0.99525,0,0,0,0,0.682031,0.995251,0,0,0,0,0.570207,0.311337,0.655962,0.31949,0.521214,0.344011,0.70347,0.382167
0.613083,0.357658,0.613092,0.532024,0.513538,0.548365,0.449209,0.758193,0.545698,0.605597,0.720311,0.521111,0.793839,0.518376,0.766288,0.338538,0.617689,0.995249,0.547229,0.995251,0,0,0,0,0.682029,0.995251,0,0,0,0,0.570209,0.311339,0.655966,0.319493,0.521217,0.344018,0.703466,0.382191
0.61311,0.357681,0.613097,0.53203,0.515068,0.548368,0.449221,0.758196,0.545721,0.605609,0.720318,0.521114,0.795366,0.518397,0.767803,0.338553,0.620754,0.995249,0.548764,0.995251,0,0,0,0,0.683561,0.995252,0,0,0,0,0.571725,0.313995,0.655984,0.319519,0.522714,0.341342,0.703491,0.382145
0.613107,0.357659,0.613096,0.532042,0.515066,0.548368,0.450721,0.758183,0.545717,0.605593,0.720319,0.521133,0.795369,0.518399,0.767818,0.338547,0.620754,0.995248,0.548762,0.995251,0,0,0,0,0.685091,0.99525,0,0,0,0,0.570233,0.31136,0.655985,0.319514,0.522714,0.341356,0.704978,0.38214
0.614615,0.360341,0.613105,0.532026,0.515065,0.545664,0.450722,0.760894,0.54572,0.605623,0.720315,0.521134,0.79386,0.518415,0.767811,0.338549,0.620757,0.995249,0.547232,0.995252,0,0,0,0,0.683564,0.99525,0,0,0,0,0.571736,0.314016,0.65598,0.32221,0.522717,0.341356,0.703478,0.384884
0.614617,0.360354,0.614621,0.532032,0.515065,0.545671,0.449219,0.760893,0.545696,0.605614,0.718799,0.521141,0.795369,0.51844,0.767821,0.338569,0.620754,0.99525,0.547233,0.995252,0,0,0,0,0.683558,0.995251,0,0,0,0,0.571732,0.314009,0.655986,0.322233,0.522714,0.341314,0.703482,0.384883
0.614634,0.360372,0.613106,0.532033,0.515071,0.548356,0.450726,0.76091,0.545699,0.605618,0.720311,0.521143,0.795373,0.521113,0.769325,0.338589,0.620757,0.99525,0.547234,0.995251,0,0,0,0,0.685089,0.99525,0,0,0,0,0.571745,0.314018,0.655996,0.322252,0.522721,0.341345,0.703491,0.38759
0.614632,0.360364,0.613103,0.532035,0.515072,0.54836,0.45073,0.760908,0.54571,0.605621,0.718799,0.521141,0.79537,0.521111,0.769329,0.338591,0.620758,0.995249,0.54876,0.995251,0,0,0,0,0.685088,0.995249,0,0,0,0,0.571744,0.314019,0.656002,0.322252,0.522729,0.341348,0.703493,0.384866
0.614626,0.360354,0.613096,0.53203,0.51507,0.548368,0.449217,0.758211,0.545701,0.605622,0.720316,0.521134,0.79538,0.521149,0.769341,0.338603,0.620759,0.995249,0.548764,0.995251,0,0,0,0,0.683565,0.995252,0,0,0,0,0.571753,0.314016,0.656002,0.322229,0.522737,0.346721,0.70349,0.384891
0.614626,0.360341,0.613106,0.532036,0.516593,0.545669,0.449209,0.758181,0.545702,0.605609,0.720325,0.521142,0.795384,0.521128,0.769342,0.338606,0.620756,0.995249,0.547233,0.995251,0,0,0,0,0.685088,0.995251,0,0,0,0,0.571753,0.314012,0.656003,0.322226,0.522745,0.344059,0.704986,0.384903
0.614629,0.360374,0.613104,0.532008,0.516589,0.545641,0.449207,0.758186,0.545689,0.605613,0.72031,0.521109,0.795375,0.521158,0.769351,0.338608,0.619227,0.995249,0.545702,0.995251,0,0,0,0,0.683565,0.995251,0,0,0,0,0.571752,0.314026,0.656007,0.322256,0.522738,0.346742,0.70349,0.384872
0.614628,0.360373,0.613095,0.532021,0.515069,0.545655,0.449217,0.758201,0.545692,0.60563,0.718799,0.521119,0.795374,0.521154,0.76935,0.338603,0.619227,0.99525,0.545701,0.995251,0,0,0,0,0.683564,0.995251,0,0,0,0,0.57175,0.314024,0.656007,0.322257,0.522735,0.346739,0.70349,0.384886
0.614629,0.360341,0.613106,0.53201,0.515075,0.545659,0.450739,0.758179,0.545717,0.605586,0.720327,0.521115,0.795381,0.521122,0.770865,0.338595,0.622287,0.995249,0.548765,0.99525,0,0,0,0,0.683564,0.995251,0,0,0,0,0.573257,0.314024,0.656013,0.319539,0.524234,0.344064,0.704999,0.382163
0.614633,0.357672,0.61309,0.529326,0.51507,0.542943,0.450739,0.758167,0.545718,0.602895,0.720312,0.518427,0.795373,0.521145,0.770858,0.338574,0.62229,0.995249,0.550295,0.99525,0,0,0,0,0.685088,0.995251,0,0,0,0,0.573258,0.311358,0.656005,0.319506,0.522752,0.344046,0.704994,0.379448
0.616141,0.357657,0.614626,0.529332,0.51659,0.542927,0.450732,0.758187,0.545719,0.602878,0.720319,0.51843,0.796907,0.521128,0.770865,0.33858,0.620758,0.995249,0.548764,0.99525,0,0,0,0,0.685088,0.99525,0,0,0,0,0.573264,0.311355,0.656015,0.319504,0.524241,0.344039,0.704993,0.379459
0.616146,0.357623,0.614628,0.529323,0.51659,0.542941,0.45073,0.758172,0.545723,0.602896,0.720325,0.518417,0.796906,0.518434,0.77088,0.338557,0.619227,0.995249,0.548762,0.99525,0,0,0,0,0.683556,0.99525,0,0,0,0,0.573268,0.311303,0.657498,0.319474,0.52425,0.344021,0.705006,0.376715
0.61615,0.354946,0.616164,0.529285,0.518129,0.537488,0.450742,0.758161,0.548755,0.602882,0.721854,0.518399,0.796912,0.515703,0.7724,0.335854,0.622284,0.995248,0.547233,0.99525,0,0,0,0,0.685088,0.99525,0,0,0,0,0.573285,0.311283,0.657523,0.316789,0.524279,0.344012,0.705005,0.374007
0.616156,0.354941,0.616154,0.529287,0.518123,0.540195,0.452252,0.755496,0.548756,0.602872,0.721854,0.518392,0.798439,0.515681,0.772403,0.335832,0.622284,0.995248,0.548763,0.99525,0,0,0,0,0.685086,0.99525,0,0,0,0,0.573285,0.311284,0.657525,0.316789,0.524279,0.344025,0.705004,0.376717
