0.682048,0.551087,0.481364,0.769097,0.369547,0.74458,0.205653,0.948919,0,0,0.596247,0.796351,0.689689,0.995263,0.692754,0.747297,0,0,0,0,0,0,0,0,0,0,0,0,0,0,0.666684,0.480248,0,0,0.541111,0.510238,0,0
0.680519,0.553824,0.478308,0.771795,0.366482,0.747302,0.204113,0.951642,0,0,0.593177,0.796335,0.685091,0.995266,0.691205,0.75001,0,0,0,0,0,0,0,0,0,0,0,0,0,0,0.665166,0.4857,0,0,0.539572,0.512953,0,0
0.680484,0.556527,0.47676,0.771833,0.363418,0.750002,0.201053,0.951666,0,0,0.591651,0.796323,0.682031,0.995263,0.689678,0.750006,0,0,0,0,0,0,0,0,0,0,0,0,0,0,0.66363,0.485733,0,0,0.538032,0.51299,0,0
0.67894,0.559274,0.473695,0.771808,0.361889,0.752723,0.197986,0.957094,0,0,0.585531,0.790873,0.678958,0.995265,0.6851,0.750003,0,0,0,0,0,0,0,0,0,0,0,0,0,0,0.659059,0.488406,0,0,0.531927,0.515672,0,0
0.677409,0.556555,0.472189,0.769091,0.36189,0.752739,0.197986,0.957107,0,0,0.583987,0.788165,0.677439,0.995267,0.683552,0.750025,0,0,0,0,0,0,0,0,0,0,0,0,0,0,0.657503,0.488391,0,0,0.531894,0.515695,0,0
0.672842,0.556545,0.472183,0.771831,0.360349,0.758201,0.194933,0.965271,0,0,0.583997,0.788143,0.677436,0.995273,0.680482,0.750021,0,0,0,0,0,0,0,0,0,0,0,0,0,0,0.654477,0.488382,0,0,0.52731,0.515705,0,0
0.669785,0.553864,0.473695,0.771795,0.360364,0.755458,0.196464,0.962555,0,0,0.58246,0.788158,0.677419,0.995269,0.677435,0.749995,0,0,0,0,0,0,0,0,0,0,0,0,0,0,0.654436,0.488391,0,0,0.52579,0.515709,0,0
0.668224,0.556568,0.470649,0.774516,0.360356,0.755462,0.202579,0.95711,0,0,0.579407,0.788149,0.672839,0.995267,0.675904,0.752691,0,0,0,0,0,0,0,0,0,0,0,0,0,0,0.649871,0.488406,0,0,0.522744,0.515719,0,0
0.666717,0.55656,0.470629,0.771836,0.360355,0.758182,0.199528,0.95983,0,0,0.577873,0.785446,0.669783,0.99527,0.675891,0.752714,0,0,0,0,0,0,0,0,0,0,0,0,0,0,0.649849,0.488419,0,0,0.522722,0.515697,0,0
0.665192,0.556568,0.470641,0.774533,0.361882,0.758207,0.199515,0.962555,0,0,0.577864,0.78544,0.668251,0.995268,0.674365,0.750006,0,0,0,0,0,0,0,0,0,0,0,0,0,0,0.646809,0.488442,0,0,0.521202,0.515695,0,0
0.665168,0.556579,0.470652,0.77453,0.361884,0.7582,0.201042,0.962548,0,0,0.576343,0.785446,0.669767,0.995268,0.674365,0.749998,0,0,0,0,0,0,0,0,0,0,0,0,0,0,0.646786,0.488433,0,0,0.521195,0.515695,0,0
0.662115,0.559295,0.472159,0.771807,0.363421,0.755484,0.202574,0.962537,0,0,0.577859,0.788141,0.666709,0.995267,0.671295,0.749973,0,0,0,0,0,0,0,0,0,0,0,0,0,0,0.645263,0.488445,0,0,0.521194,0.515715,0,0
0.660592,0.559276,0.472164,0.774555,0.363418,0.75549,0.201052,0.962539,0,0,0.577866,0.790877,0.666702,0.995266,0.669782,0.750031,0,0,0,0,0,0,0,0,0,0,0,0,0,0,0.643763,0.488472,0,0,0.521183,0.515709,0,0
0.659043,0.559256,0.470637,0.777261,0.361882,0.758182,0.202581,0.959819,0,0,0.576329,0.790895,0.666699,0.995266,0.66826,0.750026,0,0,0,0,0,0,0,0,0,0,0,0,0,0,0.642225,0.488444,0,0,0.519664,0.515718,0,0
0.657521,0.559276,0.470649,0.777263,0.36189,0.755489,0.201056,0.962545,0,0,0.574805,0.790894,0.665177,0.995266,0.666707,0.750011,0,0,0,0,0,0,0,0,0,0,0,0,0,0,0.642206,0.488424,0,0,0.518121,0.515702,0,0
0.65596,0.559274,0.466037,0.780003,0.355761,0.760905,0.197986,0.962551,0,0,0.57327,0.793604,0.665173,0.995266,0.662102,0.747281,0,0,0,0,0,0,0,0,0,0,0,0,0,0,0.639127,0.488448,0,0,0.513531,0.515696,0,0
0.654446,0.559283,0.464516,0.779997,0.355763,0.758213,0.197989,0.962545,0,0,0.571747,0.790898,0.663635,0.995265,0.660589,0.749973,0,0,0,0,0,0,0,0,0,0,0,0,0,0,0.636083,0.48845,0,0,0.511993,0.515689,0,0
0.649848,0.559274,0.459921,0.779982,0.351164,0.766359,0.193383,0.965268,0,0,0.56868,0.788172,0.660586,0.995267,0.659056,0.749973,0,0,0,0,0,0,0,0,0,0,0,0,0,0,0.632996,0.491153,0,0,0.508946,0.518373,0,0
0.646814,0.55658,0.459918,0.782701,0.349631,0.766356,0.193386,0.965284,0,0,0.570205,0.79088,0.659055,0.995268,0.657531,0.747263,0,0,0,0,0,0,0,0,0,0,0,0,0,0,0.631476,0.488479,0,0,0.508931,0.515714,0,0
0.64526,0.556602,0.459912,0.77999,0.3481,0.76636,0.191854,0.967991,0,0,0.567149,0.788147,0.655999,0.995266,0.657502,0.744575,0,0,0,0,0,0,0,0,0,0,0,0,0,0,0.629942,0.48846,0,0,0.50742,0.515724,0,0
0.643756,0.559254,0.458379,0.779982,0.346568,0.760914,0.191874,0.96799,0,0,0.565606,0.785448,0.655989,0.995267,0.656009,0.747299,0,0,0,0,0,0,0,0,0,0,0,0,0,0,0.62843,0.491127,0,0,0.50738,0.518417,0,0
0.643711,0.556574,0.456848,0.779966,0.345035,0.758216,0.193387,0.965265,0,0,0.561023,0.785424,0.65447,0.995268,0.654461,0.749984,0,0,0,0,0,0,0,0,0,0,0,0,0,0,0.626875,0.491161,0,0,0.502808,0.521152,0,0
0.642215,0.553872,0.455321,0.779989,0.343508,0.760904,0.193391,0.965269,0,0,0.559492,0.785444,0.654466,0.995267,0.654449,0.747306,0,0,0,0,0,0,0,0,0,0,0,0,0,0,0.625342,0.491153,0,0,0.501267,0.521134,0,0
0.640662,0.55651,0.453803,0.782691,0.343506,0.758201,0.190316,0.96528,0,0,0.557956,0.788177,0.654446,0.995267,0.65291,0.74458,0,0,0,0,0,0,0,0,0,0,0,0,0,0,0.622289,0.491115,0,0,0.498202,0.521124,0,0
0.639135,0.55657,0.450735,0.774546,0.343502,0.755487,0.188802,0.962556,0,0,0.556424,0.785427,0.654433,0.995268,0.649871,0.744573,0,0,0,0,0,0,0,0,0,0,0,0,0,0,0.622278,0.491138,0,0,0.496696,0.521115,0,0
0.634555,0.559257,0.44614,0.771831,0.338911,0.758176,0.184205,0.965269,0,0,0.553365,0.782719,0.649858,0.995267,0.645285,0.747274,0,0,0,0,0,0,0,0,0,0,0,0,0,0,0.61923,0.491162,0,0,0.495145,0.521115,0,0
0.633021,0.559312,0.447654,0.777258,0.338905,0.758187,0.184203,0.965278,0,0,0.554882,0.788167,0.64681,0.995269,0.643757,0.74726,0,0,0,0,0,0,0,0,0,0,0,0,0,0,0.6177,0.491199,0,0,0.495133,0.523833,0,0
0.631505,0.559313,0.444614,0.774539,0.338908,0.760907,0.18573,0.965273,0,0,0.553348,0.785422,0.646788,0.995272,0.643717,0.749968,0,0,0,0,0,0,0,0,0,0,0,0,0,0,0.616169,0.493869,0,0,0.493602,0.526577,0,0
0.63147,0.559327,0.444612,0.779991,0.335847,0.766367,0.179611,0.973455,0,0,0.553349,0.78816,0.6468,0.995274,0.642217,0.74731,0,0,0,0,0,0,0,0,0,0,0,0,0,0,0.614636,0.493914,0,0,0.493602,0.529279,0,0
0.631461,0.559319,0.446121,0.774518,0.338915,0.760914,0.182671,0.970734,0,0,0.551831,0.782698,0.646803,0.995272,0.643715,0.747283,0,0,0,0,0,0,0,0,0,0,0,0,0,0,0.614629,0.493911,0,0,0.49363,0.531999,0,0
0.631471,0.559284,0.446122,0.771828,0.338914,0.760909,0.185739,0.967998,0,0,0.551817,0.779984,0.648327,0.99527,0.643716,0.747265,0,0,0,0,0,0,0,0,0,0,0,0,0,0,0.616139,0.493914,0,0,0.495134,0.53199,0,0
0.63302,0.559256,0.447657,0.771831,0.34044,0.763648,0.188793,0.967993,0,0,0.553353,0.777265,0.65138,0.995271,0.645255,0.744558,0,0,0,0,0,0,0,0,0,0,0,0,0,0,0.617676,0.493887,0,0,0.496683,0.529318,0,0
0.633022,0.556579,0.447672,0.771825,0.341976,0.763646,0.190322,0.968002,0,0,0.553366,0.777257,0.6514,0.995271,0.646788,0.74182,0,0,0,0,0,0,0,0,0,0,0,0,0,0,0.617692,0.493868,0,0,0.498208,0.529317,0,0
0.636071,0.556565,0.453784,0.777252,0.345036,0.760927,0.188805,0.968,0,0,0.557955,0.788146,0.654442,0.99527,0.649863,0.739109,0,0,0,0,0,0,0,0,0,0,0,0,0,0,0.619234,0.491177,0,0,0.50128,0.529306,0,0
0.637609,0.556566,0.453782,0.782686,0.345031,0.766367,0.190322,0.967997,0,0,0.557944,0.785427,0.654458,0.995269,0.649871,0.739126,0,0,0,0,0,0,0,0,0,0,0,0,0,0,0.62076,0.491179,0,0,0.502801,0.529327,0,0
0.640661,0.559262,0.453797,0.779965,0.346564,0.766367,0.187272,0.970727,0,0,0.557958,0.785436,0.654455,0.995268,0.651388,0.744568,0,0,0,0,0,0,0,0,0,0,0,0,0,0,0.622297,0.493885,0,0,0.502808,0.531983,0,0
0.640682,0.559302,0.453792,0.777264,0.346563,0.766358,0.188798,0.970726,0,0,0.557957,0.785412,0.65447,0.995268,0.652913,0.747292,0,0,0,0,0,0,0,0,0,0,0,0,0,0,0.623832,0.496588,0,0,0.50433,0.529329,0,0
0.642173,0.562006,0.453786,0.777285,0.346579,0.7691,0.188804,0.968003,0,0,0.557956,0.782693,0.654458,0.99527,0.652915,0.750002,0,0,0,0,0,0,0,0,0,0,0,0,0,0,0.625345,0.496591,0,0,0.504347,0.532003,0,0
0.642179,0.562016,0.455315,0.779971,0.348102,0.771799,0.188796,0.968004,0,0,0.55796,0.782715,0.65446,0.995268,0.652918,0.747303,0,0,0,0,0,0,0,0,0,0,0,0,0,0,0.625343,0.496603,0,0,0.504351,0.532007,0,0
0.640672,0.559262,0.456841,0.782686,0.349634,0.774541,0.191866,0.970726,0,0,0.564072,0.785436,0.655981,0.995269,0.652922,0.744547,0,0,0,0,0,0,0,0,0,0,0,0,0,0,0.623812,0.496591,0,0,0.502815,0.53473,0,0
0.640657,0.556564,0.455327,0.777253,0.351163,0.777256,0.193391,0.968001,0,0,0.559481,0.774537,0.655992,0.995271,0.654437,0.739102,0,0,0,0,0,0,0,0,0,0,0,0,0,0,0.622303,0.493889,0,0,0.502804,0.534727,0,0
0.640657,0.553852,0.458376,0.779968,0.351171,0.777256,0.191858,0.970714,0,0,0.562544,0.777258,0.657527,0.995269,0.652939,0.73368,0,0,0,0,0,0,0,0,0,0,0,0,0,0,0.622291,0.491187,0,0,0.501288,0.534745,0,0
0.640662,0.551125,0.459929,0.774557,0.358817,0.777264,0.196464,0.968003,0,0,0.564076,0.766374,0.660577,0.995267,0.654477,0.728256,0,0,0,0,0,0,0,0,0,0,0,0,0,0,0.62229,0.488482,0,0,0.501293,0.534732,0,0
0.642192,0.551106,0.461456,0.774533,0.360353,0.779986,0.19952,0.968005,0,0,0.565613,0.769066,0.663649,0.995269,0.657504,0.730911,0,0,0,0,0,0,0,0,0,0,0,0,0,0,0.625331,0.488438,0,0,0.504336,0.53474,0,0
0.643718,0.551085,0.464519,0.774535,0.363417,0.779977,0.202579,0.967993,0,0,0.568669,0.7691,0.665181,0.995271,0.657526,0.73093,0,0,0,0,0,0,0,0,0,0,0,0,0,0,0.625365,0.488412,0,0,0.505884,0.532005,0,0
0.645256,0.548399,0.46912,0.774542,0.368011,0.779994,0.204114,0.967997,0,0,0.571745,0.771806,0.668249,0.995268,0.66057,0.730943,0,0,0,0,0,0,0,0,0,0,0,0,0,0,0.62841,0.488377,0,0,0.508915,0.531992,0,0
0.645267,0.548409,0.472162,0.774555,0.368018,0.779998,0.202588,0.968001,0,0,0.574805,0.771821,0.669771,0.995268,0.662126,0.730929,0,0,0,0,0,0,0,0,0,0,0,0,0,0,0.628434,0.488404,0,0,0.508939,0.531994,0,0
0.651384,0.556518,0.470639,0.777272,0.366481,0.785436,0.207175,0.967996,0,0,0.576336,0.771828,0.67131,0.995269,0.663652,0.730971,0,0,0,0,0,0,0,0,0,0,0,0,0,0,0.631461,0.48848,0,0,0.510456,0.534757,0,0
0.651405,0.556526,0.472165,0.777284,0.366489,0.785449,0.205652,0.968001,0,0,0.576338,0.774531,0.672845,0.99527,0.663657,0.733651,0,0,0,0,0,0,0,0,0,0,0,0,0,0,0.631494,0.488485,0,0,0.510471,0.534773,0,0
0.654433,0.556582,0.472175,0.78,0.366487,0.788158,0.201056,0.9789,0,0,0.577871,0.77725,0.674374,0.995271,0.665173,0.736411,0,0,0,0,0,0,0,0,0,0,0,0,0,0,0.633002,0.491188,0,0,0.510487,0.534788,0,0
0.654437,0.556584,0.47218,0.782727,0.366477,0.788175,0.202585,0.973452,0,0,0.579394,0.779975,0.675891,0.995269,0.665174,0.739114,0,0,0,0,0,0,0,0,0,0,0,0,0,0,0.633025,0.493864,0,0,0.510477,0.537467,0,0
0.654459,0.55653,0.475223,0.788143,0.368008,0.785444,0.201059,0.965264,0,0,0.579397,0.777268,0.675904,0.99527,0.666714,0.747265,0,0,0,0,0,0,0,0,0,0,0,0,0,0,0.631505,0.507469,0,0,0.501281,0.534756,0,0
0.654428,0.553822,0.475227,0.788163,0.364947,0.785456,0.201049,0.959834,0,0,0.583995,0.782725,0.677422,0.995271,0.668249,0.750002,0,0,0,0,0,0,0,0,0,0,0,0,0,0,0.628417,0.504785,0,0,0.489034,0.534793,0,0
0.640656,0.545655,0.478303,0.785441,0.361887,0.785427,0.194934,0.967991,0,0,0.593184,0.766367,0.678961,0.995265,0.67591,0.769086,0,0,0,0,0,0,0,0,0,0,0,0,0,0,0.596269,0.491183,0.629956,0.48299,0.440021,0.534746,0,0
0.619244,0.542927,0.481353,0.777272,0.358832,0.788162,0.202589,0.970726,0,0,0.602378,0.760925,0.677434,0.99526,0.677448,0.790902,0,0,0,0,0,0,0,0,0,0,0,0,0,0,0.571753,0.491141,0.61922,0.480237,0.42008,0.537491,0,0
0.557945,0.548379,0.476777,0.777252,0.354233,0.785441,0.234747,0.951655,0.225557,0.995257,0.600838,0.763643,0.68662,0.995251,0.689678,0.864451,0,0,0,0,0,0,0,0,0,0,0,0,0,0,0.496667,0.488467,0.580908,0.466626,0.387922,0.551078,0,0
