0.273042,0.665545,0.338924,0.469373,0.368012,0.657371,0.470639,0.709143,0.354218,0.692766,0.317474,0.311314,0.443081,0.166933,0.444602,0.240461,0.70347,0.447563,0,0,0,0,0,0,0,0,0,0,0,0,0.243952,0.711894,0.240878,0.581096,0.254666,0.763629,0.256182,0.442145
0.274551,0.665524,0.341989,0.477551,0.368008,0.662822,0.44461,0.695514,0.352697,0.690066,0.322063,0.324952,0.447662,0.1669,0.446116,0.235036,0.669771,0.551105,0,0,0,0,0,0,0,0,0,0,0,0,0.245472,0.709191,0.240905,0.578411,0.2562,0.758204,0.259231,0.44482
0.276087,0.662851,0.343495,0.469362,0.372619,0.670995,0.462986,0.703702,0.357301,0.690042,0.323586,0.292253,0.449201,0.164203,0.447665,0.232318,0.683558,0.575628,0,0,0,0,0,0,0,0,0,0,0,0,0.248536,0.709156,0.243952,0.578351,0.257726,0.760923,0.260763,0.43941
0.276116,0.662832,0.343512,0.466646,0.378743,0.654641,0.456855,0.700948,0.357295,0.687378,0.322077,0.324936,0.455334,0.164205,0.447684,0.237751,0.674369,0.551102,0,0,0,0,0,0,0,0,0,0,0,0,0.25006,0.709169,0.245485,0.578384,0.259252,0.766359,0.260802,0.439394
0.283754,0.662863,0.3481,0.466639,0.380271,0.654639,0.469116,0.700977,0.361885,0.690073,0.323597,0.316771,0.449194,0.161478,0.453784,0.229561,0.682025,0.548381,0,0,0,0,0,0,0,0,0,0,0,0,0.25466,0.711835,0.250092,0.578403,0.259261,0.760903,0.263846,0.439389
0.285296,0.665503,0.351168,0.466627,0.380264,0.654645,0.473705,0.703684,0.363422,0.690087,0.32514,0.308581,0.455315,0.16149,0.455321,0.232298,0.682024,0.559276,0,0,0,0,0,0,0,0,0,0,0,0,0.254671,0.709193,0.251603,0.578397,0.260788,0.760912,0.265381,0.439388
0.28528,0.662853,0.354234,0.472072,0.380276,0.657362,0.473713,0.703674,0.364943,0.690076,0.32512,0.30314,0.453788,0.161456,0.456836,0.229554,0.678965,0.518407,0,0,0,0,0,0,0,0,0,0,0,0,0.256178,0.70918,0.25312,0.578388,0.26385,0.760912,0.266929,0.439386
0.288336,0.665496,0.354222,0.466629,0.38487,0.646478,0.467585,0.700948,0.36342,0.690068,0.328188,0.294966,0.456857,0.161429,0.456851,0.226864,0.655988,0.488435,0,0,0,0,0,0,0,0,0,0,0,0,0.25774,0.709151,0.253151,0.578374,0.271519,0.758211,0.268449,0.43938
0.289912,0.665515,0.355762,0.474812,0.381798,0.660089,0.467582,0.695516,0.366494,0.68735,0.33125,0.303154,0.456852,0.161442,0.459926,0.226874,0.668241,0.551101,0,0,0,0,0,0,0,0,0,0,0,0,0.260808,0.709126,0.259244,0.57833,0.273038,0.760912,0.27455,0.439374
0.291447,0.665502,0.361896,0.480278,0.392517,0.662813,0.492087,0.700972,0.374126,0.687345,0.338909,0.330399,0.464518,0.15874,0.461472,0.224141,0.683558,0.559277,0,0,0,0,0,0,0,0,0,0,0,0,0.263846,0.706422,0.260792,0.578315,0.26998,0.760922,0.276122,0.436641
0.294511,0.660116,0.361893,0.461151,0.389461,0.619236,0.496684,0.703685,0.374124,0.681888,0.340451,0.305867,0.472176,0.158734,0.469115,0.224137,0.781593,0.670994,0.822949,0.807236,0,0,0,0,0,0,0,0,0,0,0.265387,0.703724,0.262349,0.575621,0.266916,0.755455,0.276128,0.43127
0.29602,0.662798,0.363414,0.463892,0.394059,0.651932,0.502811,0.706406,0.374158,0.679159,0.341962,0.297699,0.472178,0.158717,0.472158,0.221431,0,0,0,0,0,0,0,0,0,0,0,0,0,0,0.265411,0.703719,0.263857,0.572915,0.269978,0.758211,0.276128,0.431212
0.297547,0.662789,0.366488,0.469354,0.392526,0.665558,0.505877,0.700958,0.378742,0.684603,0.340449,0.308605,0.473701,0.14784,0.472172,0.215963,0.810696,0.676445,0.832139,0.769087,0,0,0,0,0,0,0,0,0,0,0.266926,0.703647,0.26537,0.572905,0.266917,0.760909,0.280709,0.431202
0.297558,0.660116,0.368024,0.469349,0.394059,0.657372,0.505868,0.69824,0.374134,0.68461,0.343506,0.344009,0.473707,0.147849,0.472174,0.207788,0.692748,0.507507,0,0,0,0,0,0,0,0,0,0,0,0,0.265406,0.703674,0.263865,0.572875,0.273041,0.760914,0.277646,0.431179
0.299059,0.662769,0.366491,0.461161,0.397115,0.66008,0.508932,0.698254,0.377199,0.687356,0.341964,0.305874,0.472184,0.14512,0.472195,0.205032,0.678962,0.499331,0,0,0,0,0,0,0,0,0,0,0,0,0.266911,0.703686,0.263882,0.572895,0.268449,0.763642,0.28223,0.431199
0.299099,0.662808,0.371071,0.466636,0.389459,0.662823,0.508935,0.703688,0.37262,0.681902,0.345047,0.308597,0.475227,0.145104,0.473711,0.207756,0.686624,0.526581,0,0,0,0,0,0,0,0,0,0,0,0,0.268459,0.703704,0.265395,0.572909,0.271517,0.758206,0.283754,0.43119
0.306734,0.660065,0.371077,0.469372,0.400186,0.654645,0.505876,0.700975,0.383337,0.684605,0.346572,0.322219,0.476766,0.139663,0.476787,0.19963,0.731045,0.474811,0,0,0,0,0,0,0,0,0,0,0,0,0.273062,0.700988,0.27151,0.572904,0.28224,0.758197,0.285288,0.428469
0.308259,0.651933,0.369546,0.469345,0.420095,0.594704,0,0,0,0,0.351173,0.305863,0.470648,0.150555,0.479829,0.202352,0,0,0,0,0,0,0,0,0,0,0,0,0,0,0.276086,0.700956,0.273048,0.57017,0.286834,0.75821,0.286841,0.42581
0.308277,0.649215,0.380271,0.48025,0.436947,0.668269,0.513531,0.744569,0,0,0.351175,0.33039,0.473704,0.147838,0.490557,0.210521,0,0,0,0,0,0,0,0,0,0,0,0,0,0,0.274593,0.695519,0.273022,0.564723,0.289905,0.752733,0.286807,0.423062
0.309788,0.6519,0.375662,0.469341,0.424687,0.643752,0.507405,0.717318,0,0,0.35575,0.322215,0.481361,0.158707,0.493626,0.21323,0.688154,0.491157,0,0,0,0,0,0,0,0,0,0,0,0,0.274592,0.69553,0.271525,0.564726,0.289901,0.752753,0.286803,0.423056
0.308285,0.651911,0.37567,0.472091,0.424684,0.630126,0.512003,0.703695,0,0,0.351178,0.324937,0.490558,0.15873,0.493629,0.224103,0.67743,0.504783,0,0,0,0,0,0,0,0,0,0,0,0,0.274566,0.700931,0.27151,0.570158,0.288355,0.755459,0.286817,0.425771
0.306748,0.651918,0.374138,0.466645,0.424693,0.649194,0.501282,0.703684,0,0,0.351159,0.316769,0.487493,0.158745,0.492093,0.224106,0.665177,0.521134,0,0,0,0,0,0,0,0,0,0,0,0,0.273033,0.700937,0.269972,0.570188,0.283772,0.755474,0.283759,0.425758
0.299093,0.646502,0.375665,0.480259,0.420094,0.638299,0.492092,0.559273,0.482893,0.341298,0.34656,0.311317,0.475246,0.158744,0.487486,0.22139,0.729511,0.466637,0,0,0,0,0,0,0,0,0,0,0,0,0.268446,0.700975,0.263862,0.567458,0.279182,0.75275,0.279185,0.425778
0.299099,0.649211,0.374141,0.482972,0.421627,0.635571,0.496685,0.559288,0.4829,0.330398,0.346565,0.311319,0.476772,0.158747,0.487489,0.2214,0.727979,0.466634,0,0,0,0,0,0,0,0,0,0,0,0,0.268457,0.700982,0.263862,0.567475,0.283772,0.755471,0.280692,0.425804
0.305197,0.65466,0.372603,0.466642,0.418562,0.641025,0.498216,0.562011,0.485964,0.346746,0.349642,0.300416,0.484432,0.161441,0.490561,0.224115,0.715726,0.466634,0,0,0,0,0,0,0,0,0,0,0,0,0.26999,0.706382,0.266935,0.572866,0.282234,0.755486,0.28223,0.428482
0.305199,0.657358,0.372607,0.469371,0.42163,0.643751,0.501277,0.564743,0,0,0.349627,0.305863,0.48443,0.15874,0.492068,0.224122,0.660584,0.507506,0,0,0,0,0,0,0,0,0,0,0,0,0.269995,0.706386,0.26693,0.572869,0.285304,0.755491,0.285277,0.428521
0.306729,0.65735,0.374129,0.477543,0.418566,0.635569,0.502815,0.567465,0,0,0.349631,0.327665,0.490553,0.158729,0.493614,0.224147,0.678963,0.523857,0,0,0,0,0,0,0,0,0,0,0,0,0.271519,0.706382,0.268458,0.57559,0.289899,0.755466,0.283755,0.428499
0.306732,0.651926,0.371087,0.474813,0.420099,0.643741,0.501276,0.57017,0.492093,0.523867,0.351161,0.322219,0.485959,0.161447,0.49513,0.224122,0.689687,0.510234,0,0,0,0,0,0,0,0,0,0,0,0,0.27151,0.703723,0.268454,0.572921,0.291422,0.755455,0.283749,0.425806
0.308278,0.651915,0.374137,0.477546,0.421621,0.649198,0.504346,0.56473,0.493625,0.52387,0.354227,0.33039,0.48596,0.153284,0.495167,0.22141,0.70194,0.512955,0,0,0,0,0,0,0,0,0,0,0,0,0.273038,0.703673,0.271493,0.572863,0.28837,0.755445,0.286818,0.425797
0.308267,0.64919,0.374153,0.477533,0.424692,0.638298,0.505879,0.559276,0.493642,0.521129,0.355766,0.322219,0.493619,0.158718,0.496683,0.221407,0.711131,0.466637,0,0,0,0,0,0,0,0,0,0,0,0,0.273039,0.70366,0.269991,0.570182,0.291419,0.752755,0.286837,0.425787
0.309795,0.646453,0.374135,0.472102,0.426221,0.641021,0.527319,0.758192,0,0,0.354231,0.32765,0.487495,0.156002,0.49821,0.215961,0.706535,0.491159,0,0,0,0,0,0,0,0,0,0,0,0,0.27306,0.700962,0.269996,0.564712,0.289904,0.755443,0.286846,0.423064
0.309798,0.643781,0.372618,0.469358,0.424684,0.632851,0.507412,0.56201,0,0,0.35423,0.31405,0.482897,0.158724,0.498216,0.21594,0.675899,0.518404,0,0,0,0,0,0,0.737171,0.469357,0.631485,0.752734,0,0,0.274553,0.698279,0.26999,0.562029,0.289902,0.752753,0.288362,0.423064
0.308262,0.643734,0.374135,0.477537,0.424692,0.649198,0.508939,0.55655,0.495157,0.5157,0.354227,0.31133,0.481369,0.153279,0.498209,0.207795,0.694279,0.507504,0,0,0,0,0,0,0,0,0,0,0,0,0.273033,0.698213,0.269975,0.559285,0.292953,0.747297,0.288354,0.417577
0.306727,0.64103,0.374149,0.474813,0.423162,0.65737,0.508936,0.551112,0.495151,0.51838,0.351178,0.311309,0.485962,0.14783,0.498208,0.207791,0.685091,0.512956,0,0,0,0,0,0,0,0,0,0,0,0,0.273024,0.695515,0.268459,0.559298,0.288369,0.747296,0.286824,0.414859
0.30826,0.638323,0.374129,0.466645,0.418562,0.654647,0.50894,0.551102,0.482895,0.357647,0.352693,0.305856,0.487492,0.150548,0.498228,0.202318,0.691218,0.499332,0,0,0,0,0,0,0,0,0,0,0,0,0.273047,0.695494,0.268456,0.556553,0.292954,0.744568,0.285311,0.409409
0.308277,0.638304,0.374138,0.4639,0.426218,0.676444,0.507407,0.548376,0.484429,0.352199,0.352697,0.30313,0.482896,0.145121,0.501279,0.199618,0.680496,0.504784,0,0,0,0,0,0,0,0,0,0,0,0,0.273045,0.692801,0.268453,0.556532,0.292964,0.744574,0.286835,0.409394
0.308282,0.632847,0.374133,0.466622,0.424687,0.632851,0.507404,0.545658,0.482897,0.330398,0.34963,0.311294,0.484431,0.128764,0.49976,0.196879,0.682025,0.477536,0,0,0,0,0,0,0,0,0,0,0,0,0.273038,0.690086,0.26846,0.553824,0.291416,0.733654,0.286827,0.403976
0.308282,0.632851,0.37567,0.463912,0.42469,0.630131,0.515062,0.55111,0.481365,0.333117,0.352693,0.303132,0.479836,0.126036,0.499755,0.191458,0.686622,0.477534,0,0,0,0,0,0,0,0,0,0,0,0,0.273046,0.690088,0.268456,0.553803,0.291417,0.73367,0.286819,0.403978
0.311324,0.624698,0.375683,0.463918,0.433879,0.635577,0.519656,0.553825,0.484432,0.371265,0.355758,0.305877,0.492088,0.115126,0.504342,0.191434,0.703471,0.485707,0,0,0,0,0,0,0,0,0,0,0,0,0.274563,0.687368,0.271508,0.551133,0.291432,0.739125,0.285286,0.401223
0.311354,0.624672,0.377211,0.469352,0.440006,0.638299,0.636078,0.760922,0.697342,0.515676,0.360346,0.305878,0.492083,0.112425,0.505858,0.188713,0,0,0,0,0,0,0,0,0,0,0,0,0,0,0.27458,0.69006,0.271526,0.551072,0.29295,0.741838,0.285292,0.401252
0.311324,0.621956,0.380269,0.46662,0.441534,0.638302,0.639141,0.7582,0,0,0.360366,0.281349,0.485959,0.115148,0.507389,0.188712,0.708066,0.431214,0,0,0,0,0,0,0,0,0,0,0,0,0.274573,0.690059,0.271512,0.551094,0.292964,0.741835,0.283775,0.40123
0.309825,0.621956,0.378742,0.469373,0.435414,0.635574,0.51201,0.545665,0.499756,0.491171,0.357299,0.300406,0.490552,0.112425,0.507386,0.188738,0.711129,0.466634,0,0,0,0,0,0,0,0,0,0,0,0,0.273055,0.687364,0.269985,0.55111,0.29142,0.739124,0.285286,0.401221
0.308258,0.632858,0.37568,0.472069,0.429282,0.632852,0.513531,0.54838,0.485964,0.349466,0.352697,0.30315,0.493614,0.11785,0.505854,0.19142,0.694279,0.482987,0,0,0,0,0,0,0,0,0,0,0,0,0.273024,0.690102,0.266926,0.553867,0.292962,0.736404,0.283762,0.401269
0.308269,0.635573,0.377201,0.469368,0.429286,0.643746,0.513529,0.551103,0.501285,0.496609,0.354231,0.305856,0.49362,0.117861,0.505867,0.191449,0.723385,0.436666,0,0,0,0,0,0,0,0,0,0,0,0,0.271523,0.692805,0.266916,0.553867,0.288368,0.744564,0.285295,0.401277
0.311319,0.635583,0.375681,0.463918,0.43235,0.651924,0.518128,0.556552,0.504342,0.499316,0.357294,0.305876,0.487494,0.131475,0.507392,0.19416,0.680493,0.48571,0,0,0,0,0,0,0,0,0,0,0,0,0.274588,0.695506,0.271495,0.553856,0.289891,0.750019,0.28988,0.406715
0.311335,0.638305,0.375677,0.469366,0.397119,0.744568,0.51966,0.700968,0.487491,0.382168,0.358817,0.311322,0.496676,0.126025,0.508918,0.19687,0.680496,0.515688,0,0,0,0,0,0,0,0,0,0,0,0,0.274598,0.695549,0.269997,0.556528,0.289889,0.752729,0.288369,0.406706
0.311321,0.641003,0.378746,0.474804,0.43082,0.660101,0.518125,0.559279,0.507385,0.510251,0.35424,0.314065,0.496681,0.128759,0.508936,0.19958,0.694282,0.48298,0,0,0,0,0,0,0,0,0,0,0,0,0.276094,0.695549,0.271504,0.556542,0.29142,0.752713,0.288369,0.406713
0.309821,0.638299,0.381803,0.474799,0.429286,0.692797,0.522718,0.556545,0.507415,0.510237,0.357302,0.308587,0.489022,0.128766,0.508929,0.19688,0.700408,0.474812,0,0,0,0,0,0,0,0,0,0,0,0,0.274598,0.695523,0.271501,0.553855,0.291413,0.750013,0.2899,0.406724
0.31132,0.63011,0.380274,0.46392,0.440008,0.638294,0.522721,0.559275,0.507412,0.496622,0.358812,0.305873,0.496684,0.128772,0.510474,0.19418,0.706534,0.447561,0,0,0,0,0,0,0,0,0,0,0,0,0.276094,0.69281,0.273024,0.551136,0.292946,0.744555,0.289879,0.40395
0.311343,0.62742,0.383326,0.469348,0.440005,0.657368,0.530382,0.695515,0,0,0.358833,0.308571,0.501282,0.126034,0.51506,0.194143,0.678963,0.474808,0,0,0,0,0,0,0,0,0,0,0,0,0.276113,0.692764,0.273052,0.551089,0.294492,0.744571,0.291435,0.401286
0.309825,0.624686,0.380271,0.463917,0.438475,0.621946,0.527317,0.703685,0,0,0.358837,0.305848,0.499755,0.11786,0.51353,0.188681,0.695813,0.474811,0,0,0,0,0,0,0,0,0,0,0,0,0.274575,0.690044,0.271497,0.54838,0.291416,0.74183,0.288348,0.398504
0.31133,0.6274,0.378734,0.463917,0.441542,0.65737,0.527325,0.709145,0,0,0.358825,0.300415,0.501276,0.120586,0.512009,0.188705,0.726447,0.461184,0,0,0,0,0,0,0,0,0,0,0,0,0.274563,0.690044,0.269981,0.548369,0.29143,0.74184,0.286841,0.398487
0.308274,0.624674,0.378744,0.461187,0.433883,0.654646,0.527319,0.717313,0,0,0.354238,0.292239,0.501281,0.117846,0.513535,0.18326,0.695813,0.482982,0,0,0,0,0,0,0,0,0,0,0,0,0.273042,0.684589,0.266934,0.542914,0.291431,0.730936,0.286819,0.393056
0.308277,0.621956,0.380273,0.455732,0.440011,0.657374,0.531912,0.739111,0,0,0.354232,0.294967,0.502811,0.115155,0.513523,0.183242,0.698877,0.477535,0,0,0,0,0,0,0,0,0,0,0,0,0.273051,0.679165,0.265409,0.540224,0.294484,0.728228,0.283775,0.390312
0.306726,0.621945,0.378737,0.453008,0.429285,0.681895,0.525784,0.752727,0,0,0.352695,0.289513,0.501285,0.117878,0.51354,0.180522,0.709599,0.453011,0,0,0,0,0,0,0,0,0,0,0,0,0.271515,0.673741,0.265394,0.537505,0.289894,0.72549,0.283762,0.384877
0.302154,0.62195,0.37414,0.439384,0.433878,0.649199,0.50281,0.540208,0.499734,0.488437,0.349644,0.286806,0.496685,0.120579,0.511994,0.175093,0.706535,0.444838,0,0,0,0,0,0,0,0,0,0,0,0,0.269994,0.673725,0.263858,0.534788,0.286837,0.728203,0.283751,0.382178
0.30216,0.624666,0.375683,0.444828,0.432347,0.65737,0.528852,0.750009,0,0,0.352697,0.278625,0,0,0,0,0.71113,0.472088,0,0,0,0,0,0,0,0,0,0,0,0,0.269984,0.67915,0.26385,0.537483,0.286833,0.730933,0.277648,0.382158
0.306739,0.627408,0.377205,0.450278,0.426222,0.657373,0,0,0,0,0.352709,0.286786,0.513529,0.120575,0.516585,0.180533,0.692749,0.482981,0,0,0,0,0,0,0,0,0,0,0,0,0.271503,0.681864,0.263877,0.537504,0.29142,0.730951,0.283759,0.384891
0.305209,0.624673,0.37567,0.444844,0.429284,0.641023,0.52885,0.725486,0,0,0.354235,0.289508,0,0,0,0,0.726445,0.442113,0,0,0,0,0,0,0,0,0,0,0,0,0.269982,0.684587,0.263853,0.54022,0.289897,0.730942,0.282245,0.384903
0.306729,0.624683,0.372608,0.439387,0.423159,0.638298,0.527324,0.717328,0,0,0.352694,0.286799,0,0,0,0,0.747892,0.39034,0,0,0,0,0,0,0,0,0,0,0,0,0.268449,0.684618,0.263834,0.54022,0.289887,0.730942,0.280691,0.387588
0.302155,0.627414,0.374138,0.45302,0.432348,0.662824,0,0,0,0,0.354231,0.286782,0.508938,0.120585,0.515066,0.185973,0.723384,0.444841,0,0,0,0,0,0,0,0,0,0,0,0,0.265402,0.684619,0.260807,0.537511,0.288361,0.730942,0.276128,0.387609
0.302141,0.624677,0.371085,0.442113,0.423161,0.621947,0.525782,0.70096,0,0,0.3481,0.275889,0.492083,0.303136,0.495171,0.512952,0.682026,0.47753,0,0,0,0,0,0,0,0,0,0,0,0,0.265395,0.684594,0.260789,0.542909,0.289895,0.730946,0.274559,0.384887
0.297561,0.616497,0.372614,0.447567,0.423158,0.649198,0.52425,0.711867,0,0,0.345049,0.270444,0,0,0,0,0.688154,0.488432,0,0,0,0,0,0,0,0,0,0,0,0,0.263862,0.679179,0.259278,0.540214,0.277657,0.728222,0.273042,0.379466
0.297539,0.621923,0.371074,0.447561,0.426221,0.651924,0,0,0,0,0.346566,0.270445,0,0,0,0,0.68509,0.504784,0,0,0,0,0,0,0,0,0,0,0,0,0.263865,0.681868,0.259274,0.5375,0.279173,0.728233,0.27306,0.379466
0.296028,0.613791,0.36801,0.442099,0.424693,0.594698,0.496683,0.545655,0.489026,0.270452,0.343493,0.278613,0,0,0,0,0.682026,0.47753,0,0,0,0,0,0,0,0,0,0,0,0,0.2608,0.671023,0.256194,0.534736,0.277653,0.730944,0.273038,0.376734
0.294483,0.611074,0.364957,0.436668,0.424695,0.624674,0.492089,0.540202,0.487491,0.2868,0.343509,0.267717,0.499757,0.112404,0.510472,0.166934,0,0,0,0,0,0,0,0,0,0,0,0,0,0,0.260777,0.670982,0.253152,0.529316,0.276113,0.733674,0.273016,0.376722
0.294471,0.605629,0.364955,0.439401,0.430814,0.651924,0.493624,0.542932,0.495162,0.493895,0.340435,0.270432,0,0,0,0,0.660581,0.480259,0,0,0,0,0,0,0,0,0,0,0,0,0.257719,0.668305,0.253129,0.526578,0.274582,0.733674,0.269971,0.371258
0.291421,0.605614,0.364958,0.431222,0.420096,0.619228,0.49362,0.551109,0.495141,0.493871,0.340436,0.270442,0,0,0,0,0.695812,0.444838,0,0,0,0,0,0,0,0,0,0,0,0,0.256199,0.668298,0.250077,0.529278,0.274567,0.728241,0.266906,0.368567
0.289891,0.602892,0.358819,0.40942,0.418561,0.61105,0.493622,0.54838,0.481365,0.344019,0.345034,0.185981,0.484431,0.109669,0.507409,0.164204,0.731044,0.387617,0,0,0,0,0,0,0,0,0,0,0,0,0.25315,0.668241,0.247,0.52658,0.269987,0.720044,0.262322,0.36851
0.289885,0.597415,0.360345,0.412133,0.413969,0.608322,0.493619,0.545653,0.484432,0.341296,0.34351,0.210498,0,0,0,0,0.727978,0.414865,0,0,0,0,0,0,0,0,0,0,0,0,0.254672,0.665543,0.247005,0.52114,0.271516,0.720054,0.262335,0.365828
0.291423,0.597424,0,0,0,0,0,0,0,0,0.337382,0.243199,0,0,0,0,0,0,0,0,0,0,0,0,0,0,0,0,0,0,0.256185,0.665539,0.248542,0.518411,0.274581,0.71732,0.266907,0.363126
0.291423,0.600148,0,0,0,0,0,0,0,0,0.343517,0.243193,0,0,0,0,0,0,0,0,0,0,0,0,0,0,0,0,0,0,0.256205,0.6655,0.251589,0.518387,0.273047,0.722752,0.268443,0.360377
0.291415,0.597411,0.36801,0.425757,0.423158,0.611043,0.507406,0.545652,0.496683,0.480267,0.345042,0.207776,0.502812,0.0715463,0.510466,0.15056,0.729511,0.387617,0,0,0,0,0,0,0,0,0,0,0,0,0.256189,0.662847,0.250061,0.518375,0.271507,0.714591,0.268459,0.360345
0.289885,0.594695,0.363422,0.420307,0.421624,0.6056,0.518126,0.556559,0.496674,0.477556,0.345036,0.20505,0.49822,0.0715448,0.508961,0.150567,0.76321,0.327672,0,0,0,0,0,0,0,0,0,0,0,0,0.254669,0.662803,0.246999,0.518378,0.276101,0.709136,0.266917,0.357666
0.286822,0.597427,0.361894,0.425746,0.410907,0.578357,0.507405,0.548379,0.482899,0.259554,0.337375,0.251371,0.481363,0.281337,0.492106,0.488436,0.755551,0.346745,0,0,0,0,0,0,0.754019,0.338573,0.648326,0.739113,0,0,0.251606,0.662791,0.243945,0.515658,0.271515,0.711855,0.26538,0.357671
0.286822,0.597412,0.363423,0.425745,0.420093,0.589251,0.499745,0.537478,0.482896,0.270449,0.33891,0.2105,0.499742,0.06881,0.507414,0.153271,0,0,0,0,0,0,0,0,0,0,0,0,0,0,0.251588,0.662811,0.243938,0.515706,0.268456,0.717305,0.263857,0.357632
0.288366,0.597417,0.361894,0.42575,0.42622,0.602872,0.504342,0.542926,0.48596,0.284075,0.337383,0.256822,0,0,0,0,0.875029,0.0197703,0,0,0,0,0,0,0,0,0,0,0,0,0.253121,0.662828,0.245465,0.51841,0.279175,0.709152,0.263874,0.357665
0.288377,0.597422,0.361896,0.420315,0.41703,0.619223,0.502808,0.54565,0.487492,0.264998,0.335841,0.262271,0.49668,0.0742806,0.50896,0.153266,0,0,0,0,0,0,0,0,0,0,0,0,0,0,0.253132,0.66551,0.245487,0.518385,0.279172,0.717317,0.263863,0.360375
0.291436,0.602863,0.363426,0.417593,0.41703,0.602875,0.510469,0.54838,0.501268,0.474817,0.348103,0.166905,0.499744,0.0688306,0.512005,0.153282,0.721851,0.382166,0,0,0,0,0,0,0,0,0,0,0,0,0.254669,0.662829,0.248533,0.515655,0.274581,0.71187,0.265402,0.357676
0.292955,0.600141,0.371074,0.403964,0.424685,0.572898,0.51047,0.553824,0.505863,0.482981,0.346569,0.156011,0.501279,0.0715408,0.515071,0.158703,0.706534,0.428487,0,0,0,0,0,0,0,0,0,0,0,0,0.257713,0.66285,0.250057,0.5157,0.273051,0.711866,0.269974,0.360343
0.294475,0.591972,0.363429,0.417577,0.418563,0.591972,0.516594,0.54566,0.5074,0.474824,0.341985,0.243204,0.502813,0.0688206,0.519649,0.15056,0.703471,0.433942,0,0,0,0,0,0,0,0,0,0,0,0,0.257737,0.66007,0.251594,0.512961,0.277644,0.709134,0.26691,0.346756
0.29296,0.583819,0.369541,0.420319,0.427752,0.578357,0.522723,0.545661,0.507382,0.474832,0.341984,0.235023,0.504343,0.0633749,0.521188,0.142397,0.703471,0.395791,0.654455,0.526582,0,0,0,0,0.724916,0.357644,0.651394,0.730941,0,0,0.25774,0.651903,0.2516,0.510209,0.277649,0.703683,0.269985,0.346736
0.292953,0.578331,0.368016,0.406686,0.426223,0.564726,0.516596,0.537482,0.507382,0.469347,0.341975,0.21867,0.50434,0.0606316,0.5212,0.131496,0.600845,0.423032,0,0,0,0,0,0,0,0,0,0,0,0,0.257719,0.643728,0.251586,0.496595,0.274562,0.698221,0.268458,0.341269
0.291415,0.578377,0.36802,0.406684,0.42622,0.575622,0.515062,0.53203,0.507423,0.461189,0.343501,0.215962,0.499755,0.0442993,0.52273,0.128774,0.703471,0.425762,0,0,0,0,0,0,0,0,0,0,0,0,0.254673,0.641041,0.250059,0.491178,0.266929,0.698223,0.268446,0.335852
0.288358,0.570167,0.368019,0.395783,0.42469,0.58925,0.508939,0.529309,0.505876,0.458458,0.341968,0.210507,0.507402,0.0361171,0.522731,0.115146,0.65905,0.420312,0,0,0,0,0,0,0,0,0,0,0,0,0.251598,0.632831,0.245478,0.482988,0.268448,0.681903,0.265375,0.324939
0.285288,0.562015,0.368009,0.390339,0.392522,0.56473,0.521189,0.529304,0,0,0.340445,0.213222,0.505871,0.0279404,0.522716,0.112423,0.705003,0.373993,0.655987,0.474812,0,0,0,0,0.714193,0.297698,0.65292,0.725488,0.87503,0.651921,0.250061,0.62467,0.243945,0.480259,0.263855,0.679171,0.263866,0.319486
0.279163,0.56746,0.364954,0.390345,0.389457,0.581073,0.484429,0.671,0,0,0.343504,0.19143,0.507406,0.0170422,0.521183,0.106976,0.701939,0.376718,0.65139,0.482983,0,0,0,0,0.717257,0.314045,0.649856,0.730939,0.875027,0.654646,0.243951,0.624677,0.240884,0.474818,0.257729,0.671008,0.257722,0.314058
0.276116,0.570157,0.363419,0.390342,0.394053,0.589252,0.493621,0.684618,0,0,0.332786,0.210505,0.507406,0.014318,0.519655,0.104236,0.72032,0.365817,0.655986,0.469359,0,0,0,0,0.763209,0.308599,0.648327,0.725488,0.858179,0.654646,0.242423,0.624701,0.240857,0.477542,0.257735,0.670997,0.257725,0.314075
0.274574,0.575602,0.352697,0.398522,0.386394,0.575629,0.479838,0.651921,0,0,0.323591,0.215952,0.501281,0.0306721,0.512003,0.11516,0.717256,0.379443,0.652921,0.512956,0,0,0,0,0.761679,0.281349,0.645265,0.725489,0.83214,0.660097,0.239357,0.632872,0.23476,0.48568,0.251597,0.684617,0.253135,0.319492
0.271509,0.578343,0.352696,0.393066,0.395587,0.570183,0.504341,0.523855,0.481368,0.2432,0.322069,0.210491,0.501276,0.0361164,0.510465,0.120572,0.660582,0.420313,0,0,0,0,0,0,0,0,0,0,0,0,0.237806,0.638301,0.233215,0.485694,0.248533,0.695498,0.248534,0.324956
0.269985,0.583783,0.358822,0.414861,0.417028,0.60015,0.50281,0.540208,0.482893,0.25955,0.322071,0.21869,0.492085,0.0279413,0.507407,0.117845,0,0,0,0,0,0,0,0,0,0,0,0,0,0,0.233223,0.643722,0.2271,0.491162,0.243961,0.69822,0.24547,0.330389
0.268449,0.581084,0.349631,0.401239,0.404778,0.581078,0.495154,0.532035,0.481365,0.262273,0.319002,0.218677,0.493621,0.0497466,0.505876,0.128744,0.613097,0.346746,0,0,0,0,0,0,0,0,0,0,0,0,0.231696,0.643749,0.225573,0.493873,0.247003,0.703683,0.243945,0.333125
0.265383,0.589258,0.348103,0.423028,0.383334,0.619222,0.489026,0.523854,0.479836,0.275899,0.317468,0.240471,0.4829,0.0442803,0.502808,0.128751,0,0,0,0,0,0,0,0,0,0,0,0,0,0,0.227107,0.651914,0.224027,0.496604,0.243951,0.703701,0.240896,0.33855
0.262332,0.600151,0,0,0,0,0,0,0,0,0.317463,0.205046,0.479835,0.0415715,0.499752,0.13148,0,0,0,0,0,0,0,0,0,0,0,0,0,0,0.227092,0.657373,0.224019,0.496626,0.243956,0.711868,0.240879,0.341281
0.262323,0.597425,0.346571,0.40125,0.387928,0.586529,0.490555,0.534756,0.478304,0.322222,0.312881,0.218674,0.47524,0.0470151,0.496692,0.131458,0.677432,0.428488,0,0,0,0,0,0,0,0,0,0,0,0,0.225554,0.660109,0.220955,0.50751,0.243952,0.72276,0.239347,0.341289
0.262317,0.60287,0.345039,0.401242,0.38333,0.581079,0.490553,0.529309,0.4783,0.2759,0.312869,0.213226,0.473711,0.0415642,0.4967,0.134199,0,0,0,0,0,0,0,0,0,0,0,0,0,0,0.225546,0.662783,0.220957,0.504787,0.243951,0.722764,0.239326,0.341294
0.257742,0.602883,0.343506,0.420308,0.389461,0.643745,0.487495,0.52386,0.478301,0.305874,0.312878,0.218677,0.47677,0.047016,0.495166,0.128771,0,0,0,0,0,0,0,0,0,0,0,0,0,0,0.22097,0.662799,0.216379,0.510215,0.242418,0.725482,0.230165,0.341285
0.256202,0.600153,0.343507,0.425761,0.390989,0.624672,0.490553,0.534758,0.47983,0.316771,0.311333,0.232296,0.475234,0.0415716,0.496671,0.126042,0,0,0,0,0,0,0,0,0,0,0,0,0,0,0.219431,0.662782,0.213297,0.507513,0.242409,0.722762,0.228617,0.341254
0.254666,0.600135,0.340439,0.412137,0.377205,0.602876,0.490555,0.545649,0.476769,0.344017,0.308279,0.213223,0.478301,0.0470177,0.493631,0.126026,0.680496,0.403965,0,0,0,0,0,0,0,0,0,0,0,0,0.216366,0.66279,0.211773,0.510218,0.242408,0.728223,0.224043,0.341261
0.256183,0.600118,0.338912,0.414856,0.387925,0.627399,0.490555,0.551097,0,0,0.308273,0.215959,0.479831,0.0606331,0.496672,0.131477,0.674367,0.412139,0,0,0,0,0,0,0,0,0,0,0,0,0.216373,0.662799,0.21026,0.510239,0.245471,0.730948,0.227097,0.341322
0.256189,0.600167,0.340444,0.409412,0.381798,0.611048,0.490552,0.553823,0.478303,0.330396,0.309803,0.213227,0.476775,0.0551916,0.496672,0.134203,0.665177,0.406689,0,0,0,0,0,0,0,0,0,0,0,0,0.21637,0.66281,0.211772,0.510235,0.242413,0.722772,0.225565,0.341318
0.256181,0.602857,0.335845,0.406694,0.380267,0.608326,0.489022,0.553829,0.481365,0.346746,0.308278,0.207778,0,0,0,0,0,0,0,0,0,0,0,0,0,0,0,0,0,0,0.214853,0.662825,0.210258,0.512953,0.24241,0.72276,0.225569,0.341317
0.254655,0.602881,0.332789,0.414867,0.381799,0.600153,0.492092,0.55656,0,0,0.297559,0.235028,0.478301,0.0660986,0.4982,0.150568,0.70194,0.382165,0,0,0,0,0,0,0,0,0,0,0,0,0.213295,0.665526,0.208719,0.51296,0.228624,0.722755,0.225575,0.344009
0.251602,0.605592,0.329725,0.425759,0.38333,0.594702,0.495151,0.56473,0,0,0.29909,0.229573,0.475235,0.0688202,0.499736,0.153279,0.682026,0.401239,0,0,0,0,0,0,0,0,0,0,0,0,0.210257,0.66552,0.20718,0.512936,0.233222,0.722764,0.224039,0.344028
0.246997,0.597437,0.33125,0.436677,0.375671,0.651921,0.501279,0.572906,0.484426,0.360369,0.30062,0.237751,0.478304,0.0878803,0.505867,0.161454,0.59778,0.453014,0,0,0,0,0,0,0,0,0,0,0,0,0.208717,0.660097,0.207163,0.493902,0.224031,0.725484,0.222497,0.346728
0.250068,0.589245,0.345039,0.431203,0.3818,0.613778,0.512,0.578354,0.479836,0.33857,0.31134,0.22685,0.489023,0.0933387,0.507397,0.164187,0.659051,0.493883,0,0,0,0,0,0,0,0,0,0,0,0,0.207175,0.651931,0.205633,0.491147,0.224026,0.722772,0.220957,0.346727
0.247007,0.572888,0.331256,0.433943,0.369549,0.649197,0.525785,0.597426,0.453794,0.251372,0.299086,0.248649,0.377205,0.0824307,0,0,0.738701,0.371268,0,0,0,0,0,0,0,0,0,0,0,0,0.20411,0.643722,0.204103,0.485678,0.224028,0.722764,0.214842,0.341305
0.248536,0.572875,0.328193,0.428491,0.368016,0.649196,0.527322,0.613769,0.452262,0.251378,0.299082,0.245916,0.472173,0.106974,0.512011,0.185968,0.678963,0.447559,0,0,0,0,0,0,0.66671,0.363095,0,0,0,0,0.204103,0.641014,0.202577,0.482993,0.224025,0.70914,0.216359,0.341311
0.250053,0.564748,0.328188,0.433949,0.368014,0.654646,0.533441,0.630124,0.51354,0.545668,0.302148,0.251378,0.487493,0.109692,0.519654,0.185996,0.631479,0.431209,0.610033,0.537477,0,0,0,0,0.626883,0.346745,0,0,0,0,0.202593,0.63829,0.202597,0.480257,0.224023,0.709152,0.214841,0.341295
0.248523,0.570154,0.331252,0.436663,0.366486,0.660097,0.536512,0.638291,0.516591,0.553848,0.306745,0.245925,0.481365,0.109696,0.521185,0.185991,0.639136,0.425763,0.625351,0.545656,0.645267,0.752739,0.821419,0.733667,0.645264,0.327669,0,0,0,0,0.202594,0.638278,0.202597,0.480232,0.222495,0.709138,0.2179,0.341307
0.25161,0.570163,0.33125,0.425773,0.366485,0.632845,0.53804,0.624681,0.476772,0.292249,0.297561,0.248648,0.473705,0.106973,0.522721,0.188698,0.703471,0.384894,0.685091,0.453014,0,0,0,0,0.715726,0.281351,0.646798,0.752726,0.830609,0.760924,0.207163,0.640999,0.20565,0.48025,0.224034,0.709155,0.21789,0.341251
0.251603,0.570164,0.329716,0.431201,0.361888,0.632847,0.539568,0.624668,0.470643,0.264999,0.300622,0.248646,0.415502,0.0960737,0,0,0.698876,0.37944,0,0,0,0,0,0,0.705002,0.270449,0,0,0,0,0.207172,0.641007,0.205649,0.480259,0.225557,0.706422,0.217888,0.341254
