0.297566,0.453002,0.524252,0.627402,0.49515,0.864457,0.691217,0.993889,0.466049,0.564726,0.548762,0.365819,0.657517,0.243192,0.757085,0.13148,0,0,0,0,0,0,0,0,0,0,0,0,0,0,0.227102,0.53205,0.308268,0.31952,0.214825,0.698257,0.392528,0.254118
0.297557,0.455751,0.525787,0.627399,0,0,0,0,0,0,0.548766,0.360377,0.65139,0.235028,0,0,0,0,0,0,0,0,0,0,0,0,0,0,0,0,0.227113,0.532043,0.309785,0.322204,0.21025,0.698227,0.39253,0.254125
0.297561,0.458447,0.527316,0.630119,0,0,0,0,0,0,0.547228,0.357647,0.659055,0.229573,0.75862,0.126031,0,0,0,0,0,0,0,0,0,0,0,0,0,0,0.227112,0.532045,0.309802,0.319512,0.213306,0.703678,0.390999,0.254123
0.299099,0.455755,0.525782,0.627399,0.496684,0.869901,0.692749,0.993886,0.472171,0.564728,0.545703,0.360366,0.655991,0.235038,0,0,0,0,0,0,0,0,0,0,0,0,0,0,0,0,0.231676,0.531995,0.31131,0.319498,0.216365,0.711872,0.389469,0.254103
0.300626,0.455717,0.522724,0.619227,0.495154,0.872629,0.689684,0.993887,0.453792,0.52931,0.548766,0.354921,0.657513,0.23502,0,0,0,0,0,0,0,0,0,0,0,0,0,0,0,0,0.234738,0.529295,0.311323,0.319477,0.216364,0.717316,0.392525,0.251381
0.30215,0.461198,0.527321,0.621944,0.49975,0.86446,0.682025,0.995247,0.472178,0.54838,0.547229,0.365818,0.655991,0.240469,0.772395,0.134206,0,0,0,0,0,0,0,0,0,0,0,0,0,0,0.234751,0.529277,0.311347,0.316776,0.219438,0.711872,0.389466,0.251392
0.302148,0.455753,0.53038,0.635572,0.504344,0.872629,0.697345,0.995247,0.472178,0.548378,0.5457,0.365823,0.655984,0.243193,0,0,0,0,0,0,0,0,0,0,0,0,0,0,0,0,0.233225,0.529295,0.311354,0.316758,0.216378,0.706422,0.389463,0.254102
0.300619,0.455735,0.528851,0.64102,0.502813,0.878078,0.697344,0.995247,0.466048,0.532036,0.544171,0.371262,0.652925,0.245923,0.758614,0.131492,0,0,0,0,0,0,0,0,0,0,0,0,0,0,0.231693,0.532023,0.311312,0.316751,0.220974,0.720027,0.386395,0.254104
0.299093,0.453027,0.53038,0.651921,0.501276,0.880808,0.697345,0.995247,0.470643,0.542934,0.547229,0.368548,0.654454,0.243212,0.760141,0.13148,0,0,0,0,0,0,0,0,0,0,0,0,0,0,0.230151,0.532043,0.309817,0.316749,0.219444,0.714576,0.387929,0.254122
0.296025,0.463903,0.52732,0.624675,0.499743,0.872625,0.70194,0.995246,0.467579,0.542929,0.547234,0.365812,0.655983,0.240472,0,0,0,0,0,0,0,0,0,0,0,0,0,0,0,0,0.228619,0.53203,0.30978,0.316783,0.214844,0.706416,0.384868,0.256815
0.296016,0.466648,0.527316,0.627398,0.499747,0.869907,0.703471,0.995247,0.467578,0.54566,0.545702,0.368541,0.654454,0.240488,0,0,0,0,0,0,0,0,0,0,0,0,0,0,0,0,0.227108,0.531997,0.308284,0.316803,0.210254,0.706416,0.389459,0.25956
0.294478,0.463923,0.528848,0.632848,0.502808,0.869909,0.705002,0.995247,0.455329,0.529308,0.545699,0.36854,0.652919,0.243214,0.761687,0.136937,0,0,0,0,0,0,0,0,0,0,0,0,0,0,0.22709,0.531999,0.308253,0.316801,0.214829,0.709157,0.386391,0.259554
0.294501,0.461186,0.528849,0.638302,0.504344,0.867183,0.708069,0.995246,0.466048,0.545652,0.545702,0.371267,0.654451,0.240472,0.763217,0.128766,0,0,0,0,0,0,0,0,0,0,0,0,0,0,0.227091,0.532038,0.308254,0.316786,0.216366,0.709127,0.38946,0.262268
0.296036,0.458476,0.527319,0.630128,0.507404,0.875357,0.7096,0.995247,0.469113,0.54838,0.548758,0.368544,0.654452,0.2432,0.763209,0.131491,0,0,0,0,0,0,0,0,0,0,0,0,0,0,0.227083,0.534791,0.306743,0.322204,0.22097,0.720028,0.390992,0.262275
0.297549,0.461186,0.528851,0.643749,0.507405,0.88081,0.715723,0.995247,0.472173,0.553834,0.548764,0.373995,0.654448,0.243205,0.763207,0.134214,0,0,0,0,0,0,0,0,0,0,0,0,0,0,0.227097,0.537463,0.306739,0.32224,0.216366,0.711871,0.392521,0.265002
0.296022,0.466629,0.531911,0.641027,0.515062,0.883523,0.715728,0.995247,0.476769,0.551108,0.548766,0.368541,0.655985,0.243203,0.763217,0.12877,0,0,0,0,0,0,0,0,0,0,0,0,0,0,0.227108,0.537481,0.306733,0.324953,0.222503,0.71731,0.394057,0.264992
0.297562,0.466627,0.530382,0.641021,0.516595,0.880804,0.729512,0.995247,0.475241,0.5511,0.548762,0.363099,0.654462,0.240468,0.76474,0.128753,0,0,0,0,0,0,0,0,0,0,0,0,0,0,0.228628,0.537502,0.308258,0.324962,0.217914,0.706409,0.387925,0.267729
0.297563,0.485685,0.530381,0.630121,0,0,0,0,0,0,0.553362,0.360364,0.657515,0.237753,0.76934,0.128753,0,0,0,0,0,0,0,0,0,0,0,0,0,0,0.230165,0.551069,0.309809,0.330388,0.231694,0.714591,0.39252,0.259564
0.29909,0.480236,0.527324,0.627396,0,0,0,0,0,0,0.553362,0.360369,0.659056,0.240469,0.7724,0.131496,0,0,0,0,0,0,0,0,0,0,0,0,0,0,0.231682,0.551062,0.309812,0.333086,0.228633,0.720047,0.389464,0.262265
0.300618,0.474813,0.52885,0.624677,0.51813,0.878083,0.731045,0.995247,0.472177,0.537477,0.551832,0.360377,0.659047,0.240482,0.770866,0.145101,0,0,0,0,0,0,0,0,0,0,0,0,0,0,0.231685,0.551104,0.311323,0.333126,0.276108,0.755456,0.392517,0.262271
0.297546,0.48026,0.530379,0.627404,0.518126,0.880798,0.732576,0.995248,0.475235,0.545656,0.55642,0.360372,0.659051,0.240481,0.769338,0.142377,0,0,0,0,0,0,0,0,0,0,0,0,0,0,0.231689,0.54838,0.309805,0.330386,0.240879,0.72821,0.389457,0.256817
0.297544,0.463903,0.53191,0.635571,0.516594,0.883523,0.731046,0.995247,0.476771,0.55655,0.5503,0.368548,0.655989,0.243189,0.766279,0.134208,0,0,0,0,0,0,0,0,0,0,0,0,0,0,0.227104,0.54563,0.305205,0.324941,0.22863,0.709137,0.384863,0.254094
0.294482,0.48295,0.530379,0.630128,0.515065,0.875351,0.731039,0.995247,0.470642,0.540209,0.550296,0.368545,0.655984,0.240486,0.767801,0.131485,0,0,0,0,0,0,0,0,0,0,0,0,0,0,0.225582,0.545664,0.305196,0.322226,0.222505,0.717315,0.386395,0.254103
0.29144,0.485691,0.533446,0.646474,0.512002,0.878076,0.727977,0.995246,0.464517,0.548378,0.550299,0.368541,0.654449,0.243198,0.769342,0.126032,0,0,0,0,0,0,0,0,0,0,0,0,0,0,0.225528,0.545664,0.300621,0.324955,0.219435,0.711873,0.383335,0.254089
0.291422,0.488413,0.530382,0.638296,0.505874,0.875355,0.729508,0.995247,0.461455,0.542931,0.550296,0.368539,0.654461,0.2432,0.775465,0.126043,0,0,0,0,0,0,0,0,0,0,0,0,0,0,0.224045,0.548348,0.299104,0.327676,0.217917,0.706421,0.38027,0.254093
0.289888,0.485711,0.530379,0.64375,0.507404,0.867176,0.723384,0.951651,0.464514,0.551107,0.54876,0.373996,0.654455,0.245921,0.776993,0.123314,0,0,0,0,0,0,0,0,0,0,0,0,0,0,0.224005,0.548363,0.299074,0.327693,0.21484,0.703693,0.378735,0.2541
0.288373,0.483002,0.530379,0.646474,0.504345,0.880803,0.72645,0.962548,0.459919,0.540204,0.545703,0.376712,0.654457,0.24593,0.775467,0.126029,0,0,0,0,0,0,0,0,0,0,0,0,0,0,0.224012,0.548371,0.299065,0.330383,0.214834,0.700955,0.375677,0.254103
0.28835,0.48296,0.530382,0.651926,0.51047,0.869906,0.714197,0.948927,0.45226,0.521131,0.5457,0.376714,0.655984,0.245915,0.776996,0.117873,0,0,0,0,0,0,0,0,0,0,0,0,0,0,0.224019,0.545659,0.297559,0.33041,0.245473,0.722772,0.37414,0.254093
0.28835,0.480236,0.530382,0.638297,0.507403,0.87535,0.723386,0.995246,0.464514,0.542928,0.545702,0.376712,0.654455,0.245925,0.778529,0.123306,0,0,0,0,0,0,0,0,0,0,0,0,0,0,0.224008,0.54565,0.297551,0.333091,0.247005,0.728218,0.374133,0.254104
0.28988,0.477532,0.533447,0.654643,0.508938,0.886249,0.721852,0.995247,0.464517,0.542927,0.551826,0.368536,0.657517,0.245918,0.781588,0.120594,0,0,0,0,0,0,0,0,0,0,0,0,0,0,0.224029,0.542938,0.297545,0.333122,0.245473,0.728218,0.37261,0.256825
0.289882,0.477544,0.531916,0.651924,0.510468,0.880799,0.724918,0.995247,0.466047,0.542929,0.550294,0.371272,0.657522,0.245923,0.780066,0.123317,0,0,0,0,0,0,0,0,0,0,0,0,0,0,0.224029,0.545631,0.297556,0.330409,0.245469,0.725497,0.374148,0.254093
0.28835,0.485686,0.531916,0.643744,0.507407,0.872631,0.723384,0.995247,0.462985,0.537476,0.551822,0.373989,0.655989,0.245917,0,0,0,0,0,0,0,0,0,0,0,0,0,0,0,0,0.224032,0.545647,0.297532,0.333104,0.245469,0.722768,0.375671,0.254094
0.286825,0.482969,0.531914,0.649197,0.504345,0.87263,0.718791,0.995247,0.461454,0.542928,0.550297,0.37672,0.657515,0.245918,0,0,0,0,0,0,0,0,0,0,0,0,0,0,0,0,0.222509,0.548352,0.296034,0.333092,0.247005,0.72822,0.374145,0.256818
0.285302,0.477542,0.528853,0.641022,0.502812,0.872634,0.72185,0.995248,0.433884,0.480262,0.548762,0.376713,0.662112,0.245922,0.78313,0.126042,0,0,0,0,0,0,0,0,0,0,0,0,0,0,0.222487,0.548384,0.296011,0.330373,0.248537,0.730942,0.377205,0.256818
0.28377,0.477543,0.530384,0.643743,0.502813,0.872635,0.720321,0.995247,0.444603,0.510232,0.548765,0.373999,0.660581,0.243201,0.783126,0.126045,0,0,0,0,0,0,0,0,0,0,0,0,0,0,0.220968,0.548389,0.294497,0.330394,0.251602,0.74184,0.37721,0.254118
0.282227,0.482985,0.530381,0.643747,0.499748,0.86991,0.709597,0.995246,0.449198,0.540201,0.548764,0.376722,0.66824,0.243205,0.786188,0.128767,0,0,0,0,0,0,0,0,0,0,0,0,0,0,0.220968,0.548352,0.294492,0.33039,0.259257,0.750014,0.375676,0.254089
0.280705,0.48296,0.53038,0.638294,0.501275,0.869906,0.71113,0.995246,0.452263,0.545651,0.547234,0.379435,0.666712,0.245919,0.784661,0.12876,0,0,0,0,0,0,0,0,0,0,0,0,0,0,0.220979,0.545669,0.294473,0.327684,0.259258,0.750009,0.375669,0.251396
0.282244,0.48299,0.530383,0.6492,0.499749,0.875359,0.714191,0.995246,0,0,0.548765,0.382172,0.660584,0.248646,0.784651,0.128757,0,0,0,0,0,0,0,0,0,0,0,0,0,0,0.220971,0.548348,0.29449,0.330383,0.253132,0.744571,0.37874,0.254101
0.283759,0.477519,0.528853,0.660096,0.50434,0.875353,0.714195,0.995246,0.449197,0.548382,0.550292,0.390339,0.66058,0.248655,0.783126,0.126042,0,0,0,0,0,0,0,0,0,0,0,0,0,0,0.222484,0.542939,0.294492,0.327657,0.260793,0.750005,0.37721,0.254099
0.283773,0.477519,0.524255,0.646472,0.498215,0.864452,0.712664,0.995247,0.435413,0.545654,0.5503,0.38489,0.666709,0.243211,0.780056,0.123319,0,0,0,0,0,0,0,0,0,0,0,0,0,0,0.222484,0.542953,0.294486,0.324935,0.268452,0.752732,0.380269,0.245941
0.283765,0.480232,0.519658,0.632849,0.498214,0.859008,0.718787,0.995246,0.436946,0.553828,0.550299,0.379435,0.660579,0.243191,0.767806,0.126027,0,0,0,0,0,0,0,0,0,0,0,0,0,0,0.222479,0.542949,0.294474,0.324959,0.277639,0.750005,0.378739,0.245926
0.288371,0.461204,0.51966,0.619228,0.498212,0.861734,0.714194,0.9462,0.443069,0.559281,0.550293,0.37127,0.655981,0.24865,0.758619,0.128769,0,0,0,0,0,0,0,0,0,0,0,0,0,0,0.220952,0.545665,0.294484,0.322231,0.273046,0.747286,0.380276,0.24049
0.285303,0.472077,0.524256,0.624675,0.499745,0.856277,0.721854,0.948926,0.447666,0.564731,0.551823,0.371272,0.655984,0.248653,0.757091,0.128755,0,0,0,0,0,0,0,0,0,0,0,0,0,0,0.219447,0.548351,0.292971,0.324931,0.265386,0.744571,0.380273,0.243205
0.280711,0.485678,0.521192,0.627402,0.498217,0.861732,0.718791,0.940751,0.44307,0.553833,0.550296,0.373996,0.655992,0.248641,0.760145,0.126037,0,0,0,0,0,0,0,0,0,0,0,0,0,0,0.219449,0.548379,0.292951,0.327674,0.257726,0.744567,0.381799,0.243208
0.279177,0.482995,0.51966,0.62195,0.499743,0.850835,0.724915,0.951652,0.450731,0.559277,0.551829,0.373999,0.66058,0.248647,0.76168,0.136945,0,0,0,0,0,0,0,0,0,0,0,0,0,0,0.21943,0.548351,0.292953,0.327656,0.26079,0.744563,0.384861,0.243189
0.280708,0.480248,0.525788,0.654641,0,0,0,0,0,0,0.55336,0.376712,0.663648,0.245927,0.766276,0.131477,0,0,0,0,0,0,0,0,0,0,0,0,0,0,0.217916,0.548377,0.292961,0.324934,0.233223,0.725488,0.38486,0.245936
0.279181,0.482997,0.528851,0.643751,0.502808,0.86173,0.726448,0.940748,0.446134,0.545649,0.551827,0.376713,0.665177,0.243197,0,0,0,0,0,0,0,0,0,0,0,0,0,0,0,0,0.217914,0.548356,0.292951,0.324951,0.254664,0.74184,0.386396,0.248638
0.279179,0.485683,0.527316,0.641025,0.499747,0.864453,0.723386,0.932572,0.440008,0.545658,0.554888,0.371274,0.685089,0.232299,0,0,0,0,0,0,0,0,0,0,0,0,0,0,0,0,0.217917,0.545676,0.292943,0.324941,0.245472,0.733669,0.38333,0.245922
0.282233,0.480268,0.527321,0.630125,0.499747,0.86173,0.720319,0.935294,0.440008,0.540204,0.557954,0.365814,0.760148,0.142389,0.766272,0.115154,0,0,0,0,0,0,0,0,0,0,0,0,0,0,0.21791,0.548343,0.291445,0.322214,0.265387,0.750012,0.377204,0.248646
0.277648,0.469369,0.528849,0.627397,0.499746,0.8699,0.711131,0.902604,0.443069,0.556552,0.551829,0.368545,0.738702,0.145107,0.755555,0.115135,0,0,0,0,0,0,0,0,0,0,0,0,0,0,0.216363,0.545639,0.289894,0.319501,0.260792,0.74456,0.378735,0.245927
0.277647,0.466652,0.528848,0.635576,0.501278,0.864461,0.711127,0.902604,0.446133,0.562,0.556423,0.368541,0.740234,0.142382,0.755548,0.112413,0,0,0,0,0,0,0,0,0,0,0,0,0,0,0.214842,0.548369,0.289876,0.319511,0.262323,0.747283,0.374145,0.245936
0.276119,0.466624,0.527314,0.641021,0.498215,0.867178,0.709595,0.935303,0.44767,0.561999,0.55336,0.363096,0.680493,0.23775,0.749423,0.101511,0,0,0,0,0,0,0,0,0,0,0,0,0,0,0.213301,0.548377,0.288348,0.319511,0.262325,0.747285,0.369555,0.248639
0.276119,0.466635,0.528848,0.649198,0.499748,0.867181,0.712661,0.935298,0.452259,0.567453,0.55336,0.365815,0.708067,0.183256,0.750955,0.101517,0,0,0,0,0,0,0,0,0,0,0,0,0,0,0.213286,0.551071,0.288359,0.319493,0.260793,0.74729,0.371077,0.24864
0.279168,0.461188,0.530379,0.646467,0.496684,0.867177,0.708068,0.927127,0.447669,0.564722,0.551825,0.368536,0.669773,0.240475,0.749428,0.0987902,0,0,0,0,0,0,0,0,0,0,0,0,0,0,0.213289,0.548405,0.288343,0.319493,0.257727,0.747285,0.372607,0.248664
0.280696,0.461194,0.531914,0.649195,0.495153,0.869903,0.706537,0.910777,0.438475,0.551107,0.553357,0.368545,0.677432,0.235028,0,0,0,0,0,0,0,0,0,0,0,0,0,0,0,0,0.2133,0.548393,0.28834,0.319521,0.26232,0.750014,0.37261,0.251372
0.282238,0.461191,0.531913,0.638294,0.496686,0.864457,0.706531,0.921676,0.441539,0.562,0.559487,0.371272,0.757091,0.0497404,0,0,0,0,0,0,0,0,0,0,0,0,0,0,0,0,0.213301,0.551101,0.28835,0.322214,0.26079,0.752733,0.378737,0.248652
0.283769,0.458452,0.530385,0.641024,0.496686,0.867185,0.703472,0.921678,0.438477,0.559276,0.562549,0.373991,0.76628,0.0361171,0,0,0,0,0,0,0,0,0,0,0,0,0,0,0,0,0.21329,0.551114,0.288354,0.319533,0.257727,0.75273,0.374145,0.248644
0.279183,0.463916,0.531913,0.64102,0.495152,0.867179,0.706537,0.927121,0.436945,0.556552,0.562551,0.368547,0.775463,0.0333941,0.77393,0.0333919,0,0,0,0,0,0,0,0,0,0,0,0,0,0,0.213314,0.548402,0.288349,0.3195,0.262324,0.755455,0.384865,0.24592
0.280704,0.463906,0.531913,0.638299,0.495154,0.864458,0.706532,0.927122,0.436944,0.556551,0.559484,0.371269,0.773928,0.0361169,0,0,0,0,0,0,0,0,0,0,0,0,0,0,0,0,0.213298,0.548385,0.286836,0.319518,0.230157,0.728217,0.386396,0.245914
0.276125,0.466636,0.530384,0.632848,0.496682,0.861735,0.706537,0.924401,0.430817,0.545652,0.557951,0.363088,0.732575,0.153283,0.772399,0.0415671,0,0,0,0,0,0,0,0,0,0,0,0,0,0,0.211791,0.54838,0.286822,0.319506,0.220968,0.72004,0.38333,0.243203
0.274587,0.47208,0.530379,0.632846,0.495151,0.867185,0.706532,0.921677,0.432351,0.548381,0.557952,0.365815,0.727979,0.161461,0.766271,0.0661006,0,0,0,0,0,0,0,0,0,0,0,0,0,0,0.211781,0.548355,0.285308,0.32221,0.227092,0.725495,0.37874,0.245923
0.274575,0.48569,0.528852,0.649193,0.495151,0.878075,0.697343,0.924398,0.429286,0.5402,0.554889,0.360371,0.706533,0.205049,0.760156,0.076992,0,0,0,0,0,0,0,0,0,0,0,0,0,0,0.211759,0.551079,0.283762,0.324955,0.219439,0.725478,0.38333,0.240476
0.27457,0.485678,0.527315,0.649197,0.496682,0.872628,0.69275,0.924401,0.433881,0.548377,0.547235,0.365821,0.686625,0.221405,0.760158,0.0906175,0,0,0,0,0,0,0,0,0,0,0,0,0,0,0.211768,0.548404,0.282241,0.327684,0.227094,0.728206,0.377206,0.245914
0.27456,0.477544,0.525786,0.643746,0.498218,0.872625,0.692749,0.902603,0.436944,0.548383,0.550298,0.36582,0.706532,0.196879,0.758615,0.0715563,0,0,0,0,0,0,0,0,0,0,0,0,0,0,0.211762,0.551097,0.282229,0.327673,0.243939,0.744561,0.374143,0.251372
0.274565,0.477539,0.524253,0.643744,0.498212,0.875359,0.695811,0.891707,0.436942,0.553829,0.550291,0.368537,0.694283,0.210508,0.758628,0.0797192,0,0,0,0,0,0,0,0,0,0,0,0,0,0,0.210261,0.551099,0.283751,0.324932,0.239346,0.744558,0.374145,0.251366
0.27458,0.485676,0.525784,0.638295,0.499744,0.867185,0.70347,0.891711,0.444603,0.559283,0.550292,0.368545,0.694283,0.207784,0.760147,0.0797074,0,0,0,0,0,0,0,0,0,0,0,0,0,0,0.210239,0.551072,0.282235,0.324927,0.21484,0.725494,0.383335,0.248662
0.274581,0.482963,0.525784,0.643746,0.498215,0.878076,0.695811,0.891706,0.436942,0.551104,0.550292,0.376712,0.706534,0.207781,0.764744,0.0715385,0,0,0,0,0,0,0,0,0,0,0,0,0,0,0.210241,0.551079,0.28223,0.324939,0.220969,0.728205,0.380272,0.248648
0.27459,0.482961,0.525786,0.651923,0.498216,0.87535,0.695812,0.908052,0.441539,0.559281,0.548761,0.38216,0.691216,0.232303,0.766277,0.0797172,0,0,0,0,0,0,0,0,0,0,0,0,0,0,0.208723,0.551082,0.282243,0.322223,0.21331,0.720043,0.383334,0.248643
0.274587,0.480269,0.525784,0.646475,0.501276,0.869904,0.691216,0.913503,0.444601,0.559284,0.54876,0.376711,0.680494,0.237748,0.764747,0.0933323,0,0,0,0,0,0,0,0,0,0,0,0,0,0,0.208725,0.551092,0.28224,0.322243,0.214834,0.720044,0.378734,0.245926
0.274581,0.482969,0.52885,0.646475,0.501276,0.872631,0.685092,0.91078,0.446137,0.559277,0.550292,0.37399,0.669772,0.237749,0.770867,0.101516,0,0,0,0,0,0,0,0,0,0,0,0,0,0,0.210234,0.548404,0.282229,0.324965,0.219433,0.725494,0.37567,0.248641
0.274585,0.482954,0.521192,0.660098,0.499744,0.883528,0.682032,0.910772,0.427756,0.532033,0.54723,0.379435,0.66824,0.243198,0.770871,0.101522,0,0,0,0,0,0,0,0,0,0,0,0,0,0,0.210257,0.5484,0.283765,0.324941,0.220967,0.728202,0.374145,0.248648
0.274568,0.477525,0.522724,0.646473,0.496681,0.872625,0.691216,0.905325,0.435411,0.55656,0.545703,0.379438,0.66671,0.245934,0.772406,0.109678,0,0,0,0,0,0,0,0,0,0,0,0,0,0,0.210225,0.548397,0.283767,0.319485,0.217904,0.722768,0.375674,0.245927
0.274579,0.477529,0.525786,0.635574,0.496684,0.872626,0.685089,0.894427,0.435412,0.551103,0.545703,0.373997,0.66671,0.240483,0.77087,0.106958,0,0,0,0,0,0,0,0,0,0,0,0,0,0,0.208718,0.548392,0.28376,0.319489,0.219436,0.728226,0.375676,0.248645
0.271524,0.482971,0.512,0.643744,0.492085,0.864454,0.686625,0.910775,0.432349,0.551109,0.53957,0.379437,0.662117,0.240478,0.766273,0.0987814,0,0,0,0,0,0,0,0,0,0,0,0,0,0,0.204104,0.55107,0.277653,0.319513,0.210248,0.722764,0.37414,0.248652
0.273029,0.482959,0.508938,0.624672,0.492085,0.853556,0.689686,0.899874,0.43388,0.553833,0.539573,0.379443,0.657521,0.245925,0.761685,0.098789,0,0,0,0,0,0,0,0,0,0,0,0,0,0,0.204115,0.548343,0.277644,0.319482,0.216366,0.725485,0.371086,0.248661
0.271505,0.472079,0.515064,0.627398,0.490555,0.859003,0.680492,0.902599,0.43235,0.545657,0.538041,0.37944,0.665179,0.232307,0.763204,0.0987931,0,0,0,0,0,0,0,0,0,0,0,0,0,0,0.202594,0.545662,0.277632,0.316793,0.236281,0.739116,0.37108,0.24865
0.271504,0.463924,0.510468,0.621948,0.489023,0.86173,0.680497,0.902605,0.429284,0.545659,0.536512,0.382165,0.683556,0.221402,0.764743,0.0960574,0,0,0,0,0,0,0,0,0,0,0,0,0,0,0.204113,0.542936,0.277644,0.316764,0.217902,0.722775,0.374141,0.248646
0.271508,0.458486,0.510468,0.619226,0.489026,0.859,0.682029,0.899884,0.433881,0.548377,0.539569,0.376716,0.682026,0.22685,0.766273,0.101513,0,0,0,0,0,0,0,0,0,0,0,0,0,0,0.204125,0.540229,0.27763,0.316754,0.217903,0.725488,0.377209,0.243202
0.271503,0.463905,0.522723,0.619225,0.495148,0.859001,0.678962,0.910775,0.429289,0.542928,0.542634,0.371271,0.682023,0.226855,0.76628,0.101508,0,0,0,0,0,0,0,0,0,0,0,0,0,0,0.204129,0.54023,0.27764,0.314097,0.208713,0.711862,0.378738,0.24321
0.271515,0.466623,0.522723,0.643743,0.495148,0.8699,0.682027,0.897161,0.430815,0.542935,0.538042,0.376713,0.659049,0.237756,0.769337,0.10152,0,0,0,0,0,0,0,0,0,0,0,0,0,0,0.204116,0.54022,0.277627,0.314082,0.208708,0.717323,0.37874,0.248638
0.271517,0.466623,0.518127,0.621947,0.493622,0.859005,0.688155,0.897154,0.444603,0.562007,0.541105,0.373995,0.66058,0.240481,0.770864,0.104225,0,0,0,0,0,0,0,0,0,0,0,0,0,0,0.202597,0.540224,0.276123,0.314078,0.208711,0.722759,0.377208,0.245932
0.273029,0.461192,0.522722,0.630124,0.49362,0.856277,0.689683,0.905326,0.435412,0.553834,0.544166,0.37672,0.66058,0.237748,0.766279,0.104238,0,0,0,0,0,0,0,0,0,0,0,0,0,0,0.202607,0.540219,0.276138,0.314072,0.202589,0.709151,0.390991,0.245935
0.271522,0.469347,0.521189,0.654641,0.490559,0.86446,0.689688,0.90533,0.433882,0.55383,0.542637,0.384891,0.655985,0.243207,0.767812,0.109675,0,0,0,0,0,0,0,0,0,0,0,0,0,0,0.204117,0.540192,0.276138,0.314095,0.204122,0.711875,0.384861,0.243203
0.273033,0.466629,0.524254,0.654641,0.493619,0.867181,0.703471,0.910777,0.433881,0.553829,0.547235,0.368546,0.680495,0.235024,0.770871,0.109673,0,0,0,0,0,0,0,0,0,0,0,0,0,0,0.20564,0.540208,0.277655,0.316736,0.213305,0.725504,0.380268,0.245921
0.27304,0.463911,0.521187,0.662814,0.496684,0.859002,0.706538,0.916226,0.429287,0.540204,0.54723,0.382161,0.659053,0.245923,0.769336,0.1124,0,0,0,0,0,0,0,0,0,0,0,0,0,0,0.204135,0.542905,0.277648,0.31678,0.211776,0.722764,0.384866,0.245938
0.271516,0.469369,0.524253,0.649197,0.498213,0.864451,0.709599,0.921673,0.444601,0.553827,0.545701,0.379444,0.669771,0.240474,0.772404,0.112396,0,0,0,0,0,0,0,0,0,0,0,0,0,0,0.204107,0.545639,0.277636,0.319483,0.220968,0.733659,0,0
0.2715,0.472073,0.519659,0.65192,0.493617,0.853556,0.709597,0.935299,0.435412,0.553832,0.548764,0.382162,0.682025,0.23503,0.775462,0.112408,0,0,0,0,0,0,0,0,0,0,0,0,0,0,0.202591,0.545626,0.276127,0.319513,0.205648,0.714591,0.3818,0.248646
0.269974,0.474803,0.519659,0.651922,0.495152,0.856279,0.71113,0.929847,0.444601,0.562006,0.547228,0.382163,0.708065,0.205053,0.778532,0.112397,0,0,0,0,0,0,0,0,0,0,0,0,0,0,0.20257,0.548363,0.274587,0.324952,0.208717,0.720029,0.37108,0.251376
0.269987,0.474803,0.513533,0.635574,0.49515,0.861724,0.715727,0.935299,0.436946,0.548374,0.544171,0.382168,0.686623,0.229582,0.778524,0.112411,0,0,0,0,0,0,0,0,0,0,0,0,0,0,0.204116,0.545658,0.274604,0.327662,0.219438,0.730934,0.371085,0.248662
0.274564,0.472082,0.51966,0.657371,0,0,0,0,0,0,0.54876,0.37944,0.706534,0.205056,0.780062,0.109682,0,0,0,0,0,0,0,0,0,0,0,0,0,0,0.204131,0.551077,0.276139,0.330388,0.219436,0.733669,0.375673,0.254106
0.273043,0.474812,0.521192,0.660097,0,0,0,0,0,0,0.548765,0.376714,0.700409,0.207783,0.781589,0.109672,0,0,0,0,0,0,0,0,0,0,0,0,0,0,0.204135,0.551081,0.277657,0.330403,0.217907,0.733658,0.381801,0.254098
0.274585,0.47754,0.525786,0.662824,0.496681,0.869904,0.717259,0.943477,0.440009,0.556554,0.547228,0.384889,0.688154,0.224131,0.786191,0.106956,0,0,0,0,0,0,0,0,0,0,0,0,0,0,0.208717,0.548351,0.280712,0.333088,0.211781,0.725493,0.377205,0.254097
0.27764,0.480258,0.525784,0.662822,0.495153,0.867183,0.71266,0.938018,0.441541,0.551105,0.550292,0.382162,0.68203,0.229581,0,0,0,0,0,0,0,0,0,0,0,0,0,0,0,0,0.211757,0.548353,0.282237,0.330404,0.216372,0.725482,0.375669,0.251387
0.280697,0.474791,0.525786,0.638295,0.499744,0.861728,0.714195,0.995247,0.443071,0.542929,0.550295,0.387616,0.680496,0.226856,0.789249,0.0987847,0,0,0,0,0,0,0,0,0,0,0,0,0,0,0.211785,0.548366,0.286839,0.330386,0.220968,0.725489,0.380269,0.256822
0.280709,0.469366,0.530381,0.6383,0.49362,0.867183,0.71113,0.995246,0.452262,0.564725,0.554893,0.387619,0.688156,0.226852,0.801507,0.0987817,0,0,0,0,0,0,0,0,0,0,0,0,0,0,0.213315,0.54567,0.288346,0.327686,0.217911,0.728207,0.380268,0.256827
0.283768,0.480241,0.52885,0.665544,0.498213,0.869904,0.71266,0.993885,0.453792,0.556555,0.553358,0.398512,0.68203,0.226859,0.807629,0.0742734,0,0,0,0,0,0,0,0,0,0,0,0,0,0,0.214836,0.542955,0.288376,0.327671,0.224029,0.739114,0.377203,0.254113
0.286822,0.474801,0.53191,0.668268,0.501277,0.867186,0.712663,0.993885,0.462986,0.562,0.556421,0.384892,0.682028,0.224122,0.807628,0.0715518,0,0,0,0,0,0,0,0,0,0,0,0,0,0,0.214834,0.54566,0.289878,0.327654,0.222501,0.736387,0.37721,0.25137
0.286839,0.48023,0.528847,0.662817,0.505874,0.86446,0.718791,0.993884,0.43541,0.485707,0.554891,0.384891,0.683554,0.224122,0.809165,0.0715343,0,0,0,0,0,0,0,0,0,0,0,0,0,0,0.216358,0.542908,0.291406,0.324931,0.21944,0.730926,0.383333,0.251389
0.28683,0.480249,0.530383,0.660099,0.505875,0.867184,0.714194,0.993885,0.438475,0.485717,0.557956,0.384898,0.685095,0.218683,0.810686,0.0715472,0,0,0,0,0,0,0,0,0,0,0,0,0,0,0.216376,0.5484,0.292947,0.327688,0.219438,0.73095,0.378739,0.251381
0.289895,0.48569,0.530382,0.649195,0.502812,0.867186,0.71879,0.995246,0.441542,0.485706,0.553356,0.384887,0.685087,0.235021,0.8107,0.074265,0,0,0,0,0,0,0,0,0,0,0,0,0,0,0.219429,0.551107,0.296005,0.330404,0.21791,0.725501,0.37874,0.251384
0.291432,0.480249,0.531914,0.635576,0.507407,0.864457,0.726449,0.962549,0,0,0.562548,0.379447,0.688157,0.226851,0.810706,0.082437,0,0,0,0,0,0,0,0,0,0,0,0,0,0,0.220958,0.548391,0.296028,0.327687,0.219433,0.722774,0.374141,0.251363
0.292965,0.46663,0.531914,0.632853,0.510471,0.861736,0.724917,0.995246,0.470645,0.548376,0.557952,0.382168,0.685096,0.226853,0.813766,0.0824379,0,0,0,0,0,0,0,0,0,0,0,0,0,0,0.222479,0.548361,0.297532,0.31953,0.217901,0.725474,0.378734,0.243196
0.292957,0.474798,0.531911,0.646468,0.51047,0.867185,0.723386,0.951652,0,0,0.557952,0.384899,0.683564,0.235027,0.816819,0.0851592,0,0,0,0,0,0,0,0,0,0,0,0,0,0,0.222486,0.548367,0.297531,0.319508,0.21791,0.725484,0.37874,0.237763
0.294501,0.474809,0.528848,0.64647,0.504344,0.861732,0.723383,0.993885,0.473703,0.551105,0.55336,0.38216,0.683564,0.232301,0.813767,0.0851612,0,0,0,0,0,0,0,0,0,0,0,0,0,0,0.22096,0.553789,0.296019,0.322241,0.227087,0.736392,0.380268,0.240472
0.29297,0.474798,0.527319,0.6383,0.50128,0.86446,0.720318,0.993885,0.473704,0.559283,0.556421,0.379438,0.683558,0.232296,0.813762,0.082438,0,0,0,0,0,0,0,0,0,0,0,0,0,0,0.219429,0.551137,0.296011,0.324933,0.225559,0.736387,0.377204,0.240478
0.291425,0.477518,0.531915,0.643748,0.50128,0.883529,0.717258,0.993885,0.452264,0.526578,0.561018,0.376712,0.683562,0.229582,0.81223,0.0851587,0,0,0,0,0,0,0,0,0,0,0,0,0,0,0.217888,0.551112,0.292972,0.324934,0.222494,0.730956,0.3818,0.240483
0.289887,0.474811,0.530384,0.638298,0.502809,0.878081,0.717259,0.993885,0.456856,0.53476,0.562548,0.376716,0.685087,0.226852,0.816817,0.0933297,0,0,0,0,0,0,0,0,0,0,0,0,0,0,0.216365,0.551068,0.29297,0.319527,0.220969,0.730944,0.38333,0.243195
0.288369,0.469354,0.527317,0.638298,0.502814,0.864455,0.717256,0.951653,0.458389,0.540203,0.553357,0.37944,0.685092,0.221404,0.812235,0.085169,0,0,0,0,0,0,0,0,0,0,0,0,0,0,0.216365,0.548405,0.291431,0.319508,0.222498,0.730936,0.375677,0.24047
0.285303,0.480257,0.528853,0.638295,0.502809,0.867185,0.717261,0.951652,0.472172,0.559281,0.553356,0.379439,0.685094,0.221402,0.810705,0.0878914,0,0,0,0,0,0,0,0,0,0,0,0,0,0,0.214849,0.548395,0.289913,0.319524,0.219434,0.728216,0.374148,0.240477
0.283764,0.474793,0.528849,0.627397,0.501277,0.859004,0.715725,0.993885,0.453793,0.545654,0.554887,0.376721,0.682031,0.224128,0.812234,0.0987938,0,0,0,0,0,0,0,0,0,0,0,0,0,0,0.21332,0.551083,0.288379,0.322229,0.220961,0.728212,0.375676,0.235027
0.282242,0.46663,0.527315,0.627402,0.499746,0.861728,0.712663,0.957098,0.441539,0.532031,0.551829,0.382168,0.68203,0.232302,0.810701,0.106951,0,0,0,0,0,0,0,0,0,0,0,0,0,0,0.213316,0.551091,0.288361,0.322235,0.21944,0.72821,0.375677,0.243195
0.283764,0.466637,0.527318,0.638294,0.49668,0.875351,0.715726,0.962547,0,0,0.553361,0.384886,0.680496,0.2323,0.807636,0.101518,0,0,0,0,0,0,0,0,0,0,0,0,0,0,0.211787,0.5511,0.28682,0.327654,0.21484,0.725494,0.374143,0.243204
0.285298,0.463927,0.528847,0.632846,0.496683,0.875355,0.714195,0.993885,0.427758,0.491159,0.557952,0.382162,0.682031,0.229584,0.807631,0.101506,0,0,0,0,0,0,0,0,0,0,0,0,0,0,0.211767,0.551105,0.28529,0.330376,0.213301,0.722767,0.377205,0.243213
0.280703,0.472089,0.527318,0.649198,0.498212,0.867179,0.717259,0.94893,0.424687,0.469361,0.55642,0.384896,0.68509,0.235029,0.807635,0.106952,0,0,0,0,0,0,0,0,0,0,0,0,0,0,0.210258,0.551082,0.283757,0.330385,0.213306,0.722759,0.374146,0.248639
0.280706,0.469359,0.525789,0.662819,0.496684,0.867176,0.715726,0.943481,0.426229,0.480262,0.554892,0.384894,0.68203,0.235033,0.806098,0.109693,0,0,0,0,0,0,0,0,0,0,0,0,0,0,0.210236,0.551098,0.282246,0.330408,0.214839,0.725486,0.377207,0.245929
0.282236,0.47207,0.528849,0.662819,0.498217,0.872632,0.714192,0.993884,0.446136,0.54293,0.55489,0.398515,0.669775,0.245924,0.80457,0.117864,0,0,0,0,0,0,0,0,0,0,0,0,0,0,0.208728,0.551132,0.282241,0.330388,0.21484,0.730925,0.371079,0.243199
0.283763,0.466647,0.527317,0.651925,0.499747,0.869909,0.715725,0.993884,0.429287,0.485716,0.55489,0.393064,0.675901,0.240474,0.804565,0.117859,0,0,0,0,0,0,0,0,0,0,0,0,0,0,0.210227,0.55113,0.282244,0.327692,0.214839,0.728213,0.371078,0.240489
0.279174,0.474795,0.522724,0.660099,0.495153,0.867175,0.715724,0.993884,0.426227,0.482986,0.551824,0.390346,0.675902,0.2432,0.8061,0.120584,0,0,0,0,0,0,0,0,0,0,0,0,0,0,0.208721,0.551098,0.28224,0.32769,0.214843,0.728224,0.374145,0.240479
0.279182,0.472074,0.522722,0.668268,0.496682,0.867183,0.714197,0.962548,0,0,0.548761,0.398511,0.672835,0.245924,0.803032,0.120584,0,0,0,0,0,0,0,0,0,0,0,0,0,0,0.208711,0.551094,0.282231,0.327653,0.217902,0.728213,0.37567,0.24321
0.277652,0.466647,0.52119,0.6601,0.501277,0.867178,0.715727,0.954376,0.427752,0.477534,0.547231,0.393071,0.675901,0.237757,0.798438,0.117876,0,0,0,0,0,0,0,0,0,0,0,0,0,0,0.210229,0.551066,0.283754,0.322227,0.217907,0.730952,0.371081,0.243198
0.276122,0.463917,0.521193,0.657372,0.498213,0.875357,0.717258,0.940755,0.426217,0.453014,0.547234,0.393069,0.675899,0.235033,0.798444,0.117861,0,0,0,0,0,0,0,0,0,0,0,0,0,0,0.208726,0.548407,0.283749,0.319527,0.217906,0.728218,0.369547,0.237763
0.27764,0.463921,0.527316,0.638299,0.499744,0.85901,0.72185,0.940755,0.469109,0.559281,0.551823,0.38216,0.677428,0.235031,0.803037,0.117866,0,0,0,0,0,0,0,0,0,0,0,0,0,0,0.207191,0.551086,0.282231,0.319487,0.219439,0.733664,0.378736,0.24321
0.27764,0.461193,0.527319,0.63557,0.499744,0.859008,0.718787,0.943479,0.473704,0.564729,0.553356,0.382161,0.678966,0.232305,0.806099,0.117874,0,0,0,0,0,0,0,0,0,0,0,0,0,0,0.207184,0.551074,0.282229,0.316799,0.220964,0.733662,0.377205,0.243198
0.27611,0.466632,0.528847,0.651922,0.498213,0.867179,0.715722,0.943475,0.438477,0.515682,0.548767,0.384897,0.678965,0.232299,0.807633,0.117856,0,0,0,0,0,0,0,0,0,0,0,0,0,0,0.207177,0.548378,0.280694,0.316778,0.210242,0.730946,0.377206,0.240483
0.276117,0.461194,0.52732,0.6492,0.499743,0.861735,0.715728,0.943476,0.430818,0.482987,0.550296,0.384889,0.67743,0.232304,0.809157,0.115148,0,0,0,0,0,0,0,0,0,0,0,0,0,0,0.207168,0.548388,0.280693,0.316791,0.216366,0.730945,0.375673,0.24319
0.276117,0.461201,0.527321,0.649199,0.498214,0.867176,0.714193,0.993884,0.435415,0.480254,0.551824,0.382166,0.674367,0.237755,0.809159,0.115153,0,0,0,0,0,0,0,0,0,0,0,0,0,0,0.205657,0.545676,0.279166,0.316797,0.217899,0.733662,0.372609,0.23776
0.276101,0.466627,0.52885,0.649198,0.498211,0.869901,0.711131,0.995246,0.440008,0.488432,0.55642,0.379444,0.678964,0.235025,0.809161,0.112427,0,0,0,0,0,0,0,0,0,0,0,0,0,0,0.205647,0.54834,0.279171,0.316776,0.214843,0.728216,0.372609,0.235018
0.276127,0.458468,0.528851,0.641023,0.49515,0.867183,0.709596,0.948925,0,0,0.55489,0.38216,0.680495,0.229584,0.809171,0.115139,0,0,0,0,0,0,0,0,0,0,0,0,0,0,0.205641,0.542935,0.279175,0.314072,0.211783,0.720042,0.372611,0.237759
0.276105,0.458462,0.528851,0.638297,0.496685,0.861725,0.71113,0.948925,0.461451,0.542932,0.553362,0.379437,0.682024,0.229576,0.809162,0.115152,0,0,0,0,0,0,0,0,0,0,0,0,0,0,0.204133,0.540215,0.277642,0.314029,0.21024,0.711877,0.372616,0.237752
0.27306,0.458456,0.528847,0.624672,0.499748,0.861732,0.709603,0.940748,0.441542,0.482987,0.548763,0.376711,0.672837,0.232301,0.810698,0.11513,0,0,0,0,0,0,0,0,0,0,0,0,0,0,0.204113,0.53479,0.276123,0.311346,0.210245,0.709151,0.369554,0.232303
0.273055,0.458482,0.528847,0.62467,0.498215,0.859004,0.711127,0.940752,0.444602,0.488432,0.55642,0.371273,0.682023,0.221405,0.8107,0.115123,0,0,0,0,0,0,0,0,0,0,0,0,0,0,0.204102,0.534784,0.276119,0.3113,0.20565,0.706413,0.37108,0.232294
0.273048,0.455745,0.528849,0.646473,0.495152,0.856277,0.712664,0.995246,0.444602,0.488433,0.551826,0.379435,0.680493,0.218686,0.809162,0.115131,0,0,0,0,0,0,0,0,0,0,0,0,0,0,0.204103,0.534744,0.276121,0.308621,0.20565,0.711873,0.371086,0.229577
0.273056,0.453019,0.521192,0.646474,0.492089,0.859009,0.711128,0.995247,0.436942,0.477535,0.550292,0.38216,0.677431,0.226853,0.807633,0.115122,0,0,0,0,0,0,0,0,0,0,0,0,0,0,0.204114,0.534725,0.276122,0.308611,0.211774,0.722766,0.37261,0.232303
0.276107,0.447541,0.528852,0.619228,0.495154,0.856278,0.708069,0.943475,0.44154,0.477536,0.551828,0.371267,0.674368,0.232305,0.807632,0.115148,0,0,0,0,0,0,0,0,0,0,0,0,0,0,0.205633,0.534727,0.277643,0.308615,0.210245,0.722752,0.369542,0.237758
0.274587,0.447573,0.528848,0.613774,0.493622,0.859002,0.709597,0.935301,0.433877,0.458464,0.550296,0.368549,0.672835,0.23775,0.809163,0.115148,0,0,0,0,0,0,0,0,0,0,0,0,0,0,0.205637,0.532051,0.276133,0.311293,0.204117,0.709148,0.366488,0.237749
0.274573,0.458451,0.528847,0.613769,0.495154,0.856286,0.711135,0.940752,0.441539,0.466636,0.551828,0.365818,0.682026,0.224128,0.809169,0.115131,0,0,0,0,0,0,0,0,0,0,0,0,0,0,0.205635,0.534768,0.276113,0.311318,0.216375,0.725498,0.36801,0.237744
0.274576,0.455734,0.53038,0.630125,0.493617,0.853553,0.709595,0.935296,0.44001,0.458465,0.553356,0.373989,0.677432,0.232306,0.810689,0.115148,0,0,0,0,0,0,0,0,0,0,0,0,0,0,0.205646,0.534744,0.276126,0.311304,0.214836,0.725494,0.364952,0.229588
0.274572,0.455744,0.530379,0.619225,0.493618,0.848106,0.711129,0.935299,0.444599,0.463915,0.55489,0.373997,0.680492,0.226855,0.807633,0.112427,0,0,0,0,0,0,0,0,0,0,0,0,0,0,0.204132,0.534733,0.276138,0.31133,0.211778,0.725491,0.369546,0.237763
0.273048,0.458467,0.528851,0.624675,0.49668,0.853556,0.711131,0.940747,0.446134,0.453019,0.553357,0.376712,0.677429,0.226854,0.807628,0.1124,0,0,0,0,0,0,0,0,0,0,0,0,0,0,0.20413,0.532043,0.277634,0.311324,0.20565,0.711869,0.368014,0.237755
0.276103,0.44756,0.531912,0.63557,0.495153,0.856282,0.711131,0.929848,0.444602,0.444832,0.557952,0.379435,0.683558,0.224132,0.806093,0.109692,0,0,0,0,0,0,0,0,0,0,0,0,0,0,0.205634,0.529331,0.27766,0.311269,0.211777,0.725487,0.369546,0.237762
0.276111,0.447566,0.531914,0.635573,0.499749,0.853555,0.712661,0.943476,0.446136,0.433952,0.559485,0.371264,0.682026,0.221408,0.806096,0.106959,0,0,0,0,0,0,0,0,0,0,0,0,0,0,0.205659,0.529309,0.280697,0.308602,0.213306,0.71731,0.369553,0.240474
0.280701,0.442097,0.53804,0.632845,0.498215,0.850834,0.7096,0.932576,0.446137,0.442109,0.562548,0.363093,0.682024,0.232308,0.803037,0.106961,0,0,0,0,0,0,0,0,0,0,0,0,0,0,0.208708,0.52386,0.28528,0.303175,0.214837,0.720039,0.371079,0.22956
0.28377,0.442129,0.533448,0.616504,0.501276,0.853555,0.717258,0.935302,0.447671,0.436666,0.570208,0.354923,0.685089,0.221406,0.80304,0.0960597,0,0,0,0,0,0,0,0,0,0,0,0,0,0,0.211783,0.51843,0.286823,0.300448,0.219436,0.717309,0.374139,0.235036
0.289899,0.433932,0.533448,0.613775,0.499744,0.853557,0.711134,0.995247,0.441538,0.423044,0.585525,0.349467,0.686625,0.210513,0.809155,0.0824372,0,0,0,0,0,0,0,0,0,0,0,0,0,0,0.216378,0.515663,0.292939,0.292264,0.217908,0.706423,0.371078,0.221413
0.297566,0.428492,0.530385,0.578348,0.499748,0.842657,0.712663,0.995247,0.449192,0.409419,0.587056,0.344013,0.69275,0.210506,0,0,0,0,0,0,0,0,0,0,0,0,0,0,0,0,0.222513,0.507523,0.296027,0.286808,0.217904,0.698254,0.372619,0.213229
0.305202,0.417601,0.531914,0.608322,0.496685,0.848105,0.70347,0.995247,0.444599,0.398514,0.582462,0.346751,0.686625,0.210506,0,0,0,0,0,0,0,0,0,0,0,0,0,0,0,0,0.225566,0.502051,0.299084,0.281343,0.211781,0.692799,0.380266,0.205075
0.302153,0.425763,0.530381,0.597428,0.499744,0.818134,0.714194,0.995248,0.444609,0.398514,0.583992,0.352198,0.689687,0.207776,0.816819,0.101503,0,0,0,0,0,0,0,0,0,0,0,0,0,0,0.225577,0.499349,0.299095,0.278641,0.214831,0.692803,0.381801,0.205072
0.305207,0.414869,0.530385,0.643745,0.504339,0.834478,0.705005,0.993888,0.473708,0.444836,0.57327,0.363088,0.697346,0.207781,0.822947,0.0933357,0,0,0,0,0,0,0,0,0,0,0,0,0,0,0.225576,0.502047,0.30062,0.278601,0.219439,0.695526,0.387923,0.199623
0.306735,0.40668,0.531913,0.608321,0.505872,0.839927,0.703469,0.993887,0.466046,0.433935,0.580929,0.360368,0.701941,0.202343,0.822953,0.0878929,0,0,0,0,0,0,0,0,0,0,0,0,0,0,0.227076,0.496623,0.300623,0.275912,0.22097,0.690074,0.387932,0.196901
0.303677,0.412149,0.528852,0.624674,0.50434,0.837205,0.700408,0.993888,0.473707,0.442109,0.576334,0.357641,0.688152,0.213226,0.821413,0.0878914,0,0,0,0,0,0,0,0,0,0,0,0,0,0,0.225583,0.493918,0.300632,0.273219,0.225563,0.687343,0.389469,0.196864
0.305212,0.403974,0.528848,0.616495,0.507404,0.812684,0.705001,0.993889,0.473703,0.444839,0.582463,0.354919,0.685093,0.207793,0.82295,0.0851691,0,0,0,0,0,0,0,0,0,0,0,0,0,0,0.225572,0.496615,0.300607,0.275893,0.22556,0.698228,0.389457,0.196882
0.300625,0.414868,0.511998,0.638297,0.498211,0.829036,0.698878,0.993886,0.464515,0.433932,0.550293,0.368544,0.685095,0.215956,0.818351,0.0933371,0,0,0,0,0,0,0,0,0,0,0,0,0,0,0.225574,0.49661,0.299108,0.275913,0.222502,0.690073,0.390998,0.194158
0.302143,0.409421,0.518126,0.632846,0.499751,0.823584,0.705004,0.993887,0.475232,0.442114,0.557953,0.368539,0.686621,0.21323,0.819889,0.0960622,0,0,0,0,0,0,0,0,0,0,0,0,0,0,0.22557,0.49662,0.300601,0.275908,0.227097,0.69278,0.389461,0.194176
0.300624,0.414861,0.504345,0.635574,0.498216,0.818131,0.709597,0.993887,0.476769,0.463912,0.565611,0.373989,0.691216,0.205062,0.816827,0.0960557,0,0,0,0,0,0,0,0,0,0,0,0,0,0,0.227097,0.493907,0.300617,0.275909,0.227097,0.692798,0.389462,0.199597
0.299091,0.42031,0.518125,0.635574,0.502811,0.809959,0.711131,0.993888,0.475243,0.450289,0.567145,0.365817,0.689685,0.205043,0.816818,0.0933321,0,0,0,0,0,0,0,0,0,0,0,0,0,0,0.227097,0.493909,0.300607,0.275919,0.228626,0.692783,0.389456,0.202314
0.302144,0.425768,0.525786,0.621951,0.498217,0.807236,0.706533,0.993886,0.479832,0.466635,0.577865,0.365816,0.688151,0.210503,0.816823,0.0933414,0,0,0,0,0,0,0,0,0,0,0,0,0,0,0.227077,0.496591,0.300598,0.27864,0.228623,0.692778,0.392516,0.205059
0.30214,0.428468,0.522726,0.632847,0.499744,0.834486,0.701938,0.993886,0.475232,0.447562,0.574802,0.371264,0.683564,0.21052,0.816822,0.096067,0,0,0,0,0,0,0,0,0,0,0,0,0,0,0.225589,0.49663,0.300609,0.278635,0.227094,0.690071,0.390989,0.207763
0.300618,0.425763,0.528849,0.581076,0.498215,0.826307,0.709598,0.993887,0.458392,0.43666,0.577866,0.354915,0.689685,0.213226,0.815291,0.10424,0,0,0,0,0,0,0,0,0,0,0,0,0,0,0.225538,0.504786,0.299062,0.281377,0.224029,0.695508,0.389458,0.207768
0.299091,0.42577,0.52885,0.589249,0.499745,0.839934,0.706531,0.993887,0.458393,0.43939,0.583993,0.349475,0.692749,0.207792,0.813756,0.101517,0,0,0,0,0,0,0,0,0,0,0,0,0,0,0.225538,0.507481,0.297568,0.284044,0.220962,0.692805,0.387933,0.205052
0.299093,0.428465,0.507406,0.58925,0.495149,0.834481,0.703469,0.993886,0.467577,0.453011,0.562547,0.357648,0.689683,0.215959,0.813757,0.0960601,0,0,0,0,0,0,0,0,0,0,0,0,0,0,0.224014,0.510209,0.297532,0.281374,0.222497,0.695513,0.389463,0.205068
0.297563,0.425766,0.515064,0.581079,0.49362,0.829034,0.700408,0.993885,0.467581,0.455738,0.559487,0.360369,0.682025,0.224132,0.810701,0.0960649,0,0,0,0,0,0,0,0,0,0,0,0,0,0,0.222488,0.510256,0.29603,0.284051,0.222501,0.695518,0.384863,0.207799
0.297557,0.428477,0.519659,0.6056,0.498214,0.83993,0.705003,0.993885,0.450734,0.442114,0.55642,0.363091,0.682031,0.221405,0.809169,0.101505,0,0,0,0,0,0,0,0,0,0,0,0,0,0,0.220958,0.512923,0.296003,0.284095,0.214845,0.695504,0.383328,0.205058
0.297549,0.425758,0.525786,0.602874,0.499744,0.839934,0.703473,0.993885,0.449201,0.439397,0.557955,0.360364,0.683563,0.215952,0.810688,0.0987913,0,0,0,0,0,0,0,0,0,0,0,0,0,0,0.219445,0.51292,0.294498,0.286778,0.214831,0.692806,0.375685,0.207777
0.294497,0.431214,0.527316,0.616502,0.493618,0.842656,0.682028,0.993884,0.446135,0.425767,0.571739,0.357643,0.686622,0.207797,0,0,0,0,0,0,0,0,0,0,0,0,0,0,0,0,0.217914,0.512977,0.294483,0.286781,0.222497,0.69824,0.378737,0.210506
0.296021,0.43121,0.525787,0.613775,0.489025,0.850834,0.680496,0.993884,0.446135,0.444835,0.565612,0.363095,0.685095,0.213221,0.810697,0.0987896,0,0,0,0,0,0,0,0,0,0,0,0,0,0,0.217901,0.512953,0.294485,0.284084,0.217903,0.695515,0.375684,0.210505
0.292963,0.431205,0.496683,0.619223,0.473705,0.878081,0.685091,0.993884,0.446137,0.485713,0.570208,0.365822,0.683563,0.215958,0.810703,0.10151,0,0,0,0,0,0,0,0,0,0,0,0,0,0,0.217893,0.512924,0.29297,0.286791,0.217899,0.695524,0.390992,0.207787
0.292966,0.428503,0.496684,0.624672,0.473706,0.867183,0.678961,0.993885,0.438475,0.474812,0.564079,0.368544,0.686625,0.218685,0.81069,0.104239,0,0,0,0,0,0,0,0,0,0,0,0,0,0,0.217907,0.512947,0.292962,0.286772,0.219435,0.695516,0.38027,0.210507
0.292965,0.431221,0.507405,0.619222,0.475238,0.856281,0.685091,0.993885,0.444605,0.477531,0.56255,0.363094,0.691218,0.218682,0.810697,0.101518,0,0,0,0,0,0,0,0,0,0,0,0,0,0,0.219439,0.512919,0.294489,0.281372,0.219436,0.69279,0.378737,0.205055
0.294494,0.428505,0.507402,0.643756,0.476768,0.867184,0.675898,0.957098,0.443067,0.453018,0.567143,0.36309,0.683555,0.218675,0,0,0,0,0,0,0,0,0,0,0,0,0,0,0,0,0.219433,0.510253,0.294477,0.28138,0.220964,0.695526,0.381805,0.205071
0.292971,0.428469,0.512001,0.583802,0.478302,0.790884,0.668239,0.993885,0.440011,0.442107,0.56255,0.360363,0.680494,0.218676,0.809156,0.104246,0,0,0,0,0,0,0,0,0,0,0,0,0,0,0.21943,0.512917,0.294474,0.281339,0.217902,0.690082,0.380272,0.20505
0.294479,0.428486,0.508936,0.572903,0.481363,0.785437,0.663644,0.993885,0.441541,0.436658,0.564081,0.354924,0.685093,0.213226,0.806098,0.10423,0,0,0,0,0,0,0,0,0,0,0,0,0,0,0.21943,0.512917,0.294481,0.278648,0.216378,0.687347,0.378743,0.205041
0.294484,0.425743,0.522721,0.594702,0.4829,0.799058,0.668242,0.993885,0.441541,0.433941,0.567143,0.35492,0.68509,0.205067,0.806098,0.104227,0,0,0,0,0,0,0,0,0,0,0,0,0,0,0.219439,0.512925,0.294482,0.278625,0.219433,0.690079,0.378741,0.202337
0.292972,0.428488,0.519658,0.616496,0.481368,0.801786,0.66671,0.993885,0.443073,0.436658,0.567145,0.357643,0.683559,0.207782,0.804567,0.104228,0,0,0,0,0,0,0,0,0,0,0,0,0,0,0.217915,0.512944,0.294493,0.278634,0.22556,0.698232,0.378739,0.199602
0.296011,0.425757,0.522725,0.613769,0.479835,0.78271,0.677432,0.993885,0.44001,0.447564,0.567145,0.360367,0.682028,0.205061,0.804572,0.104233,0,0,0,0,0,0,0,0,0,0,0,0,0,0,0.220951,0.510226,0.296025,0.278608,0.22403,0.698228,0.383333,0.1996
0.294483,0.428469,0.511999,0.616498,0.473707,0.807235,0.671303,0.993885,0.435414,0.444839,0.565614,0.363097,0.68203,0.210504,0.804567,0.106951,0,0,0,0,0,0,0,0,0,0,0,0,0,0,0.219435,0.512924,0.294508,0.278638,0.224027,0.700968,0.381805,0.199608
0.292952,0.425776,0.502811,0.605601,0.470642,0.842658,0.669771,0.993885,0.435411,0.439395,0.561018,0.365817,0.682029,0.2105,0.801508,0.109676,0,0,0,0,0,0,0,0,0,0,0,0,0,0,0.217899,0.510226,0.29296,0.278653,0.217901,0.695517,0.381804,0.1996
0.291423,0.428487,0.501281,0.6056,0.473707,0.839931,0.66671,0.993885,0.429289,0.431211,0.562549,0.360371,0.680492,0.207785,0.79844,0.104228,0,0,0,0,0,0,0,0,0,0,0,0,0,0,0.216376,0.510235,0.291431,0.28132,0.220965,0.698246,0.378734,0.19959
0.288358,0.428497,0.496683,0.586526,0.458388,0.826309,0.668241,0.993884,0.429281,0.433929,0.556423,0.365814,0.680491,0.221404,0.806096,0.10696,0,0,0,0,0,0,0,0,0,0,0,0,0,0,0.214824,0.510254,0.289874,0.281326,0.214841,0.692806,0.375676,0.196876
0.286826,0.428492,0.50128,0.581078,0.476771,0.831758,0.671304,0.993885,0.42775,0.428489,0.551828,0.36582,0.662116,0.232302,0.796907,0.109687,0,0,0,0,0,0,0,0,0,0,0,0,0,0,0.213322,0.510265,0.288362,0.281335,0.217909,0.698237,0.372611,0.199611
0.285293,0.428464,0.501279,0.597426,0.459919,0.807236,0.663647,0.993885,0.429282,0.439384,0.550297,0.363098,0.660585,0.221411,0.792313,0.106957,0,0,0,0,0,0,0,0,0,0,0,0,0,0,0.213299,0.518404,0.288371,0.28132,0.22403,0.700981,0.372604,0.194171
0.285298,0.425768,0.499749,0.594699,0.455326,0.799065,0.66058,0.993885,0.429283,0.439394,0.551825,0.363094,0.662114,0.224127,0.792314,0.106968,0,0,0,0,0,0,0,0,0,0,0,0,0,0,0.213326,0.515675,0.28836,0.278617,0.222492,0.700967,0.371085,0.194175
0.28377,0.428482,0.495151,0.581079,0.4492,0.804509,0.65752,0.993884,0.427757,0.43394,0.548765,0.365814,0.659052,0.229579,0.79231,0.109677,0,0,0,0,0,0,0,0,0,0,0,0,0,0,0.213301,0.515675,0.288347,0.281336,0.217901,0.700958,0.371076,0.199613
0.282238,0.428497,0.498217,0.591977,0.464516,0.823582,0.660581,0.993885,0.427754,0.431213,0.553357,0.365822,0.659052,0.235023,0.790787,0.106958,0,0,0,0,0,0,0,0,0,0,0,0,0,0,0.213321,0.515669,0.288347,0.281326,0.214837,0.698257,0.369547,0.19961
0.28224,0.428472,0.504342,0.594703,0.469112,0.837208,0.662112,0.993884,0.427757,0.439388,0.551826,0.365813,0.662116,0.229576,0.793847,0.106961,0,0,0,0,0,0,0,0,0,0,0,0,0,0,0.21178,0.51024,0.285309,0.281361,0.213309,0.695516,0.369544,0.202338
0.282242,0.428491,0.501277,0.605598,0.470641,0.845385,0.660582,0.993884,0.429284,0.439385,0.556422,0.371266,0.663645,0.232307,0.799971,0.106952,0,0,0,0,0,0,0,0,0,0,0,0,0,0,0.211779,0.51026,0.285297,0.281355,0.21331,0.695528,0.369544,0.202339
0.283767,0.428498,0.498216,0.611051,0.459922,0.809959,0.662115,0.993884,0.430816,0.463909,0.551829,0.379436,0.671304,0.229576,0.80916,0.112397,0,0,0,0,0,0,0,0,0,0,0,0,0,0,0.210262,0.510239,0.285279,0.281342,0.211781,0.695512,0.372604,0.202349
0.283767,0.428464,0.498214,0.611051,0.464517,0.842656,0.659051,0.992521,0.429284,0.433939,0.551825,0.373996,0.66671,0.235027,0.807629,0.109684,0,0,0,0,0,0,0,0,0,0,0,0,0,0,0.210251,0.512919,0.283756,0.281356,0.213302,0.692786,0.371084,0.205047
0.283769,0.425747,0.490558,0.594697,0.470641,0.84811,0.662114,0.948924,0.426219,0.431215,0.551829,0.376714,0.674369,0.213225,0.793847,0.106968,0,0,0,0,0,0,0,0,0,0,0,0,0,0,0.210224,0.510248,0.282228,0.281341,0.213314,0.695515,0.372606,0.207775
0.282237,0.428461,0.495149,0.581081,0.472175,0.867183,0.662114,0.993885,0.426223,0.436658,0.551825,0.371262,0.671303,0.221403,0.793849,0.109676,0,0,0,0,0,0,0,0,0,0,0,0,0,0,0.208716,0.512926,0.282223,0.281347,0.213311,0.695528,0.368019,0.207781
0.285299,0.423048,0.499747,0.613778,0.469112,0.872627,0.655987,0.976173,0.436944,0.540202,0.550293,0.368544,0.680496,0.210509,0.798441,0.106949,0,0,0,0,0,0,0,0,0,0,0,0,0,0,0.21023,0.510231,0.282222,0.281365,0.213305,0.692779,0.368022,0.202333
0.286826,0.433934,0.498213,0.581075,0.446136,0.880802,0.685089,0.993884,0.426219,0.55111,0.554892,0.354926,0.651393,0.245922,0.761672,0.117856,0,0,0,0,0,0,0,0,0,0,0,0,0,0,0.211759,0.512982,0.28223,0.28683,0.230154,0.706427,0.372616,0.202331
0.285291,0.436651,0.499748,0.597425,0.446136,0.869905,0,0,0,0,0.556423,0.36309,0.64986,0.24048,0.760151,0.11514,0,0,0,0,0,0,0,0,0,0,0,0,0,0,0.210247,0.512998,0.282227,0.289481,0.230157,0.709152,0.374139,0.205047
0.280705,0.436658,0.498212,0.597423,0.45073,0.861729,0,0,0,0,0.553359,0.373995,0.642203,0.251377,0.761673,0.120581,0,0,0,0,0,0,0,0,0,0,0,0,0,0,0.210252,0.515649,0.2807,0.289518,0.228625,0.709143,0.375668,0.199602
0.28376,0.436658,0.492087,0.581081,0.447665,0.869905,0.695813,0.993885,0.430815,0.562004,0.556421,0.371267,0.642198,0.254103,0.764742,0.123306,0,0,0,0,0,0,0,0,0,0,0,0,0,0,0.211765,0.515686,0.283758,0.28951,0.225555,0.706419,0.375679,0.199606
0.28684,0.433932,0.490556,0.608323,0.44307,0.905327,0.69275,0.993885,0.427752,0.556555,0.55642,0.365818,0.655983,0.243201,0.76628,0.117858,0,0,0,0,0,0,0,0,0,0,0,0,0,0,0.213297,0.515721,0.283775,0.289504,0.225563,0.703691,0.380266,0.199601
0.288362,0.43393,0.492086,0.589251,0.426222,0.981622,0.694279,0.992521,0.426224,0.559279,0.554892,0.368543,0.652923,0.248648,0.766268,0.120581,0,0,0,0,0,0,0,0,0,0,0,0,0,0,0.211779,0.518418,0.283775,0.2895,0.225556,0.700981,0.378738,0.199596
0.283763,0.436662,0.499744,0.613773,0.452261,0.869903,0,0,0,0,0.556422,0.371267,0.654454,0.248645,0.766277,0.120582,0,0,0,0,0,0,0,0,0,0,0,0,0,0,0.213286,0.51841,0.283761,0.289508,0.225562,0.703694,0.383332,0.205048
0.283767,0.436657,0.499746,0.613778,0.455325,0.872627,0.694279,0.992522,0.432348,0.572905,0.557955,0.373994,0.654457,0.248652,0.766277,0.117872,0,0,0,0,0,0,0,0,0,0,0,0,0,0,0.211788,0.51841,0.28377,0.289505,0.225561,0.703702,0.380267,0.202346
0.285295,0.43665,0.502808,0.594701,0.462983,0.864452,0.701937,0.993884,0.436942,0.578353,0.55642,0.376716,0.649861,0.251375,0.764744,0.120591,0,0,0,0,0,0,0,0,0,0,0,0,0,0,0.211778,0.518412,0.283771,0.289488,0.227097,0.706409,0.380269,0.202343
0.286839,0.431218,0.50128,0.605597,0.461452,0.864452,0.700405,0.993884,0.435412,0.578354,0.55642,0.376719,0.648328,0.251371,0.761685,0.120595,0,0,0,0,0,0,0,0,0,0,0,0,0,0,0.213282,0.518403,0.285281,0.289486,0.225564,0.700977,0.383337,0.199602
0.286834,0.4312,0.502813,0.581077,0.458387,0.83448,0.698874,0.993884,0.432351,0.578354,0.556422,0.376713,0.652925,0.243205,0.764739,0.120591,0,0,0,0,0,0,0,0,0,0,0,0,0,0,0.213301,0.518414,0.285294,0.286826,0.225558,0.703685,0.38486,0.194165
0.286824,0.433922,0.498215,0.581078,0.449197,0.837206,0.685089,0.993884,0.433878,0.583803,0.554889,0.368548,0.654457,0.243206,0.763214,0.120576,0,0,0,0,0,0,0,0,0,0,0,0,0,0,0.213309,0.518394,0.283767,0.289539,0.225567,0.706419,0.381803,0.199602
0.285299,0.43393,0.496682,0.581079,0.447665,0.845381,0.685089,0.993884,0.433878,0.591978,0.557952,0.368541,0.659051,0.235034,0.76627,0.123299,0,0,0,0,0,0,0,0,0,0,0,0,0,0,0.213295,0.518434,0.283768,0.289536,0.231687,0.711877,0.386395,0.194168
0.283772,0.439378,0.507406,0.586528,0.464515,0.85628,0.69428,0.992521,0.432349,0.586526,0.564081,0.371266,0.654452,0.240473,0.766272,0.117871,0,0,0,0,0,0,0,0,0,0,0,0,0,0,0.213291,0.521108,0.282244,0.292208,0.231691,0.706425,0.383332,0.20232
0.286837,0.436671,0.513531,0.581075,0.467579,0.848107,0.69275,0.993883,0.432348,0.583803,0.571738,0.363098,0.657518,0.237754,0.766276,0.115129,0,0,0,0,0,0,0,0,0,0,0,0,0,0,0.213307,0.52112,0.283774,0.292201,0.228625,0.703704,0.381804,0.199597
0.286837,0.436664,0.508936,0.589253,0.462983,0.869905,0.685089,0.993885,0.436946,0.586525,0.567144,0.363092,0.660585,0.235025,0.772397,0.115126,0,0,0,0,0,0,0,0,0,0,0,0,0,0,0.213304,0.521129,0.28377,0.292237,0.24241,0.720034,0.377205,0.205066
0.28684,0.436665,0.504339,0.586526,0.455324,0.869904,0.692749,0.993884,0.435412,0.583801,0.570207,0.365814,0.672836,0.2214,0.767806,0.115135,0,0,0,0,0,0,0,0,0,0,0,0,0,0,0.213309,0.521118,0.283765,0.292235,0.23169,0.709153,0.375678,0.202334
0.286822,0.439396,0.508936,0.583803,0.462983,0.859002,0.700409,0.993883,0.443073,0.602876,0.568677,0.365818,0.65905,0.237752,0.767805,0.115151,0,0,0,0,0,0,0,0,0,0,0,0,0,0,0.213299,0.518426,0.282246,0.289527,0.228629,0.703698,0.374145,0.205043
0.283773,0.433943,0.508939,0.583802,0.464517,0.859005,0.691219,0.951646,0.441536,0.597428,0.561017,0.365821,0.683559,0.215953,0.770867,0.117873,0,0,0,0,0,0,0,0,0,0,0,0,0,0,0.211793,0.518396,0.28071,0.289509,0.227092,0.703685,0.37414,0.202337
0.28223,0.428506,0.512002,0.600149,0.473706,0.864456,0.682025,0.954373,0.436941,0.589253,0.565614,0.363092,0.659056,0.224123,0.767803,0.11787,0,0,0,0,0,0,0,0,0,0,0,0,0,0,0.208716,0.518386,0.277661,0.284099,0.224027,0.706403,0.374149,0.196867
0.279169,0.428473,0.502809,0.597424,0.461454,0.869909,0.692749,0.957099,0.432347,0.589252,0.565611,0.363098,0.663644,0.226852,0.767813,0.115128,0,0,0,0,0,0,0,0,0,0,0,0,0,0,0.208727,0.515653,0.277656,0.28138,0.220965,0.700981,0.369546,0.199592
0.277642,0.428506,0.502811,0.586525,0.453794,0.859003,0.694279,0.993884,0.43235,0.611047,0.559486,0.363093,0.663644,0.226853,0.775457,0.10425,0,0,0,0,0,0,0,0,0,0,0,0,0,0,0.208729,0.512973,0.277642,0.284068,0.227087,0.703688,0.371081,0.202339
0.277648,0.436646,0.504343,0.602875,0.46758,0.878078,0,0,0,0,0.554889,0.373993,0.655987,0.24048,0.775466,0.10697,0,0,0,0,0,0,0,0,0,0,0,0,0,0,0.210231,0.515655,0.277651,0.284085,0.220966,0.698253,0.374143,0.205064
0.283762,0.436649,0.501281,0.581078,0.464515,0.869908,0,0,0,0,0.557953,0.371272,0.671304,0.229577,0.783122,0.115142,0,0,0,0,0,0,0,0,0,0,0,0,0,0,0.213291,0.515719,0.282248,0.286803,0.227089,0.703694,0.374143,0.199617
0.28377,0.436666,0.50434,0.589249,0.470642,0.880801,0.700407,0.993884,0.43082,0.627396,0.55642,0.363092,0.663646,0.232304,0.781599,0.112428,0,0,0,0,0,0,0,0,0,0,0,0,0,0,0.213302,0.518393,0.282241,0.28683,0.230154,0.706419,0.374136,0.202326
0.279178,0.44756,0.510469,0.570179,0.467579,0.869903,0.694279,0.954376,0.432349,0.624673,0.567143,0.363098,0.668241,0.235022,0.780061,0.112415,0,0,0,0,0,0,0,0,0,0,0,0,0,0,0.213319,0.518417,0.282231,0.292199,0.23169,0.714582,0.377206,0.202346
0.283759,0.447558,0.521192,0.572901,0.473708,0.848107,0.701939,0.992521,0.429287,0.621949,0.559485,0.36854,0.666711,0.237756,0.780063,0.115125,0,0,0,0,0,0,0,0,0,0,0,0,0,0,0.213307,0.521121,0.282238,0.292227,0.22556,0.711867,0.377212,0.202313
0.282234,0.447561,0.508938,0.581079,0.472173,0.848106,0.695812,0.948924,0.429287,0.597423,0.550294,0.365815,0.672836,0.235029,0.784658,0.11515,0,0,0,0,0,0,0,0,0,0,0,0,0,0,0.213302,0.521167,0.282245,0.292294,0.21637,0.700979,0.375669,0.207785
0.282235,0.447543,0.516595,0.58108,0.475237,0.831759,0.697343,0.992521,0.430818,0.586529,0.561018,0.365813,0.672837,0.237749,0.78772,0.115128,0,0,0,0,0,0,0,0,0,0,0,0,0,0,0.213305,0.523834,0.283757,0.292279,0.216371,0.703698,0.37721,0.205066
0.285296,0.444839,0.515064,0.57835,0.478302,0.839934,0.692747,0.94348,0.433878,0.578353,0.556424,0.36582,0.663647,0.235031,0.787717,0.112411,0,0,0,0,0,0,0,0,0,0,0,0,0,0,0.213316,0.523868,0.283774,0.294958,0.219433,0.703695,0.377211,0.202347
0.285306,0.444847,0.521191,0.589253,0.479835,0.848105,0.689684,0.943478,0.43541,0.583804,0.557952,0.363094,0.665176,0.2323,0.789256,0.112412,0,0,0,0,0,0,0,0,0,0,0,0,0,0,0.213317,0.523888,0.285283,0.294995,0.216378,0.706412,0.378738,0.20779
0.285295,0.453015,0.518129,0.594701,0.479836,0.861729,0.698876,0.94347,0.438478,0.583804,0.554891,0.365813,0.678962,0.221403,0,0,0,0,0,0,0,0,0,0,0,0,0,0,0,0,0.213322,0.526576,0.285307,0.297698,0.21637,0.703695,0.378735,0.210508
0.286831,0.447547,0.516595,0.5947,0.481365,0.861729,0.701935,0.940752,0.441537,0.586526,0.554891,0.368541,0.678963,0.224132,0,0,0,0,0,0,0,0,0,0,0,0,0,0,0,0,0.213324,0.523877,0.285299,0.297682,0.220964,0.706415,0.383329,0.210516
0.285291,0.450296,0.515064,0.594699,0.478303,0.834485,0.700406,0.943471,0.436944,0.600148,0.554892,0.376713,0.674369,0.226862,0.784662,0.112421,0,0,0,0,0,0,0,0,0,0,0,0,0,0,0.213308,0.529284,0.283774,0.297714,0.217908,0.703697,0.384865,0.210505
0.286824,0.44756,0.516596,0.597425,0.478303,0.839932,0.70041,0.940752,0.438478,0.60015,0.55336,0.376714,0.678963,0.226862,0.784662,0.112418,0,0,0,0,0,0,0,0,0,0,0,0,0,0,0.213311,0.529304,0.285292,0.297698,0.217901,0.700986,0.386397,0.207781
0.289887,0.439389,0.51047,0.583798,0.476768,0.848109,0.689684,0.9462,0.432347,0.586526,0.554891,0.373994,0.671306,0.224132,0.783123,0.115127,0,0,0,0,0,0,0,0,0,0,0,0,0,0,0.214828,0.529316,0.285284,0.300436,0.216376,0.706422,0.381805,0.210498
0.289899,0.436678,0.508938,0.611052,0.476772,0.861729,0.691217,0.948925,0.43388,0.5947,0.556423,0.379444,0.672838,0.224139,0.781594,0.112422,0,0,0,0,0,0,0,0,0,0,0,0,0,0,0.213318,0.532005,0.28529,0.300407,0.219435,0.709143,0.384862,0.205056
0.291427,0.431235,0.50281,0.589252,0.476768,0.848105,0.686622,0.948921,0.429286,0.591975,0.556422,0.382164,0.674368,0.229577,0.786187,0.117868,0,0,0,0,0,0,0,0,0,0,0,0,0,0,0.213303,0.532017,0.285283,0.297713,0.217904,0.709138,0.384864,0.207779
0.289892,0.433947,0.501279,0.583799,0.473704,0.839935,0.689685,0.946199,0.429287,0.591977,0.561015,0.379445,0.671304,0.2323,0.783126,0.117863,0,0,0,0,0,0,0,0,0,0,0,0,0,0,0.213307,0.532017,0.283776,0.297722,0.216368,0.706416,0.386393,0.202331
0.283759,0.450265,0.496682,0.5947,0.473705,0.842656,0.686619,0.946199,0.430819,0.591974,0.554891,0.384888,0.660585,0.243196,0.783131,0.115135,0,0,0,0,0,0,0,0,0,0,0,0,0,0,0.213318,0.529308,0.285281,0.297698,0.214839,0.700973,0.389457,0.207784
0.28224,0.450284,0.50281,0.583801,0.473706,0.837208,0.695813,0.940753,0.430816,0.572907,0.55489,0.379443,0.66824,0.245923,0.790778,0.112411,0,0,0,0,0,0,0,0,0,0,0,0,0,0,0.213313,0.529294,0.285283,0.295018,0.214836,0.698261,0.386399,0.210505
0.283764,0.431232,0.505872,0.56745,0.472176,0.799063,0.697344,0.940745,0.433882,0.562005,0.551826,0.365821,0.675898,0.213232,0.786189,0.0960664,0,0,0,0,0,0,0,0,0,0,0,0,0,0,0.214832,0.518386,0.28376,0.281362,0.220966,0.695502,0.377204,0.191426
0.285289,0.425766,0.508935,0.551105,0.475238,0.820859,0.697342,0.940756,0.433879,0.559278,0.561017,0.354922,0.669775,0.213224,0.789254,0.0906199,0,0,0,0,0,0,0,0,0,0,0,0,0,0,0.214822,0.515671,0.285284,0.275913,0.225554,0.692791,0.37874,0.172369
0.283772,0.428494,0.507404,0.564725,0.473705,0.809958,0.697346,0.935296,0.432346,0.559278,0.554892,0.365813,0.680494,0.210497,0.790784,0.0906156,0,0,0,0,0,0,0,0,0,0,0,0,0,0,0.213287,0.515663,0.283774,0.27593,0.222496,0.692801,0.374146,0.180529
0.286827,0.42576,0.510471,0.562006,0.472174,0.796333,0.688156,0.938023,0.429287,0.567449,0.559485,0.363096,0.683558,0.207782,0.789252,0.0987903,0,0,0,0,0,0,0,0,0,0,0,0,0,0,0.213313,0.515706,0.282232,0.28133,0.217899,0.692786,0.369553,0.194143
0.282236,0.436648,0.515063,0.586525,0.481364,0.839933,0.691218,0.940743,0.435413,0.572904,0.556422,0.371269,0.685093,0.213229,0.787722,0.109686,0,0,0,0,0,0,0,0,0,0,0,0,0,0,0.211755,0.529275,0.279175,0.292241,0.219438,0.70641,0.377202,0.202334
0.282233,0.439398,0.511999,0.583803,0.479833,0.839931,0.689684,0.943475,0.432347,0.575627,0.55336,0.371272,0.683558,0.229578,0.792312,0.112428,0,0,0,0,0,0,0,0,0,0,0,0,0,0,0.210257,0.529329,0.279179,0.292285,0.216368,0.706422,0.375673,0.205063
0.282233,0.442096,0.512,0.570181,0.478304,0.81541,0.688155,0.938015,0.435412,0.575628,0.556421,0.371266,0.686621,0.215952,0.789246,0.115121,0,0,0,0,0,0,0,0,0,0,0,0,0,0,0.21177,0.526593,0.282223,0.289549,0.225563,0.709143,0.378738,0.199604
0.28224,0.442097,0.510468,0.570174,0.476774,0.799063,0.692752,0.935304,0.436943,0.570175,0.554892,0.368548,0.683561,0.210497,0.795381,0.106947,0,0,0,0,0,0,0,0,0,0,0,0,0,0,0.211777,0.521149,0.283753,0.286784,0.225554,0.703698,0.366484,0.199618
0.288357,0.42849,0.521192,0.564731,0.484431,0.801786,0.691218,0.932575,0.44307,0.562007,0.556424,0.357642,0.685093,0.207779,0.798447,0.0960703,0,0,0,0,0,0,0,0,0,0,0,0,0,0,0.216376,0.518385,0.28685,0.278616,0.245475,0.711869,0.375673,0.183262
0.286837,0.431224,0.522722,0.561999,0.485962,0.804513,0.692751,0.935294,0.438478,0.559281,0.554892,0.360366,0.680492,0.210496,0.798442,0.0987932,0,0,0,0,0,0,0,0,0,0,0,0,0,0,0.216377,0.51838,0.286845,0.278655,0.251604,0.720039,0.37414,0.185985
0.283764,0.43665,0.521188,0.591971,0.49209,0.80451,0.678965,0.880811,0.446134,0.551101,0.561019,0.357645,0.685095,0.205065,0.799975,0.104227,0,0,0,0,0,0,0,0,0,0,0,0,0,0,0.216377,0.518401,0.28685,0.284059,0.22863,0.700979,0.372607,0.191421
0.285306,0.431216,0.534976,0.559281,0.49362,0.801785,0.674366,0.875355,0.443072,0.545658,0.562548,0.354919,0.683556,0.207793,0.804566,0.104225,0,0,0,0,0,0,0,0,0,0,0,0,0,0,0.216368,0.518413,0.288348,0.284047,0.23016,0.698235,0.374141,0.191432
0.285294,0.439397,0.530382,0.570179,0.499749,0.812682,0.668239,0.864453,0.466047,0.54838,0.559486,0.357644,0.688156,0.20777,0.796906,0.101501,0,0,0,0,0,0,0,0,0,0,0,0,0,0,0.21789,0.518424,0.288364,0.284054,0.231687,0.695519,0.369544,0.202323
0.285302,0.436661,0.528853,0.564728,0.496681,0.801789,0.672836,0.856281,0.455325,0.542926,0.562549,0.357642,0.688153,0.205047,0.796909,0.104224,0,0,0,0,0,0,0,0,0,0,0,0,0,0,0.216376,0.518412,0.288346,0.284054,0.230155,0.695515,0.371076,0.196886
0.283772,0.439397,0.533444,0.564726,0.496684,0.823586,0.678965,0.842665,0.435414,0.537477,0.557953,0.35492,0.683559,0.207775,0.798441,0.104247,0,0,0,0,0,0,0,0,0,0,0,0,0,0,0.216362,0.518409,0.286822,0.284098,0.225554,0.695534,0.371085,0.191424
0.286826,0.439384,0.527319,0.57563,0.493618,0.818135,0.680496,0.850832,0.433882,0.542925,0.557953,0.363097,0.67896,0.218682,0.79385,0.106965,0,0,0,0,0,0,0,0,0,0,0,0,0,0,0.214857,0.518421,0.28683,0.286826,0.222501,0.698233,0.371082,0.196883
0.289883,0.439378,0.524256,0.600148,0.502808,0.83993,0.672839,0.883522,0.436944,0.545652,0.553361,0.365813,0.680494,0.224125,0.795375,0.112427,0,0,0,0,0,0,0,0,0,0,0,0,0,0,0.214854,0.526561,0.286831,0.292284,0.217914,0.698256,0.377207,0.205056
0.289891,0.43667,0.52579,0.586528,0.50128,0.826308,0.675896,0.872637,0.446136,0.551102,0.557954,0.365818,0.674366,0.232305,0,0,0,0,0,0,0,0,0,0,0,0,0,0,0,0,0.214856,0.529297,0.286838,0.294976,0.219441,0.703695,0.374142,0.213228
0.286822,0.452998,0.531913,0.60015,0.505873,0.826307,0.678965,0.864461,0.447664,0.54293,0.561017,0.363099,0.682024,0.226852,0.793843,0.117862,0,0,0,0,0,0,0,0,0,0,0,0,0,0,0.214829,0.532032,0.286813,0.300428,0.217902,0.706407,0.372614,0.210517
0.285295,0.45028,0.53038,0.600148,0.504341,0.834482,0.662117,0.875356,0.453794,0.548382,0.550296,0.371265,0.680494,0.232306,0.786193,0.120579,0,0,0,0,0,0,0,0,0,0,0,0,0,0,0.213308,0.532005,0.282231,0.300407,0.214843,0.700968,0.374139,0.215946
0.286829,0.436667,0.528848,0.63285,0.502809,0.848105,0.680492,0.845375,0.413966,0.485709,0.554888,0.373997,0.67437,0.229584,0.783133,0.126034,0,0,0,0,0,0,0,0,0,0,0,0,0,0,0.211773,0.53205,0.280695,0.297731,0.22097,0.706424,0.371077,0.215963
0.283765,0.447561,0.527315,0.613778,0.502811,0.839934,0.674366,0.869898,0.435414,0.532028,0.548766,0.376722,0.672838,0.240479,0.784658,0.134206,0,0,0,0,0,0,0,0,0,0,0,0,0,0,0.213284,0.534771,0.280696,0.305892,0.231689,0.717318,0.371077,0.224122
0.282241,0.455724,0.530381,0.605599,0.504343,0.84538,0.675901,0.869906,0.443069,0.540208,0.547233,0.373994,0.67896,0.226846,0.781601,0.13421,0,0,0,0,0,0,0,0,0,0,0,0,0,0,0.211792,0.537503,0.280696,0.308599,0.21484,0.709136,0.366486,0.224124
0.279179,0.458453,0.527317,0.619222,0.501282,0.845379,0.680497,0.848115,0.42316,0.491163,0.547234,0.38216,0.67896,0.23775,0.784653,0.136948,0,0,0,0,0,0,0,0,0,0,0,0,0,0,0.214829,0.542925,0.282225,0.311321,0.224029,0.722767,0.369548,0.226847
0.283772,0.458463,0.527319,0.619224,0.502811,0.845384,0.675898,0.85628,0.421627,0.485707,0.547234,0.38217,0.6759,0.240478,0.783129,0.139655,0,0,0,0,0,0,0,0,0,0,0,0,0,0,0.214843,0.545662,0.285306,0.314002,0.22097,0.722753,0.369544,0.229575
0.286825,0.466633,0.531915,0.602874,0.505873,0.842653,0.682026,0.845385,0.438476,0.532029,0.556421,0.376714,0.678961,0.235032,0.78465,0.139656,0,0,0,0,0,0,0,0,0,0,0,0,0,0,0.217913,0.551073,0.286838,0.316762,0.225558,0.720046,0.372614,0.226854
0.29142,0.455733,0.530383,0.605599,0.499749,0.848106,0.680498,0.845387,0.427754,0.534754,0.550293,0.37672,0.672833,0.243199,0.784654,0.145101,0,0,0,0,0,0,0,0,0,0,0,0,0,0,0.217915,0.551077,0.288355,0.316763,0.220968,0.717313,0.371082,0.226852
0.289881,0.477529,0.534979,0.60015,0.507406,0.845384,0.683561,0.850833,0.440008,0.545654,0.559484,0.376713,0.671305,0.243211,0.783134,0.142372,0,0,0,0,0,0,0,0,0,0,0,0,0,0,0.219431,0.551108,0.288364,0.31678,0.22555,0.725504,0.375677,0.224141
0.288372,0.474795,0.533447,0.611052,0.508938,0.850835,0.682026,0.848104,0.433879,0.532034,0.559483,0.376718,0.6759,0.237762,0.783134,0.139663,0,0,0,0,0,0,0,0,0,0,0,0,0,0,0.219431,0.551093,0.288378,0.31679,0.220962,0.720039,0.375673,0.224137
0.291423,0.461195,0.53804,0.611047,0.524255,0.845385,0.691215,0.850825,0,0,0.562549,0.371265,0.67437,0.240473,0.784661,0.13694,0,0,0,0,0,0,0,0,0,0,0,0,0,0,0.21943,0.551122,0.28989,0.316747,0.22555,0.728205,0.384863,0.224131
0.289895,0.472083,0.533447,0.611053,0.524253,0.848104,0.680502,0.859013,0,0,0.559486,0.371272,0.682024,0.23503,0.784652,0.136937,0,0,0,0,0,0,0,0,0,0,0,0,0,0,0.21943,0.55109,0.289884,0.314097,0.220962,0.722773,0.380269,0.232298
0.288362,0.474814,0.536509,0.635574,0.508938,0.848102,0.674369,0.869899,0.440009,0.534749,0.56408,0.371266,0.677432,0.240485,0.784653,0.134221,0,0,0,0,0,0,0,0,0,0,0,0,0,0,0.219423,0.551067,0.288387,0.314069,0.219434,0.720054,0.378737,0.23775
0.286832,0.474814,0.533446,0.605599,0.508936,0.850827,0.678961,0.861732,0.426221,0.507512,0.562551,0.371268,0.682029,0.240482,0.786185,0.136946,0,0,0,0,0,0,0,0,0,0,0,0,0,0,0.219424,0.551074,0.288373,0.316745,0.217909,0.720036,0.380268,0.235022
0.285306,0.469355,0.533442,0.591975,0.508936,0.845378,0.678962,0.845385,0.438477,0.545654,0.561016,0.376717,0.67743,0.240484,0.783121,0.136943,0,0,0,0,0,0,0,0,0,0,0,0,0,0,0.217895,0.548401,0.288343,0.316755,0.21944,0.720033,0.387929,0.226861
0.285292,0.458472,0.531914,0.605602,0.505875,0.839934,0.674367,0.859,0.443069,0.545659,0.553358,0.379442,0.677434,0.237751,0.781589,0.136934,0,0,0,0,0,0,0,0,0,0,0,0,0,0,0.216384,0.551067,0.286831,0.316738,0.219435,0.714602,0.381802,0.229572
0.285303,0.463902,0.524255,0.589253,0.499747,0.84266,0.666709,0.861726,0.43235,0.545655,0.553357,0.373991,0.682025,0.240482,0.781599,0.136933,0,0,0,0,0,0,0,0,0,0,0,0,0,0,0.214849,0.54836,0.285306,0.314097,0.217912,0.720042,0.380269,0.226851
0.285298,0.461191,0.527318,0.597428,0.499749,0.845383,0.669771,0.864454,0.433883,0.5511,0.551827,0.376716,0.675901,0.248644,0.783123,0.134225,0,0,0,0,0,0,0,0,0,0,0,0,0,0,0.214838,0.548375,0.285295,0.314062,0.219436,0.71731,0.380268,0.226852
0.280702,0.461183,0.528849,0.611052,0.501282,0.848113,0.666708,0.864456,0.438475,0.537481,0.551829,0.376714,0.675901,0.243205,0.781591,0.134227,0,0,0,0,0,0,0,0,0,0,0,0,0,0,0.21332,0.545674,0.282225,0.314054,0.217907,0.720023,0.374143,0.226857
0.279169,0.458457,0.530383,0.611049,0.501279,0.848101,0.663642,0.878084,0.420095,0.491156,0.554891,0.37127,0.677432,0.245922,0.784651,0.136944,0,0,0,0,0,0,0,0,0,0,0,0,0,0,0.213307,0.545676,0.280709,0.31404,0.216377,0.709159,0.372612,0.226854
0.277639,0.46118,0.534977,0.649194,0.516597,0.861736,0,0,0,0,0.551829,0.379441,0.669772,0.248641,0.784652,0.136933,0,0,0,0,0,0,0,0,0,0,0,0,0,0,0.211788,0.545643,0.279162,0.311336,0.225561,0.725474,0.378739,0.235032
0.277639,0.461193,0.534978,0.649196,0.516595,0.864453,0.674369,0.839923,0.438478,0.529307,0.551824,0.379436,0.659053,0.25137,0.783124,0.136928,0,0,0,0,0,0,0,0,0,0,0,0,0,0,0.210262,0.545636,0.277645,0.311356,0.216371,0.717319,0.375672,0.237755
0.277653,0.458472,0.530385,0.6056,0.499748,0.853561,0.677431,0.826308,0.440005,0.523861,0.551829,0.373997,0.67437,0.243209,0.783123,0.136941,0,0,0,0,0,0,0,0,0,0,0,0,0,0,0.211777,0.545628,0.277653,0.311334,0.21638,0.714602,0.368021,0.229583
0.279182,0.458475,0.528849,0.602875,0.501276,0.850831,0.677433,0.83993,0.423158,0.491159,0.550295,0.373993,0.668243,0.245921,0.781595,0.13966,0,0,0,0,0,0,0,0,0,0,0,0,0,0,0.211782,0.545667,0.277658,0.311339,0.216364,0.714586,0.368014,0.229586
0.282234,0.455756,0.531915,0.602875,0.501279,0.850836,0.669773,0.848109,0.421631,0.488435,0.550297,0.371264,0.680493,0.240482,0.780064,0.139649,0,0,0,0,0,0,0,0,0,0,0,0,0,0,0.211764,0.548395,0.277658,0.314017,0.217901,0.720025,0.366484,0.224134
0.279176,0.458474,0.533445,0.597427,0.501276,0.850829,0.669772,0.848108,0.41244,0.47481,0.55336,0.36582,0.675902,0.2432,0.780059,0.139668,0,0,0,0,0,0,0,0,0,0,0,0,0,0,0.211776,0.548356,0.277658,0.314049,0.217899,0.717335,0.369548,0.221403
0.27918,0.458454,0.524255,0.605604,0.501276,0.842654,0.675897,0.853555,0.433883,0.529308,0.557954,0.37127,0.680497,0.235034,0.783122,0.145115,0,0,0,0,0,0,0,0,0,0,0,0,0,0,0.211793,0.548344,0.279163,0.314087,0.220963,0.725484,0.369549,0.226856
0.277642,0.466637,0.527319,0.60288,0.502809,0.842661,0.671303,0.856282,0.435412,0.534749,0.554889,0.373991,0.682026,0.23503,0.781595,0.145115,0,0,0,0,0,0,0,0,0,0,0,0,0,0,0.211756,0.548379,0.277659,0.314063,0.220962,0.728233,0.368017,0.229588
0.276114,0.472076,0.525786,0.621946,0.504344,0.850831,0.669773,0.856278,0.433879,0.53203,0.551829,0.379438,0.682023,0.226868,0.780056,0.142395,0,0,0,0,0,0,0,0,0,0,0,0,0,0,0.208728,0.548406,0.276131,0.316771,0.216372,0.722768,0.369546,0.235022
0.2807,0.455742,0.52579,0.6165,0.502811,0.850832,0.674366,0.861728,0.435412,0.542931,0.548762,0.379441,0.68049,0.229587,0.780056,0.142376,0,0,0,0,0,0,0,0,0,0,0,0,0,0,0.208715,0.553806,0.277627,0.316747,0.211778,0.720023,0.371083,0.235031
0.274588,0.46391,0.528853,0.632849,0.501276,0.853553,0.66671,0.853556,0.423158,0.499337,0.547234,0.384888,0.680493,0.232294,0.781598,0.14239,0,0,0,0,0,0,0,0,0,0,0,0,0,0,0.208697,0.551117,0.276111,0.316761,0.208711,0.722777,0.372611,0.237759
0.27611,0.461196,0.530383,0.6274,0.501282,0.856278,0.672837,0.84539,0.41703,0.469366,0.553357,0.376717,0.688156,0.226861,0.781601,0.136945,0,0,0,0,0,0,0,0,0,0,0,0,0,0,0.207185,0.551128,0.276113,0.316777,0.207184,0.720047,0.371081,0.240474
0.274585,0.463913,0.531915,0.616498,0.501275,0.861725,0.678963,0.837204,0.421626,0.477535,0.550293,0.382172,0.682026,0.235032,0.783123,0.13695,0,0,0,0,0,0,0,0,0,0,0,0,0,0,0.207168,0.553787,0.276121,0.316785,0.202577,0.711887,0.371084,0.237756
0.274592,0.46391,0.528852,0.594703,0.496683,0.856282,0.668238,0.848107,0.410906,0.472085,0.55489,0.373995,0.685089,0.23776,0.786186,0.136944,0,0,0,0,0,0,0,0,0,0,0,0,0,0,0.207172,0.551117,0.276113,0.316797,0.204112,0.720029,0.36955,0.235021
0.274593,0.461189,0.530381,0.600153,0.498211,0.85628,0.671302,0.842664,0.410906,0.469361,0.553359,0.376711,0.686624,0.232302,0.790783,0.134202,0,0,0,0,0,0,0,0,0,0,0,0,0,0,0.207186,0.551111,0.276107,0.316784,0.205646,0.711866,0.369549,0.240485
0.274585,0.463916,0.527317,0.608327,0.496683,0.853559,0.674366,0.842655,0.417033,0.474814,0.551828,0.379441,0.680489,0.232307,0.787722,0.131469,0,0,0,0,0,0,0,0,0,0,0,0,0,0,0.207189,0.551113,0.276117,0.316777,0.204116,0.709149,0.371081,0.240485
0.274584,0.469359,0.528852,0.60015,0.495151,0.848107,0.668241,0.84811,0.413968,0.47209,0.547233,0.384892,0.678964,0.235035,0.789255,0.134212,0,0,0,0,0,0,0,0,0,0,0,0,0,0,0.208696,0.551104,0.276107,0.316792,0.202575,0.706434,0.37108,0.240475
0.274572,0.469362,0.530378,0.605599,0.498213,0.85356,0.663646,0.864455,0.413968,0.469364,0.556424,0.379446,0.686623,0.237746,0.807628,0.123303,0,0,0,0,0,0,0,0,0,0,0,0,0,0,0.208726,0.551073,0.276127,0.316786,0.204117,0.706413,0.36802,0.237752
0.27458,0.466631,0.528848,0.586528,0.498211,0.850829,0.665179,0.861728,0.415502,0.463913,0.559484,0.37944,0.692747,0.232311,0.807624,0.123322,0,0,0,0,0,0,0,0,0,0,0,0,0,0,0.20873,0.551069,0.276128,0.316753,0.205653,0.70643,0.368016,0.232298
0.274585,0.461201,0.525788,0.630121,0.499744,0.848106,0.657519,0.812684,0.447667,0.52658,0.554889,0.376713,0.695813,0.243203,0.809157,0.117864,0,0,0,0,0,0,0,0,0,0,0,0,0,0,0.20872,0.545648,0.276136,0.314034,0.204124,0.70098,0.375673,0.23503
0.276109,0.463899,0.539576,0.608321,0.49975,0.842657,0.677431,0.788164,0.42469,0.439392,0.562549,0.360369,0.686623,0.248655,0.812236,0.112415,0,0,0,0,0,0,0,0,0,0,0,0,0,0,0.21177,0.537507,0.279181,0.3113,0.208715,0.681885,0.36495,0.23503
0.280697,0.453003,0.539573,0.608327,0.499747,0.842657,0.688155,0.78543,0.426224,0.442116,0.553359,0.365819,0.698874,0.240479,0.81529,0.109673,0,0,0,0,0,0,0,0,0,0,0,0,0,0,0.213286,0.534761,0.279178,0.305895,0.210249,0.67644,0.363422,0.243194
0.279168,0.455736,0.53804,0.619227,0.498218,0.84811,0.678965,0.790878,0.430817,0.450288,0.557953,0.368543,0.703471,0.240485,0.818358,0.106964,0,0,0,0,0,0,0,0,0,0,0,0,0,0,0.213311,0.534737,0.279186,0.305887,0.214833,0.681899,0.366479,0.240478
0.27612,0.463905,0.538038,0.619225,0.50128,0.848106,0.683559,0.804512,0.446134,0.466635,0.561018,0.36854,0.701941,0.232308,0.818353,0.106968,0,0,0,0,0,0,0,0,0,0,0,0,0,0,0.213319,0.534754,0.280702,0.305867,0.213313,0.690063,0.369545,0.23502
0.277643,0.46118,0.533444,0.619226,0.496681,0.85083,0.692749,0.790887,0.427753,0.450291,0.567145,0.36582,0.703469,0.245921,0.818358,0.109674,0,0,0,0,0,0,0,0,0,0,0,0,0,0,0.213322,0.534771,0.279188,0.305877,0.210241,0.690078,0.371079,0.229586
0.279172,0.46119,0.534976,0.619223,0.495151,0.856278,0.689686,0.79361,0.423158,0.442121,0.56408,0.363098,0.700409,0.243208,0.818357,0.109677,0,0,0,0,0,0,0,0,0,0,0,0,0,0,0.213329,0.534736,0.280699,0.308565,0.214832,0.695504,0.368017,0.229573
0.28071,0.455732,0.534979,0.600148,0.498215,0.848105,0.691218,0.796341,0.420094,0.436671,0.568675,0.363097,0.700408,0.24593,0.819883,0.109674,0,0,0,0,0,0,0,0,0,0,0,0,0,0,0.213325,0.534743,0.2807,0.305895,0.219436,0.698242,0.372614,0.22141
0.277651,0.458447,0.533446,0.613777,0.499747,0.848102,0.688154,0.796343,0.420095,0.436668,0.557953,0.368545,0.700408,0.240475,0.818351,0.10968,0,0,0,0,0,0,0,0,0,0,0,0,0,0,0.213312,0.53475,0.282229,0.30588,0.21484,0.69552,0.371084,0.226855
0.279163,0.455739,0.533446,0.621947,0.496684,0.848103,0.68662,0.793615,0.421629,0.439389,0.556421,0.371267,0.692748,0.243206,0.818349,0.109691,0,0,0,0,0,0,0,0,0,0,0,0,0,0,0.213309,0.534789,0.282247,0.305867,0.211775,0.698262,0.371079,0.224132
0.280697,0.453023,0.531916,0.611048,0.496684,0.845388,0.694282,0.80451,0.42316,0.43938,0.55489,0.368549,0.69275,0.237753,0.818351,0.112404,0,0,0,0,0,0,0,0,0,0,0,0,0,0,0.214819,0.534775,0.282223,0.305875,0.217904,0.703681,0.371082,0.224136
0.280704,0.452993,0.536512,0.616497,0.502807,0.850833,0.686622,0.809959,0.424687,0.439381,0.556421,0.363096,0.694282,0.232318,0.816819,0.112417,0,0,0,0,0,0,0,0,0,0,0,0,0,0,0.213327,0.534783,0.282228,0.305876,0.216372,0.70097,0.371077,0.218687
0.28223,0.453013,0.538043,0.624671,0.504344,0.848105,0.691215,0.818132,0.424694,0.439387,0.556422,0.36037,0.688151,0.248643,0.816819,0.112408,0,0,0,0,0,0,0,0,0,0,0,0,0,0,0.213316,0.534797,0.280701,0.305883,0.214841,0.69553,0.369545,0.221412
0.28223,0.455718,0.538042,0.605598,0.502808,0.84266,0.682028,0.82903,0.423159,0.439392,0.561019,0.360364,0.692748,0.22685,0.81529,0.112416,0,0,0,0,0,0,0,0,0,0,0,0,0,0,0.213325,0.534793,0.280701,0.30857,0.210252,0.692777,0.368012,0.221406
0.285296,0.450293,0.538041,0.60015,0.502809,0.837209,0.685091,0.842662,0.42469,0.444836,0.568677,0.360368,0.689689,0.237761,0.815291,0.115125,0,0,0,0,0,0,0,0,0,0,0,0,0,0,0.214826,0.53746,0.282236,0.305886,0.222498,0.706416,0.366487,0.218682
0.282236,0.453025,0.538039,0.602873,0.504344,0.839935,0.68662,0.848107,0.424687,0.436665,0.57174,0.360375,0.697345,0.24593,0.816821,0.112421,0,0,0,0,0,0,0,0,0,0,0,0,0,0,0.214831,0.537456,0.282238,0.308565,0.219437,0.706408,0.368017,0.224136
0.282231,0.455727,0.53804,0.600148,0.501279,0.845379,0.691216,0.848104,0.429284,0.447563,0.577867,0.363097,0.701938,0.248647,0.818356,0.11242,0,0,0,0,0,0,0,0,0,0,0,0,0,0,0.214826,0.537464,0.280717,0.308601,0.214844,0.703704,0.368018,0.224131
0.285291,0.453021,0.533448,0.608325,0.501282,0.845378,0.686624,0.8699,0.429287,0.442109,0.570207,0.368543,0.705,0.248651,0.819882,0.109696,0,0,0,0,0,0,0,0,0,0,0,0,0,0,0.214833,0.534794,0.28071,0.308574,0.214846,0.70643,0.368012,0.226855
0.283765,0.453024,0.533447,0.608322,0.505873,0.839937,0.700406,0.867178,0.427758,0.431219,0.568677,0.371262,0.703472,0.248648,0.819887,0.109682,0,0,0,0,0,0,0,0,0,0,0,0,0,0,0.214842,0.53749,0.282224,0.30861,0.217906,0.703685,0.366487,0.224132
0.282243,0.450293,0.534975,0.602878,0.504342,0.842657,0.705001,0.858999,0.430815,0.436673,0.574802,0.365817,0.706531,0.240483,0.819885,0.109694,0,0,0,0,0,0,0,0,0,0,0,0,0,0,0.214846,0.540203,0.282237,0.308621,0.227094,0.720038,0.368017,0.229577
0.2853,0.453002,0.53191,0.605596,0.501276,0.845381,0.701941,0.859,0.424693,0.433927,0.567145,0.373987,0.705002,0.245931,0.818351,0.112407,0,0,0,0,0,0,0,0,0,0,0,0,0,0,0.214852,0.540184,0.282235,0.308616,0.225559,0.722763,0.366491,0.226845
0.282241,0.455736,0.530381,0.600147,0.501278,0.845377,0.703468,0.856278,0.427755,0.43122,0.574802,0.371263,0.703473,0.245933,0.816823,0.112415,0,0,0,0,0,0,0,0,0,0,0,0,0,0,0.214842,0.540221,0.282233,0.311287,0.219439,0.711882,0.372609,0.221407
0.285289,0.450274,0.534978,0.5947,0.501277,0.842661,0.703469,0.853559,0.426216,0.431222,0.582461,0.363093,0.70194,0.245932,0.81835,0.112419,0,0,0,0,0,0,0,0,0,0,0,0,0,0,0.214844,0.542913,0.280714,0.311291,0.224029,0.720034,0.372612,0.21867
0.283771,0.453014,0.533448,0.581075,0.501281,0.845382,0.700406,0.850837,0.426221,0.433925,0.58093,0.357647,0.701941,0.237761,0.818357,0.112407,0,0,0,0,0,0,0,0,0,0,0,0,0,0,0.214838,0.540219,0.279183,0.311282,0.220968,0.720046,0.371076,0.218684
0.280712,0.455743,0.536507,0.600149,0.502807,0.850828,0.698878,0.856278,0.429285,0.436652,0.570207,0.363099,0.701939,0.248652,0.818352,0.115129,0,0,0,0,0,0,0,0,0,0,0,0,0,0,0.214822,0.54019,0.280697,0.308595,0.216383,0.711854,0.37414,0.213221
0.280702,0.455724,0.538043,0.586527,0.49975,0.848104,0.701938,0.850834,0.438475,0.436671,0.577868,0.360367,0.698874,0.243209,0.819881,0.115127,0,0,0,0,0,0,0,0,0,0,0,0,0,0,0.21333,0.537497,0.279173,0.308581,0.216366,0.706419,0.371085,0.213229
0.282237,0.450296,0.534977,0.583805,0.498211,0.848104,0.708069,0.842654,0.429286,0.431213,0.576334,0.360371,0.703469,0.243207,0.819881,0.115133,0,0,0,0,0,0,0,0,0,0,0,0,0,0,0.213323,0.537501,0.279177,0.308565,0.214845,0.709126,0.374139,0.213236
0.283769,0.447568,0.538039,0.591978,0.499747,0.845389,0.705001,0.837209,0.430814,0.436671,0.574804,0.365814,0.695815,0.240475,0.818355,0.115143,0,0,0,0,0,0,0,0,0,0,0,0,0,0,0.213322,0.537456,0.277658,0.308561,0.21637,0.709134,0.371082,0.218667
0.280711,0.453002,0.539572,0.58925,0.498213,0.848108,0.700405,0.839931,0.430817,0.439399,0.574802,0.363087,0.698879,0.240484,0.819884,0.115146,0,0,0,0,0,0,0,0,0,0,0,0,0,0,0.214823,0.534778,0.279179,0.305889,0.219436,0.717311,0.374136,0.215964
0.285299,0.453002,0.536509,0.608327,0.499751,0.848107,0.705004,0.845385,0.432352,0.439397,0.573272,0.365815,0.70194,0.25137,0.819884,0.115151,0,0,0,0,0,0,0,0,0,0,0,0,0,0,0.213304,0.540205,0.280692,0.308586,0.224025,0.720038,0.375679,0.210514
0.285292,0.45301,0.539572,0.589252,0.499745,0.853552,0.700409,0.84538,0.432352,0.439389,0.582462,0.36037,0.703474,0.248654,0.81835,0.117861,0,0,0,0,0,0,0,0,0,0,0,0,0,0,0.21482,0.537482,0.279187,0.308596,0.214846,0.706435,0.374139,0.218677
0.285299,0.453003,0.542634,0.591977,0.501276,0.853556,0.700408,0.845387,0.435414,0.439402,0.582462,0.363093,0.701938,0.248647,0.816823,0.117861,0,0,0,0,0,0,0,0,0,0,0,0,0,0,0.213308,0.537487,0.279185,0.308617,0.220967,0.709158,0.374138,0.218682
