0.364245,0.268097,0.637069,0.415237,0.716538,0.401584,0,0,0,0,0.557695,0.436987,0.4287,0.59505,0.339311,0.41795,0.89518,0.788507,0.979545,0.755813,0.458483,0.785776,0,0,0.825686,0.810304,0.433678,0.810313,0,0,0.384053,0.240794,0.458373,0.243571,0,0,0.686748,0.30352
0.374043,0.268075,0.642029,0.415232,0.721489,0.40157,0,0,0,0,0.562662,0.434291,0.433682,0.592336,0.339353,0.412509,0.895193,0.78579,0.97955,0.750366,0.463408,0.785783,0,0,0.825698,0.807588,0.443584,0.810295,0,0,0.389067,0.238108,0.458518,0.240854,0,0,0.691736,0.303512
0.374097,0.26805,0.642077,0.415197,0.721502,0.398846,0,0,0,0,0.567675,0.434278,0.438631,0.592328,0.344298,0.415184,0.895194,0.788504,0.979541,0.753088,0.473339,0.783049,0,0,0.830662,0.804857,0.443591,0.810314,0,0,0.393995,0.235421,0.463421,0.240833,0,0,0.696622,0.303483
0.37416,0.268055,0.642109,0.415205,0.726436,0.398853,0,0,0,0,0.567646,0.4343,0.443534,0.595008,0.344351,0.417918,0.910067,0.788516,0.989467,0.744913,0.463409,0.796678,0,0,0.845546,0.807587,0.448531,0.812997,0,0,0.403817,0.238101,0.463499,0.243541,0,0,0.696726,0.306231
0.374181,0.268038,0.642095,0.415194,0.726411,0.396156,0,0,0,0,0.567641,0.434301,0.443542,0.592346,0.344352,0.415239,0.910078,0.793954,0.984519,0.747636,0,0,0,0,0.850503,0.82121,0.448541,0.810297,0,0,0.403843,0.235417,0.468363,0.243528,0,0,0.696738,0.306234
0.378998,0.268023,0.642115,0.415195,0.726465,0.396162,0,0,0,0,0.567664,0.434304,0.43866,0.595035,0.344394,0.417939,0.915016,0.796688,0.989464,0.758535,0.468362,0.791224,0,0,0.840601,0.826654,0.443585,0.81033,0,0,0.403877,0.2354,0.473286,0.240834,0,0,0.701613,0.306234
0.379035,0.268035,0.64211,0.415218,0.726445,0.398866,0,0,0,0,0.567666,0.436997,0.443552,0.595043,0.349293,0.420662,0.910072,0.79124,0.984514,0.755804,0.468405,0.791229,0,0,0.84555,0.815759,0.448529,0.810329,0,0,0.408774,0.235391,0.473314,0.243529,0,0,0.701609,0.306235
0.379039,0.265362,0.642102,0.415209,0.726453,0.398853,0,0,0,0,0.567659,0.437005,0.443535,0.595049,0.349293,0.420643,0.915026,0.793969,0.989469,0.755811,0.468401,0.79123,0,0,0.840584,0.818485,0.448556,0.810334,0,0,0.40887,0.232689,0.473374,0.240833,0,0,0.701624,0.308923
0.379067,0.268041,0.642102,0.415236,0.726453,0.398874,0,0,0,0,0.572568,0.437011,0.443561,0.595062,0.349331,0.420679,0.910063,0.785778,0.99443,0.747638,0.468387,0.788508,0,0,0.830656,0.799408,0.448556,0.810338,0,0,0.413696,0.235363,0.473395,0.243522,0,0,0.701651,0.308954
0.379112,0.268051,0.642093,0.415227,0.726459,0.398867,0,0,0,0,0.567674,0.437015,0.443579,0.595065,0.349332,0.420646,0.910045,0.785789,0.994428,0.74764,0.463454,0.79124,0,0,0.825699,0.796691,0.448518,0.813,0,0,0.413722,0.235421,0.478278,0.24085,0,0,0.701658,0.311632
0.379113,0.268055,0.642098,0.415227,0.72647,0.398868,0,0,0,0,0.567653,0.437007,0.443577,0.595072,0.349319,0.420652,0.910055,0.788504,0.989481,0.747635,0.463461,0.791237,0,0,0.830652,0.799408,0.448522,0.810337,0,0,0.413736,0.235421,0.478279,0.240848,0,0,0.701688,0.308962
0.379126,0.268099,0.642108,0.417936,0.731388,0.401589,0,0,0,0,0.567621,0.439704,0.443582,0.597761,0.3542,0.420691,0.910085,0.791243,0.99443,0.755817,0.468386,0.793964,0,0,0.835623,0.815759,0.443611,0.813014,0,0,0.413675,0.240811,0.478348,0.246258,0,0,0.70167,0.311679
0.379103,0.268095,0.642059,0.417941,0.726444,0.401599,0,0,0,0,0.562706,0.43971,0.443522,0.597752,0.349318,0.420659,0.915021,0.802137,0.989472,0.758537,0.478307,0.783056,0,0,0.850512,0.837558,0.4485,0.812995,0,0,0.408892,0.238106,0.478356,0.243571,0,0,0.701657,0.311665
0.379066,0.268067,0.63715,0.417939,0.726433,0.401602,0,0,0,0,0.55276,0.439699,0.438575,0.597741,0.344364,0.420629,0.915021,0.802127,0.984499,0.761261,0.483273,0.777606,0,0,0.840579,0.826658,0.443547,0.812994,0,0,0.408744,0.238102,0.478324,0.24355,0,0,0.701653,0.308967
0.379043,0.268081,0.637135,0.417947,0.726409,0.401603,0,0,0,0,0.552735,0.439717,0.433663,0.597756,0.344319,0.417918,0.919982,0.799404,0.979564,0.761262,0.478317,0.783051,0,0,0.845562,0.821203,0.438646,0.813018,0,0,0.403893,0.24081,0.478284,0.246249,0,0,0.701617,0.311633
0.379019,0.268047,0.637073,0.415238,0.721487,0.40158,0,0,0,0,0.542882,0.436992,0.428718,0.59507,0.344282,0.420675,0.895192,0.785781,0.974559,0.747636,0.458476,0.791242,0,0,0.815789,0.796692,0.433636,0.810305,0,0,0.403819,0.238096,0.473399,0.243549,0,0,0.696735,0.311624
0.379011,0.268069,0.632197,0.41524,0.721482,0.401576,0,0,0,0,0.542869,0.436995,0.428735,0.595048,0.344322,0.420664,0.890223,0.785785,0.97458,0.747637,0.448521,0.796686,0,0,0.81081,0.804855,0.428713,0.810293,0,0,0.398929,0.238117,0.473393,0.24356,0,0,0.696735,0.308956
0.378987,0.26808,0.63214,0.415236,0.716549,0.401581,0,0,0,0,0.542829,0.434295,0.428667,0.595026,0.339381,0.420634,0.895187,0.791241,0.974581,0.753081,0.443565,0.796676,0,0,0.815783,0.807589,0.428691,0.810306,0,0,0.398891,0.238108,0.473381,0.243555,0,0,0.696714,0.308942
0.374184,0.268099,0.632121,0.415235,0.716527,0.401585,0,0,0,0,0.542818,0.434284,0.423805,0.595037,0.339369,0.420649,0.900135,0.788507,0.979526,0.750354,0.453494,0.788502,0,0,0.820736,0.804854,0.428689,0.810278,0,0,0.393984,0.240795,0.473354,0.246241,0,0,0.6967,0.308945
0.374176,0.268091,0.627243,0.415202,0.716526,0.39888,0,0,0,0,0.542787,0.431566,0.428647,0.592318,0.339343,0.417969,0.895184,0.780325,0.974566,0.742189,0.483294,0.769441,0,0,0.810812,0.791239,0.423775,0.810282,0,0,0.393984,0.238114,0.473338,0.243558,0,0,0.696688,0.308928
0.374181,0.268079,0.627207,0.4152,0.71652,0.401564,0,0,0,0,0.537931,0.431563,0.423809,0.592329,0.33937,0.420682,0.895158,0.783056,0.974574,0.744907,0.453494,0.788503,0,0,0.810819,0.791237,0.423744,0.807606,0.786,0.962897,0.39392,0.240794,0.473343,0.243547,0,0,0.696674,0.306231
0.374173,0.26805,0.62721,0.415192,0.71652,0.401564,0,0,0,0,0.537932,0.431543,0.423759,0.592317,0.339359,0.420624,0.890227,0.780337,0.969609,0.747632,0.443587,0.788501,0,0,0.810838,0.791227,0.423716,0.810271,0.781037,0.960172,0.393963,0.235392,0.473377,0.240846,0,0,0.696687,0.306238
0.374178,0.268082,0.627198,0.412487,0.716493,0.398857,0,0,0,0,0.542795,0.428853,0.423793,0.589619,0.339356,0.420627,0.890207,0.777605,0.959696,0.739464,0.443588,0.788516,0,0,0.81082,0.785785,0.423737,0.807592,0.781044,0.954729,0.393946,0.23808,0.473372,0.243547,0,0,0.696684,0.308919
0.379005,0.2681,0.627209,0.412468,0.716509,0.398852,0,0,0,0,0.542786,0.42882,0.428664,0.589598,0.339377,0.417947,0.880271,0.758541,0.934899,0.720385,0.438637,0.796678,0,0,0.805844,0.774888,0.423738,0.80756,0.776079,0.943829,0.393988,0.238101,0.478268,0.246237,0,0,0.696728,0.308925
0.379061,0.270759,0.627218,0.412477,0.716533,0.398859,0,0,0,0,0.542782,0.428827,0.42869,0.592289,0.339356,0.41793,0.880292,0.758532,0.949781,0.723109,0.448538,0.793957,0,0,0.805842,0.772161,0.423726,0.807572,0.786009,0.954726,0.398864,0.238121,0.478312,0.246283,0,0,0.696764,0.308946
0.37911,0.273488,0.637099,0.412514,0.726426,0.401565,0,0,0,0,0.547759,0.431539,0.433684,0.589605,0.349241,0.417916,0.88028,0.763994,0.969616,0.731284,0.463429,0.791229,0,0,0.805839,0.78306,0.42871,0.807592,0.766152,0.932929,0.398963,0.243569,0.483217,0.249005,0,0,0.701646,0.311689
0.379147,0.27354,0.642028,0.412503,0.731378,0.401567,0,0,0,0,0.547822,0.428868,0.438615,0.589599,0.344325,0.412521,0.890236,0.772161,0.974574,0.734009,0.458444,0.788508,0,0,0.810834,0.788505,0.428726,0.80758,0,0,0.403838,0.246277,0.483271,0.251681,0,0,0.706589,0.314352
0.389005,0.278952,0.642121,0.415224,0.731428,0.401578,0.47832,0.562356,0,0,0.55774,0.434286,0.4485,0.589615,0.349281,0.412511,0.900159,0.777611,0.984521,0.734017,0.468393,0.78579,0,0,0.825711,0.791234,0.448548,0.807602,0,0,0.413707,0.248997,0.488236,0.251748,0,0,0.706667,0.314422
0.389039,0.278975,0.647002,0.415224,0.736397,0.401588,0.478309,0.55963,0,0,0.562649,0.434269,0.44856,0.58962,0.34934,0.41792,0.900133,0.785786,0.984521,0.739464,0.46343,0.796688,0,0,0.840596,0.799407,0.453486,0.810286,0,0,0.41373,0.248999,0.493122,0.251767,0,0,0.711568,0.317073
0.398906,0.278979,0.651983,0.417939,0.746317,0.404312,0.488229,0.567793,0,0,0.572592,0.434305,0.45353,0.592293,0.359241,0.423369,0.895178,0.761262,0.994426,0.709495,0,0,0,0,0.815792,0.780336,0.458421,0.810325,0,0,0.413871,0.248996,0.493275,0.251785,0,0,0.726407,0.314429
0.40387,0.281678,0.652032,0.417923,0.756209,0.404306,0,0,0,0,0.572636,0.434289,0.458428,0.592297,0.359231,0.412497,0.900122,0.755815,0.979556,0.709486,0.845556,0.878429,0,0,0.835608,0.772161,0.805843,0.87025,0.825706,0.973795,0.418714,0.248998,0.498152,0.254416,0,0,0.731324,0.314419
0.408854,0.278954,0.656983,0.415237,0.761185,0.404311,0.513064,0.570523,0,0,0.577597,0.431587,0.458528,0.589614,0.364118,0.409788,0.895194,0.75854,0.989468,0.712214,0.855474,0.87843,0,0,0.815798,0.780339,0.463379,0.81033,0,0,0.418762,0.248955,0.503143,0.254413,0,0,0.736346,0.317081
0.413747,0.278982,0.661934,0.415223,0.771082,0.404295,0,0,0,0,0.577617,0.434266,0.458537,0.595004,0.364219,0.41246,0.895167,0.758535,0.989469,0.706764,0.468404,0.804859,0,0,0.815796,0.777606,0.463394,0.813034,0,0,0.418798,0.248999,0.50807,0.251783,0,0,0.741319,0.317079
0.418673,0.278969,0.666907,0.41524,0.771134,0.401609,0,0,0,0,0.582493,0.431581,0.463496,0.592329,0.369139,0.415203,0.890226,0.763989,0.979544,0.701316,0.85052,0.870252,0,0,0,0,0,0,0,0,0.423667,0.248997,0.513077,0.251784,0,0,0.741401,0.314432
0.418689,0.278974,0.666932,0.415205,0.771106,0.401588,0,0,0,0,0.582538,0.431571,0.46833,0.592327,0.369162,0.415204,0.895169,0.758544,0.979555,0.709497,0.473347,0.802124,0,0,0.820723,0.785789,0.468339,0.813055,0,0,0.423703,0.248983,0.518014,0.251771,0,0,0.74628,0.314418
0.418711,0.281688,0.676828,0.417912,0.776105,0.404296,0,0,0,0,0.582559,0.434277,0.46834,0.595008,0.369203,0.417942,0.900149,0.758538,0.984525,0.701322,0.468421,0.810292,0,0,0.820757,0.785782,0.468342,0.815749,0.820742,0.954728,0.423741,0.249005,0.518052,0.254439,0,0,0.746334,0.317072
0.418688,0.284403,0.671886,0.415221,0.776065,0.401592,0,0,0,0,0.582551,0.434268,0.468367,0.592346,0.374018,0.415242,0.86539,0.706769,0.984499,0.693147,0.468404,0.807585,0,0,0.805842,0.761265,0.468378,0.81847,0.815783,0.951993,0.423711,0.249014,0.522913,0.254445,0,0,0.74629,0.317113
0.418715,0.287164,0.671838,0.417913,0.771131,0.404296,0,0,0,0,0.582568,0.434304,0.468376,0.595069,0.374025,0.417939,0.855481,0.693148,0.969609,0.693143,0.473349,0.810316,0.721489,0.994234,0.810791,0.76399,0.825707,0.862082,0.845553,0.981971,0.423712,0.25173,0.522994,0.257145,0,0,0.746259,0.319808
0.418722,0.289847,0.671845,0.417955,0.771133,0.407017,0.547765,0.570533,0,0,0.582557,0.437006,0.468362,0.597739,0.374009,0.417959,0.865386,0.704044,0.974574,0.69042,0.473364,0.813036,0.771112,0.99287,0.80587,0.753086,0.810809,0.862076,0.840584,0.981972,0.423746,0.254417,0.522963,0.257202,0,0,0.746282,0.31983
0.418757,0.289876,0.671881,0.42068,0.776046,0.407057,0,0,0,0,0.582532,0.439725,0.468431,0.597753,0.374022,0.423371,0.885241,0.758535,0.974588,0.714935,0.473358,0.813042,0.790958,0.98197,0.810817,0.777608,0.473325,0.818485,0,0,0.423723,0.254421,0.527846,0.259902,0,0,0.746261,0.319885
0.418743,0.289892,0.676802,0.423367,0.776073,0.409761,0,0,0,0,0.58255,0.439734,0.468401,0.597775,0.374019,0.42341,0.905091,0.777612,0.984524,0.723116,0.473377,0.815754,0,0,0.820738,0.793962,0.473332,0.818488,0,0,0.423756,0.25444,0.523011,0.2599,0,0,0.746334,0.319877
0.418744,0.289898,0.676792,0.42339,0.771133,0.409778,0,0,0,0,0.58259,0.439749,0.468403,0.597768,0.369205,0.423393,0.910061,0.780336,0.984527,0.725842,0.473376,0.815761,0,0,0.830662,0.796681,0.473344,0.81848,0,0,0.423745,0.254456,0.523005,0.259915,0,0,0.746322,0.319885
0.418717,0.289871,0.671888,0.420672,0.776079,0.407056,0.547791,0.57325,0,0,0.582547,0.439719,0.46838,0.597737,0.369171,0.420668,0.890198,0.761262,0.9845,0.714944,0.473367,0.815769,0,0,0.810797,0.78033,0.468434,0.818501,0,0,0.423668,0.254421,0.522954,0.257217,0,0,0.746275,0.319843
0.418673,0.28986,0.671876,0.420651,0.776085,0.407042,0.542835,0.573246,0,0,0.582496,0.437025,0.463508,0.597721,0.369122,0.41794,0.880284,0.750364,0.979555,0.70405,0.825698,0.897503,0,0,0.805859,0.769434,0.810821,0.872982,0,0,0.418833,0.254423,0.51802,0.257209,0,0,0.741366,0.319832
0.413844,0.289829,0.666922,0.420635,0.776069,0.407027,0.537862,0.573233,0,0,0.577604,0.437019,0.463424,0.59505,0.369093,0.417953,0.885249,0.753082,0.984521,0.709492,0.468388,0.813042,0,0,0.810834,0.76671,0.815778,0.878427,0,0,0.41877,0.251774,0.51307,0.257175,0,0,0.741328,0.319817
0.413735,0.287158,0.661965,0.417941,0.771076,0.404318,0.527944,0.570534,0,0,0.577597,0.436991,0.463382,0.595043,0.364203,0.41795,0.885256,0.744914,0.984501,0.701318,0.468383,0.810325,0,0,0.815776,0.763986,0.81082,0.883875,0,0,0.418724,0.251735,0.508139,0.257174,0,0,0.736454,0.319818
0.408869,0.287164,0.661949,0.417932,0.771084,0.4043,0.532902,0.570522,0,0,0.577544,0.436986,0.458548,0.595003,0.36415,0.415206,0.865429,0.714939,0.974586,0.695864,0.468399,0.813024,0,0,0.810799,0.755812,0.825701,0.878419,0.840592,0.98197,0.41869,0.251737,0.508103,0.257164,0,0,0.7364,0.317172
0.408836,0.28712,0.661942,0.415196,0.771115,0.401572,0,0,0,0,0.577511,0.43158,0.458538,0.592289,0.359257,0.412481,0.865369,0.693152,0.974585,0.682237,0.468403,0.81303,0.805848,0.98742,0.795936,0.71494,0.825691,0.870253,0.840594,0.976523,0.413881,0.251685,0.508069,0.254505,0,0,0.736388,0.317122
0.408811,0.284439,0.657016,0.415188,0.766165,0.398881,0,0,0,0,0.572641,0.431581,0.458508,0.58959,0.359216,0.412464,0.865399,0.709486,0.979549,0.690422,0.463412,0.810317,0.771114,0.984698,0.800891,0.747637,0.825696,0.872976,0.840585,0.979247,0.413872,0.251674,0.503147,0.254478,0,0,0.736395,0.317107
0.403884,0.284408,0.657002,0.41251,0.766141,0.401579,0,0,0,0,0.572641,0.431546,0.458481,0.589583,0.359165,0.412505,0.865396,0.714942,0.979561,0.693153,0.463422,0.807584,0,0,0.805847,0.76126,0.820741,0.870257,0.840586,0.976524,0.413866,0.248998,0.503091,0.254447,0,0,0.736338,0.317086
0.403848,0.281704,0.657007,0.412492,0.766158,0.398881,0,0,0,0,0.572584,0.428852,0.458443,0.586881,0.354254,0.412489,0.910069,0.788509,0.984509,0.695871,0,0,0,0,0.815765,0.78851,0.448513,0.813028,0,0,0.41382,0.248982,0.498188,0.254412,0,0,0.73632,0.3144
0.398895,0.287112,0.652064,0.41519,0.76116,0.401573,0,0,0,0,0.57257,0.431572,0.458411,0.589598,0.349333,0.412481,0.905092,0.785782,0.984514,0.728563,0.453479,0.810316,0,0,0.815788,0.791237,0.443586,0.815753,0.805846,0.962895,0.413797,0.249031,0.498145,0.254461,0,0,0.731452,0.314429
0.398883,0.28713,0.652061,0.415203,0.761165,0.40157,0,0,0,0,0.567661,0.431582,0.458416,0.589612,0.349335,0.41247,0.9051,0.783056,0.984502,0.701322,0.448552,0.810305,0,0,0.815756,0.785788,0.443579,0.815743,0,0,0.413801,0.251671,0.498144,0.254476,0,0,0.731454,0.314426
0.398876,0.287152,0.652074,0.415201,0.761196,0.401569,0,0,0,0,0.567647,0.434272,0.4584,0.589615,0.34935,0.415198,0.910055,0.788505,0.979543,0.70404,0.453483,0.81031,0,0,0.815771,0.788506,0.443595,0.813055,0.810807,0.962896,0.413774,0.251674,0.498145,0.254476,0,0,0.731426,0.31707
0.398883,0.287155,0.65693,0.415224,0.761204,0.401592,0,0,0,0,0.567661,0.434287,0.4584,0.592294,0.349348,0.415205,0.900133,0.78033,0.984506,0.728566,0.453487,0.810314,0,0,0.815781,0.791236,0.443592,0.815759,0.815765,0.97107,0.413783,0.251682,0.498153,0.254487,0,0,0.731449,0.317071
0.398938,0.287156,0.656944,0.415218,0.761203,0.401587,0,0,0,0,0.567672,0.434271,0.458408,0.589615,0.354282,0.417926,0.910067,0.785789,0.989462,0.698591,0,0,0,0,0.81083,0.788508,0.448532,0.813037,0,0,0.413797,0.251701,0.498175,0.254494,0,0,0.731445,0.317087
0.398952,0.287145,0.652051,0.415193,0.761164,0.401566,0,0,0,0,0.567673,0.434283,0.458399,0.589584,0.354257,0.417951,0.915034,0.785786,0.984515,0.698596,0,0,0,0,0.82075,0.785788,0.448515,0.810331,0,0,0.413809,0.251686,0.498198,0.254496,0,0,0.731437,0.31709
0.398959,0.284431,0.652021,0.412486,0.756192,0.398849,0.503124,0.570532,0,0,0.572569,0.431568,0.458422,0.586868,0.354267,0.417916,0.900148,0.769435,0.984512,0.695868,0,0,0,0,0.820738,0.766711,0.443599,0.810312,0,0,0.413819,0.249024,0.498195,0.254459,0,0,0.731473,0.314428
0.398958,0.284431,0.651991,0.412486,0.751247,0.39885,0.498176,0.570518,0,0,0.572573,0.431564,0.458407,0.586871,0.354251,0.415238,0.895191,0.76126,0.984498,0.695865,0.458466,0.802137,0,0,0.820757,0.761269,0.448514,0.810305,0,0,0.413813,0.249031,0.498198,0.254444,0,0,0.731465,0.314428
0.398934,0.284401,0.647099,0.412479,0.746276,0.396149,0.488245,0.56508,0.374088,0.409757,0.567663,0.431544,0.453542,0.584147,0.349324,0.41249,0.905095,0.780334,0.979538,0.744914,0.458444,0.799409,0.676824,0.98197,0,0,0,0,0,0,0.413798,0.249022,0.49812,0.254415,0,0,0.731419,0.314394
0.398916,0.281706,0.647107,0.412476,0.751269,0.396138,0,0,0,0,0.562714,0.431548,0.453446,0.584173,0.349306,0.412495,0.900157,0.799405,0.984504,0.76671,0,0,0,0,0.830676,0.804858,0.438638,0.810286,0,0,0.413761,0.248994,0.493283,0.25176,0,0,0.731342,0.314363
0.398901,0.281677,0.647059,0.412474,0.751242,0.39615,0,0,0,0,0.557751,0.428855,0.453418,0.584165,0.349284,0.412465,0.900129,0.810309,0.974596,0.791235,0.448546,0.799404,0,0,0.835629,0.845732,0.438589,0.807594,0,0,0.413736,0.248978,0.493265,0.251741,0,0,0.726456,0.311693
0.398912,0.27899,0.647042,0.412468,0.751233,0.396142,0,0,0,0,0.557738,0.428852,0.448583,0.584142,0.349258,0.409786,0.900126,0.807584,0.974593,0.785789,0.438606,0.80486,0,0,0.835614,0.848455,0.433654,0.807589,0,0,0.413728,0.248967,0.493278,0.251735,0,0,0.726474,0.311687
0.398921,0.278954,0.647029,0.412472,0.746309,0.396159,0,0,0,0,0.557726,0.428828,0.448578,0.584126,0.349255,0.409768,0.895175,0.796688,0.974567,0.761268,0,0,0,0,0.830668,0.843002,0.428679,0.80759,0,0,0.413725,0.248947,0.493268,0.251723,0,0,0.726487,0.311655
0.398897,0.278984,0.647026,0.412482,0.746302,0.398848,0,0,0,0,0.557742,0.428824,0.448561,0.581453,0.344403,0.409739,0.900124,0.793957,0.974571,0.753086,0,0,0,0,0.815768,0.796688,0.428684,0.810274,0,0,0.413721,0.248961,0.493265,0.251741,0,0,0.726427,0.311658
0.398937,0.276243,0.646995,0.409774,0.736376,0.396134,0,0,0,0,0.562656,0.426111,0.453422,0.578709,0.344364,0.409739,0.89021,0.785785,0.974598,0.747639,0,0,0,0,0.815789,0.793963,0.428702,0.807575,0,0,0.413701,0.246273,0.493274,0.251693,0,0,0.726432,0.311625
0.403892,0.276262,0.647059,0.409767,0.746295,0.396132,0,0,0,0,0.562706,0.426126,0.453444,0.578736,0.349241,0.407062,0.900124,0.785787,0.984526,0.736738,0,0,0,0,0.815785,0.791236,0.433688,0.807573,0,0,0.413772,0.248959,0.498155,0.251711,0,0,0.73139,0.311641
0.408822,0.276265,0.647089,0.409785,0.746274,0.396147,0,0,0,0,0.567624,0.426106,0.453475,0.578737,0.349266,0.407039,0.895202,0.802129,0.979568,0.758542,0,0,0,0,0.825712,0.815759,0.438609,0.807597,0,0,0.413817,0.248975,0.498218,0.251723,0,0,0.73147,0.31167
0.413724,0.276278,0.651963,0.412465,0.746261,0.396143,0.473357,0.559626,0.374084,0.412493,0.567627,0.426097,0.453552,0.581411,0.349287,0.409793,0.900158,0.791239,0.984534,0.742186,0,0,0,0,0.830678,0.815752,0.438634,0.807586,0,0,0.413852,0.248992,0.503128,0.251717,0,0,0.731466,0.311682
0.408867,0.278977,0.651963,0.41246,0.746319,0.396152,0,0,0,0,0.562714,0.426114,0.453471,0.581421,0.34928,0.412473,0.905119,0.783057,0.984502,0.72857,0,0,0,0,0.83561,0.79124,0.438598,0.810279,0,0,0.413849,0.248991,0.503111,0.251746,0,0,0.731473,0.311696
0.40887,0.284436,0.651964,0.412501,0.751244,0.398859,0,0,0,0,0.567621,0.428845,0.453505,0.581426,0.349301,0.412512,0.900122,0.76127,0.989467,0.714942,0,0,0,0,0.820739,0.783061,0.433677,0.807594,0,0,0.413849,0.251696,0.50312,0.25444,0,0,0.731478,0.314367
0.408863,0.287141,0.65201,0.4152,0.751235,0.401585,0.483291,0.567799,0.369129,0.415208,0.567632,0.428863,0.453487,0.584144,0.349287,0.412483,0.900149,0.796681,0.979544,0.761266,0,0,0,0,0.83563,0.807588,0.438602,0.807592,0,0,0.413833,0.251732,0.503131,0.25447,0,0,0.731462,0.314391
0.413765,0.287168,0.652026,0.415209,0.751225,0.40158,0.493205,0.567795,0,0,0.57258,0.431551,0.453541,0.584162,0.349341,0.415194,0.900128,0.774887,0.984514,0.731289,0.448553,0.799411,0,0,0.835629,0.796679,0.44356,0.807601,0,0,0.418658,0.251755,0.508059,0.254505,0,0,0.736307,0.317096
0.413785,0.289833,0.652049,0.41795,0.751277,0.407026,0,0,0,0,0.572581,0.43158,0.458411,0.586857,0.354271,0.417916,0.900153,0.77216,0.989466,0.723109,0.45351,0.79941,0,0,0.825715,0.785785,0.448531,0.810291,0,0,0.418683,0.254421,0.508104,0.257153,0,0,0.736373,0.317113
0.413824,0.289845,0.656951,0.417952,0.756197,0.407033,0,0,0,0,0.572635,0.434275,0.458435,0.586866,0.354272,0.417916,0.890238,0.761255,0.98451,0.712213,0.453501,0.796686,0.676819,0.979245,0.820738,0.772165,0.448564,0.810293,0,0,0.418718,0.254449,0.508104,0.257168,0,0,0.736381,0.317139
0.41377,0.289862,0.652048,0.417963,0.751254,0.407032,0,0,0,0,0.572613,0.434275,0.458416,0.58687,0.354255,0.415212,0.900139,0.772162,0.984506,0.717668,0.45844,0.799402,0,0,0.830652,0.785786,0.448539,0.810288,0,0,0.418695,0.254439,0.508068,0.257198,0,0,0.736349,0.317121
0.413738,0.289849,0.652007,0.417948,0.746284,0.404331,0,0,0,0,0.572593,0.434281,0.458379,0.586882,0.349326,0.412488,0.900141,0.769439,0.984497,0.714946,0.448541,0.802134,0,0,0.830663,0.783057,0.448527,0.810295,0,0,0.418672,0.25178,0.503139,0.257204,0,0,0.736309,0.317121
0.413727,0.28986,0.652036,0.417939,0.746319,0.40431,0,0,0,0,0.572602,0.434299,0.458396,0.586871,0.354223,0.415201,0.900147,0.791237,0.974579,0.753087,0.458455,0.802135,0.661937,0.990146,0,0,0,0,0,0,0.418675,0.254428,0.503153,0.257217,0,0,0.736338,0.317112
0.413769,0.289872,0.656976,0.417948,0.761157,0.404332,0,0,0,0,0.572597,0.434281,0.458441,0.586876,0.35428,0.415194,0.89519,0.769436,0.979543,0.698596,0,0,0,0,0.820741,0.774882,0.810814,0.886601,0,0,0.41871,0.254476,0.508068,0.259884,0,0,0.73636,0.317141
0.418675,0.289885,0.661951,0.42066,0.766134,0.407058,0,0,0,0,0.577582,0.437008,0.458533,0.592305,0.359216,0.41251,0.89518,0.772157,0.979559,0.723111,0.815776,0.883878,0,0,0.815798,0.78578,0.453523,0.813051,0,0,0.418797,0.254473,0.517977,0.259881,0,0,0.741319,0.317152
0.418716,0.289899,0.666883,0.420654,0.771084,0.407023,0,0,0,0,0.577616,0.439711,0.463365,0.595008,0.364237,0.415205,0.880282,0.742187,0.97954,0.701322,0.825701,0.867534,0.830665,0.979246,0.815768,0.763985,0.815781,0.864801,0.845557,0.981972,0.418865,0.254485,0.522922,0.259911,0,0,0.741372,0.319833
0.418711,0.29254,0.666905,0.420676,0.771082,0.40705,0,0,0,0,0.582507,0.439722,0.463378,0.595037,0.369071,0.417947,0.885236,0.755809,0.974589,0.714934,0.805854,0.87298,0,0,0.815779,0.772161,0.820738,0.864805,0.840591,0.981969,0.418825,0.25714,0.522917,0.259932,0,0,0.746249,0.319839
0.418705,0.292563,0.666905,0.420686,0.7711,0.407051,0,0,0,0,0.582507,0.439751,0.463417,0.595058,0.364229,0.420644,0.88525,0.761253,0.979542,0.720391,0.810816,0.870258,0,0,0.81578,0.777609,0.815774,0.862079,0.835634,0.979247,0.418838,0.257147,0.518055,0.262643,0,0,0.74627,0.319854
0.418707,0.292569,0.666924,0.423361,0.771133,0.409744,0,0,0,0,0.577625,0.439757,0.463383,0.597723,0.364203,0.420678,0.875347,0.750358,0.974587,0.714932,0.820746,0.864807,0.815781,0.971069,0.810798,0.769432,0.815784,0.859355,0.840587,0.98197,0.418837,0.257149,0.522911,0.262641,0,0,0.746257,0.319861
0.4187,0.292585,0.666901,0.423368,0.771097,0.409752,0,0,0,0,0.582507,0.442417,0.463405,0.597746,0.364236,0.420688,0.870385,0.742186,0.959696,0.706769,0.825698,0.864805,0.825694,0.979245,0.810816,0.763985,0.820738,0.862076,0.840599,0.984695,0.418843,0.257165,0.522914,0.26265,0,0,0.746257,0.319881
0.4187,0.292582,0.666923,0.423389,0.771087,0.409777,0,0,0,0,0.582535,0.44243,0.463417,0.597749,0.369064,0.42068,0.870377,0.736739,0.969619,0.706765,0.835617,0.86481,0,0,0.815761,0.761265,0.815783,0.862077,0.840598,0.981972,0.418836,0.257156,0.52292,0.262642,0,0,0.746256,0.322539
0.418698,0.29257,0.671828,0.423366,0.771094,0.407058,0,0,0,0,0.582529,0.439759,0.463422,0.597763,0.369081,0.42065,0.870352,0.725842,0.969624,0.704033,0.830667,0.867528,0,0,0.815774,0.75853,0.820728,0.862084,0.845545,0.984694,0.418849,0.257146,0.522918,0.262611,0,0,0.746256,0.319867
0.418697,0.292607,0.671861,0.426125,0.771099,0.415213,0,0,0,0,0.587489,0.442434,0.463469,0.597798,0.364239,0.420679,0.885239,0.763987,0.969612,0.717666,0.805851,0.870251,0.805851,0.979248,0.825696,0.780331,0.805856,0.859355,0.835617,0.979249,0.418848,0.259865,0.518016,0.265343,0,0,0.746292,0.322593
0.418696,0.2926,0.671838,0.426103,0.766179,0.415201,0,0,0,0,0.587479,0.439751,0.463422,0.597773,0.364234,0.423368,0.880284,0.750357,0.969618,0.706769,0.835624,0.867532,0,0,0.825693,0.766713,0.820734,0.862081,0.840586,0.979245,0.41884,0.25721,0.517999,0.265326,0,0,0.741381,0.322604
0.418702,0.292608,0.6768,0.426122,0.776069,0.415213,0,0,0,0,0.587479,0.442435,0.463464,0.59781,0.364227,0.423409,0.880271,0.755813,0.974575,0.717665,0.820733,0.87843,0,0,0.81577,0.772164,0.825691,0.864808,0.835629,0.973799,0.418859,0.259883,0.517986,0.265359,0,0,0.746244,0.325269
0.418688,0.292614,0.676817,0.426119,0.776085,0.415202,0,0,0,0,0.587471,0.442435,0.463474,0.597806,0.369083,0.42614,0.875352,0.761265,0.97458,0.723112,0.820738,0.875702,0,0,0.810816,0.780339,0.825692,0.864806,0.835632,0.976524,0.418851,0.259908,0.517969,0.265373,0,0,0.741363,0.325291
0.418754,0.292605,0.681815,0.426123,0.781058,0.417927,0.552743,0.575961,0,0,0.587532,0.439727,0.468364,0.597805,0.369072,0.423387,0.88028,0.750364,0.979533,0.706767,0.468411,0.823933,0,0,0.81579,0.769439,0.820731,0.870256,0.830655,0.976525,0.41888,0.259913,0.518022,0.265325,0,0,0.741394,0.322587
0.418726,0.292622,0.686761,0.428818,0.790951,0.417953,0,0,0,0,0.58752,0.439758,0.468412,0.600481,0.369119,0.428823,0.90014,0.783052,0.984497,0.736737,0.463416,0.823931,0.691704,0.994234,0.820733,0.785788,0.820738,0.892052,0.8257,0.981972,0.418882,0.259914,0.517988,0.265346,0,0,0.74141,0.32261
0.418754,0.292597,0.68674,0.426138,0.790942,0.417941,0,0,0,0,0.587507,0.439753,0.468438,0.600476,0.369142,0.42882,0.885262,0.766711,0.979548,0.723112,0.463419,0.821213,0.686745,0.994233,0.815775,0.780339,0.820737,0.883879,0.830672,0.984694,0.423691,0.259893,0.51803,0.262655,0,0,0.7414,0.322587
0.418755,0.292586,0.686713,0.426135,0.786016,0.417934,0,0,0,0,0.587512,0.439745,0.468434,0.600471,0.369138,0.426133,0.880296,0.758534,0.979534,0.712213,0.463424,0.821211,0.686745,0.994234,0.815776,0.777611,0.825694,0.88388,0.830674,0.981971,0.423661,0.259902,0.518023,0.262625,0,0,0.741366,0.322568
0.418695,0.292574,0.681807,0.426139,0.785985,0.417931,0,0,0,0,0.587512,0.442428,0.468404,0.6005,0.369122,0.431573,0.895167,0.78578,0.984497,0.750358,0.463413,0.823929,0.696669,0.995596,0.81083,0.791233,0.458448,0.832104,0,0,0.418881,0.259908,0.513085,0.262646,0,0,0.741295,0.322573
0.418698,0.292569,0.681782,0.426129,0.781049,0.415232,0,0,0,0,0.587499,0.442429,0.468415,0.6005,0.369097,0.434297,0.88525,0.772163,0.979539,0.731289,0.463426,0.823939,0.69667,0.994233,0.815761,0.783057,0.865398,0.994235,0,0,0.418872,0.259918,0.513038,0.262632,0,0,0.736439,0.32258
0.41867,0.292607,0.676814,0.428831,0.776088,0.417947,0,0,0,0,0.587506,0.442459,0.468358,0.600538,0.369086,0.431557,0.890202,0.783058,0.979546,0.739461,0.468403,0.823938,0,0,0.815779,0.791238,0.46339,0.834816,0,0,0.423689,0.262626,0.508087,0.265346,0,0,0.736422,0.325283
0.418671,0.292607,0.676824,0.428847,0.7761,0.420649,0,0,0,0,0.587493,0.442462,0.468358,0.600548,0.369146,0.428864,0.875348,0.761267,0.979544,0.728563,0.473323,0.826659,0,0,0.810827,0.783065,0.820733,0.889329,0,0,0.423696,0.262631,0.508082,0.265353,0,0,0.736387,0.325293
0.418679,0.292605,0.676826,0.428839,0.776082,0.420645,0,0,0,0,0.587514,0.442483,0.468358,0.603206,0.369096,0.428835,0.895188,0.79124,0.98947,0.75036,0.468408,0.823938,0,0,0.820744,0.804862,0.463432,0.837543,0,0,0.418865,0.265319,0.50318,0.265354,0,0,0.736348,0.325307
0.41382,0.292602,0.676841,0.42885,0.78101,0.420664,0,0,0,0,0.587501,0.442488,0.468355,0.603212,0.36912,0.43429,0.900139,0.821208,0.984504,0.788507,0.468421,0.82122,0,0,0.830665,0.851185,0.463397,0.834824,0,0,0.418879,0.262643,0.503121,0.265345,0,0,0.736331,0.325278
0.413762,0.289905,0.671839,0.428818,0.771104,0.415223,0,0,0,0,0.587477,0.44248,0.463495,0.603202,0.36915,0.431542,0.890211,0.785783,0.979544,0.747634,0.468401,0.826658,0,0,0.815782,0.799407,0.463416,0.832094,0,0,0.418801,0.259922,0.498199,0.262597,0,0,0.731404,0.322557
0.408806,0.28988,0.666921,0.428821,0.771106,0.41792,0,0,0,0,0.587449,0.442476,0.463444,0.600529,0.369112,0.426143,0.89022,0.785781,0.984511,0.73129,0.468402,0.823937,0,0,0.815778,0.791237,0.46341,0.832106,0,0,0.418746,0.257203,0.498102,0.2599,0,0,0.72649,0.319865
0.398954,0.289842,0.666894,0.42882,0.766166,0.417925,0,0,0,0,0.58255,0.442476,0.463386,0.600529,0.364171,0.42613,0.890232,0.788501,0.979533,0.750358,0.468387,0.821205,0,0,0.815768,0.799403,0.458456,0.837536,0,0,0.413908,0.25715,0.488253,0.257177,0,0,0.721446,0.319811
0.389056,0.289832,0.661935,0.426124,0.761186,0.415212,0,0,0,0,0.582567,0.442465,0.45851,0.60054,0.364152,0.428833,0.870376,0.758533,0.96961,0.72584,0.46341,0.826657,0.681787,0.994234,0.805847,0.777608,0.463402,0.837534,0,0,0.413851,0.254476,0.483323,0.25714,0,0,0.711615,0.317091
0.384089,0.287122,0.656957,0.42614,0.756215,0.415212,0,0,0,0,0.577561,0.442451,0.453548,0.603205,0.35925,0.428848,0.880302,0.761261,0.984508,0.72857,0.463426,0.823937,0.701638,0.994234,0.810799,0.780324,0.458423,0.832106,0,0,0.413788,0.25448,0.473388,0.254477,0,0,0.701717,0.314377
0.384018,0.287147,0.652042,0.426129,0.751244,0.412489,0.518022,0.573241,0,0,0.57263,0.442471,0.453491,0.600527,0.354281,0.426146,0.885247,0.774884,0.979535,0.731292,0.458467,0.826653,0.741336,0.99287,0.810815,0.788503,0.453495,0.834816,0,0,0.413762,0.257188,0.468419,0.2545,0,0,0.696774,0.314383
0.379097,0.289825,0.652002,0.42615,0.75123,0.412503,0,0,0,0,0.572566,0.442486,0.448563,0.603204,0.354202,0.434278,0.895176,0.777613,0.979554,0.73401,0.463441,0.818481,0.781036,0.987419,0.815784,0.791233,0.448549,0.829381,0,0,0.413732,0.259853,0.463502,0.257147,0,0,0.696659,0.314408
0.379069,0.289863,0.651977,0.428849,0.746272,0.415216,0,0,0,0,0.567679,0.445148,0.448515,0.603231,0.34928,0.434271,0.885262,0.772166,0.979545,0.736736,0.458476,0.821211,0.761188,0.979246,0.810832,0.78851,0.448527,0.832107,0,0,0.413667,0.259871,0.463475,0.257167,0,0,0.696588,0.317126
0.379099,0.289895,0.652015,0.43156,0.746289,0.41795,0,0,0,0,0.572609,0.445194,0.443612,0.605947,0.344393,0.428869,0.905095,0.793958,0.984533,0.755807,0.458453,0.821208,0,0,0.815788,0.807592,0.448539,0.832118,0,0,0.408811,0.257221,0.463479,0.259881,0,0,0.696644,0.319831
0.379161,0.289871,0.652021,0.434268,0.746302,0.420654,0,0,0,0,0.572642,0.44522,0.443618,0.605956,0.349249,0.428867,0.900133,0.804861,0.994432,0.761257,0.458465,0.823936,0,0,0.815777,0.82666,0.44854,0.834834,0,0,0.408823,0.257172,0.463513,0.259887,0,0,0.696708,0.319815
0.384051,0.289864,0.652031,0.431587,0.746299,0.417951,0,0,0,0,0.577555,0.447884,0.44361,0.605966,0.349278,0.431562,0.89022,0.796684,0.984497,0.761268,0.448532,0.823932,0,0,0.810837,0.815755,0.438624,0.834835,0,0,0.408857,0.257168,0.468437,0.257169,0,0,0.701583,0.317145
0.384053,0.28986,0.652041,0.434299,0.746315,0.420655,0,0,0,0,0.577552,0.447902,0.448491,0.608692,0.349282,0.431576,0.900123,0.80758,0.984526,0.769434,0.448546,0.823931,0,0,0.815779,0.829379,0.438608,0.834829,0,0,0.408882,0.257155,0.468432,0.25717,0,0,0.701592,0.317148
0.37914,0.287152,0.647099,0.434301,0.741316,0.41793,0,0,0,0,0.572555,0.447911,0.443556,0.6141,0.349282,0.437015,0.905089,0.796693,0.984498,0.761258,0.453504,0.813033,0,0,0.820753,0.821209,0.433677,0.834822,0,0,0.403833,0.257188,0.463416,0.257147,0,0,0.696721,0.314351
0.378983,0.287157,0.647056,0.437038,0.746284,0.42067,0,0,0,0,0.562661,0.450637,0.438654,0.614143,0.344375,0.437002,0.900127,0.804857,0.984498,0.769435,0.45349,0.815751,0,0,0.81577,0.826657,0.438617,0.832104,0,0,0.394001,0.259866,0.458436,0.254501,0,0,0.696583,0.308939
0.374009,0.287137,0.642077,0.437019,0.736405,0.420665,0,0,0,0,0.547821,0.447948,0.423771,0.616839,0.344312,0.43699,0.90511,0.802129,0.979558,0.763992,0.443571,0.815751,0,0,0.825689,0.818482,0.433651,0.832101,0,0,0.384022,0.257206,0.443601,0.254449,0,0,0.686681,0.298042
0.369096,0.287162,0.637137,0.436998,0.736356,0.417938,0,0,0,0,0.542889,0.450628,0.418848,0.616856,0.339385,0.437028,0.915016,0.804857,0.9845,0.763988,0.448533,0.813028,0,0,0.820751,0.818488,0.428705,0.829392,0,0,0.379119,0.257191,0.433699,0.254468,0,0,0.676791,0.295322
0.36419,0.28717,0.632194,0.437034,0.731427,0.42065,0,0,0,0,0.537954,0.450655,0.413873,0.616863,0.339363,0.439732,0.915041,0.807575,0.984526,0.766714,0.448552,0.810315,0,0,0.825705,0.823933,0.428734,0.832093,0,0,0.379045,0.254498,0.428682,0.25449,0,0,0.661987,0.292643
0.364165,0.287172,0.632177,0.437027,0.73141,0.420661,0,0,0,0,0.537929,0.450659,0.413813,0.619543,0.339329,0.439754,0.919976,0.81576,0.984511,0.777612,0.443575,0.810317,0,0,0.825713,0.845723,0.428733,0.826662,0,0,0.379029,0.254487,0.428646,0.254501,0,0,0.661908,0.295298
0.359187,0.289874,0.632157,0.439734,0.731372,0.420681,0,0,0,0,0.53792,0.453362,0.413718,0.619559,0.339306,0.442434,0.900147,0.807577,0.984509,0.766716,0.423721,0.810312,0,0,0.82075,0.834825,0.423708,0.821196,0,0,0.378985,0.257149,0.428704,0.257155,0,0,0.661947,0.298052
0.359194,0.289898,0.632156,0.439723,0.726456,0.420652,0,0,0,0,0.542794,0.456074,0.413776,0.619565,0.339335,0.442442,0.895181,0.802128,0.979559,0.761272,0.428703,0.810308,0,0,0.820725,0.818489,0.423702,0.818466,0,0,0.374098,0.259887,0.433633,0.259872,0,0,0.666877,0.306196
0.359197,0.289839,0.627237,0.439725,0.721506,0.423378,0,0,0,0,0.542794,0.453365,0.413734,0.616871,0.329469,0.442433,0.89519,0.802131,0.979536,0.761265,0.428711,0.802138,0,0,0.820729,0.823932,0.418773,0.815752,0,0,0.374063,0.257213,0.443556,0.259888,0,0,0.6719,0.311688
0.359166,0.289879,0.6272,0.437027,0.721478,0.423379,0,0,0,0,0.537928,0.450647,0.413742,0.616831,0.329414,0.442429,0.905085,0.807588,0.974571,0.766714,0.423744,0.804863,0,0,0.825699,0.834827,0.413836,0.815744,0,0,0.373982,0.259901,0.443569,0.259873,0,0,0.676814,0.311673
0.349264,0.29254,0.627189,0.437018,0.721448,0.420677,0,0,0,0,0.537914,0.450644,0.408812,0.616819,0.309659,0.434298,0.90511,0.807578,0.979538,0.76671,0.418769,0.80487,0,0,0.815781,0.829388,0.408856,0.81305,0,0,0.364241,0.259856,0.433701,0.259895,0,0,0.671835,0.314389
0.344362,0.292544,0.627156,0.436997,0.716534,0.420652,0,0,0,0,0.537889,0.450616,0.408765,0.616842,0.309639,0.439757,0.900148,0.793967,0.979559,0.755813,0.428689,0.804852,0,0,0.82075,0.821211,0.408871,0.813035,0,0,0.36415,0.257211,0.428753,0.259911,0,0,0.666876,0.3144
0.339417,0.292537,0.622243,0.431593,0.711536,0.415239,0,0,0,0,0.537889,0.44792,0.403893,0.614116,0.309573,0.437022,0.890226,0.802133,0.979546,0.755816,0.413791,0.807583,0,0,0.810812,0.832105,0.398916,0.813053,0,0,0.359241,0.259886,0.423768,0.257222,0,0,0.661924,0.314343
0.339349,0.292591,0.62224,0.434268,0.71158,0.41522,0,0,0,0,0.53785,0.44795,0.40878,0.614145,0.304713,0.437006,0.890211,0.796681,0.974567,0.758532,0.423717,0.80485,0,0,0.820737,0.832103,0.398928,0.813048,0,0,0.354261,0.262623,0.42372,0.259939,0,0,0.657011,0.314412
0.339335,0.295274,0.61733,0.43427,0.701648,0.415233,0,0,0,0,0.537938,0.447918,0.403907,0.614131,0.309538,0.44244,0.870343,0.772165,0.944818,0.753079,0.398926,0.810304,0,0,0.810805,0.807588,0.389,0.815748,0,0,0.349261,0.265383,0.418847,0.268038,0,0,0.652091,0.31715
0.339298,0.295312,0.617325,0.43428,0.701625,0.41793,0,0,0,0,0.537923,0.447934,0.403879,0.616813,0.304686,0.445141,0.870335,0.766719,0.944802,0.750363,0.40389,0.80758,0.671863,0.973798,0.805862,0.791237,0.38401,0.815766,0,0,0.344367,0.268064,0.418775,0.268047,0,0,0.652008,0.319837
0.334376,0.295349,0.622192,0.437001,0.701657,0.420647,0,0,0,0,0.537928,0.447946,0.403834,0.616848,0.304595,0.447888,0.875318,0.780335,0.969623,0.750359,0.398924,0.804858,0,0,0.810805,0.799411,0.379111,0.81574,0,0,0.344291,0.268049,0.418722,0.270752,0,0,0.651941,0.319883
0.329446,0.295347,0.617296,0.436996,0.69671,0.420648,0,0,0,0,0.53795,0.447953,0.398915,0.616814,0.30459,0.447885,0.87035,0.76944,0.949768,0.747639,0.388993,0.810298,0,0,0.80584,0.788511,0.374151,0.815768,0,0,0.339436,0.268025,0.41869,0.270748,0,0,0.647076,0.31988
0.324446,0.298017,0.617287,0.437001,0.696686,0.420646,0,0,0,0,0.537903,0.44795,0.398886,0.611381,0.29959,0.442481,0.855488,0.75855,0.924953,0.747638,0.384045,0.810325,0,0,0.805861,0.791234,0.374116,0.818467,0.70163,0.932934,0.339289,0.268046,0.413814,0.270764,0,0,0.64703,0.319894
0.319532,0.295376,0.617267,0.434307,0.69667,0.420657,0,0,0,0,0.537919,0.447902,0.398906,0.605977,0.299588,0.445171,0.870365,0.793965,0.934884,0.758543,0.379098,0.807587,0,0,0.810802,0.837556,0.374128,0.815737,0,0,0.334455,0.265349,0.41378,0.268097,0,0,0.647003,0.31986
0.304667,0.292581,0.612272,0.42612,0.691667,0.409773,0,0,0,0,0.532962,0.442454,0.384063,0.600529,0.289704,0.434264,0.870347,0.774885,0.959691,0.755819,0.403889,0.78579,0,0,0.79592,0.793958,0.364207,0.813032,0.632154,0.994234,0.324439,0.257177,0.403839,0.25994,0,0,0.637167,0.314412
0.299724,0.287135,0.602367,0.420662,0.676842,0.401602,0.433652,0.570522,0.284762,0.415198,0.532845,0.437035,0.379003,0.597769,0.274831,0.423379,0.860446,0.77216,0.934879,0.753087,0.374097,0.79396,0,0,0.781038,0.793957,0.364121,0.807579,0.681795,0.924749,0.314599,0.251727,0.389029,0.254491,0,0,0.632161,0.311629
0.294763,0.270785,0.587469,0.407068,0.661963,0.3934,0.41878,0.562347,0,0,0.51308,0.423373,0.369087,0.578707,0.264952,0.407018,0.850503,0.75853,0.910067,0.734016,0.359226,0.785776,0,0,0.776076,0.763994,0.344298,0.79125,0,0,0.304691,0.240833,0.379155,0.246271,0,0,0.622216,0.29534
0.2897,0.262641,0.582577,0.401557,0.657,0.387946,0.408837,0.556898,0.279825,0.393429,0.518,0.412469,0.364154,0.573221,0.259895,0.398858,0.860421,0.761268,0.939848,0.750357,0.364164,0.777615,0.647058,0.995596,0.776082,0.772166,0.324469,0.785782,0,0,0.299632,0.230006,0.374131,0.232702,0,0,0.617237,0.292548
0.265,0.248995,0.567667,0.385251,0.647008,0.377051,0.398928,0.54056,0,0,0.493165,0.396159,0.344363,0.556883,0.245023,0.38525,0.865417,0.763977,0.97458,0.750368,0.354237,0.761264,0,0,0.790958,0.772161,0.309597,0.761263,0,0,0.289779,0.216319,0.36414,0.221753,0,0,0.597403,0.273537
0.260061,0.238119,0.56265,0.379805,0.637127,0.366179,0,0,0,0,0.488223,0.387944,0.339368,0.546001,0.23519,0.379786,0.855474,0.742184,0.934881,0.725836,0.324477,0.755816,0.652019,0.99287,0.771106,0.747631,0.304629,0.758523,0.617277,0.995611,0.284775,0.208093,0.354289,0.208152,0,0,0.592447,0.265333
0.259922,0.227193,0.552783,0.363463,0.637107,0.355287,0.35424,0.53238,0.225214,0.355265,0.478332,0.377081,0.329474,0.535124,0.220325,0.366149,0.835628,0.750369,0.919979,0.731288,0.304635,0.750366,0.622272,0.976527,0.746301,0.758544,0.299649,0.753101,0.617289,0.995602,0.269912,0.199943,0.349248,0.199915,0,0,0.582605,0.25444
0.255085,0.224484,0.552748,0.363437,0.6371,0.355271,0,0,0,0,0.473387,0.377037,0.329373,0.532408,0.215364,0.355301,0.850514,0.755821,0.954737,0.739463,0.309576,0.742178,0.627191,0.973799,0.746287,0.763991,0.299626,0.750353,0,0,0.269839,0.197204,0.349243,0.191822,0,0,0.58259,0.251709
0.254943,0.224445,0.54287,0.35529,0.63212,0.347097,0,0,0,0,0.473334,0.366153,0.319511,0.529667,0.210387,0.352518,0.830668,0.739471,0.919999,0.723111,0.463428,0.665914,0,0,0.726445,0.750354,0.294643,0.742195,0.617232,0.99562,0.260038,0.191814,0.339399,0.191762,0,0,0.582482,0.248997
0.254951,0.221739,0.542845,0.352569,0.627169,0.34436,0.369129,0.510572,0.190465,0.341652,0.473318,0.360718,0.319461,0.529641,0.210334,0.355239,0.820751,0.734015,0.915019,0.717674,0.304662,0.725845,0.622216,0.965623,0.716539,0.747643,0.284776,0.739447,0.597446,0.992869,0.259949,0.19178,0.339396,0.189059,0,0,0.577591,0.246279
0.250012,0.22444,0.54281,0.352543,0.622257,0.34437,0,0,0,0,0.46842,0.360689,0.314585,0.526921,0.205422,0.349809,0.81578,0.725851,0.910073,0.717673,0.880296,0.818489,0,0,0.711548,0.731304,0.269898,0.736755,0.58752,0.97924,0.255079,0.194479,0.339308,0.189068,0,0,0.577501,0.243545
0.245118,0.219045,0.537904,0.352535,0.617288,0.344365,0.364167,0.510578,0,0,0.468389,0.358013,0.309651,0.521483,0.21027,0.349808,0.800908,0.723121,0.890226,0.712223,0.448515,0.663158,0,0,0.696683,0.728569,0.269872,0.734019,0.592437,0.979261,0.254994,0.191784,0.334368,0.186363,0,0,0.572625,0.243529
0.230232,0.221725,0.532912,0.349832,0.612335,0.344359,0.364174,0.507856,0.190487,0.338911,0.458449,0.357958,0.304665,0.516042,0.200447,0.3471,0.810795,0.714934,0.900132,0.704039,0.418785,0.654985,0.582513,0.941101,0.706588,0.720393,0.255037,0.728548,0.572601,0.968353,0.249948,0.186382,0.314573,0.186361,0,0,0.557761,0.235394
0.230218,0.221733,0.527978,0.34982,0.607342,0.344359,0.359217,0.496961,0.195425,0.338916,0.458404,0.357957,0.304636,0.513305,0.205366,0.352511,0.805827,0.720396,0.890207,0.706771,0.413784,0.660432,0.582519,0.935641,0.706589,0.728581,0.255062,0.723121,0.557692,0.957437,0.24512,0.189071,0.314541,0.189036,0,0,0.552728,0.238089
0.22523,0.213574,0.518031,0.349807,0.592448,0.344361,0.35425,0.49423,0.17558,0.3362,0.44857,0.355267,0.299676,0.510593,0.195502,0.344349,0.800865,0.709486,0.885231,0.693138,0.4237,0.641366,0.57755,0.932925,0.696675,0.71767,0.250014,0.723093,0.537933,0.949283,0.235161,0.186356,0.304672,0.186309,0,0,0.542788,0.235361
0.225201,0.213579,0.522963,0.349798,0.592483,0.344385,0.354246,0.494243,0.190454,0.341644,0.453485,0.355233,0.299698,0.510589,0.200403,0.347094,0.795905,0.712208,0.880303,0.693153,0.423736,0.644094,0,0,0.686743,0.720398,0.250001,0.723126,0.537891,0.949269,0.235107,0.186365,0.304632,0.18633,0,0,0.537925,0.235364
0.220312,0.208191,0.52294,0.347077,0.597404,0.344346,0.35922,0.496954,0.195418,0.338923,0.448522,0.352517,0.299723,0.510539,0.2004,0.341654,0.795926,0.701324,0.890207,0.687697,0.825697,0.994232,0,0,0.681783,0.709504,0.245046,0.725811,0.537917,0.949272,0.230186,0.183631,0.304596,0.183588,0,0,0.537869,0.232632
0.220333,0.213585,0.522942,0.347085,0.5974,0.344352,0.35426,0.496946,0.200376,0.344366,0.453462,0.35255,0.304575,0.510556,0.205351,0.349793,0.800883,0.706769,0.890208,0.693136,0.840588,0.82121,0.865399,0.851189,0.696657,0.717665,0.245041,0.72856,0.542805,0.952015,0.235116,0.186351,0.304624,0.186312,0,0,0.537895,0.232652
0.225172,0.210893,0.522959,0.347066,0.59743,0.341637,0,0,0,0,0.44854,0.352552,0.304638,0.51055,0.205407,0.349798,0.800897,0.706768,0.890224,0.693132,0.845561,0.810307,0.865358,0.84847,0.696665,0.717663,0.245044,0.728599,0.552781,0.952013,0.235136,0.186311,0.304654,0.183637,0,0,0.537895,0.232655
0.225204,0.213603,0.522969,0.347074,0.597431,0.341655,0,0,0,0,0.448546,0.352546,0.304632,0.510571,0.205412,0.347093,0.800883,0.709486,0.890224,0.695861,0.840579,0.777614,0.870314,0.87026,0.696662,0.717673,0.245019,0.73401,0.547813,0.95203,0.240068,0.186352,0.304703,0.186313,0,0,0.537904,0.232652
