0.274565,0.461201,0.528849,0.537481,0.492089,0.905328,0.686622,0.993884,0.590119,0.621946,0.539572,0.21323,0.599313,0.0170444,0.47677,0.17508,0,0,0,0,0,0,0,0,0,0,0,0,0,0,0.213314,0.529319,0.25313,0.390341,0.247006,0.709137,0,0
0.288366,0.433928,0.531914,0.676445,0.496682,0.981622,0,0,0,0,0.538039,0.373993,0.629946,0.109686,0.492087,0.139662,0,0,0,0,0,0,0,0,0,0,0,0,0,0,0.214832,0.49933,0.274576,0.34129,0.237812,0.706416,0,0
0.292955,0.412135,0.562548,0.613776,0.508937,0.897154,0,0,0,0,0.579398,0.333122,0.648326,0.0906134,0.495151,0.134211,0,0,0,0,0,0,0,0,0,0,0,0,0,0,0.216382,0.485697,0.282239,0.333116,0.257728,0.728213,0,0
0.306752,0.363079,0.5457,0.627398,0.502809,0.902601,0,0,0,0,0.556423,0.35492,0.654457,0.00887,0.485962,0.158731,0,0,0,0,0,0,0,0,0,0,0,0,0,0,0.233225,0.431232,0.29602,0.278616,0.256193,0.711847,0,0
0.312873,0.360351,0.545699,0.597427,0.504342,0.908052,0.654457,0.888978,0.556421,0.518405,0.588586,0.469355,0,0,0,0,0,0,0,0,0,0,0,0,0,0,0,0,0,0,0.236279,0.425798,0.311333,0.251362,0.254674,0.706389,0,0
0.322055,0.360354,0.542633,0.583802,0.504341,0.89443,0.655985,0.869908,0.554889,0.521133,0.548762,0.29225,0.655984,0.00887005,0.501279,0.169637,0,0,0,0,0,0,0,0,0,0,0,0,0,0,0.233215,0.428484,0.318991,0.229567,0.250066,0.709162,0.323577,0.1615
0.337374,0.393064,0,0,0.508938,0.883531,0,0,0,0,0,0,0,0,0,0,0,0,0,0,0,0,0,0,0,0,0,0,0,0,0.225535,0.442089,0,0,0.243948,0.709133,0,0
0.299081,0.354917,0.570207,0.559279,0.512001,0.880802,0,0,0,0,0.593185,0.243204,0.660581,0.00886866,0.522723,0.196881,0,0,0,0,0,0,0,0,0,0,0,0,0,0,0.222491,0.439411,0.314401,0.243215,0.24395,0.706428,0.384865,0.161456
0.291431,0.363106,0.571739,0.575631,0.508937,0.948926,0,0,0,0,0.588588,0.262274,0.649859,0.038841,0.505874,0.248647,0,0,0,0,0,0,0,0,0,0,0,0,0,0,0.217914,0.436667,0.308284,0.243193,0.243932,0.709135,0.369552,0.191434
0.288361,0.352201,0.545699,0.567452,0.518127,0.924401,0,0,0,0,0.539571,0.21323,0.559475,0.248613,0.490557,0.254099,0,0,0,0,0,0,0,0,0,0,0,0,0,0,0.217889,0.43396,0.303683,0.245906,0.243941,0.709147,0.381801,0.191424
0.283766,0.354924,0.544168,0.570181,0.513531,0.927126,0,0,0,0,0.551826,0.221403,0,0,0,0,0,0,0,0,0,0,0,0,0,0,0,0,0,0,0.216363,0.436681,0.302157,0.248621,0.247002,0.709148,0.401713,0.188706
0.288361,0.352197,0.538041,0.518404,0.507405,0.875353,0,0,0,0,0.602377,0.0497426,0.58859,0.32495,0.427757,0.420315,0,0,0,0,0,0,0,0,0,0,0,0,0,0,0.214833,0.442084,0.305219,0.245937,0.247008,0.703686,0.409374,0.194154
0.289887,0.363089,0.53651,0.529306,0.504342,0.878083,0,0,0,0,0.602376,0.0415673,0.599308,0.346743,0.44001,0.398513,0,0,0,0,0,0,0,0,0,0,0,0,0,0,0.216362,0.442098,0.308285,0.245924,0.248538,0.706423,0.406307,0.185981
0.291419,0.344022,0.533446,0.570177,0.490556,0.984347,0,0,0,0,0.603907,0.0224934,0.59931,0.308594,0.447664,0.412143,0,0,0,0,0,0,0,0,0,0,0,0,0,0,0.219423,0.436638,0.312868,0.245898,0.245471,0.709155,0.413965,0.19416
0.286828,0.365825,0.541105,0.600151,0.490558,0.993884,0,0,0,0,0.616162,0.0279423,0.596251,0.324949,0.447664,0.384888,0.988367,0.646465,0,0,0,0,0,0,0,0,0,0,0,0,0.220967,0.436687,0.311347,0.248634,0.240884,0.706411,0.420095,0.221402
0.28836,0.37126,0.542636,0.594701,0.490558,0.993884,0,0,0,0,0.610034,0.0224952,0.590121,0.316769,0.430818,0.395787,0.980742,0.64374,0,0,0,0,0,0,0.979189,0.643719,0,0,0,0,0.220972,0.444804,0.311332,0.251346,0.240888,0.709149,0.420094,0.229577
0.29143,0.376713,0.538038,0.646472,0.487494,0.993883,0,0,0,0,0.634542,0.0524649,0.600838,0.335848,0.433882,0.379449,0,0,0,0,0,0,0,0,0,0,0,0,0,0,0.222503,0.447599,0.311351,0.251417,0.242411,0.709152,0.398653,0.210514
0.294483,0.43393,0.5457,0.540206,0.536507,0.880803,0,0,0,0,0.580931,0.139656,0.654457,0.139661,0.502809,0.278623,0,0,0,0,0,0,0,0,0,0,0,0,0,0,0.224044,0.49934,0.308268,0.278636,0.214831,0.668256,0.361896,0.229582
0.296029,0.436678,0.536507,0.439388,0.525786,0.875355,0,0,0,0,0.573272,0.126038,0.637606,0.14238,0.478304,0.270447,0,0,0,0,0,0,0,0,0,0,0,0,0,0,0.225571,0.518385,0.300623,0.294973,0.251598,0.673721,0.346565,0.199608
0.303675,0.442121,0.528849,0.564727,0.498214,0.87808,0,0,0,0,0.536508,0.172356,0.645263,0.126032,0.481367,0.262277,0.735652,0.50746,0.724933,0.507501,0,0,0,0,0.747877,0.507486,0,0,0,0,0.225578,0.567436,0.292968,0.330388,0.29449,0.747291,0.361888,0.243198
0.294483,0.469361,0.528851,0.532031,0.50128,0.869904,0.695812,0.888981,0,0,0.567143,0.147836,0.652925,0.145106,0.493619,0.275902,0,0,0,0,0,0,0,0,0,0,0,0,0,0,0.227087,0.556565,0.296032,0.327668,0.274577,0.730945,0.371083,0.248652
0.296017,0.461186,0.541104,0.529305,0.522723,0.875354,0,0,0,0,0.547233,0.153288,0.654456,0.13693,0.521192,0.286802,0,0,0,0,0,0,0,0,0,0,0,0,0,0,0.227081,0.55381,0.297556,0.324937,0.311339,0.684622,0.360361,0.251367
0.294503,0.461198,0.53957,0.488433,0.524254,0.875354,0,0,0,0,0.542638,0.153285,0.654452,0.14238,0.507404,0.292244,0,0,0,0,0,0,0,0,0,0,0,0,0,0,0.225578,0.55381,0.296022,0.330404,0.2853,0.71732,0.363415,0.25138
0.296025,0.45574,0.533447,0.469359,0.507406,0.84538,0.688153,0.993884,0,0,0.553357,0.156012,0.652923,0.139655,0.490556,0.300423,0,0,0,0,0,0,0,0,0,0,0,0,0,0,0.225546,0.556531,0.294499,0.327686,0.254666,0.714587,0.361892,0.251384
0.292959,0.458463,0.53804,0.564731,0.515063,0.875353,0,0,0,0,0.536506,0.164184,0.657521,0.139658,0.499749,0.278627,0,0,0,0,0,0,0,0,0,0,0,0,0,0,0.224041,0.548369,0.29297,0.314085,0.305211,0.703693,0.360359,0.248639
0.296024,0.439398,0.513532,0.586526,0,0,0,0,0,0,0.513534,0.259551,0.657519,0.123316,0.499747,0.275898,0,0,0,0,0,0,0,0,0,0,0,0,0,0,0.224006,0.545667,0.292968,0.314018,0.217911,0.690079,0.358826,0.245925
0.29295,0.442114,0.525787,0.600152,0,0,0,0,0,0,0.519659,0.284071,0.660581,0.134207,0.499748,0.267729,0,0,0,0,0,0,0,0,0,0,0,0,0,0,0.220975,0.534734,0.292947,0.305888,0.219442,0.665556,0.358822,0.245927
0.289889,0.43939,0.530383,0.630124,0,0,0,0,0,0,0.530382,0.322222,0.659052,0.136939,0.492086,0.270446,0,0,0,0,0,0,0,0,0,0,0,0,0,0,0.219446,0.532004,0.291444,0.303157,0.228628,0.668263,0.360348,0.248666
0.299087,0.406682,0.527318,0.641022,0,0,0,0,0,0,0.508936,0.284074,0.663643,0.13148,0.496681,0.262279,0,0,0,0,0,0,0,0,0,0,0,0,0,0,0.217919,0.526561,0.294484,0.294964,0.213311,0.670996,0.36188,0.237762
0.299081,0.403935,0.502811,0.616499,0,0,0,0,0,0,0.495151,0.29497,0.507386,0.29221,0.389463,0.186024,0,0,0,0,0,0,0,0,0,0,0,0,0,0,0.219426,0.523872,0.292953,0.29498,0.217905,0.66553,0.360366,0.24319
0.292954,0.414873,0.507406,0.608324,0,0,0,0,0,0,0.505875,0.286798,0.677433,0.123317,0.507404,0.2541,0,0,0,0,0,0,0,0,0,0,0,0,0,0,0.217894,0.521152,0.292951,0.292251,0.214843,0.671003,0.364945,0.237738
0.294484,0.406708,0.508936,0.608325,0.49975,0.883526,0.683558,0.880802,0.452256,0.488439,0.508937,0.275899,0.675901,0.126042,0.496686,0.254111,0,0,0,0,0,0,0,0,0,0,0,0,0,0,0.219421,0.518432,0.292958,0.292265,0.30215,0.676441,0.368011,0.235035
0.291422,0.423047,0.531913,0.581077,0,0,0,0,0,0,0.533446,0.273177,0.674368,0.136933,0.518128,0.254107,0,0,0,0,0,0,0,0,0,0,0,0,0,0,0.220978,0.518383,0.294493,0.294949,0.214847,0.673724,0.369556,0.232302
0.29297,0.420311,0.508936,0.630124,0,0,0,0,0,0,0.521191,0.29225,0.683559,0.134214,0.524256,0.254098,0,0,0,0,0,0,0,0,0,0,0,0,0,0,0.224005,0.515657,0.297537,0.292269,0.216375,0.670998,0.372596,0.232311
0.291418,0.428479,0.508937,0.657367,0,0,0,0,0,0,0.493619,0.292245,0.683555,0.120589,0.52425,0.243202,0,0,0,0,0,0,0,0,0,0,0,0,0,0,0.224017,0.51295,0.299078,0.292254,0.214846,0.670999,0.37413,0.226861
0.29143,0.428494,0.534977,0.654643,0,0,0,0,0,0,0.536508,0.294974,0.682029,0.117855,0.525788,0.243198,0,0,0,0,0,0,0,0,0,0,0,0,0,0,0.224017,0.512932,0.300611,0.292239,0.214835,0.66827,0.374131,0.218702
0.294488,0.412137,0.539571,0.638296,0,0,0,0,0,0,0.541104,0.2868,0.682031,0.115146,0.527314,0.243205,0,0,0,0,0,0,0,0,0,0,0,0,0,0,0.225556,0.502043,0.302159,0.289509,0.213306,0.665557,0.374143,0.215967
0.292965,0.409409,0.538041,0.586525,0,0,0,0,0,0,0.544167,0.311323,0.68203,0.126031,0.530382,0.245929,0,0,0,0,0,0,0,0,0,0,0,0,0,0,0.225572,0.496593,0.303685,0.28678,0.21331,0.665546,0.372609,0.232306
0.294491,0.403951,0.531914,0.605599,0.496686,0.878081,0.697345,0.878081,0.464514,0.474817,0.542636,0.333119,0.689685,0.128762,0.531917,0.237751,0,0,0,0,0,0,0,0,0,0,0,0,0,0,0.225557,0.493868,0.306747,0.284099,0.228627,0.673725,0.380266,0.243211
0.294503,0.398533,0.528849,0.5838,0.496686,0.883526,0.695811,0.897152,0.459921,0.472084,0.544167,0.316772,0.691217,0.136931,0.533447,0.232301,0,0,0,0,0,0,0,0,0,0,0,0,0,0,0.22559,0.491135,0.306755,0.284082,0.217906,0.668289,0.381802,0.245927
0.29603,0.398513,0.53804,0.63285,0.499747,0.891709,0.678961,0.89443,0.453796,0.466631,0.551828,0.344017,0.69428,0.139661,0.534973,0.224125,0,0,0,0,0,0,0,0,0,0,0,0,0,0,0.227089,0.488408,0.309788,0.278614,0.23322,0.692788,0.375672,0.248656
0.299082,0.398503,0.531913,0.643745,0.499744,0.8917,0.688154,0.90805,0.459918,0.472075,0.547232,0.352192,0.686622,0.142387,0.534977,0.207779,0,0,0,0,0,0,0,0,0,0,0,0,0,0,0.228616,0.485709,0.311332,0.273211,0.233221,0.692798,0.378735,0.248647
0.305214,0.390342,0.528852,0.654645,0.502807,0.88626,0.694279,0.897154,0.464517,0.469355,0.554887,0.352196,0.663646,0.112413,0.533447,0.169628,0,0,0,0,0,0,0,0,0,0,0,0,0,0,0.231683,0.477525,0.312894,0.270439,0.240878,0.703678,0.384863,0.2541
0.320516,0.365813,0.544168,0.643748,0.501281,0.891707,0.678967,0.913502,0.458385,0.458465,0.564085,0.35764,0,0,0,0,0,0,0,0,0,0,0,0,0,0,0,0,0,0,0.234756,0.469359,0.315941,0.267706,0.242404,0.706424,0.40018,0.24865
0.311348,0.37399,0.541106,0.660093,0.498212,0.894428,0.694279,0.938021,0.462982,0.461186,0.593183,0.373991,0,0,0,0,0,0,0,0,0,0,0,0,0,0,0,0,0,0,0.237816,0.458462,0.322055,0.256839,0.24548,0.709133,0.39865,0.254106
0.311337,0.376719,0.53957,0.635572,0.498214,0.883525,0.671304,0.921676,0.466047,0.463906,0.587055,0.360366,0,0,0,0,0,0,0,0,0,0,0,0,0,0,0,0,0,0,0.239329,0.455708,0.323566,0.256805,0.247014,0.709149,0.397122,0.256833
0.309821,0.379449,0.539575,0.657366,0.498215,0.894434,0.672838,0.905327,0.461453,0.444838,0.585525,0.360368,0.66058,0.128757,0.53957,0.139661,0,0,0,0,0,0,0,0,0,0,0,0,0,0,0.239329,0.453021,0.323602,0.254076,0.245483,0.709166,0.397117,0.248659
0.311346,0.379448,0.548763,0.621949,0.502811,0.894425,0.659049,0.883533,0.464513,0.442111,0.594716,0.344019,0.659049,0.106959,0.544168,0.134214,0,0,0,0,0,0,0,0,0,0,0,0,0,0,0.239371,0.450309,0.323604,0.254083,0.251606,0.717302,0.403243,0.245926
0.315937,0.387611,0.554891,0.646473,0.504339,0.89443,0.665179,0.891709,0.473699,0.466641,0.603906,0.354923,0.657522,0.115138,0.541104,0.14239,0,0,0,0,0,0,0,0,0,0,0,0,0,0,0.24089,0.453041,0.326652,0.2541,0.248536,0.709157,0.412438,0.251372
0.317462,0.376729,0.545699,0.65192,0.498216,0.897152,0.674368,0.888982,0.466048,0.463909,0.593185,0.365822,0,0,0,0,0,0,0,0,0,0,0,0,0,0,0,0,0,0,0.240904,0.455756,0.325134,0.256823,0.245488,0.709132,0.412437,0.24865
0.311347,0.390353,0.565613,0.641023,0.499746,0.891705,0.666709,0.905327,0.456859,0.466639,0.59778,0.35764,0.654451,0.0497413,0.539571,0.153286,0,0,0,0,0,0,0,0,0,0,0,0,0,0,0.240899,0.461217,0.326655,0.262295,0.251598,0.72006,0.407836,0.245932
0.311343,0.387604,0.557954,0.65192,0.498213,0.891705,0.669773,0.9244,0.456859,0.466638,0.576338,0.363102,0.654458,0.0878881,0.539572,0.156002,0,0,0,0,0,0,0,0,0,0,0,0,0,0,0.242397,0.461207,0.326644,0.264986,0.250075,0.720029,0.407837,0.248663
0.317467,0.376713,0.534975,0.662826,0.498211,0.897158,0.692751,0.924401,0.473703,0.480258,0.591652,0.379443,0.660581,0.117864,0.541101,0.158728,0,0,0,0,0,0,0,0,0,0,0,0,0,0,0.24243,0.458485,0.331255,0.262289,0.245485,0.711867,0.410902,0.248652
0.320537,0.371251,0.518128,0.687344,0.495149,0.902601,0.688156,0.932578,0.475238,0.48299,0.562548,0.436662,0,0,0,0,0,0,0,0,0,0,0,0,0,0,0,0,0,0,0.245458,0.45844,0.334328,0.264966,0.251603,0.717308,0.400189,0.245926
0.318995,0.390332,0.527314,0.668266,0.498212,0.89988,0.700405,0.938027,0.476775,0.488436,0.57174,0.387616,0.655989,0.112407,0.542632,0.15056,0,0,0,0,0,0,0,0,0,0,0,0,0,0,0.250061,0.458458,0,0,0.254666,0.717315,0,0
0.320527,0.409418,0.533446,0.673719,0.498215,0.899879,0.689686,0.938029,0.481364,0.496606,0.587059,0.401242,0.659053,0.13693,0.538042,0.150556,0,0,0,0,0,0,0,0,0,0,0,0,0,0,0.251614,0.461185,0.338924,0.267711,0.253124,0.714595,0.420097,0.245932
0.340435,0.395788,0.531914,0.687341,0.496682,0.908054,0.686622,0.899877,0.475238,0.482983,0.573272,0.409416,0.662114,0.139665,0.5411,0.142381,0,0,0,0,0,0,0,0,0,0,0,0,0,0,0.262305,0.46665,0.341964,0.275891,0.253139,0.714614,0,0
0.34043,0.41485,0.530379,0.676441,0.496684,0.902606,0.68509,0.87535,0.476768,0.474817,0.565613,0.403965,0.666707,0.147841,0.53957,0.136937,0,0,0,0,0,0,0,0,0,0,0,0,0,0,0.265383,0.472122,0.343505,0.292264,0.254666,0.717308,0,0
0.346572,0.414872,0.533444,0.67917,0.495154,0.90533,0.691219,0.886253,0.476775,0.466631,0.583992,0.390343,0.668239,0.14783,0.544167,0.134204,0,0,0,0,0,0,0,0,0,0,0,0,0,0,0.273046,0.47481,0.345044,0.303141,0.271518,0.739104,0,0
0.346569,0.420313,0.539573,0.665549,0.498216,0.902598,0.70041,0.888973,0.469111,0.444836,0.59778,0.368543,0.686622,0.156006,0.542639,0.117874,0,0,0,0,0,0,0,0,0,0,0,0,0,0,0.274562,0.472121,0.346569,0.300437,0.269979,0.733663,0,0
0.349642,0.41487,0.531916,0.662817,0.50128,0.894432,0.705004,0.883523,0.450731,0.414863,0.591653,0.373994,0.698876,0.161471,0.539574,0.115123,0,0,0,0,0,0,0,0,0,0,0,0,0,0,0.27457,0.472068,0.351165,0.294984,0.271519,0.736375,0,0
0.351163,0.406697,0.534979,0.665546,0.501275,0.899877,0.70347,0.888984,0.4492,0.406687,0.588588,0.357648,0.694279,0.161452,0.542632,0.11515,0,0,0,0,0,0,0,0,0,0,0,0,0,0,0.274569,0.472069,0.352694,0.297701,0.265383,0.728228,0,0
0.349638,0.406685,0.533443,0.649199,0.50128,0.894434,0.704999,0.883526,0.446134,0.401237,0.582462,0.365818,0.692746,0.158738,0.542632,0.115152,0,0,0,0,0,0,0,0,0,0,0,0,0,0,0.273063,0.47483,0.346576,0.294987,0.266915,0.73094,0.413968,0.259554
0.35117,0.409427,0.538041,0.654649,0.499751,0.89443,0.706535,0.880811,0.449198,0.414862,0.602373,0.363094,0.688153,0.158727,0.545695,0.117867,0,0,0,0,0,0,0,0,0,0,0,0,0,0,0.273046,0.47754,0.349642,0.297721,0.256194,0.717337,0.426222,0.262276
0.346566,0.406694,0.539571,0.676442,0.499747,0.908051,0.709594,0.883529,0.469112,0.450282,0.603906,0.37399,0.685092,0.156002,0.547229,0.123314,0,0,0,0,0,0,0,0,0,0,0,0,0,0,0.269989,0.482953,0.348107,0.294982,0.257729,0.720053,0.427754,0.267728
0.345029,0.420325,0.536507,0.657376,0.498215,0.899876,0.706536,0.880797,0.446136,0.406687,0.603908,0.363092,0.686621,0.156004,0.545703,0.126028,0,0,0,0,0,0,0,0,0,0,0,0,0,0,0.268453,0.482961,0.348102,0.294986,0.26232,0.725489,0.424691,0.270448
0.34503,0.412147,0.542638,0.673716,0.496682,0.899874,0.701938,0.894434,0.478305,0.477527,0.61616,0.360371,0.694277,0.161454,0.547228,0.120589,0,0,0,0,0,0,0,0,0,0,0,0,0,0,0.266926,0.480281,0.348108,0.294977,0.259265,0.725485,0.42469,0.267721
0.34503,0.40943,0.531912,0.654644,0.499749,0.894426,0.705006,0.894435,0.484425,0.48026,0.587059,0.357648,0.683555,0.153294,0.545695,0.117874,0,0,0,0,0,0,0,0,0,0,0,0,0,0,0.265383,0.48295,0.348122,0.2977,0.260788,0.725505,0.409372,0.273166
0.341968,0.417596,0.538036,0.684622,0.499744,0.902603,0.70194,0.891707,0.473712,0.469355,0.579398,0.376718,0.692749,0.161451,0.548761,0.115142,0,0,0,0,0,0,0,0,0,0,0,0,0,0,0.263855,0.474833,0.349631,0.294981,0.253146,0.720032,0.413966,0.267731
0.341964,0.412133,0.533445,0.66555,0.499744,0.89988,0.70041,0.905331,0.475241,0.472082,0.591651,0.365821,0.683557,0.156012,0.545703,0.115139,0,0,0,0,0,0,0,0,0,0,0,0,0,0,0.263846,0.474839,0.349628,0.294971,0.260794,0.728212,0.412434,0.267724
0.338909,0.417586,0.531916,0.657374,0.495154,0.899877,0.700407,0.908054,0.476772,0.480256,0.59012,0.357642,0.682031,0.156018,0.545699,0.117856,0,0,0,0,0,0,0,0,0,0,0,0,0,0,0.262338,0.477536,0.348103,0.294955,0.257731,0.728185,0.41856,0.25683
0.340448,0.406701,0.539575,0.660092,0.493619,0.899874,0.692749,0.916229,0.472179,0.474804,0.596248,0.349471,0.682024,0.156016,0.545701,0.115144,0,0,0,0,0,0,0,0,0,0,0,0,0,0,0.262306,0.477525,0.3481,0.294968,0.257733,0.728192,0.420098,0.256822
0.337367,0.417572,0.538038,0.676445,0.492091,0.89988,0.689685,0.891709,0.475243,0.477543,0.594716,0.376716,0.682026,0.15602,0.544164,0.115142,0,0,0,0,0,0,0,0,0,0,0,0,0,0,0.260766,0.47751,0.343515,0.294986,0.256205,0.725489,0.412433,0.259545
0.335849,0.414849,0.531912,0.65465,0.496681,0.894432,0.698875,0.891713,0.475241,0.477541,0.59778,0.368543,0.680492,0.156011,0.542632,0.112417,0,0,0,0,0,0,0,0,0,0,0,0,0,0,0.260778,0.474822,0.341974,0.292251,0.256189,0.725506,0.4155,0.256829
0.33431,0.406701,0.531914,0.649194,0.495148,0.897155,0.694278,0.90533,0.469109,0.469358,0.596246,0.363093,0.680498,0.15601,0.545699,0.112415,0,0,0,0,0,0,0,0,0,0,0,0,0,0,0.259269,0.474788,0.338914,0.294972,0.259261,0.728233,0.412436,0.25682
0.331257,0.403976,0.530382,0.649198,0.493621,0.891707,0.698874,0.902599,0.438477,0.406688,0.594714,0.371266,0.68815,0.158736,0.545698,0.109694,0,0,0,0,0,0,0,0,0,0,0,0,0,0,0.259257,0.472089,0.340448,0.292236,0.256204,0.725481,0.412435,0.262276
0.328195,0.409415,0.531915,0.643745,0.489027,0.89171,0.689685,0.908051,0.476772,0.493879,0.579398,0.346749,0.68662,0.153286,0.547227,0.106972,0,0,0,0,0,0,0,0,0,0,0,0,0,0,0.25924,0.469332,0.338902,0.284083,0.257731,0.725476,0.412436,0.254109
0.326673,0.401258,0.530379,0.641024,0.490558,0.897152,0.701942,0.929847,0.478304,0.488435,0.58093,0.360372,0.680499,0.147842,0.548756,0.112407,0,0,0,0,0,0,0,0,0,0,0,0,0,0,0.257715,0.469346,0.334321,0.284068,0.256205,0.722762,0.410904,0.259546
0.32514,0.40397,0.531914,0.635571,0.498214,0.888981,0.708068,0.940749,0.472171,0.469363,0.597778,0.354915,0.689683,0.150553,0.547233,0.115128,0,0,0,0,0,0,0,0,0,0,0,0,0,0,0.256191,0.469355,0.332782,0.281362,0.259263,0.725487,0.417033,0.254103
0.32667,0.401245,0.531914,0.65192,0.496683,0.888983,0.706534,0.948924,0.481362,0.491162,0.594716,0.357643,0.688153,0.150555,0.548759,0.117851,0,0,0,0,0,0,0,0,0,0,0,0,0,0,0.256193,0.469335,0.337377,0.284055,0.262326,0.728205,0.417031,0.256822
0.326657,0.401264,0.531914,0.657366,0.496685,0.888982,0.703469,0.93803,0.48902,0.510234,0.596245,0.346743,0.67437,0.142386,0.547228,0.117859,0,0,0,0,0,0,0,0,0,0,0,0,0,0,0.256183,0.469327,0.340431,0.284089,0.257722,0.722753,0.409373,0.256831
0.32513,0.406686,0.53038,0.654649,0.496684,0.888985,0.698877,0.921678,0.478302,0.485711,0.596246,0.34947,0.678961,0.145109,0.547225,0.115129,0,0,0,0,0,0,0,0,0,0,0,0,0,0,0.256187,0.466649,0.338901,0.284072,0.250072,0.711852,0.412434,0.254103
0.325129,0.403963,0.528852,0.660092,0.493618,0.894435,0.705,0.929852,0.472178,0.472084,0.594716,0.368546,0.685089,0.153283,0.548758,0.115134,0,0,0,0,0,0,0,0,0,0,0,0,0,0,0.253136,0.46933,0.338911,0.278635,0.251594,0.717316,0.413968,0.259545
0.32513,0.401258,0.531912,0.651924,0.492091,0.891708,0.692748,0.905328,0.47524,0.480259,0.594715,0.363093,0.68662,0.153283,0.547235,0.117857,0,0,0,0,0,0,0,0,0,0,0,0,0,0,0.253127,0.469345,0.338904,0.281362,0.245481,0.711865,0.412435,0.256832
0.326651,0.412138,0.53651,0.641024,0.496682,0.886256,0.695812,0.924398,0.489024,0.50751,0.583992,0.346746,0.689687,0.156004,0.548768,0.115142,0,0,0,0,0,0,0,0,0,0,0,0,0,0,0.253148,0.469353,0.340434,0.281355,0.253133,0.720029,0.418561,0.251375
0.326659,0.406688,0.544168,0.649195,0.498214,0.888973,0.708067,0.913501,0.487495,0.488433,0.590121,0.35219,0.698879,0.156016,0.5503,0.117859,0,0,0,0,0,0,0,0,0,0,0,0,0,0,0.256192,0.469339,0.341979,0.281353,0.253125,0.714589,0.418563,0.254098
0.332781,0.398536,0.547231,0.662821,0.499745,0.891703,0.708066,0.924398,0.49821,0.507502,0.593185,0.368545,0.705002,0.161452,0.554892,0.115138,0,0,0,0,0,0,0,0,0,0,0,0,0,0,0.259253,0.469335,0.346552,0.281368,0.254663,0.711886,0.421623,0.259555
0.332781,0.398522,0.5457,0.668272,0.498211,0.891709,0.70807,0.916227,0.495153,0.499337,0.605438,0.393067,0.705008,0.158744,0.553361,0.115134,0,0,0,0,0,0,0,0,0,0,0,0,0,0,0.259257,0.469332,0.346554,0.281366,0.25772,0.714609,0.42316,0.262275
0.332778,0.401247,0.553357,0.679165,0.498213,0.891707,0.703474,0.916228,0.495146,0.507502,0.631479,0.376718,0.695814,0.156008,0.554889,0.126039,0,0,0,0,0,0,0,0,0,0,0,0,0,0,0.257739,0.469375,0.345029,0.281371,0.253149,0.714577,0.423157,0.262274
0.329721,0.406688,0.539571,0.681893,0.498211,0.891707,0.703472,0.913499,0.493616,0.504783,0.620756,0.382169,0.703467,0.158734,0.556422,0.126041,0,0,0,0,0,0,0,0,0,0,0,0,0,0,0.257722,0.469392,0.345035,0.284065,0.251612,0.709147,0.415501,0.262276
0.328196,0.41213,0.539573,0.698237,0.498216,0.89171,0.697342,0.910779,0.490557,0.50206,0.585526,0.398516,0.701941,0.156011,0.556424,0.128753,0,0,0,0,0,0,0,0,0,0,0,0,0,0,0.257725,0.474788,0.345025,0.286773,0.250066,0.706425,0.421626,0.264997
0.328187,0.414853,0.534979,0.70369,0.498218,0.891701,0.703473,0.910774,0.493617,0.504778,0.596247,0.409414,0.705003,0.158739,0.554893,0.126043,0,0,0,0,0,0,0,0,0,0,0,0,0,0,0.257727,0.474821,0.346567,0.286814,0.253134,0.711878,0.417033,0.265008
0.326672,0.423031,0.548762,0.681895,0.501276,0.897154,0.709595,0.927123,0.490552,0.504782,0.613096,0.387617,0.69275,0.156009,0.556419,0.131485,0,0,0,0,0,0,0,0,0,0,0,0,0,0,0.259245,0.47756,0.346556,0.289516,0.251599,0.71731,0.417034,0.26228
0.328189,0.425754,0.550293,0.681895,0.498213,0.902602,0.708063,0.935298,0.489022,0.504783,0.60697,0.37944,0.68662,0.156001,0.556419,0.136931,0,0,0,0,0,0,0,0,0,0,0,0,0,0,0.259239,0.480283,0.346562,0.292209,0.253128,0.722753,0.423157,0.265005
0.326664,0.431205,0.551827,0.676447,0.496684,0.899882,0.688155,0.929853,0.482899,0.507508,0.606971,0.384894,0.686621,0.158731,0.556421,0.131484,0.980724,0.578372,0.983785,0.578359,0,0,0,0,0.97611,0.578364,0,0,0,0,0.256209,0.48569,0.346556,0.292279,0.243948,0.714595,0.417029,0.264996
0.328198,0.425759,0.547232,0.676446,0.496686,0.897157,0.691218,0.932574,0.485962,0.51296,0.599313,0.379444,0.685089,0.15873,0.556419,0.139658,0,0,0,0,0,0,0,0,0,0,0,0,0,0,0.256193,0.485685,0.345052,0.294937,0.243942,0.714588,0.415499,0.262283
0.32514,0.428482,0.554889,0.665545,0.495154,0.899877,0.685093,0.929853,0.490552,0.518406,0.614629,0.376714,0.688155,0.158728,0.557954,0.139656,0,0,0,0,0,0,0,0,0,0,0,0,0,0,0.253145,0.48569,0.345045,0.29223,0.242406,0.709172,0.413969,0.265003
0.325126,0.425762,0.542636,0.670993,0.496683,0.905327,0.698877,0.938027,0.482895,0.493882,0.594715,0.373994,0.695812,0.158732,0.561019,0.134207,0,0,0,0,0,0,0,0,0,0,0,0,0,0,0.253126,0.485668,0.343514,0.292216,0.242405,0.709156,0.412436,0.270448
0.323585,0.423048,0.538042,0.676442,0.498214,0.891707,0.701943,0.938021,0.475239,0.485709,0.596249,0.373992,0.678961,0.153289,0.553357,0.128758,0,0,0,0,0,0,0,0,0,0,0,0,0,0,0.251612,0.482963,0.341991,0.289494,0.242417,0.709163,0.407841,0.267723
0.32359,0.423058,0.53957,0.690069,0.499746,0.899875,0.705004,0.935301,0.472177,0.463912,0.591652,0.376717,0.683557,0.156002,0.553361,0.12876,0,0,0,0,0,0,0,0,0,0,0,0,0,0,0.251621,0.480264,0.341983,0.289494,0.245476,0.711854,0.404779,0.265
0.325128,0.414849,0.539574,0.668273,0.498213,0.891702,0.705006,0.935297,0.487494,0.485707,0.602374,0.382165,0.671304,0.150561,0.548763,0.142379,0,0,0,0,0,0,0,0,0,0,0,0,0,0,0.253127,0.480248,0.343499,0.286789,0.245474,0.714598,0.406312,0.267718
0.328186,0.403948,0.539574,0.670998,0.496684,0.891704,0.705007,0.935303,0.484431,0.493881,0.603907,0.390341,0.669774,0.147837,0.548766,0.136932,0,0,0,0,0,0,0,0,0,0,0,0,0,0,0.25162,0.477509,0.34198,0.286828,0.245487,0.714578,0.404776,0.265006
0.323597,0.40126,0.539573,0.692792,0.495154,0.899882,0.705006,0.940752,0.484426,0.47754,0.625352,0.414866,0.677433,0.153279,0.551826,0.136928,0,0,0,0,0,0,0,0,0,0,0,0,0,0,0.251588,0.474786,0.340439,0.286771,0.247012,0.717315,0.401711,0.273172
0.323575,0.406689,0.538042,0.690065,0.496682,0.897157,0.705007,0.938023,0.481364,0.477533,0.614629,0.395792,0.675897,0.150562,0.550299,0.136941,0,0,0,0,0,0,0,0,0,0,0,0,0,0,0.250091,0.472116,0.340435,0.284097,0.242424,0.711849,0.400189,0.273169
0.319004,0.420293,0.545699,0.681891,0.495154,0.891702,0.703474,0.943477,0.473706,0.458466,0.60697,0.376717,0.671306,0.150556,0.550289,0.139663,0,0,0,0,0,0,0,0,0,0,0,0,0,0,0.250074,0.47751,0.340425,0.286808,0.240883,0.709156,0.403245,0.273177
0.32205,0.409416,0.545702,0.687347,0.493622,0.897151,0.70347,0.946198,0.476773,0.472087,0.611565,0.382165,0.660585,0.142386,0.545697,0.142384,0,0,0,0,0,0,0,0,0,0,0,0,0,0,0.25007,0.477527,0.340437,0.289496,0.240871,0.711878,0.406309,0.275905
0.317469,0.420298,0.544167,0.695517,0.49209,0.897156,0.701939,0.938021,0.476771,0.472088,0.613097,0.382169,0.659053,0.139663,0.545698,0.142383,0,0,0,0,0,0,0,0,0,0,0,0,0,0,0.248539,0.480239,0.337391,0.289518,0.240863,0.711897,0.400183,0.275902
0.315945,0.420303,0.53957,0.684622,0.492089,0.894432,0.69428,0.93802,0.47524,0.47208,0.611564,0.376718,0.660582,0.14239,0.545703,0.145107,0,0,0,0,0,0,0,0,0,0,0,0,0,0,0.247016,0.480273,0.337372,0.289486,0.240867,0.714595,0.401715,0.270453
0.315925,0.433904,0.53498,0.684621,0.490555,0.902601,0.688155,0.918951,0.48596,0.496609,0.591652,0.373994,0.66058,0.145113,0.544167,0.145111,0,0,0,0,0,0,0,0,0,0,0,0,0,0,0.245481,0.485674,0.337367,0.289522,0.239341,0.711887,0.398657,0.256837
0.31746,0.423039,0.541103,0.681899,0.492088,0.89715,0.700407,0.932573,0.489022,0.504779,0.597781,0.373994,0.665176,0.147841,0.545698,0.142386,0,0,0,0,0,0,0,0,0,0,0,0,0,0,0.245489,0.482995,0.335856,0.292214,0.239334,0.711883,0.400183,0.259558
0.317475,0.417583,0.547236,0.681892,0.489024,0.894433,0.69275,0.894428,0.478299,0.474812,0.611565,0.387615,0.671305,0.150554,0.547232,0.142381,0,0,0,0,0,0,0,0,0,0,0,0,0,0,0.246994,0.477554,0.335836,0.289514,0.240894,0.714603,0.40018,0.267721
0.318998,0.4094,0.553353,0.692792,0.496681,0.888976,0.700407,0.905327,0.476769,0.463913,0.606971,0.371268,0.669773,0.147841,0.54723,0.136943,0,0,0,0,0,0,0,0,0,0,0,0,0,0,0.246998,0.474808,0.337368,0.284066,0.242422,0.709153,0.403241,0.256834
0.315944,0.401258,0.557951,0.673718,0.490558,0.891704,0.697344,0.921676,0.481362,0.461182,0.605438,0.371267,0.662111,0.139661,0.544167,0.139656,0,0,0,0,0,0,0,0,0,0,0,0,0,0,0.248516,0.469376,0.337371,0.278657,0.245483,0.709141,0.398646,0.267729
0.317463,0.398506,0.541105,0.681889,0.492087,0.891706,0.691217,0.897153,0.479831,0.455738,0.577867,0.365821,0.662114,0.131487,0.54723,0.142392,0,0,0,0,0,0,0,0,0,0,0,0,0,0,0.245459,0.466629,0.337376,0.275914,0.240887,0.700989,0.394058,0.262282
0.309803,0.40123,0.499747,0.692796,0.490558,0.897157,0.697342,0.924402,0.476767,0.458463,0.481364,0.442111,0.659051,0.142385,0.538039,0.147836,0,0,0,0,0,0,0,0,0,0,0,0,0,0,0.239359,0.466649,0.331248,0.275926,0.239356,0.706398,0.392527,0.275886
0.309794,0.401237,0.490556,0.690072,0.485964,0.888974,0.698873,0.924399,0.479831,0.461191,0.476773,0.447565,0.671306,0.147836,0.545704,0.147826,0,0,0,0,0,0,0,0,0,0,0,0,0,0,0.239351,0.466621,0.329729,0.275906,0.237805,0.703687,0.394059,0.259554
0.314393,0.395784,0.507405,0.69552,0.498212,0.883533,0.705002,0.91078,0.487495,0.463907,0.479836,0.453009,0.671305,0.142386,0.541101,0.142381,0,0,0,0,0,0,0,0,0,0,0,0,0,0,0.24546,0.46388,0.337386,0.270412,0.242414,0.695542,0.400181,0.256841
0.315937,0.398531,0.53651,0.679169,0.499747,0.894426,0.705002,0.916225,0.484425,0.466635,0.588589,0.37399,0.671304,0.139658,0.541104,0.145107,0,0,0,0,0,0,0,0,0,0,0,0,0,0,0.247006,0.461154,0.340426,0.267718,0.242418,0.695551,0.404778,0.254103
0.312878,0.401256,0.531915,0.67917,0.496681,0.88081,0.705006,0.899877,0.487491,0.461184,0.481363,0.436663,0.672837,0.147827,0.545699,0.145107,0,0,0,0,0,0,0,0,0,0,0,0,0,0,0.245485,0.463902,0.337399,0.27047,0.239344,0.698266,0.394049,0.259553
0.312887,0.39853,0.550291,0.687347,0.495148,0.888986,0.692749,0.894427,0.479832,0.45573,0.508936,0.409415,0.66824,0.147829,0.544166,0.145102,0,0,0,0,0,0,0,0,0,0,0,0,0,0,0.245488,0.463901,0.337375,0.273158,0.239336,0.700939,0.392531,0.256823
0.311344,0.401248,0.508936,0.690064,0.492084,0.883524,0.703475,0.929848,0.482899,0.463913,0.48443,0.431216,0.669773,0.145115,0.544171,0.145115,0,0,0,0,0,0,0,0,0,0,0,0,0,0,0.243934,0.466652,0.335847,0.275901,0.237813,0.703686,0.397123,0.262265
0.314397,0.398509,0.508938,0.692791,0.490555,0.886256,0.701942,0.905327,0.481366,0.463911,0.489023,0.425764,0.674367,0.147841,0.544171,0.145117,0,0,0,0,0,0,0,0,0,0,0,0,0,0,0.242428,0.466665,0.335839,0.275933,0.237812,0.706387,0.395589,0.259546
0.312878,0.40122,0.50128,0.687347,0.490559,0.891704,0.701937,0.9353,0.482899,0.466632,0.481364,0.442113,0.672837,0.147838,0.550295,0.147844,0,0,0,0,0,0,0,0,0,0,0,0,0,0,0.243925,0.469343,0.335834,0.278607,0.237825,0.703667,0.39253,0.265
0.309823,0.406682,0.508939,0.687347,0.49362,0.886253,0.71113,0.932571,0.485964,0.474805,0.489024,0.439389,0.669772,0.142381,0.550295,0.14511,0,0,0,0,0,0,0,0,0,0,0,0,0,0,0.243953,0.469337,0.335837,0.281318,0.23933,0.706372,0.400185,0.262271
0.314401,0.414853,0.512002,0.684616,0.493621,0.880805,0.7096,0.905329,0.489021,0.474805,0.482898,0.43939,0.677432,0.150551,0.545699,0.147842,0,0,0,0,0,0,0,0,0,0,0,0,0,0,0.24549,0.472117,0.335863,0.284072,0.239336,0.706414,0.394051,0.265006
0.312875,0.423022,0.507407,0.690066,0.49668,0.880807,0.711128,0.908054,0.49209,0.477539,0.482896,0.439391,0.678961,0.147841,0.548762,0.15056,0,0,0,0,0,0,0,0,0,0,0,0,0,0,0.245486,0.480237,0.335854,0.286794,0.237829,0.70643,0.398648,0.25956
0.312875,0.425768,0.505875,0.703692,0.489024,0.89715,0.708069,0.927126,0.485963,0.485712,0.490555,0.458461,0.666711,0.150557,0.547232,0.158739,0,0,0,0,0,0,0,0,0,0,0,0,0,0,0.243944,0.483006,0.335827,0.292199,0.236272,0.709135,0.398654,0.27862
0.312876,0.425774,0.510469,0.706422,0.493616,0.897151,0.706538,0.924404,0.493617,0.485709,0.501276,0.477534,0.68509,0.156009,0.550297,0.158722,0,0,0,0,0,0,0,0,0,0,0,0,0,0,0.243937,0.485664,0.33585,0.292227,0.234751,0.709124,0.40324,0.273193
0.311356,0.433917,0.507406,0.709139,0.493617,0.888984,0.703471,0.918949,0.48596,0.480261,0.485959,0.45029,0.67743,0.153282,0.54876,0.15873,0,0,0,0,0,0,0,0,0,0,0,0,0,0,0.243943,0.485713,0.335846,0.292285,0.236273,0.709154,0.401714,0.284078
0.315942,0.428465,0.512001,0.709143,0.49515,0.886255,0.698877,0.894428,0.482894,0.463915,0.493618,0.431217,0.677433,0.153279,0.550293,0.156011,0,0,0,0,0,0,0,0,0,0,0,0,0,0,0.246999,0.485689,0.337386,0.294951,0.236278,0.709146,0.409366,0.270458
0.32052,0.433927,0.527318,0.725489,0.499747,0.883526,0,0,0,0,0.482899,0.469359,0.671304,0.158733,0.550296,0.161455,0,0,0,0,0,0,0,0,0,0,0,0,0,0,0.248521,0.491144,0.337403,0.30042,0.240857,0.722782,0.403245,0.284088
0.319001,0.433945,0.547231,0.75547,0.496684,0.891707,0.654456,0.886252,0.481362,0.461187,0.478298,0.485711,0.675901,0.156013,0.545703,0.161455,0,0,0,0,0,0,0,0,0,0,0,0,0,0,0.247014,0.493902,0.337387,0.308598,0.239359,0.728228,0.39558,0.297687
0.320539,0.433939,0.544164,0.758189,0.490557,0.916225,0.675898,0.993884,0.481364,0.477539,0.476767,0.480264,0.674368,0.158734,0.541102,0.164187,0,0,0,0,0,0,0,0,0,0,0,0,0,0,0.245479,0.502053,0.337381,0.313993,0.237805,0.730918,0.395593,0.308578
0.322042,0.436656,0.548764,0.760912,0.49362,0.918954,0.678963,0.993884,0.479837,0.507506,0.499745,0.545652,0,0,0,0,0,0,0,0,0,0,0,0,0,0,0,0,0,0,0.247006,0.499348,0.337392,0.314002,0.23782,0.728231,0.39713,0.303149
0.325148,0.43936,0.55335,0.758192,0.490558,0.913501,0.652921,0.875358,0.478302,0.49116,0.481367,0.496607,0.669774,0.161455,0.548765,0.158726,0,0,0,0,0,0,0,0,0,0,0,0,0,0,0.250069,0.507486,0.343494,0.314024,0.239346,0.728258,0.406311,0.30043
0.32511,0.444839,0.548762,0.760914,0.493619,0.90533,0.660581,0.993884,0.475241,0.499335,0.475237,0.504784,0.665176,0.161463,0.548759,0.158744,0,0,0,0,0,0,0,0,0,0,0,0,0,0,0.250051,0.507518,0.343486,0.31407,0.239331,0.730977,0.404785,0.311307
0.32359,0.444854,0.542636,0.752732,0.493621,0.897156,0.660581,0.9244,0,0,0.495152,0.532028,0.675896,0.172358,0.548768,0.15873,0,0,0,0,0,0,0,0,0,0,0,0,0,0,0.248531,0.507513,0.341982,0.314095,0.239333,0.730952,0.403245,0.305856
0.322056,0.442124,0.548766,0.755477,0.492087,0.929847,0.675898,0.993885,0.475236,0.518405,0.531914,0.654648,0,0,0,0,0,0,0,0,0,0,0,0,0,0,0,0,0,0,0.248539,0.507479,0.341968,0.316754,0.23782,0.733652,0.410914,0.314018
0.32357,0.439396,0.554882,0.771804,0.496683,0.899878,0.662115,0.993884,0.473706,0.51568,0.530381,0.646471,0,0,0,0,0,0,0,0,0,0,0,0,0,0,0,0,0,0,0.248534,0.507515,0.341991,0.316743,0.239366,0.736386,0.415494,0.314036
0.322072,0.450286,0.554893,0.763645,0.499746,0.91895,0.666708,0.993884,0.475242,0.507509,0.531914,0.665546,0,0,0,0,0,0,0,0,0,0,0,0,0,0,0,0,0,0,0.248549,0.510235,0.341966,0.316787,0.239363,0.733674,0.410909,0.305845
0.325129,0.442109,0.556422,0.766367,0.499747,0.902604,0,0,0,0,0.519658,0.548377,0.671303,0.164184,0.567143,0.147841,0,0,0,0,0,0,0,0,0,0,0,0,0,0,0.253124,0.512924,0.343499,0.316755,0.242417,0.73096,0.413973,0.305865
0.323611,0.450269,0.554886,0.766358,0.504341,0.897156,0,0,0,0,0.476771,0.510236,0.668242,0.164179,0.57327,0.155999,0,0,0,0,0,0,0,0,0,0,0,0,0,0,0.25162,0.512945,0.345021,0.316757,0.24088,0.730953,0.413962,0.30862
0.323611,0.450278,0.55642,0.752745,0.502811,0.908054,0.654455,0.88353,0.478302,0.510234,0.522722,0.51568,0,0,0,0,0,0,0,0,0,0,0,0,0,0,0,0,0,0,0.251618,0.512963,0.345026,0.316738,0.2409,0.73099,0.415503,0.305875
0.325107,0.447557,0.550296,0.736395,0.504343,0.90533,0.677431,0.993884,0,0,0.510471,0.439395,0.677432,0.164188,0.570204,0.153292,0,0,0,0,0,0,0,0,0,0,0,0,0,0,0.251603,0.512973,0.343496,0.316747,0.242407,0.730949,0.412434,0.303147
0.325115,0.450294,0.556417,0.755462,0.502809,0.908052,0.688153,0.993884,0.475236,0.502056,0.507408,0.433946,0.680494,0.164188,0.571737,0.153292,0,0,0,0,0,0,0,0,0,0,0,0,0,0,0.251613,0.512986,0.343493,0.316742,0.242411,0.730956,0.410901,0.305859
0.325133,0.450289,0.556411,0.750022,0.495151,0.89715,0.683558,0.993885,0.482898,0.521134,0.492089,0.469359,0.683558,0.164182,0.570204,0.153276,0,0,0,0,0,0,0,0,0,0,0,0,0,0,0.251614,0.512935,0.343522,0.314033,0.242426,0.728168,0.412445,0.297698
0.325122,0.455738,0.547235,0.706422,0.504344,0.91895,0.674367,0.993885,0.449196,0.47753,0.574803,0.393068,0.668241,0.15601,0.553358,0.153292,0,0,0,0,0,0,0,0,0,0,0,0,0,0,0.25161,0.512946,0.34352,0.313997,0.240902,0.728188,0.413962,0.289527
0.326653,0.450288,0.541106,0.687345,0.498214,0.9135,0.671305,0.987072,0.45839,0.480256,0.568675,0.40669,0.675898,0.164182,0.553364,0.15602,0,0,0,0,0,0,0,0,0,0,0,0,0,0,0.253121,0.512941,0.343518,0.314012,0.240896,0.728177,0.409365,0.308591
0.328186,0.447558,0.548765,0.730945,0.501277,0.91895,0.672835,0.932577,0.466047,0.485707,0.597779,0.45301,0.671306,0.158743,0.551827,0.158741,0,0,0,0,0,0,0,0,0,0,0,0,0,0,0.256187,0.512946,0.343519,0.31406,0.242426,0.725465,0.407833,0.303139
0.328189,0.458453,0.545695,0.739121,0.505876,0.902602,0.680495,0.989796,0,0,0.453798,0.493888,0.672837,0.158729,0.551832,0.158735,0,0,0,0,0,0,0,0,0,0,0,0,0,0,0.25771,0.51297,0.346562,0.314083,0.243949,0.728172,0.40478,0.303148
0.328196,0.463889,0.547236,0.728216,0.508937,0.91078,0,0,0,0,0.590121,0.425764,0.669772,0.158724,0.550293,0.161457,0,0,0,0,0,0,0,0,0,0,0,0,0,0,0.25774,0.515715,0.343505,0.3195,0.243937,0.733647,0.403248,0.303151
0.32667,0.458457,0.551824,0.739112,0.508936,0.908052,0.663645,0.940751,0.466046,0.477534,0.593184,0.436663,0.669772,0.158727,0.547231,0.164183,0,0,0,0,0,0,0,0,0,0,0,0,0,0,0.257732,0.518423,0.343519,0.322215,0.240886,0.730926,0.403247,0.305868
0.3389,0.463915,0.550298,0.728212,0.510467,0.894431,0,0,0,0,0.59931,0.439385,0.665178,0.156014,0.5457,0.172363,0,0,0,0,0,0,0,0,0,0,0,0,0,0,0.259244,0.53203,0.341974,0.330385,0.240908,0.733689,0.407838,0.294958
0.337383,0.46663,0.570208,0.673719,0.508938,0.880804,0,0,0,0,0.605438,0.439385,0.66824,0.156014,0.54417,0.177807,0,0,0,0,0,0,0,0,0,0,0,0,0,0,0.259266,0.537463,0.341978,0.335821,0.240905,0.733676,0.4063,0.305857
0.340433,0.472076,0.550296,0.736387,0.522724,0.888979,0.660584,0.921677,0.462985,0.469358,0.512001,0.447565,0.665177,0.153283,0.536509,0.166912,0,0,0,0,0,0,0,0,0,0,0,0,0,0,0.262298,0.542927,0.341967,0.341322,0.245477,0.739129,0.394066,0.316785
0.33892,0.472073,0.547233,0.755462,0.505874,0.916225,0.672835,0.993885,0.472174,0.477536,0.508938,0.534752,0,0,0,0,0,0,0,0,0,0,0,0,0,0,0,0,0,0,0.262334,0.540213,0.343518,0.341315,0.243943,0.741858,0.400191,0.316772
0.341981,0.480253,0.541105,0.758187,0.502811,0.924404,0.666709,0.993883,0.475243,0.499331,0.519661,0.439395,0,0,0,0,0,0,0,0,0,0,0,0,0,0,0,0,0,0,0.263874,0.537514,0.34962,0.341253,0.242431,0.736381,0.409371,0.316779
0.343519,0.480267,0.49362,0.698244,0.505874,0.897156,0,0,0,0,0.485962,0.49933,0.70194,0.156009,0.568677,0.161455,0,0,0,0,0,0,0,0,0,0,0,0,0,0,0.265383,0.537496,0.349634,0.338593,0.248537,0.736382,0.417037,0.297691
0.340455,0.477518,0.553355,0.788157,0.507404,0.940747,0.675899,0.993884,0.479833,0.532033,0,0,0,0,0,0,0,0,0,0,0,0,0,0,0,0,0,0,0,0,0.263849,0.537471,0.346564,0.335841,0.24854,0.736375,0.427754,0.294985
0.33891,0.482958,0.567142,0.790885,0.505876,0.927127,0.680493,0.993885,0.479836,0.537478,0,0,0,0,0,0,0,0,0,0,0,0,0,0,0,0,0,0,0,0,0.262317,0.540191,0.34351,0.335842,0.245482,0.730939,0.423162,0.289512
0.337371,0.480252,0.557955,0.76636,0.498214,0.954373,0.662115,0.995246,0.449195,0.474815,0.536511,0.488438,0,0,0,0,0,0,0,0,0,0,0,0,0,0,0,0,0,0,0.259258,0.545678,0.33739,0.338574,0.240891,0.73911,0.418566,0.289514
0.338907,0.480269,0.587053,0.815392,0.496682,0.948927,0.686623,0.993884,0.470642,0.502056,0.544166,0.341284,0,0,0,0,0,0,0,0,0,0,0,0,0,0,0,0,0,0,0.259258,0.548358,0.337399,0.338562,0.240875,0.739111,0.426224,0.273166
0.338914,0.477515,0.544168,0.676444,0.50434,0.918954,0.652922,0.867176,0.484428,0.52385,0.576335,0.327674,0.732583,0.175082,0.636074,0.0606261,0,0,0,0,0,0,0,0,0,0,0,0,0,0,0.262298,0.542927,0.341957,0.335834,0.251599,0.747287,0.424694,0.259564
0.341978,0.4748,0.542636,0.690068,0.505874,0.921675,0.697344,0.995247,0,0,0.590121,0.346746,0.731045,0.161464,0.634542,0.0224934,0,0,0,0,0,0,0,0,0,0,0,0,0,0,0.262324,0.542918,0.343504,0.335816,0.245472,0.733687,0.424686,0.256835
0.346567,0.47481,0.544169,0.651924,0.515064,0.924401,0.685091,0.993885,0.479834,0.523859,0.594716,0.330397,0.752487,0.131489,0.579401,0.0225074,0,0,0,0,0,0,0,0,0,0,0,0,0,0,0.266925,0.53748,0.348079,0.330373,0.248543,0.733659,0.42317,0.259539
0.349636,0.469345,0.570207,0.651925,0.527319,0.905327,0,0,0,0,0.606971,0.319496,0.763211,0.123311,0,0,0,0,0,0,0,0,0,0,0,0,0,0,0,0,0.268435,0.532053,0.34962,0.327671,0.250058,0.730954,0.426224,0.270449
0.348102,0.455722,0.590119,0.65737,0.52885,0.995247,0,0,0,0,0.619225,0.322223,0.775464,0.136938,0,0,0,0,0,0,0,0,0,0,0,0,0,0,0,0,0.268453,0.523831,0.352709,0.319506,0.254659,0.730938,0.427765,0.254094
