0.247009,0.425795,0.366483,0.474806,0.35882,0.703696,0.521189,0.973453,0,0,0.364948,0.251385,0.476764,0.136929,0,0,0.758614,0.431213,0.763209,0.57835,0.98838,0.75546,0,0,0.724916,0.273177,0,0,0,0,0.191856,0.488449,0.237831,0.314037,0.205651,0.643744,0.271523,0.232296
0.242411,0.40672,0.374138,0.477541,0.351169,0.692787,0.507408,0.940753,0.522736,0.948959,0.369548,0.251363,0.473705,0.0797145,0,0,0.761677,0.420314,0.760145,0.591973,0,0,0,0,0.731043,0.256826,0,0,0,0,0.190334,0.477533,0.236282,0.30858,0.20718,0.619239,0.271518,0.229606
0.24394,0.401209,0.375667,0.480246,0.35576,0.695527,0.501271,0.951656,0.51047,0.951676,0.394055,0.2432,0.449201,0.0170481,0,0,0.769336,0.428488,0.764742,0.619226,0.99757,0.774539,0,0,0.74483,0.256826,0,0,0,0,0.191878,0.469368,0.239345,0.300457,0.207179,0.616512,0.273053,0.22688
0.251582,0.403977,0.375666,0.482963,0.358827,0.706408,0.501284,0.970722,0,0,0.389459,0.248656,0.438477,0.0361149,0,0,0.767807,0.436665,0.766275,0.632849,0.994506,0.809959,0,0,0.749423,0.273175,0,0,0,0,0.196468,0.47481,0.243947,0.308581,0.208716,0.619217,0.27457,0.2296
0.263865,0.420285,0.383335,0.482987,0.363423,0.706413,0.505876,0.968009,0,0,0.403246,0.24866,0,0,0,0,0.770868,0.409414,0.772401,0.600154,0.99987,0.807233,0,0,0.750955,0.259553,0,0,0,0,0.208719,0.488403,0.253147,0.314039,0.220967,0.641008,0.27764,0.235038
0.271513,0.420329,0.386396,0.48024,0.369544,0.711858,0.508939,0.973459,0,0,0.415496,0.248638,0.427761,0.0115995,0,0,0.766272,0.393068,0.772399,0.5838,0.977657,0.793609,0,0,0.738702,0.25683,0.790784,0.0170554,0,0,0.214834,0.488457,0.259259,0.314091,0.227097,0.64376,0.282229,0.232287
0.276095,0.401219,0.387923,0.488431,0.371076,0.709141,0.502809,0.973443,0,0,0.390993,0.256831,0,0,0,0,0.813759,0.42849,0.844394,0.630125,0,0,0,0,0.7724,0.2541,0,0,0,0,0.225536,0.472078,0.262304,0.305849,0.236284,0.641033,0.286834,0.229576
0.276127,0.384906,0.378745,0.482975,0.371085,0.706408,0.501278,0.978907,0,0,0.395588,0.251375,0,0,0,0,0.812227,0.398515,0.821418,0.624673,0,0,0,0,0.778528,0.207781,0,0,0,0,0.22555,0.461207,0.262328,0.294934,0.233213,0.635576,0.286828,0.224119
0.280699,0.349463,0.383334,0.461192,0.371079,0.68735,0.490559,0.981625,0,0,0.401713,0.218673,0.430817,0.166916,0.357284,0.117848,0.809163,0.368543,0.881155,0.578352,0,0,0,0,0.75402,0.235026,0.783127,0.0551912,0,0,0.227109,0.425775,0.263861,0.267715,0.224029,0.630128,0.29601,0.20505
0.28529,0.338558,0.378735,0.450289,0.364952,0.668269,0.476773,0.91078,0,0,0.403243,0.207787,0.358824,0.0333922,0,0,0.822949,0.34947,0.885751,0.581076,0,0,0,0,0.778528,0.153284,0,0,0,0,0.228617,0.406673,0.266909,0.251415,0.214848,0.616504,0.29602,0.194132
0.291438,0.300401,0.3864,0.453013,0.371081,0.662831,0.469109,0.875355,0,0,0.400182,0.207783,0.423167,0.155995,0.363419,0.112419,0.826012,0.368543,0.826014,0.572905,0,0,0,0,0.816822,0.147833,0,0,0,0,0.242393,0.365807,0.273062,0.226847,0.216359,0.608312,0.302141,0.164223
0.296015,0.28949,0.389453,0.453014,0.37108,0.6601,0.467583,0.859009,0,0,0.400185,0.207772,0.421633,0.147837,0.36342,0.112438,0.826011,0.382169,0.826012,0.575629,0,0,0,0,0.822949,0.183256,0,0,0,0,0.24549,0.346762,0.277664,0.218653,0.217901,0.594674,0.311331,0.166901
0.305203,0.259561,0.392512,0.452998,0.377205,0.654644,0.473702,0.84811,0,0,0.40631,0.218689,0.328188,0.136932,0,0,0.819885,0.352195,0.896474,0.537481,0,0,0,0,0.763212,0.267727,0,0,0,0,0.262302,0.311348,0.288389,0.205063,0.22401,0.572901,0,0
0.312852,0.248691,0.38946,0.450292,0.375669,0.643747,0.475235,0.84539,0,0,0.40631,0.215964,0.351166,0.126039,0,0,0.83214,0.36582,0.885751,0.55383,0,0,0,0,0.767806,0.202333,0.775461,0.0769891,0,0,0.265374,0.295015,0.289911,0.196876,0.222505,0.562028,0,0
0.317467,0.229557,0.39253,0.439398,0.378736,0.635574,0.473699,0.850835,0,0,0.400186,0.221392,0.390989,0.142387,0.357296,0.126037,0.845925,0.37127,0.925576,0.556552,0,0,0,0,0.776995,0.199604,0.76168,0.112409,0,0,0.269964,0.275867,0.292942,0.191412,0.227096,0.545666,0,0
0.317457,0.226838,0.389454,0.436654,0.375669,0.638297,0.472172,0.856287,0,0,0.401716,0.215957,0.384864,0.142389,0.351171,0.123302,0.816821,0.384893,0.830608,0.57018,0,0,0,0,0.78925,0.210505,0,0,0,0,0.269971,0.270445,0.29143,0.188695,0.227108,0.54021,0,0
0.315929,0.224083,0.381806,0.444835,0.371083,0.643747,0.469114,0.899881,0,0,0.401714,0.224132,0,0,0,0,0.822948,0.398516,0.839799,0.562006,0,0,0,0,0.783123,0.23775,0,0,0,0,0.268445,0.264984,0.286839,0.188684,0.227115,0.532034,0,0
0.31286,0.224118,0.383335,0.439396,0.371078,0.643744,0.466046,0.891701,0,0,0.395581,0.218687,0,0,0,0,0.796908,0.363093,0.826011,0.545657,0,0,0,0,0.766275,0.215954,0.761681,0.0960662,0,0,0.266928,0.26501,0.286819,0.188695,0.228632,0.532018,0,0
0.309796,0.224131,0.378733,0.442119,0.368014,0.646473,0.461453,0.924403,0,0,0.392526,0.221396,0,0,0,0,0.803036,0.379443,0.82295,0.559277,0,0,0,0,0.769338,0.232303,0,0,0,0,0.265389,0.267707,0.279181,0.191429,0.22864,0.531995,0,0
0.308264,0.224111,0.380272,0.447566,0.368017,0.649203,0.458395,0.932576,0,0,0.39712,0.232303,0,0,0,0,0.806099,0.36582,0.835203,0.548381,0,0,0,0,0.763211,0.229577,0,0,0,0,0.265383,0.267706,0.279178,0.194181,0.228639,0.532002,0,0
0.305204,0.218661,0.381804,0.444847,0.36648,0.635579,0.458393,0.908056,0,0,0.394056,0.240471,0.420082,0.158725,0.320543,0.15329,0.786186,0.382165,0.832139,0.551103,0,0,0,0,0.732576,0.284068,0.775455,0.0960724,0,0,0.265372,0.259549,0.277659,0.191413,0.230171,0.52656,0,0
0.30673,0.213247,0.384871,0.44485,0.36955,0.632848,0.461457,0.929848,0,0,0.394061,0.243206,0.398652,0.150559,0.312905,0.142355,0.767807,0.376714,0.82295,0.564725,0,0,0,0,0.729512,0.256827,0.778522,0.0960494,0,0,0.265391,0.254111,0.276112,0.188761,0.236283,0.523825,0,0
0.305215,0.205082,0.38486,0.442106,0.369547,0.624668,0.473705,0.948924,0,0,0.39252,0.251368,0.371076,0.123318,0,0,0.760146,0.39579,0.766272,0.572906,0.942427,0.744561,0,0,0.729512,0.275901,0.790789,0.0987819,0,0,0.262337,0.248682,0.269981,0.185947,0.234755,0.512981,0,0
0.300633,0.205035,0.384872,0.439398,0.371074,0.611046,0.476765,0.918951,0,0,0.387931,0.245917,0.357293,0.120596,0,0,0.769338,0.431213,0.766274,0.613775,0.899536,0.736389,0,0,0.746362,0.262277,0.819888,0.0715463,0,0,0.260801,0.248625,0.266916,0.18324,0.237828,0.512962,0,0
0.292946,0.207749,0.386393,0.439374,0.369552,0.613769,0.496682,0.845372,0.469109,0.993889,0.372611,0.235025,0.334313,0.134205,0,0,0.764743,0.455737,0.763209,0.632846,0,0,0,0,0.738702,0.275902,0.8689,0.106962,0,0,0.257729,0.24869,0.260795,0.194173,0.240884,0.512956,0,0
0.282235,0.2105,0.387933,0.433949,0.371078,0.613767,0.502811,0.818139,0.464519,0.993887,0.372608,0.229582,0.340439,0.126044,0,0,0.760145,0.463912,0.744829,0.632847,0.92711,0.763639,0,0,0.754019,0.300424,0,0,0,0,0.253128,0.251416,0.24853,0.199614,0.24853,0.515691,0,0
0.273052,0.210496,0.380275,0.433931,0.369542,0.621942,0.507412,0.809968,0.472172,0.992521,0.368013,0.232301,0.345026,0.147839,0,0,0.721854,0.477542,0.705003,0.616495,0.7724,0.722772,0.988373,0.668268,0.726447,0.344019,0.943957,0.240478,0,0,0.248532,0.251374,0.230162,0.20777,0.2516,0.512938,0,0
0.271503,0.207766,0.377213,0.436668,0.368014,0.624664,0.507408,0.804516,0.475237,0.992522,0.36648,0.237743,0.345025,0.155986,0,0,0.714192,0.488434,0.700408,0.621947,0.769336,0.739111,0.97306,0.657377,0.718788,0.354913,0.939361,0.256826,0,0,0.243942,0.251348,0.239345,0.205052,0.25313,0.499349,0,0
0.25926,0.202301,0.38486,0.442116,0.372604,0.602879,0.50434,0.82086,0.473704,0.993888,0.371069,0.245926,0.345037,0.158717,0,0,0.711131,0.482991,0.688151,0.61923,0.755549,0.755468,0.96234,0.662812,0.71726,0.352194,0.890347,0.286803,0,0,0.239341,0.245901,0.239331,0.20776,0.256189,0.477544,0,0
0.2562,0.194153,0.377207,0.433929,0.371085,0.600145,0.504343,0.818132,0.472176,0.993887,0.368013,0.243203,0.341968,0.153284,0,0,0.711129,0.491162,0.686624,0.627403,0.731045,0.758186,0.969999,0.700968,0.723385,0.354912,0.966934,0.349466,0,0,0.239336,0.232335,0.237812,0.199608,0.253142,0.466664,0,0
0.25006,0.186017,0.377212,0.436655,0.371082,0.597424,0.504342,0.820864,0.470643,0.993888,0.368014,0.218679,0.343497,0.147832,0,0,0.717255,0.502054,0.689688,0.635574,0.727977,0.790891,0.959275,0.717321,0.727978,0.365812,0.954682,0.368539,0,0,0.239328,0.226851,0.237792,0.194153,0.254662,0.461203,0,0
0.250072,0.186014,0.378737,0.44211,0.372613,0.6056,0.502814,0.834479,0.470645,0.993887,0.343506,0.19416,0.345024,0.153278,0,0,0.711135,0.518406,0.689683,0.649199,0.729507,0.796326,0.97153,0.741836,0.727979,0.376718,0,0,0,0,0.237795,0.226809,0.237792,0.196889,0.259258,0.455738,0,0
0.250067,0.199588,0.377207,0.442108,0.371073,0.608324,0.501279,0.842658,0.472172,0.993888,0.361886,0.213228,0.343512,0.147843,0,0,0.723384,0.502058,0.69275,0.641023,0.717259,0.799068,0.957745,0.71459,0.731044,0.365822,0.977658,0.344022,0,0,0.23781,0.232339,0.236265,0.207799,0.259253,0.46663,0,0
0.245467,0.20232,0.374148,0.439391,0.369545,0.611053,0.501271,0.842657,0.472175,0.993888,0.358823,0.218677,0.343507,0.134203,0,0,0.717259,0.493883,0.691216,0.646474,0.7096,0.799057,0.945491,0.692794,0.721854,0.354922,0.968466,0.316773,0,0,0.236282,0.235061,0.230157,0.218663,0.260781,0.469369,0.231688,0.185982
0.239348,0.205026,0.371077,0.442106,0.366484,0.616504,0.495149,0.845377,0.46605,0.99389,0.338912,0.188707,0.337376,0.115129,0,0,0.721853,0.472084,0.706533,0.646473,0.694281,0.812684,0.97153,0.66282,0.724915,0.354923,0,0,0,0,0.224024,0.248648,0.220968,0.218668,0.259246,0.480259,0,0
0.236288,0.210522,0.36342,0.44212,0.357294,0.613772,0.492089,0.842658,0.459921,0.993889,0.335845,0.185982,0.335841,0.109682,0,0,0.71113,0.482982,0.691216,0.649197,0.674367,0.812685,0.936298,0.695515,0.712664,0.354919,0.887283,0.267722,0,0,0.219438,0.248649,0.216366,0.218671,0.257719,0.482966,0.214843,0.169643
0.227091,0.210533,0.358817,0.439385,0.3527,0.608324,0.479828,0.845383,0.458388,0.993885,0.341972,0.194158,0.33737,0.109681,0,0,0.691216,0.512954,0.660582,0.632852,0.660581,0.83993,0.927111,0.717315,0.701941,0.379444,0.864307,0.31405,0,0,0.214849,0.248674,0.211787,0.224121,0.253136,0.477536,0.210243,0.18598
0.230166,0.210484,0.349628,0.43394,0.346575,0.608329,0.475244,0.845369,0.447669,0.993888,0.341973,0.196881,0.33739,0.106977,0,0,0.671305,0.526585,0.648324,0.646476,0.655989,0.848119,0.914859,0.747284,0.688156,0.390344,0.81223,0.297694,0,0,0.216359,0.248651,0.250072,0.477541,0.256193,0.469383,0.211772,0.188707
0.227089,0.207798,0.348111,0.436651,0.346565,0.611049,0.473702,0.845388,0.446131,0.993891,0.340446,0.21322,0.33737,0.104221,0,0,0.677432,0.529307,0.654453,0.651918,0.6468,0.850827,0.907198,0.763637,0.694282,0.390351,0.894943,0.357646,0,0,0.213318,0.248666,0.21023,0.229572,0.254671,0.47754,0.211773,0.196882
0.228613,0.207816,0.349635,0.431217,0.345034,0.619214,0.473707,0.848112,0.447662,0.989802,0.34504,0.205051,0.337387,0.0987942,0,0,0.677431,0.534751,0.65139,0.65737,0.646794,0.848105,0.928643,0.769089,0.701939,0.393062,0.881156,0.352198,0,0,0.214813,0.251396,0.210232,0.226848,0.256189,0.482996,0.21177,0.202328
0.236276,0.213247,0.357297,0.439377,0.34503,0.627405,0.47677,0.848103,0.449194,0.993887,0.346574,0.210505,0.332784,0.0851542,0.239347,0.180524,0.672835,0.542925,0.643733,0.660095,0.645267,0.848118,0.934766,0.818135,0.691215,0.412145,0.914856,0.403965,0,0,0.237805,0.453007,0.217902,0.229586,0.25773,0.49662,0.2179,0.207778
0.236282,0.210528,0.355764,0.436671,0.346564,0.63012,0.478295,0.848096,0.449196,0.993889,0.345038,0.196889,0.326658,0.0933325,0.230158,0.16689,0.682027,0.540203,0.651391,0.660096,0.648327,0.845382,0.936301,0.839926,0.703471,0.406695,0.839798,0.349463,0,0,0.222504,0.254134,0.222492,0.213225,0.259265,0.496617,0.219435,0.210503
0.233211,0.215928,0.360356,0.444841,0.349631,0.632851,0.479829,0.853549,0.452267,0.993891,0.34197,0.207781,0.323585,0.0878966,0.228629,0.18326,0.683556,0.52659,0.651391,0.646476,0.654456,0.839936,0.953151,0.850832,0.700406,0.393071,0.848989,0.346736,0,0,0.257707,0.49116,0.219422,0.218669,0.265382,0.515656,0,0
0.228633,0.218679,0.363414,0.444826,0.354226,0.627392,0.478307,0.859014,0.455329,0.993889,0.33891,0.199612,0.322064,0.0960547,0.23015,0.180525,0.677431,0.537483,0.640666,0.66009,0.654445,0.823581,0.96234,0.867184,0.697344,0.406695,0.833672,0.335851,0,0,0.217896,0.259571,0.216364,0.224122,0.263853,0.512951,0,0
0.225569,0.221404,0.364949,0.450291,0.358824,0.627401,0.476775,0.86445,0.470642,0.993887,0.335844,0.205061,0.320519,0.101531,0.23475,0.194155,0.675902,0.529312,0.63914,0.651921,0.65293,0.799063,0.957744,0.859004,0.697346,0.393065,0,0,0,0,0.216371,0.259569,0.211762,0.226839,0.262325,0.499324,0,0
0.225555,0.215948,0.363425,0.453012,0.358821,0.627399,0.476768,0.864457,0.472176,0.993887,0.340441,0.205059,0.322046,0.104252,0.231689,0.199603,0.66824,0.529309,0.636072,0.651923,0.654447,0.796336,0.947022,0.850836,0.695814,0.390347,0,0,0,0,0.214846,0.256817,0.210253,0.229569,0.262323,0.491175,0,0
0.220961,0.207798,0.36035,0.450283,0.355758,0.627407,0.473702,0.872636,0,0,0.33891,0.194158,0.325118,0.106983,0.231685,0.194153,0.669773,0.515681,0.6422,0.635573,0.649861,0.771811,0.945491,0.839928,0.695815,0.37944,0,0,0,0,0.188797,0.357643,0.208716,0.24048,0.260794,0.482991,0.207184,0.202334
0.217895,0.207803,0.363421,0.447552,0.361886,0.624673,0.473711,0.886256,0,0,0.345039,0.199607,0.335841,0.109712,0.228622,0.166925,0.678961,0.507511,0.648325,0.630129,0.648328,0.76637,0.94549,0.842647,0.698877,0.379441,0,0,0,0,0.205638,0.259551,0.201057,0.243206,0.259256,0.477542,0.205644,0.199603
0.213282,0.205023,0.372613,0.444844,0.368018,0.62468,0.478301,0.957099,0,0,0.352695,0.194157,0.349642,0.117875,0,0,0.672836,0.521127,0.648327,0.643745,0.645262,0.76091,0.957746,0.848108,0.705,0.382168,0.973062,0.37672,0,0,0.191863,0.333121,0.239334,0.186036,0.254665,0.477534,0.314387,0.229604
0.214833,0.199629,0.371082,0.463903,0.363417,0.6492,0.482896,0.976175,0,0,0.351165,0.199608,0.369551,0.115127,0,0,0.671305,0.510234,0.646797,0.654648,0.648325,0.758198,0.962341,0.85084,0.705003,0.373994,0.989911,0.390341,0,0,0.193392,0.37399,0.247009,0.183214,0.250071,0.474809,0.317462,0.226886
0.216368,0.191435,0.371072,0.455741,0.36495,0.649195,0.473705,0.943474,0,0,0.371077,0.232303,0.392508,0.126015,0.279182,0.175076,0.659047,0.532036,0.633007,0.651925,0.651387,0.76364,0.966934,0.853561,0.682023,0.412141,0.862773,0.368538,0,0,0.247003,0.463891,0.263842,0.183221,0.250073,0.474823,0,0
0.217895,0.191433,0.372599,0.453009,0.36648,0.654649,0.475232,0.938023,0,0,0.371081,0.232307,0.395597,0.128744,0.288372,0.17781,0.666707,0.529302,0.636072,0.649203,0.651391,0.760904,0.977656,0.85628,0.686624,0.395792,0.882688,0.368544,0,0,0.194921,0.254103,0.194924,0.20506,0.24853,0.474815,0,0
0.211771,0.199609,0.371077,0.45846,0.369542,0.657364,0.478298,0.967999,0,0,0.371079,0.24048,0.409361,0.139654,0.308271,0.169631,0.669773,0.523862,0.640666,0.643753,0.65445,0.758196,0.982254,0.948927,0.689688,0.393063,0,0,0,0,0.193397,0.254095,0.191852,0.229574,0.254657,0.466619,0,0
0.210235,0.202323,0.372604,0.461183,0.369548,0.657363,0.47983,0.970722,0,0,0.372607,0.245934,0.410911,0.142378,0.306748,0.172361,0.672835,0.526578,0.646794,0.649194,0.654452,0.760909,0.953149,0.905327,0.691216,0.39579,0.86737,0.349475,0,0,0.191868,0.254089,0.190323,0.229577,0.25007,0.469347,0,0
0.2225,0.180542,0.368015,0.46936,0.364955,0.662817,0.475243,0.948929,0,0,0.371076,0.248658,0.403252,0.134223,0.303676,0.175085,0.669772,0.510233,0.643734,0.6383,0.654449,0.7582,0.940895,0.886251,0.686623,0.38761,0.859712,0.344022,0,0,0.193392,0.2514,0,0,0.248533,0.472083,0,0
0.227083,0.169654,0.364956,0.469353,0.361892,0.657371,0.475237,0.948925,0,0,0.369545,0.243193,0.406318,0.139661,0.300624,0.183246,0.663645,0.51296,0.636077,0.635577,0.654456,0.760925,0.947021,0.927125,0.680492,0.387619,0.824482,0.311325,0,0,0.193403,0.254105,0.2807,0.194169,0.247004,0.466645,0,0
0.217905,0.185985,0.363426,0.474811,0.354231,0.662813,0.475239,0.951653,0,0,0.369548,0.25137,0.412434,0.142382,0.309812,0.180541,0.65752,0.521134,0.631479,0.630126,0.654462,0.766357,0.939366,0.850827,0.675901,0.395786,0.839797,0.308593,0,0,0.191862,0.251351,0,0,0.243937,0.466637,0,0
0.216372,0.191437,0.363424,0.472075,0.357293,0.662813,0.475244,0.951651,0,0,0.366479,0.259555,0.413976,0.150545,0.306741,0.188689,0.660582,0.515684,0.636072,0.632844,0.65446,0.76092,0.950086,0.869906,0.677429,0.387623,0.847457,0.330396,0,0,0.191871,0.251361,0.19032,0.226849,0.242406,0.472075,0,0
0.222497,0.226852,0.368014,0.482992,0.36495,0.66827,0.481363,0.981624,0,0,0.372609,0.30314,0.42469,0.147844,0.335843,0.177802,0.669772,0.521122,0.640671,0.638296,0.657522,0.77181,0.916387,0.750018,0.697342,0.384897,0.899538,0.346748,0,0,0.237855,0.44755,0.193392,0.240481,0.24241,0.461188,0,0
0.280696,0.243206,0.38027,0.49116,0.377203,0.703691,0.489025,0.993883,0,0,0.331252,0.256829,0.430816,0.207755,0.334307,0.207784,0.714195,0.542926,0.700407,0.670995,0.899538,0.807235,0,0,0.743297,0.41214,0,0,0,0,0.263849,0.425747,0,0,0.26691,0.439385,0,0
0.266913,0.240474,0.380264,0.488427,0.381799,0.703689,0.492086,0.993884,0,0,0.368011,0.316771,0.426209,0.19962,0.334308,0.218679,0.71726,0.551098,0.70347,0.679173,0.898007,0.853554,0,0,0.749424,0.420316,0.994508,0.442111,0,0,0.263861,0.423057,0.308277,0.245923,0.266914,0.436671,0,0
0.265392,0.237753,0.375675,0.493892,0.381798,0.70097,0.490555,0.993884,0,0,0.366484,0.322222,0.424714,0.202349,0.335848,0.21869,0.714192,0.551103,0.700407,0.681894,0.896474,0.850831,0,0,0.738702,0.425766,0.973062,0.41214,0,0,0.247001,0.300429,0.315932,0.237741,0.265385,0.433942,0,0
0.268454,0.226852,0.37567,0.488437,0.387926,0.700969,0.493616,0.993886,0,0,0.360353,0.300427,0.426214,0.196861,0.337377,0.215935,0.714196,0.540206,0.698874,0.668272,0.891878,0.850835,0,0,0.740235,0.403966,0.940895,0.371267,0,0,0.248536,0.303154,0.312905,0.229659,0.262314,0.428498,0,0
0.265387,0.226826,0.372605,0.485713,0.3818,0.700964,0.489024,0.992522,0,0,0.364955,0.300426,0.426208,0.196857,0.341956,0.207788,0.712662,0.542931,0.694279,0.66555,0.898005,0.85628,0,0,0.732576,0.414866,0.940896,0.37399,0,0,0.254663,0.414854,0.312858,0.232332,0.26079,0.431216,0,0
0.269979,0.221403,0.371079,0.485708,0.378737,0.684617,0.490554,0.993884,0,0,0.361888,0.292245,0.423158,0.19418,0.332783,0.210491,0.714192,0.540208,0.700408,0.668267,0.896473,0.861733,0,0,0.729512,0.412139,0.933236,0.357647,0,0,0.243947,0.314051,0.311373,0.229528,0,0,0,0
0.268452,0.221422,0.374141,0.491156,0.378736,0.681894,0.490556,0.993884,0,0,0.358823,0.294971,0.424693,0.194181,0.331255,0.210511,0.714192,0.537481,0.694281,0.665543,0.89188,0.864458,0,0,0.732575,0.406689,0.936298,0.360364,0,0,0.250084,0.40126,0.312883,0.232299,0.257738,0.412136,0,0
0.268444,0.224089,0.377201,0.496602,0.375674,0.679173,0.492086,0.993884,0,0,0,0,0,0,0,0,0.720321,0.542931,0.706534,0.673724,0.885751,0.869909,0,0,0.744828,0.412138,0.943959,0.371266,0,0,0.256189,0.398526,0.311365,0.232351,0.260787,0.423037,0,0
0.269977,0.221421,0.375679,0.482987,0.372613,0.679169,0.490556,0.993884,0,0,0,0,0,0,0,0,0.729511,0.551102,0.71113,0.692793,0.888815,0.872632,0,0,0.752487,0.423039,0.940895,0.368543,0,0,0.26078,0.403983,0.312888,0.229641,0.262327,0.425764,0,0
0.271512,0.224139,0.375668,0.480271,0.375677,0.703693,0.490557,0.992523,0,0,0.364949,0.308586,0.423155,0.191449,0.326675,0.213246,0.746362,0.55383,0.717258,0.709141,0.888814,0.886252,0,0,0.758617,0.431213,0.943959,0.371267,0,0,0.260775,0.423025,0.314401,0.229621,0.263849,0.431236,0,0
0.274572,0.224135,0.374145,0.482989,0.377208,0.700972,0.489025,0.992522,0,0,0.360357,0.278622,0.423162,0.188705,0.329717,0.210517,0.727978,0.556553,0.712662,0.711867,0.890348,0.886253,0,0,0.752489,0.423041,0.97153,0.390341,0,0,0.259261,0.425763,0.314436,0.229558,0.26232,0.431243,0,0
0.274587,0.224155,0.377206,0.491154,0.372609,0.687344,0.489026,0.992522,0,0,0.372609,0.256825,0.418561,0.164194,0,0,0.717259,0.567452,0.703471,0.67372,0,0,0,0,0.734107,0.472084,0,0,0,0,0.259251,0.425754,0.315925,0.237749,0.263853,0.433939,0,0
0.274553,0.226888,0.378742,0.491167,0.37261,0.68462,0.489023,0.993884,0,0,0.377206,0.256827,0.409376,0.153272,0,0,0.723383,0.559276,0.709598,0.690068,0.898006,0.859006,0,0,0.752487,0.420314,0,0,0,0,0.237816,0.354923,0.311361,0.243198,0.262321,0.439383,0,0
0.273021,0.229537,0.383335,0.504787,0.372611,0.700968,0.487491,0.992522,0,0,0.372611,0.240474,0.398647,0.145103,0,0,0.738702,0.542926,0.712663,0.673719,0.950087,0.993884,0,0,0.76321,0.360366,0,0,0,0,0.259256,0.439384,0.305195,0.240498,0.265381,0.453018,0,0
0.274559,0.22959,0.384865,0.512947,0.374144,0.706419,0.487492,0.993884,0,0,0.375675,0.240481,0.389454,0.136946,0,0,0.726447,0.510233,0.7096,0.660093,0.905664,0.859002,0,0,0.757084,0.346744,0,0,0,0,0.237814,0.357644,0,0,0.26386,0.45575,0,0
0.26845,0.229585,0.377206,0.512962,0.372613,0.714592,0.487491,0.992522,0,0,0.372611,0.245926,0.390975,0.1315,0,0,0.717259,0.526579,0.706536,0.660097,0.911792,0.87263,0,0,0.732575,0.363094,0,0,0,0,0.260796,0.453022,0,0,0.263854,0.458454,0,0
0.262324,0.232307,0.375676,0.518395,0.371078,0.717315,0.489025,0.993885,0,0,0,0,0,0,0,0,0.721853,0.542932,0.700408,0.66555,0.87503,0.85628,0,0,0.734106,0.384892,0,0,0,0,0.259262,0.458465,0,0,0.263862,0.450312,0,0
0.263854,0.22413,0.372613,0.502058,0.371075,0.690069,0.485964,0.992521,0,0,0.368016,0.232304,0.390981,0.131453,0,0,0.720321,0.548378,0.701938,0.670995,0.904133,0.861731,0,0,0.740234,0.363094,0,0,0,0,0.230155,0.349472,0,0,0.262324,0.447574,0,0
0.260786,0.221405,0.374134,0.499329,0.368012,0.711867,0.48749,0.989798,0,0,0.364952,0.221402,0.391003,0.128776,0,0,0.723385,0.553828,0.705003,0.687345,0.925577,0.864458,0,0,0.747893,0.373995,0,0,0,0,0.224029,0.382168,0,0,0.259267,0.450277,0,0
0.247012,0.428475,0.37415,0.512958,0.371077,0.720041,0.48596,0.993884,0,0,0.366482,0.251374,0.390988,0.134211,0,0,0.729511,0.56473,0.703472,0.709142,0,0,0,0,0.752488,0.403965,0,0,0,0,0.239352,0.461174,0.207181,0.319498,0.257731,0.447566,0,0
0.253127,0.218675,0.363419,0.542931,0.358825,0.744564,0.4783,0.993885,0,0,0,0,0,0,0,0,0.749425,0.562002,0.755552,0.72004,0.9363,0.763641,0.937828,0.542925,0.718789,0.442109,0.853584,0.256824,0.93936,0.472085,0.233218,0.26501,0.242407,0.23231,0.242414,0.428493,0,0
0.260791,0.207778,0.363426,0.556555,0.345039,0.763631,0.481367,0.993886,0,0,0,0,0,0,0,0,0.760147,0.55383,0.787718,0.67917,0.940895,0.755461,0,0,0.720322,0.444834,0.822946,0.254103,0.93783,0.458465,0.256185,0.256823,0,0,0.243954,0.431224,0,0
0.259261,0.218681,0.363422,0.561997,0.346571,0.763637,0.481368,0.984346,0,0,0.384863,0.265004,0.447661,0.218687,0.331251,0.251367,0.735637,0.54838,0.749425,0.673723,0.939365,0.739115,0.951616,0.507507,0.717255,0.412141,0.815291,0.243209,0,0,0.214837,0.344015,0,0,0.251589,0.452999,0,0
0.253127,0.221399,0.363423,0.556557,0.355761,0.766364,0.482898,0.992521,0,0,0.395586,0.284076,0.446136,0.221382,0.325119,0.251392,0.740234,0.548378,0.757083,0.687346,0,0,0,0,0.721853,0.423039,0.796909,0.24592,0,0,0.23475,0.428495,0,0,0.248533,0.461195,0,0
0.240866,0.22957,0.366482,0.553827,0.355759,0.766362,0.481366,0.992523,0,0,0.381801,0.314044,0.429281,0.218678,0.314402,0.256828,0.717258,0.551102,0.741765,0.670996,0.93783,0.758185,0.933238,0.507507,0.708065,0.442113,0.809162,0.248652,0,0,0.210241,0.29769,0,0,0.2516,0.480256,0,0
0.236279,0.237766,0.366478,0.564723,0.354229,0.763634,0.478303,0.981624,0,0,0.372611,0.33312,0.426222,0.224124,0.309798,0.262275,0.73564,0.534754,0.761678,0.651922,0.943958,0.750015,0,0,0.720321,0.455737,0.806091,0.251369,0,0,0.210243,0.297692,0,0,0.253135,0.477538,0,0
0.242404,0.243205,0.361881,0.561997,0.36342,0.766363,0.4829,0.993884,0,0,0.368011,0.294975,0.415499,0.226859,0.30674,0.259544,0.738704,0.529307,0,0,0,0,0,0,0,0,0,0,0,0,0.216377,0.314053,0,0,0.247003,0.466638,0,0
0.239345,0.237751,0.36342,0.564723,0.363421,0.766357,0.484428,0.993884,0,0,0.369549,0.289526,0.41703,0.226877,0.305206,0.270453,0.747894,0.53203,0,0,0,0,0,0,0,0,0,0,0,0,0.222493,0.294988,0,0,0.245477,0.461209,0,0
0.23322,0.256835,0.358819,0.57017,0.360353,0.771814,0.485958,0.993884,0,0,0.366482,0.352196,0.420099,0.248662,0.305215,0.270447,0.754019,0.542931,0.761679,0.673721,0.94396,0.758184,0,0,0.732575,0.453011,0.830608,0.265003,0,0,0.205648,0.322222,0,0,0.253124,0.482996,0,0
0.23935,0.25684,0.363424,0.572892,0.36342,0.76364,0.485958,0.993884,0,0,0.369543,0.352197,0.423147,0.251357,0.303684,0.273182,0.724917,0.553829,0.726448,0.687345,0.951619,0.750009,0,0,0.714195,0.447564,0.841329,0.262273,0.931707,0.523857,0.202583,0.308593,0,0,0.254658,0.488417,0,0
0.236285,0.267724,0.360358,0.570174,0.358826,0.766365,0.485962,0.993884,0,0,0.36495,0.352192,0.421626,0.248635,0.300616,0.275878,0.721853,0.567455,0.706533,0.711867,0.945491,0.728215,0,0,0.71879,0.461187,0.957744,0.741841,0,0,0.216367,0.344022,0,0,0.256189,0.491147,0,0
0.237813,0.254106,0.361888,0.570168,0.361886,0.76909,0.485959,0.993885,0,0,0.363418,0.346743,0.418559,0.245907,0.299076,0.273183,0.724917,0.559277,0.714193,0.698246,0.963871,0.687345,0,0,0.717258,0.453012,0.870436,0.284072,0,0,0.213308,0.303153,0,0,0.256195,0.488441,0,0
0.217896,0.262278,0.355765,0.559287,0.361888,0.766361,0.485959,0.993885,0,0,0.35576,0.34674,0.420099,0.248655,0.299078,0.273185,0.715725,0.542927,0.711132,0.673721,0.950084,0.692796,0,0,0.711128,0.433939,0.875029,0.289528,0,0,0.197986,0.341292,0,0,0.256189,0.488444,0,0
0.242411,0.466639,0.364946,0.570188,0.363421,0.766367,0.484433,0.993885,0,0,0.363418,0.354914,0.420093,0.251356,0.299083,0.278623,0.721852,0.534754,0.715725,0.662819,0.965404,0.676446,0,0,0.715725,0.417588,0.873496,0.300428,0,0,0.207179,0.510234,0.19799,0.349474,0,0,0,0
0.23322,0.273181,0.37107,0.57018,0.371077,0.779982,0.490558,0.993884,0,0,0.36342,0.270454,0,0,0,0,0.738702,0.548376,0.723384,0.670995,0.947021,0.730942,0,0,0.738703,0.401242,0.884218,0.319497,0,0,0.213304,0.354921,0.205652,0.300419,0.260783,0.493885,0,0
0.247,0.292249,0.371071,0.567464,0.375676,0.777258,0.493617,0.99252,0,0,0.357294,0.36854,0,0,0,0,0.717258,0.556556,0.718788,0.70914,0.947023,0.717317,0,0,0.712664,0.43394,0.899536,0.322222,0,0,0.228625,0.368544,0.219434,0.297699,0.26386,0.493891,0,0
0.256193,0.28407,0.374144,0.56472,0.375677,0.76092,0.496681,0.993886,0,0,0,0,0,0,0,0,0.705001,0.553832,0.700409,0.673718,0.890346,0.755462,0.966934,0.586526,0.70347,0.447558,0.901068,0.360366,0.948554,0.472084,0,0,0,0,0.269977,0.499352,0,0
0.253136,0.297705,0.372612,0.562011,0.374147,0.760912,0.496683,0.993885,0,0,0.372611,0.341294,0.426212,0.278607,0.328196,0.28677,0.709597,0.562001,0.701938,0.698245,0.991442,0.698243,0,0,0.708066,0.458467,0.899538,0.390341,0.957744,0.482985,0.260788,0.504788,0,0,0.269988,0.515675,0,0
0.263842,0.482983,0.371073,0.578364,0.374143,0.782706,0.495153,0.993888,0,0,0.364953,0.373991,0.427743,0.27864,0.33125,0.292225,0.709597,0.597424,0.703471,0.741841,0.803036,0.848108,0.992973,0.736391,0.715726,0.461185,0,0,0,0,0.259256,0.518414,0.259246,0.502054,0.26691,0.518396,0,0
0.251599,0.289528,0.366485,0.575638,0.371082,0.793615,0.496682,0.993886,0,0,0.355763,0.360368,0.424698,0.281329,0.325123,0.294974,0.711129,0.594703,0.69428,0.744562,0.764742,0.856284,0.999104,0.760915,0.712661,0.461186,0.884221,0.433936,0,0,0.217902,0.373997,0,0,0.265392,0.52385,0,0
