0.533465,0.469406,0.49208,0.673709,0.410911,0.692805,0.346565,0.758176,0.387931,0.608321,0.571744,0.660095,0.65598,0.744541,0.59779,0.540217,0.490555,0.995249,0,0,0,0,0,0,0,0,0,0,0,0,0.492082,0.463919,0.538044,0.450283,0.426218,0.578321,0,0
0.534978,0.472104,0.493605,0.668254,0.409385,0.681901,0.349639,0.755487,0,0,0.574804,0.651917,0.65598,0.736377,0.600848,0.532039,0.49668,0.993888,0,0,0,0,0,0,0,0,0,0,0,0,0.493602,0.463882,0.53805,0.45027,0.426235,0.575662,0,0
0.536501,0.472061,0.495144,0.665522,0.41244,0.681884,0,0,0,0,0.577881,0.643732,0.659048,0.728199,0.605451,0.534742,0.502809,0.993886,0,0,0,0,0,0,0,0,0,0,0,0,0.493607,0.461221,0.538043,0.450274,0.427766,0.578317,0,0
0.536521,0.469334,0.495146,0.665541,0.413972,0.684608,0.360357,0.752747,0,0,0.579405,0.643717,0.662112,0.728214,0.606974,0.532017,0.502808,0.992521,0,0,0,0,0,0,0,0,0,0,0,0,0.493596,0.463882,0.53957,0.447587,0.429297,0.578369,0,0
0.5365,0.472071,0.495157,0.665539,0.413966,0.681898,0.364955,0.755474,0,0,0.580916,0.643761,0.657519,0.725506,0.606957,0.532046,0.499749,0.992523,0,0,0,0,0,0,0,0,0,0,0,0,0.492099,0.463931,0.539556,0.450298,0.429289,0.578395,0,0
0.536504,0.472079,0.495148,0.668249,0.412437,0.690065,0.340456,0.755444,0,0,0.577884,0.643747,0.660578,0.725487,0.605457,0.534759,0.508935,0.993891,0,0,0,0,0,0,0,0,0,0,0,0,0.492105,0.463919,0.539574,0.45028,0.429273,0.578387,0,0
0.536503,0.472062,0.495136,0.668263,0.412429,0.692797,0.349636,0.758178,0,0,0.577862,0.643757,0.657528,0.736388,0.605444,0.537476,0.504339,0.993888,0,0,0,0,0,0,0,0,0,0,0,0,0.493606,0.463892,0.539556,0.450266,0.427747,0.578344,0,0
0.541103,0.469355,0.495164,0.66557,0.413968,0.690071,0.341985,0.747274,0,0,0.577881,0.643732,0.659047,0.744559,0.606961,0.540192,0.499743,0.993891,0,0,0,0,0,0,0,0,0,0,0,0,0.49666,0.458485,0.541104,0.444809,0.430811,0.575631,0,0
0.544142,0.463939,0.498215,0.665559,0.417031,0.681908,0.340441,0.755462,0.387926,0.605612,0.579401,0.643746,0.657513,0.747286,0.606983,0.540225,0.493623,0.993892,0,0,0,0,0,0,0,0,0,0,0,0,0.498219,0.455747,0.542629,0.439396,0.433877,0.575564,0,0
0.545693,0.463896,0.498214,0.662826,0.421618,0.67916,0.337374,0.771829,0.386417,0.616499,0.579408,0.64373,0.654461,0.750015,0.606979,0.542951,0.496686,0.992526,0.430815,0.984349,0,0,0,0,0.57327,0.995251,0,0,0,0,0.502801,0.45031,0.544165,0.439373,0.435426,0.570196,0,0
0.547219,0.461212,0.498222,0.665539,0.42162,0.681907,0.335849,0.771839,0.384876,0.613796,0.580932,0.643752,0.65445,0.750022,0.605425,0.542936,0.496686,0.992525,0.427755,0.981625,0,0,0,0,0.573272,0.995251,0,0,0,0,0.502809,0.45027,0.544188,0.433952,0.435423,0.570191,0,0
0.54725,0.463917,0.499757,0.66557,0.42009,0.679176,0.33891,0.766366,0.387915,0.608352,0.58245,0.646472,0.655992,0.750013,0.603917,0.548343,0.493619,0.993886,0,0,0,0,0,0,0,0,0,0,0,0,0.502803,0.450283,0.550287,0.444809,0.436932,0.572852,0,0
0.547237,0.46659,0.499756,0.668274,0.420086,0.679158,0.338904,0.766378,0.38793,0.602919,0.583986,0.651913,0.655998,0.750015,0,0,0.492086,0.993889,0,0,0,0,0,0,0,0,0,0,0,0,0.499743,0.452996,0.550283,0.444823,0.436936,0.572922,0,0
0.545714,0.46668,0.501287,0.670993,0.420095,0.684609,0.351165,0.760897,0.391005,0.597398,0.584004,0.651949,0.651404,0.750011,0,0,0.489026,0.995251,0,0,0,0,0,0,0,0,0,0,0,0,0.498215,0.455708,0.547227,0.444809,0.436947,0.575621,0,0
0.547221,0.466673,0.50282,0.676443,0.42162,0.695516,0.368009,0.755458,0,0,0.582449,0.660102,0.659046,0.747305,0.596236,0.551111,0,0,0,0,0,0,0,0,0,0,0,0,0,0,0.49823,0.455747,0.54875,0.444844,0.436959,0.575627,0,0
0.545712,0.466629,0.504345,0.681884,0.420091,0.690073,0,0,0,0,0.58553,0.668287,0.665172,0.744577,0.593201,0.55654,0,0,0,0,0,0,0,0,0,0,0,0,0,0,0.499751,0.458485,0.548754,0.447558,0.438463,0.575645,0,0
0.545714,0.469349,0.501283,0.684616,0.415502,0.690069,0,0,0,0,0.582471,0.671016,0.666708,0.744543,0.593202,0.556546,0,0,0,0,0,0,0,0,0,0,0,0,0,0,0.501265,0.461156,0.551809,0.447603,0.438461,0.57565,0,0
0.548764,0.469385,0.499755,0.676456,0.415493,0.690077,0.355759,0.774527,0,0,0.582469,0.668252,0.665181,0.747278,0.593188,0.556584,0,0,0,0,0,0,0,0,0,0,0,0,0,0,0.499762,0.461148,0.551807,0.447558,0.43846,0.575669,0,0
0.545706,0.469395,0.501279,0.673741,0.415501,0.692782,0.368011,0.766367,0,0,0.583993,0.662833,0.663641,0.747275,0.594713,0.562007,0.478303,0.99525,0,0,0,0,0,0,0,0,0,0,0,0,0.498232,0.461159,0.550301,0.447596,0.436946,0.578349,0,0
0.542652,0.469412,0.498213,0.670994,0.409365,0.67916,0,0,0,0,0.583993,0.665564,0.659048,0.739117,0.591649,0.562012,0,0,0,0,0,0,0,0,0,0,0,0,0,0,0.496669,0.463871,0.545714,0.455725,0.433869,0.578327,0,0
0.54262,0.469385,0.498227,0.671002,0.409378,0.684623,0,0,0,0,0.582453,0.665504,0.65599,0.75274,0.588576,0.562013,0,0,0,0,0,0,0,0,0,0,0,0,0,0,0.495128,0.463885,0.545715,0.453021,0.432337,0.575662,0,0
0.536514,0.466663,0.498211,0.668276,0.412432,0.681887,0.323606,0.698263,0,0,0.580923,0.662805,0.662099,0.747259,0.580954,0.56475,0,0,0,0,0,0,0,0,0,0,0,0,0,0,0.490564,0.463876,0.547226,0.452992,0.429298,0.575573,0,0
0.533466,0.466638,0.496697,0.668272,0.413968,0.681902,0.334315,0.679151,0.403261,0.575545,0.580932,0.662798,0.668241,0.736387,0.580944,0.570188,0,0,0,0,0,0,0,0,0,0,0,0,0,0,0.48901,0.463874,0.545704,0.450288,0.430805,0.57557,0,0
0.531901,0.46939,0.49822,0.671022,0.415501,0.687329,0.338934,0.660113,0.401721,0.578397,0.579409,0.665533,0.671298,0.728239,0.580932,0.575573,0,0,0,0,0,0,0,0,0,0,0,0,0,0,0.484435,0.466586,0.544186,0.453007,0.429272,0.575634,0,0
0.530385,0.472072,0.4967,0.673708,0.412442,0.690049,0.341986,0.651919,0,0,0.577878,0.665591,0.666718,0.730978,0.579384,0.575658,0,0,0,0,0,0,0,0,0,0,0,0,0,0,0.482916,0.466636,0.544164,0.452995,0.427759,0.575624,0,0
0.52884,0.477522,0.496675,0.676466,0.410917,0.687324,0.352683,0.641005,0,0,0.580918,0.671008,0.669774,0.728199,0.573268,0.581116,0,0,0,0,0,0,0,0,0,0,0,0,0,0,0.48137,0.469319,0.542655,0.455757,0.426205,0.575669,0,0
0.527303,0.477518,0.496664,0.68189,0.410904,0.687337,0.337393,0.651921,0.398644,0.581164,0.579399,0.679146,0.666728,0.733656,0.571754,0.586531,0,0,0,0,0,0,0,0,0,0,0,0,0,0,0.479825,0.469321,0.542622,0.458446,0.424705,0.575676,0,0
0.524263,0.477535,0.49514,0.679158,0.410905,0.679147,0.329731,0.665562,0,0,0.576348,0.681911,0.666694,0.733692,0.57019,0.594678,0,0,0,0,0,0,0,0,0,0,0,0,0,0,0.476793,0.466628,0.541097,0.455751,0.424689,0.575625,0,0
0.524252,0.474827,0.49516,0.681876,0.410915,0.681872,0.331244,0.665581,0,0,0.577864,0.684624,0.666732,0.73368,0.568688,0.594722,0,0,0,0,0,0,0,0,0,0,0,0,0,0,0.476785,0.466595,0.5411,0.455729,0.424681,0.575611,0,0
0.522726,0.472098,0.496685,0.67371,0.409386,0.681878,0.320516,0.66553,0,0,0.583992,0.673718,0.66671,0.72825,0.568662,0.600174,0,0,0,0,0,0,0,0,0,0,0,0,0,0,0.475255,0.466586,0.541079,0.45572,0.424697,0.575656,0,0
0.522714,0.472078,0.495162,0.673712,0.410906,0.676444,0.312871,0.676415,0.400176,0.583791,0.583997,0.676447,0.666724,0.73097,0.567146,0.602878,0,0,0,0,0,0,0,0,0,0,0,0,0,0,0.475248,0.463945,0.539571,0.45571,0.424692,0.575633,0,0
0.521207,0.474811,0.49363,0.684608,0.404771,0.681895,0,0,0,0,0.58706,0.681893,0.666717,0.74726,0.564072,0.616491,0,0,0,0,0,0,0,0,0,0,0,0,0,0,0.475229,0.466642,0.539553,0.461162,0.423159,0.578405,0,0
0.521172,0.474791,0.495148,0.687338,0.401712,0.684617,0,0,0,0,0.597783,0.67372,0.666698,0.752748,0.562555,0.61926,0,0,0,0,0,0,0,0,0,0,0,0,0,0,0.473716,0.466677,0.538038,0.46122,0.423131,0.581112,0,0
0.521186,0.480259,0.495154,0.687344,0.401719,0.690063,0,0,0,0,0.597779,0.671008,0.663632,0.763636,0.561026,0.62195,0,0,0,0,0,0,0,0,0,0,0,0,0,0,0.473711,0.469338,0.538033,0.466593,0.421639,0.581051,0,0
0.521187,0.480256,0.495155,0.684632,0.401717,0.690066,0,0,0,0,0.597779,0.670991,0.663629,0.76365,0.561017,0.621958,0,0,0,0,0,0,0,0,0,0,0,0,0,0,0.47371,0.469339,0.538034,0.466595,0.42164,0.578398,0,0
0.525791,0.474803,0.493626,0.676436,0.400176,0.676444,0,0,0,0,0.593182,0.670986,0.665163,0.769101,0.56715,0.611034,0,0,0,0,0,0,0,0,0,0,0,0,0,0,0.47832,0.463944,0.542641,0.458492,0.423147,0.572927,0,0
0.52733,0.474816,0.495146,0.671009,0.40171,0.668286,0,0,0,0,0.593178,0.668261,0.663635,0.782694,0.573265,0.611072,0,0,0,0,0,0,0,0,0,0,0,0,0,0,0.479836,0.463908,0.544133,0.458448,0.423145,0.572864,0,0
0.527311,0.474831,0.493615,0.679164,0.400181,0.671002,0,0,0,0,0.577873,0.690057,0,0,0,0,0,0,0,0,0,0,0,0,0,0,0,0,0,0,0.478305,0.463921,0.542625,0.455761,0.421629,0.572866,0,0
0.525794,0.48028,0.492081,0.681893,0.400178,0.676447,0,0,0,0,0.593187,0.676438,0.65905,0.80722,0.573261,0.621955,0,0,0,0,0,0,0,0,0,0,0,0,0,0,0.476789,0.466593,0.542603,0.461153,0.420107,0.572916,0,0
0.525796,0.485706,0.492096,0.684623,0.400176,0.671006,0,0,0,0,0.57787,0.695516,0.663639,0.815396,0.570216,0.627427,0,0,0,0,0,0,0,0,0,0,0,0,0,0,0.4783,0.469325,0.541113,0.466622,0.421598,0.578314,0,0
0.528834,0.488441,0.492096,0.68461,0.400182,0.673713,0,0,0,0,0.574804,0.698234,0.657533,0.81268,0.570216,0.630101,0,0,0,0,0,0,0,0,0,0,0,0,0,0,0.479831,0.46936,0.542634,0.46935,0.421612,0.57832,0,0
0.53037,0.488445,0.490562,0.687351,0.400178,0.681886,0,0,0,0,0.57634,0.692802,0.659041,0.807251,0.571735,0.624671,0,0,0,0,0,0,0,0,0,0,0,0,0,0,0.481376,0.469362,0.544143,0.469326,0.421625,0.575659,0,0
0.531934,0.488438,0.490563,0.681878,0.398655,0.676439,0,0,0,0,0.571752,0.692771,0.666701,0.80993,0.574802,0.616471,0,0,0,0,0,0,0,0,0,0,0,0,0,0,0.48444,0.466661,0.544185,0.466641,0.421645,0.572912,0,0
0.533448,0.485724,0.493623,0.670994,0.398658,0.668271,0,0,0,0,0.574811,0.676457,0.666713,0.799093,0.580912,0.613772,0,0,0,0,0,0,0,0,0,0,0,0,0,0,0.485965,0.463946,0.545693,0.463908,0.423146,0.572865,0,0
0.53344,0.485709,0.492096,0.668277,0.401712,0.668281,0,0,0,0,0.574803,0.671016,0.665174,0.799067,0.577863,0.605623,0,0,0,0,0,0,0,0,0,0,0,0,0,0,0.485948,0.463928,0.544193,0.463897,0.423148,0.572855,0,0
0.531911,0.483001,0.48902,0.66828,0.39712,0.670982,0,0,0,0,0.573282,0.668302,0.666722,0.796323,0.577882,0.60559,0,0,0,0,0,0,0,0,0,0,0,0,0,0,0.484425,0.463903,0.544185,0.463877,0.421642,0.57287,0,0
0.561017,0.447518,0.507403,0.635581,0.4247,0.646485,0.338923,0.706439,0.387924,0.567431,0.591652,0.619238,0.65599,0.755458,0.622291,0.551143,0.499746,0.99389,0.423158,0.993889,0,0,0,0,0.570211,0.995252,0,0,0,0,0.522702,0.431173,0.557952,0.417575,0.443078,0.531979,0,0
0.559486,0.45029,0.502821,0.640997,0.4201,0.649188,0.346579,0.714587,0.384856,0.570176,0.588603,0.624698,0.657524,0.76092,0.619232,0.55384,0.505876,0.993885,0.433881,0.992521,0,0,0,0,0.576341,0.992522,0,0,0,0,0.521182,0.433977,0.556438,0.423055,0.441536,0.534735,0,0
0.556438,0.469367,0.499738,0.649208,0.417037,0.660086,0.340453,0.73639,0.381786,0.575646,0.582467,0.638305,0.655969,0.771788,0.617705,0.56746,0.498216,0.992522,0.426218,0.978903,0,0,0,0,0.570207,0.992523,0,0,0,0,0.516589,0.447604,0.554901,0.444818,0.436954,0.545653,0,0
0.556428,0.472096,0.498222,0.657389,0.415506,0.665539,0.337376,0.741846,0.381789,0.581092,0.582462,0.643737,0.654466,0.777252,0.617668,0.572928,0.499751,0.993888,0.427758,0.989802,0,0,0,0,0.573271,0.993889,0,0,0,0,0.513529,0.452983,0.554886,0.447551,0.435408,0.551088,0,0
0.554882,0.482975,0.498219,0.662825,0.412438,0.668267,0.352698,0.747271,0.383333,0.583807,0.579409,0.649193,0.656006,0.785405,0.61614,0.575653,0.498217,0.993892,0.424686,0.99389,0,0,0,0,0.57174,0.995251,0,0,0,0,0.510462,0.461184,0.554901,0.455721,0.433879,0.556559,0,0
0.553346,0.482969,0.496686,0.665512,0.412433,0.670998,0.348103,0.749978,0.378753,0.589249,0.5794,0.649216,0.655961,0.785442,0.614617,0.575615,0.498212,0.99389,0,0,0,0,0,0,0,0,0,0,0,0,0.508943,0.461204,0.553367,0.453039,0.433858,0.556596,0,0
0.551816,0.4884,0.496679,0.665571,0.41243,0.679169,0.346566,0.752732,0.381799,0.597417,0.577884,0.651929,0.654475,0.785461,0.614629,0.57835,0,0,0,0,0,0,0,0,0,0,0,0,0,0,0.508918,0.466588,0.553358,0.46119,0.433873,0.564721,0,0
0.553338,0.491125,0.496669,0.665585,0.410917,0.676457,0.348089,0.752723,0.380282,0.597426,0.579393,0.65465,0.655978,0.788165,0.614634,0.57837,0,0,0,0,0,0,0,0,0,0,0,0,0,0,0.508917,0.46664,0.554871,0.46391,0.433876,0.564742,0,0
0.553356,0.49117,0.495162,0.668257,0.409378,0.681885,0.348092,0.752733,0.381804,0.60013,0.579401,0.654673,0.654467,0.788142,0.616174,0.578378,0,0,0,0,0,0,0,0,0,0,0,0,0,0,0.508917,0.46664,0.554868,0.463902,0.433858,0.564724,0,0
0.548767,0.491131,0.495145,0.665516,0.409379,0.670981,0.351166,0.752725,0.383336,0.594709,0.576344,0.654626,0.654482,0.785458,0.6131,0.578321,0.498215,0.993887,0,0,0,0,0,0,0,0,0,0,0,0,0.507393,0.466629,0.550294,0.463918,0.430807,0.564702,0,0
0.547237,0.48845,0.49362,0.665513,0.407841,0.670992,0.346567,0.752751,0.378739,0.597432,0.576331,0.651935,0.656006,0.780015,0.611566,0.575648,0.501276,0.993889,0,0,0,0,0,0,0,0,0,0,0,0,0.505875,0.463923,0.548755,0.463926,0.427761,0.55931,0,0
0.54875,0.488416,0.495135,0.662814,0.410907,0.67099,0.348106,0.752724,0.375671,0.591998,0.576336,0.64918,0.655986,0.777302,0.613089,0.575595,0.505875,0.993889,0,0,0,0,0,0,0.577864,0.995251,0,0,0,0,0.507377,0.463909,0.548755,0.461212,0.429284,0.559277,0,0
0.554883,0.493896,0.496695,0.665534,0.41244,0.671009,0.348095,0.74729,0.384866,0.594693,0.580919,0.651928,0.655987,0.779979,0.617679,0.575606,0.504341,0.993887,0,0,0,0,0,0,0,0,0,0,0,0,0.508932,0.463899,0.55488,0.46667,0.433859,0.562006,0,0
0.554893,0.488437,0.496676,0.665524,0.412443,0.673718,0.348105,0.747267,0.380272,0.5947,0.580925,0.649225,0.655989,0.782709,0.622274,0.578309,0.504345,0.993887,0,0,0,0,0,0,0,0,0,0,0,0,0.510455,0.463872,0.554897,0.461212,0.433881,0.559255,0,0
0.557932,0.485715,0.498218,0.662795,0.413969,0.670974,0.345035,0.739116,0.378741,0.589243,0.583986,0.646491,0.654465,0.77726,0.625353,0.575627,0.507408,0.995249,0,0,0,0,0,0,0,0,0,0,0,0,0.512003,0.45848,0.556441,0.458455,0.435393,0.55387,0,0
0.557941,0.485682,0.498224,0.660113,0.4155,0.668283,0.338909,0.733664,0.378737,0.581066,0.583992,0.646471,0.654465,0.774526,0.625356,0.575585,0.505873,0.99389,0,0,0,0,0,0,0.577864,0.993891,0,0,0,0,0.51202,0.458458,0.557927,0.455743,0.435421,0.553868,0,0
0.5595,0.491121,0.501273,0.665545,0.418564,0.671,0.351163,0.728234,0.378732,0.578407,0.585524,0.651924,0.657514,0.774559,0.628389,0.575673,0.508935,0.993887,0,0,0,0,0,0,0.577863,0.995249,0,0,0,0,0.515067,0.461152,0.557976,0.461204,0.436962,0.556535,0,0
0.561029,0.488425,0.50128,0.665524,0.418566,0.673708,0.343508,0.728236,0.378745,0.578392,0.585529,0.649221,0.655987,0.774517,0.62842,0.575661,0.510468,0.993888,0,0,0,0,0,0,0,0,0,0,0,0,0.518116,0.458475,0.557969,0.458446,0.440013,0.556562,0,0
0.564071,0.48299,0.502816,0.66285,0.421633,0.671013,0.345043,0.722772,0.384862,0.575636,0.590113,0.651903,0.660569,0.769094,0.629965,0.578308,0.512002,0.993888,0,0,0,0,0,0,0,0,0,0,0,0,0.519639,0.455736,0.559484,0.455726,0.441545,0.553844,0,0
0.564084,0.477566,0.504333,0.662833,0.423145,0.668274,0.34504,0.722757,0.38486,0.575606,0.59011,0.65193,0.659046,0.766348,0.631458,0.575669,0.508936,0.99525,0,0,0,0,0,0,0,0,0,0,0,0,0.519655,0.455714,0.559484,0.450289,0.44306,0.551142,0,0
0.567139,0.474836,0.505874,0.662813,0.423149,0.668259,0.340449,0.717309,0.384844,0.572877,0.591644,0.651926,0.660568,0.763659,0.629981,0.575659,0.518127,0.99389,0,0,0,0,0,0,0,0,0,0,0,0,0.519663,0.453042,0.55949,0.453007,0.443069,0.553795,0,0
0.567138,0.477522,0.505864,0.662809,0.42163,0.668293,0.33892,0.711865,0.384848,0.570175,0.590113,0.649219,0.662118,0.763627,0.62994,0.575586,0.513534,0.99389,0,0,0,0,0,0,0,0,0,0,0,0,0.51964,0.453028,0.559496,0.450311,0.443068,0.553792,0,0
0.559493,0.472105,0.505854,0.662814,0.421617,0.668283,0.338919,0.714598,0.386405,0.562017,0.590126,0.654626,0.660592,0.766355,0.628401,0.575595,0.505875,0.993888,0,0,0,0,0,0,0,0,0,0,0,0,0.516591,0.455749,0.557935,0.450282,0.441519,0.55652,0,0
0.557975,0.47479,0.504334,0.662825,0.4201,0.66828,0.341977,0.717313,0.386396,0.56475,0.588595,0.651943,0.662103,0.766378,0.625373,0.575625,0.507407,0.995248,0,0,0,0,0,0,0,0,0,0,0,0,0.515055,0.455759,0.556436,0.452993,0.438492,0.553877,0,0
0.557943,0.47207,0.499747,0.662831,0.418562,0.665559,0.33891,0.722772,0.384861,0.567455,0.583983,0.657365,0.663647,0.755485,0.622292,0.570203,0.515065,0.995249,0,0,0,0,0,0,0,0,0,0,0,0,0.511995,0.452992,0.55641,0.453033,0.436957,0.553799,0,0
0.556429,0.46938,0.499739,0.657386,0.417038,0.662824,0.349627,0.717323,0.386402,0.57016,0.58245,0.649216,0.660574,0.744572,0.620758,0.567437,0.521191,0.993887,0,0,0,0,0,0,0.585523,0.993884,0,0,0,0,0.511992,0.450294,0.5549,0.455723,0.436944,0.551116,0,0
0.557936,0.463924,0.499749,0.654657,0.421615,0.665528,0.343511,0.714589,0.386401,0.562022,0.580936,0.646473,0.666705,0.725485,0.617702,0.553858,0.507404,0.993887,0,0,0,0,0,0,0,0,0,0,0,0,0.513527,0.447536,0.556402,0.442113,0.438477,0.548382,0,0
0.55795,0.463874,0.499742,0.651927,0.420097,0.66283,0.338909,0.711852,0.38946,0.553842,0.58247,0.643741,0.662125,0.722765,0.616164,0.5511,0.50281,0.993887,0,0,0,0,0,0,0,0,0,0,0,0,0.513543,0.444811,0.556404,0.436661,0.440014,0.548383,0,0
0.557975,0.458464,0.502805,0.654664,0.421637,0.66283,0.33738,0.709134,0.387949,0.553836,0.583987,0.643748,0.665186,0.72547,0.62076,0.553806,0.507407,0.995248,0.426227,0.993885,0,0,0,0,0.5794,0.995248,0,0,0,0,0.512016,0.442111,0.554902,0.431213,0.441539,0.548362,0,0
0.559468,0.458476,0.501277,0.654665,0.421617,0.662833,0.33585,0.709129,0.390996,0.553832,0.584004,0.643761,0.662121,0.725475,0.619233,0.553818,0.508939,0.995248,0,0,0,0,0,0,0.579399,0.993891,0,0,0,0,0.512017,0.444793,0.55641,0.433926,0.441532,0.548381,0,0
0.559475,0.463903,0.502802,0.662807,0.421632,0.668295,0.335852,0.709141,0.389477,0.55657,0.583984,0.649201,0.662119,0.725488,0.617708,0.556535,0.518127,0.993888,0,0,0,0,0,0,0,0,0,0,0,0,0.513533,0.447554,0.557934,0.442091,0.441542,0.551139,0,0
0.557964,0.463932,0.501288,0.662783,0.421618,0.668248,0.338901,0.714583,0.390985,0.559296,0.584,0.649201,0.663643,0.733664,0.616159,0.556537,0.513532,0.993889,0,0,0,0,0,0,0,0,0,0,0,0,0.512018,0.447588,0.55643,0.444847,0.440021,0.553815,0,0
0.557943,0.463932,0.499755,0.657368,0.420095,0.665543,0.338901,0.711864,0.387929,0.559288,0.58248,0.64376,0.660591,0.725493,0.613106,0.553828,0.512001,0.993885,0,0,0,0,0,0,0,0,0,0,0,0,0.510486,0.447586,0.556422,0.447543,0.439996,0.553785,0,0
0.556443,0.463944,0.502809,0.649201,0.423148,0.660114,0.340445,0.703704,0.391003,0.556535,0.582474,0.641023,0.660591,0.722754,0.614616,0.551101,0.505873,0.993888,0.43388,0.987078,0,0,0,0,0.582463,0.9898,0,0,0,0,0.513526,0.444852,0.557938,0.439371,0.440023,0.548386,0,0
0.56562,0.450284,0.513525,0.641034,0.432346,0.643775,0.340443,0.679173,0.397115,0.548405,0.59471,0.638303,0.65599,0.725462,0.625355,0.548363,0.518127,0.993887,0,0,0,0,0,0,0.582461,0.993889,0,0,0,0,0.522719,0.431264,0.562553,0.425761,0.449197,0.537453,0,0
0.573285,0.447561,0.521204,0.635585,0.440004,0.641043,0.346558,0.668314,0.404765,0.537466,0.602364,0.630137,0.655981,0.722729,0.62997,0.542956,0,0,0,0,0,0,0,0,0,0,0,0,0,0,0.5304,0.428523,0.573282,0.425751,0.45685,0.531987,0,0
0.590117,0.433975,0.534985,0.624691,0.458384,0.635548,0.36343,0.646516,0.449205,0.69825,0.613104,0.619215,0,0,0,0,0.525786,0.993884,0,0,0,0,0,0,0,0,0,0,0,0,0.548749,0.423013,0.587063,0.403938,0.472186,0.515687,0,0
0.60083,0.433929,0.545684,0.619228,0.464519,0.621943,0.371089,0.641052,0.432324,0.510251,0.626894,0.62193,0,0,0,0,0.527316,0.984346,0.452266,0.959825,0,0,0,0,0.596251,0.989797,0,0,0,0,0.556439,0.417583,0.596255,0.401245,0.481353,0.512996,0,0
0.613109,0.431241,0.557965,0.624655,0.476766,0.630135,0.383341,0.638275,0.444612,0.502053,0.643728,0.619235,0,0,0,0,0.534974,0.987073,0.453793,0.973446,0,0,0,0,0,0,0,0,0,0,0.571753,0.406735,0.613094,0.406682,0.496666,0.512999,0,0
0.620766,0.428537,0.56561,0.624667,0.478315,0.621963,0.387937,0.63559,0.450712,0.49117,0.65138,0.62741,0,0,0,0,0.530381,0.989801,0.45686,0.965273,0,0,0,0,0.59778,0.995249,0,0,0,0,0.577856,0.406673,0.620764,0.403963,0.499739,0.512931,0,0
0.625362,0.428516,0.570207,0.624677,0.484439,0.624674,0.389457,0.640975,0.450749,0.491196,0.652909,0.63014,0,0,0,0,0,0,0,0,0,0,0,0,0,0,0,0,0,0,0.580912,0.403978,0.626871,0.406683,0.505857,0.51024,0,0
0.625338,0.428543,0.567132,0.621937,0.47983,0.627399,0.387913,0.643735,0.446124,0.502078,0.651387,0.624666,0,0,0,0,0,0,0,0,0,0,0,0,0,0,0,0,0,0,0.577884,0.403985,0.625343,0.403988,0.501276,0.512912,0,0
0.619241,0.428482,0.561035,0.619208,0.476761,0.627396,0.38486,0.646475,0.44307,0.502069,0.651395,0.611046,0,0,0,0,0.534975,0.984352,0.453795,0.973451,0,0,0,0,0.602371,0.992522,0,0,0,0,0.574807,0.404006,0.62075,0.401263,0.496685,0.512914,0,0
0.6131,0.431185,0.554903,0.621947,0.470653,0.632855,0.377214,0.651921,0.438463,0.502065,0.643746,0.613799,0,0,0,0,0.525783,0.987073,0.447668,0.978896,0,0,0,0,0.593189,0.987077,0,0,0,0,0.567156,0.406726,0.610025,0.409414,0.493601,0.515667,0,0
0.606954,0.428476,0.547232,0.619235,0.46146,0.627408,0.372623,0.649213,0.42929,0.510194,0.634555,0.611077,0,0,0,0,0.522721,0.993885,0.444604,0.978898,0,0,0,0,0.594721,0.993885,0,0,0,0,0.557975,0.404009,0.60392,0.409413,0.484456,0.513004,0,0
0.603919,0.425796,0.545682,0.619196,0.45993,0.62468,0.371075,0.649221,0.426224,0.510195,0.629944,0.611026,0,0,0,0,0.521188,0.987072,0.440005,0.976176,0,0,0,0,0.590124,0.989797,0,0,0,0,0.556414,0.403945,0.599323,0.401249,0.481345,0.51295,0,0
0.599325,0.414887,0.542614,0.616476,0.455328,0.630121,0.366476,0.649222,0.423175,0.499317,0.626881,0.600182,0,0,0,0,0.519661,0.989796,0.44154,0.976174,0,0,0,0,0.585528,0.992523,0,0,0,0,0.553342,0.398554,0.594729,0.393074,0.47676,0.510194,0,0
0.596259,0.412156,0.538044,0.613765,0.45532,0.624681,0.363424,0.649226,0.423152,0.496586,0.622302,0.600143,0,0,0,0,0.519656,0.987072,0.441543,0.978897,0,0,0,0,0.582464,0.989798,0,0,0,0,0.548781,0.398501,0.593185,0.390336,0.473737,0.507523,0,0
0.593205,0.412132,0.531911,0.60833,0.449209,0.619205,0.360329,0.651905,0.420112,0.504789,0.616166,0.600134,0,0,0,0,0.519657,0.984349,0.436944,0.965268,0,0,0,0,0.579396,0.98435,0,0,0,0,0.54568,0.398475,0.59164,0.390326,0.472165,0.507485,0,0
0.59166,0.40945,0.528841,0.602904,0.447681,0.613789,0.358801,0.649229,0.420095,0.507523,0.611556,0.597418,0,0,0,0,0.513533,0.981621,0,0,0,0,0,0,0.574808,0.989797,0,0,0,0,0.544143,0.395814,0.588576,0.393084,0.469123,0.502051,0,0
0.58246,0.406678,0.5258,0.605605,0.444609,0.613764,0.349612,0.65734,0.410934,0.512923,0.608514,0.5974,0,0,0,0,0.515066,0.989796,0.429283,0.987074,0,0,0,0,0.587056,0.978899,0,0,0,0,0.53651,0.390351,0.577881,0.384881,0.459951,0.504759,0,0
0.57938,0.404003,0.524246,0.605581,0.440013,0.619212,0.346582,0.66279,0.407853,0.515701,0.606975,0.586544,0.655977,0.698246,0.629969,0.512924,0.513531,0.976176,0.433878,0.965271,0,0,0,0,0.582465,0.987072,0,0,0,0,0.531935,0.393042,0.576322,0.382142,0.458387,0.507478,0,0
0.570198,0.412149,0.521175,0.608334,0.432347,0.619214,0.341974,0.665502,0.403257,0.518371,0.602374,0.600116,0.656001,0.717306,0.613082,0.515674,0.504344,0.984349,0.427753,0.959826,0,0,0,0,0.579397,0.981621,0,0,0,0,0.524266,0.398491,0.571754,0.393047,0.450717,0.510252,0,0
0.56561,0.414862,0.518129,0.605616,0.427754,0.613776,0.337399,0.662866,0.401732,0.518375,0.603904,0.597419,0.659055,0.717325,0.608481,0.518392,0.501275,0.970725,0.423151,0.951646,0,0,0,0,0.576337,0.973447,0,0,0,0,0.52121,0.401199,0.565623,0.387651,0.447647,0.512921,0,0
0.557952,0.420336,0.515058,0.616494,0.427755,0.630104,0.337361,0.660124,0.403226,0.518368,0.597788,0.602909,0.655967,0.720023,0.605451,0.52115,0.504341,0.984348,0.427754,0.98435,0,0,0,0,0.577868,0.9789,0,0,0,0,0.516588,0.403952,0.559472,0.398497,0.444616,0.518376,0,0
0.556434,0.423052,0.510463,0.616479,0.426226,0.630119,0.335857,0.660096,0.401732,0.515652,0.594728,0.602904,0.654447,0.722741,0.605443,0.518409,0.502809,0.98435,0.426217,0.989797,0,0,0,0,0.577868,0.976174,0,0,0,0,0.51354,0.403983,0.559492,0.398519,0.444591,0.518403,0,0
0.556432,0.425728,0.510484,0.619226,0.426222,0.635543,0.335832,0.660061,0.400188,0.515714,0.594722,0.60831,0.652925,0.720017,0.606963,0.521165,0.504344,0.976176,0.427754,0.984348,0,0,0,0,0.576334,0.987073,0,0,0,0,0.512003,0.406686,0.561001,0.401258,0.443072,0.521099,0,0
0.556399,0.425727,0.510477,0.619227,0.426209,0.635547,0.331252,0.654643,0.401707,0.515665,0.596251,0.608308,0.654454,0.717314,0.605443,0.521139,0.504341,0.992521,0.424694,0.992525,0,0,0,0,0.576334,0.993884,0,0,0,0,0.510492,0.4067,0.559478,0.401257,0.443083,0.523819,0,0
0.5549,0.425732,0.508923,0.619196,0.424683,0.632847,0.328198,0.65194,0.39867,0.518437,0.594709,0.605606,0.652913,0.72274,0.605423,0.521129,0.508938,0.992522,0.429286,0.992521,0,0,0,0,0.580927,0.992522,0,0,0,0,0.51046,0.409403,0.55948,0.403947,0.441552,0.52382,0,0
0.554874,0.425725,0.508927,0.61652,0.423173,0.632843,0.329726,0.646485,0.398668,0.518385,0.594719,0.605603,0.652932,0.720039,0.605414,0.521122,0.505872,0.987072,0.426227,0.984346,0,0,0,0,0.579402,0.987073,0,0,0,0,0.508953,0.40941,0.557947,0.40394,0.441551,0.523842,0,0
0.554875,0.42306,0.507388,0.613757,0.420103,0.627403,0.323604,0.643738,0.39714,0.518409,0.594711,0.600136,0.651386,0.72273,0.603907,0.5211,0.50434,0.993884,0.42775,0.993887,0,0,0,0,0.576333,0.989797,0,0,0,0,0.508918,0.406717,0.554884,0.398537,0.440004,0.521129,0,0
0.554871,0.42304,0.50587,0.611074,0.420094,0.630103,0.323588,0.643736,0.397095,0.518403,0.59317,0.600139,0.651392,0.72273,0.600853,0.515701,0.501281,0.987073,0.427754,0.992522,0,0,0,0,0.573269,0.984354,0,0,0,0,0.507419,0.406711,0.5549,0.398519,0.439998,0.521109,0,0
