0.186646,0.581405,0.323489,0.513296,0.207076,0.464261,0.16418,0.570552,0.123376,0.63045,0.456259,0.559629,0.480776,0.747619,0.368455,0.842999,0,0,0,0,0,0,0,0,0,0,0,0,0,0,0.168257,0.535088,0.223429,0.573286,0,0,0.356196,0.524185
0.184623,0.575992,0.315334,0.513293,0.192779,0.472437,0.164174,0.573275,0.121309,0.630458,0.450147,0.562347,0.478721,0.744904,0.36845,0.843003,0,0,0,0,0,0,0,0,0,0,0,0,0,0,0.166243,0.529658,0.221394,0.573209,0,0,0.354124,0.526916
0.182557,0.578671,0.301037,0.537828,0.129464,0.570526,0,0,0,0,0.448092,0.562347,0.478749,0.74763,0.368452,0.842971,0,0,0,0,0,0,0,0,0,0,0,0,0,0,0.164195,0.526956,0.219362,0.573206,0,0,0.354148,0.521481
0.178483,0.576023,0.296954,0.540544,0.137629,0.559631,0.0232476,0.766712,0,0,0.448088,0.565072,0.474642,0.75036,0.37252,0.842994,0,0,0,0,0,0,0,0,0,0,0,0,0,0,0.162151,0.529613,0.219314,0.573206,0,0,0.354126,0.521484
0.184594,0.578692,0.288789,0.55145,0.137633,0.573258,0.0273368,0.785784,0,0,0.435835,0.554176,0.478723,0.74492,0.368445,0.843047,0,0,0,0,0,0,0,0,0,0,0,0,0,0,0.166233,0.529644,0.219341,0.570548,0,0,0.350061,0.521481
0.18257,0.578692,0.276517,0.55962,0.133546,0.575972,0.0273364,0.769438,0,0,0.431753,0.551463,0.478728,0.747619,0.366393,0.845751,0,0,0,0,0,0,0,0,0,0,0,0,0,0,0.160113,0.526952,0.217306,0.573213,0,0,0.341886,0.529648
0.196859,0.592318,0.27245,0.567796,0.13763,0.592321,0.033461,0.744913,0,0,0.427674,0.535116,0.476691,0.74764,0.366413,0.84844,0,0,0,0,0,0,0,0,0,0,0,0,0,0,0.176445,0.545997,0.223429,0.57323,0,0,0.339839,0.529646
0.188683,0.586886,0.274479,0.562347,0.145803,0.57326,0.029374,0.739464,0,0,0.429716,0.543269,0.478737,0.74219,0.366411,0.845756,0,0,0,0,0,0,0,0,0,0,0,0,0,0,0.164189,0.537833,0.219348,0.573264,0,0,0.337807,0.524207
0.186634,0.592309,0.311247,0.518765,0.15602,0.556901,0.145791,0.581446,0.11313,0.633207,0.446052,0.554191,0.476696,0.747639,0.36638,0.843019,0,0,0,0,0,0,0,0,0,0,0,0,0,0,0.164177,0.54055,0.221376,0.575988,0,0,0.350074,0.532354
0.186646,0.58686,0.305115,0.521479,0.153972,0.551445,0.149888,0.581432,0.113127,0.630495,0.446055,0.551437,0.474648,0.750373,0.362327,0.843021,0,0,0,0,0,0,0,0,0,0,0,0,0,0,0.16216,0.535131,0.223425,0.575986,0,0,0.350053,0.532361
0.188703,0.581436,0.31738,0.507867,0.188694,0.50786,0.162151,0.570497,0.12128,0.614126,0.450142,0.554175,0.480767,0.742185,0.366396,0.840293,0,0,0,0,0,0,0,0,0,0,0,0,0,0,0.166217,0.535099,0.22547,0.575941,0,0,0.352087,0.526897
0.188687,0.576004,0.3194,0.502403,0.196869,0.488787,0.164169,0.567784,0.121286,0.611422,0.450133,0.546017,0.478742,0.731297,0.368419,0.840222,0,0,0,0,0,0,0,0,0,0,0,0,0,0,0.16622,0.532373,0.227498,0.573251,0,0,0.350044,0.524181
0.360292,0.524191,0,0,0,0,0,0,0,0,0,0,0,0,0,0,0,0,0,0,0,0,0,0,0,0,0,0,0,0,0.319452,0.488797,0.374571,0.461554,0,0,0,0
0.186666,0.57873,0.290825,0.518756,0.145804,0.532389,0.147844,0.565094,0.115145,0.605973,0.439932,0.529649,0.474635,0.725844,0.366385,0.837574,0,0,0,0,0,0,0,0,0,0,0,0,0,0,0.158044,0.52964,0.225446,0.573258,0,0,0.341911,0.516045
0.205028,0.600543,0.26222,0.543293,0.0906527,0.578713,0,0,0,0,0.437894,0.537823,0.47057,0.739473,0.358235,0.83752,0,0,0,0,0,0,0,0,0,0,0,0,0,0,0.186626,0.565071,0.223444,0.575907,0,0,0.341877,0.513336
0.188689,0.595019,0.301022,0.513293,0.190738,0.464257,0.153964,0.565063,0.115172,0.605934,0.446062,0.548743,0.474629,0.736737,0.358247,0.834839,0,0,0,0,0,0,0,0,0,0,0,0,0,0,0.168235,0.548698,0.221376,0.573274,0,0,0.339865,0.51603
0.174413,0.603205,0.286738,0.524189,0.137626,0.543269,0,0,0,0,0.433804,0.535089,0.4726,0.731305,0.356189,0.832085,0,0,0,0,0,0,0,0,0,0,0,0,0,0,0.145818,0.540562,0.209122,0.576001,0,0,0.337778,0.521492
0.180531,0.600495,0.294907,0.51874,0.147838,0.535096,0.123341,0.57326,0,0,0.437888,0.540537,0.470555,0.736736,0.356205,0.826639,0,0,0,0,0,0,0,0,0,0,0,0,0,0,0.143784,0.535086,0.205038,0.576036,0,0,0.341838,0.518752
0.337822,0.554144,0.264267,0.524207,0.0538909,0.614123,0,0,0,0,0.429708,0.513311,0.478726,0.72314,0.36232,0.821235,0,0,0,0,0,0,0,0,0,0,0,0,0,0,0.303072,0.516021,0.358232,0.491509,0.119258,0.545984,0,0
0.151926,0.619606,0.268345,0.524207,0.0477598,0.633195,0,0,0,0,0.431756,0.521474,0.47262,0.736738,0.358223,0.823926,0,0,0,0,0,0,0,0,0,0,0,0,0,0,0.123338,0.554149,0.190734,0.605914,0.109052,0.532388,0.321502,0.546045
0.14989,0.630456,0.231588,0.570517,0,0,0,0,0,0,0.433793,0.537841,0.478736,0.736739,0.366384,0.823918,0,0,0,0,0,0,0,0,0,0,0,0,0,0,0.119266,0.573219,0.188714,0.611424,0,0,0.317366,0.554155
0.321459,0.578685,0.227505,0.567811,0.229545,0.766712,0,0,0,0,0.43175,0.535097,0.482817,0.739455,0.36437,0.823914,0,0,0,0,0,0,0,0,0,0,0,0,0,0,0.284689,0.556909,0.337808,0.529631,0.194822,0.51603,0,0
0.160095,0.668611,0.231584,0.559627,0,0,0,0,0,0,0.423583,0.532382,0.478739,0.744922,0.362297,0.829372,0,0,0,0,0,0,0,0,0,0,0,0,0,0,0,0,0.166212,0.646812,0,0,0.296925,0.573252
0.198902,0.755831,0.198911,0.652267,0.0150779,0.687689,0,0,0,0,0.427676,0.589594,0.493023,0.769433,0.376608,0.837539,0,0,0,0,0,0,0,0,0,0,0,0,0,0,0.151927,0.712215,0.241797,0.704034,0.0906538,0.608677,0.350056,0.575974
0.190746,0.734016,0.231586,0.627739,0.0109905,0.665908,0,0,0,0,0.437886,0.578709,0.493027,0.769423,0.382722,0.815808,0,0,0,0,0,0,0,0,0,0,0,0,0,0,0.12742,0.65773,0.247937,0.679515,0.117208,0.575966,0.362294,0.562329
0.221372,0.671361,0.262229,0.597787,0.05594,0.630474,0,0,0,0,0.450141,0.573252,0.497097,0.766725,0.380689,0.810296,0,0,0,0,0,0,0,0,0,0,0,0,0,0,0.170307,0.619566,0.256115,0.638633,0.139673,0.518762,0.376614,0.535094
0.215246,0.66314,0.266312,0.592307,0.0579676,0.627747,0,0,0,0,0.450128,0.567801,0.495089,0.769435,0.378659,0.810286,0,0,0,0,0,0,0,0,0,0,0,0,0,0,0.17236,0.603228,0.258135,0.63045,0.137629,0.486076,0.380689,0.53234
0.205038,0.660448,0.260187,0.595049,0.0559345,0.630485,0,0,0,0,0.448089,0.573235,0.495064,0.772175,0.372516,0.810297,0,0,0,0,0,0,0,0,0,0,0,0,0,0,0.166228,0.595054,0.254076,0.625007,0.141695,0.472438,0.382738,0.532382
0.205043,0.66313,0.276522,0.57872,0.0641052,0.627749,0,0,0,0,0.452188,0.570536,0.495062,0.774903,0.370466,0.810331,0,0,0,0,0,0,0,0,0,0,0,0,0,0,0.1642,0.59777,0.254026,0.62777,0.137636,0.469701,0.382741,0.535121
0.196868,0.665873,0.278566,0.586871,0.0640999,0.630466,0,0,0,0,0.454228,0.573254,0.49304,0.777624,0.368451,0.812992,0,0,0,0,0,0,0,0,0,0,0,0,0,0,0.160098,0.59777,0.252024,0.635944,0.131503,0.486055,0.378639,0.551422
0.192792,0.665884,0.284692,0.578712,0.0681863,0.630467,0,0,0,0,0.454231,0.575962,0.493029,0.783051,0.366408,0.810315,0,0,0,0,0,0,0,0,0,0,0,0,0,0,0.158063,0.597779,0.249974,0.635911,0.129465,0.48605,0.378633,0.548739
0.188683,0.66044,0.303084,0.567803,0.0865629,0.608664,0,0,0,0,0.456259,0.573268,0.495071,0.780342,0.36437,0.810321,0,0,0,0,0,0,0,0,0,0,0,0,0,0,0.158049,0.58414,0.243856,0.622314,0,0,0.378648,0.546005
0.188715,0.652255,0.294905,0.570536,0.0845341,0.603234,0,0,0,0,0.454228,0.578698,0.493041,0.785788,0.36434,0.804879,0,0,0,0,0,0,0,0,0,0,0,0,0,0,0.158043,0.576003,0.243832,0.61412,0,0,0.376616,0.545971
0.188688,0.644101,0.30512,0.570535,0.178481,0.592324,0,0,0,0,0.452193,0.581416,0.488941,0.793941,0.360259,0.802126,0,0,0,0,0,0,0,0,0,0,0,0,0,0,0.158048,0.567779,0.243839,0.603252,0,0,0.378649,0.540545
0.190755,0.638672,0.309202,0.573248,0.178483,0.603223,0.151928,0.668628,0,0,0.458301,0.58414,0.488939,0.793963,0.360282,0.802159,0,0,0,0,0,0,0,0,0,0,0,0,0,0,0.160114,0.567791,0.247944,0.600519,0.143761,0.466987,0.382749,0.537803
0.194821,0.622312,0.296953,0.570512,0.13763,0.603227,0,0,0,0,0.454221,0.57054,0.491,0.780333,0.360251,0.815731,0,0,0,0,0,0,0,0,0,0,0,0,0,0,0.166234,0.545994,0.25198,0.581435,0,0,0.384807,0.529647
0.192786,0.600517,0.290835,0.56508,0.14376,0.573241,0.143768,0.616858,0,0,0.450138,0.570516,0.484859,0.785791,0.352113,0.815752,0,0,0,0,0,0,0,0,0,0,0,0,0,0,0.166248,0.529637,0.254033,0.573224,0,0,0.386793,0.51876
0.198911,0.570534,0.331669,0.521477,0.211174,0.469725,0.168263,0.548742,0.143742,0.625054,0.460341,0.57324,0.482821,0.769429,0.354129,0.8185,0,0,0,0,0,0,0,0,0,0,0,0,0,0,0.180527,0.507844,0.245896,0.537867,0,0,0.3848,0.494218
0.186652,0.537843,0.331663,0.513312,0.207074,0.456073,0.166229,0.554161,0.141727,0.627748,0.456271,0.565081,0.480783,0.769423,0.352094,0.815776,0,0,0,0,0,0,0,0,0,0,0,0,0,0,0.172351,0.466999,0.239776,0.52145,0,0,0.384806,0.477904
0.186669,0.529673,0.276526,0.545997,0.0988173,0.559628,0.0273433,0.867531,0,0,0.452188,0.54874,0.478735,0.758546,0.348016,0.815774,0,0,0,0,0,0,0,0,0,0,0,0,0,0,0.164189,0.450623,0.239748,0.499662,0,0,0.384757,0.466978
0.188667,0.529664,0.309204,0.516029,0.111081,0.551447,0.0232471,0.837554,0,0,0.452179,0.548728,0.470572,0.758531,0.343924,0.813048,0,0,0,0,0,0,0,0,0,0,0,0,0,0,0.164181,0.447943,0.237726,0.491507,0,0,0.382716,0.464268
0.186623,0.510579,0.298993,0.516038,0.151921,0.526931,0.156009,0.548743,0.13354,0.619553,0.444012,0.543275,0.462383,0.753069,0.339843,0.802159,0,0,0,0,0,0,0,0,0,0,0,0,0,0,0.164162,0.428801,0.235693,0.475185,0,0,0.380689,0.447896
0.182557,0.505125,0.315333,0.513302,0.153966,0.529661,0.153982,0.546019,0.129446,0.616809,0.444015,0.543262,0.458317,0.750362,0.335738,0.804838,0,0,0,0,0,0,0,0,0,0,0,0,0,0,0.160117,0.423366,0.233611,0.46699,0,0,0.376622,0.442444
0.170301,0.475136,0.307163,0.491505,0.0783997,0.540565,0.0252872,0.813033,0,0,0.435838,0.51877,0.458305,0.723098,0.331683,0.788514,0,0,0,0,0,0,0,0,0,0,0,0,0,0,0.156002,0.398819,0.223422,0.442455,0,0,0.368419,0.42335
0.168263,0.466963,0.298995,0.494232,0.151932,0.502407,0.145811,0.540545,0.121265,0.597788,0.433803,0.524189,0.452175,0.720376,0.331662,0.78033,0,0,0,0,0,0,0,0,0,0,0,0,0,0,0.153955,0.387949,0.217263,0.42613,0,0,0.364366,0.412493
0.153986,0.442443,0.290816,0.483316,0.143759,0.486065,0.13558,0.526901,0.113127,0.578696,0.431747,0.510592,0.448088,0.706766,0.325551,0.766731,0,0,0,0,0,0,0,0,0,0,0,0,0,0,0.139661,0.363442,0.202991,0.401635,0,0,0.352125,0.393382
0.151918,0.431541,0.284691,0.483318,0.0783957,0.496954,0.0171255,0.763987,0,0,0.425637,0.502396,0.444004,0.701308,0.323489,0.758553,0,0,0,0,0,0,0,0,0,0,0,0,0,0,0.13762,0.352542,0.200927,0.398835,0,0,0.352086,0.385216
0.147854,0.428821,0.27856,0.472441,0.0681874,0.488771,0.0171286,0.753087,0,0,0.421547,0.486068,0.435847,0.690417,0.321466,0.753095,0,0,0,0,0,0,0,0,0,0,0,0,0,0,0.129451,0.3471,0.192777,0.388002,0,0,0.345958,0.379797
0.147832,0.423408,0.272438,0.47787,0.074313,0.491507,0.00895908,0.772159,0,0,0.421551,0.488764,0.437896,0.690419,0.321491,0.753037,0,0,0,0,0,0,0,0,0,0,0,0,0,0,0.127434,0.344387,0.190772,0.393401,0,0,0.34393,0.374321
0.155994,0.447921,0.28266,0.453368,0.137627,0.4806,0,0,0,0,0.425634,0.48333,0.439936,0.687709,0.323485,0.750392,0,0,0,0,0,0,0,0,0,0,0,0,0,0,0.133551,0.385225,0.19277,0.409767,0,0,0.343918,0.379752
0.156013,0.447931,0.301044,0.450638,0.15193,0.480599,0.153989,0.480628,0.119232,0.55421,0.429709,0.483329,0.448098,0.684969,0.32556,0.750383,0,0,0,0,0,0,0,0,0,0,0,0,0,0,0.135572,0.377083,0.19483,0.423348,0,0,0.345976,0.385209
0.158051,0.453348,0.317361,0.450627,0.14987,0.491501,0,0,0,0,0.431765,0.483318,0.462402,0.674081,0.335771,0.753065,0,0,0,0,0,0,0,0,0,0,0,0,0,0,0.139671,0.385254,0.200929,0.428803,0,0,0.345975,0.396115
0.162135,0.461515,0.319424,0.450632,0.0927051,0.491508,0,0,0,0,0.441962,0.488771,0.464448,0.674078,0.339852,0.753088,0,0,0,0,0,0,0,0,0,0,0,0,0,0,0.141732,0.396136,0.205007,0.428861,0,0,0.350058,0.398817
0.166244,0.464246,0.319404,0.456086,0.223417,0.39887,0.166236,0.494221,0.139644,0.562364,0.444018,0.488785,0.474651,0.679524,0.348005,0.753102,0,0,0,0,0,0,0,0,0,0,0,0,0,0,0.149885,0.393415,0.211153,0.442446,0,0,0.358207,0.401625
0.168275,0.466986,0.327589,0.466977,0.229544,0.417944,0.16828,0.502414,0.139693,0.573227,0.446047,0.496955,0.472609,0.684985,0.352091,0.755842,0,0,0,0,0,0,0,0,0,0,0,0,0,0,0.153974,0.401606,0.21117,0.450598,0,0,0.356188,0.415204
0.174416,0.494242,0.32146,0.477879,0.235672,0.417931,0.16623,0.521493,0.137635,0.59232,0.452168,0.513312,0.472613,0.695876,0.350046,0.772115,0,0,0,0,0,0,0,0,0,0,0,0,0,0,0.15808,0.447919,0.213216,0.469731,0,0,0.356181,0.428815
0.182568,0.507853,0.319423,0.477871,0.0967828,0.540554,0.0232529,0.864803,0,0,0.452172,0.50514,0.476691,0.695878,0.352104,0.772175,0,0,0,0,0,0,0,0,0,0,0,0,0,0,0.162147,0.450631,0.219337,0.477868,0,0,0.356193,0.43429
0.188688,0.513294,0.331671,0.472438,0.247923,0.415222,0.170314,0.524184,0.143785,0.59777,0.454229,0.510567,0.482833,0.695885,0.358235,0.774868,0,0,0,0,0,0,0,0,0,0,0,0,0,0,0.170318,0.464245,0.223417,0.48333,0,0,0.360277,0.442422
