0.477311,0.257163,0.477311,0.393396,0.302745,0.390677,0.21039,0.30619,0.137669,0.170019,0.637461,0.393434,0.768494,0.428839,0.74901,0.352545,0.647138,0.630497,0.540423,0.644093,0.622906,0.769438,0.744213,0.979254,0.763579,0.616852,0.994096,0.742188,0.83154,0.927455,0.41916,0.251685,0.535573,0.26534,0.322129,0.303518,0.598597,0.322578
0.477348,0.257144,0.477307,0.393429,0.302752,0.393393,0.215285,0.295291,0.171743,0.16724,0.63265,0.396148,0.768526,0.442432,0.748994,0.360716,0.652021,0.625043,0.545268,0.641384,0.622887,0.769447,0.758727,0.992879,0.768472,0.608686,0.9941,0.747644,0.860679,0.927458,0.423922,0.251676,0.535624,0.265303,0.322142,0.30619,0.598589,0.32256
0.48213,0.254447,0.477363,0.393402,0.302638,0.390696,0.220254,0.292608,0.19589,0.161836,0.647169,0.393436,0.763656,0.417931,0.739358,0.360724,0.656854,0.633194,0.545298,0.646819,0.627746,0.763991,0.763631,0.994248,0.778174,0.61957,0.994094,0.774866,0.860645,0.93837,0.42405,0.248941,0.540374,0.265331,0.326965,0.298088,0.593809,0.327985
0.482175,0.257175,0.472539,0.396142,0.30752,0.393414,0.234717,0.28983,0.200824,0.145477,0.637487,0.401591,0.768452,0.44793,0.739363,0.34436,0.651998,0.633213,0.554956,0.649543,0.647177,0.785781,0,0,0.763642,0.622296,0.994093,0.774882,0.865513,0.93838,0.433666,0.248973,0.540382,0.265347,0.326985,0.298014,0.593845,0.322585
0.482149,0.257199,0.472529,0.398846,0.307526,0.393435,0.225097,0.289845,0.186263,0.156342,0.642278,0.407036,0.763596,0.447922,0.734495,0.338909,0.64721,0.625028,0.55498,0.64408,0.666567,0.780346,0,0,0.763632,0.614126,0.996514,0.77488,0.870343,0.941099,0.433649,0.24898,0.535616,0.265319,0.331851,0.295338,0.598661,0.31986
0.482189,0.259933,0.477302,0.390705,0.307521,0.387959,0.195966,0.292555,0.127968,0.167279,0.632641,0.404293,0.778167,0.456101,0.719935,0.333442,0.661721,0.63321,0.559858,0.646842,0.676235,0.799411,0,0,0.763645,0.616867,0.972251,0.761261,0.875237,0.932948,0.43372,0.248973,0.535563,0.262664,0.32689,0.289884,0.588958,0.314386
0.482138,0.259879,0.472526,0.387998,0.302747,0.38255,0.19113,0.292554,0.0892242,0.164536,0.6278,0.396151,0.778191,0.458808,0.719936,0.336182,0.652047,0.622321,0.555006,0.644084,0.681123,0.821207,0,0,0.763606,0.605964,0.947943,0.755826,0,0,0.433619,0.246271,0.535525,0.262611,0.312419,0.284416,0.588948,0.306242
0.477257,0.254492,0.477325,0.385258,0.3027,0.374336,0.195888,0.28713,0.0649343,0.180902,0.627769,0.393448,0.773312,0.456066,0.715059,0.330789,0.642327,0.619589,0.545249,0.635931,0.64715,0.804875,0,0,0.749054,0.603237,0.994089,0.766711,0.884899,0.984699,0.419222,0.24085,0.530782,0.259885,0.317196,0.278969,0.593825,0.30622
0.472502,0.25447,0.457964,0.382534,0.302664,0.366183,0.195886,0.284423,0.0746691,0.189063,0.608374,0.393398,0.763629,0.453366,0.715123,0.333484,0.637507,0.603229,0.545256,0.625031,0.637493,0.813035,0,0,0.744197,0.592323,0.994092,0.766702,0.884911,0.984695,0.419152,0.240806,0.530709,0.259891,0.317219,0.276267,0.584095,0.311648
0.467622,0.251755,0.448199,0.377076,0.288096,0.357971,0.142558,0.240816,0.0795339,0.186366,0.60837,0.398858,0.802427,0.49424,0.739324,0.360729,0.632614,0.611392,0.521031,0.619582,0.627728,0.777603,0,0,0.749036,0.600502,0.994097,0.739497,0.870381,0.962902,0.414309,0.23542,0.525804,0.254499,0.30264,0.273586,0.569545,0.317081
0.46278,0.251694,0.419148,0.366179,0.263843,0.352563,0.142518,0.224484,0.0891578,0.18089,0.598647,0.396115,0.865503,0.521486,0,0,0.632594,0.597779,0.511308,0.611395,0.618058,0.774896,0,0,0.768474,0.595053,0,0,0,0,0.409507,0.232683,0.521033,0.25446,0.297883,0.270797,0.564681,0.31712
0.453041,0.243551,0.4337,0.360683,0.258997,0.355233,0.147414,0.227202,0.123154,0.202676,0.608368,0.382475,0.763634,0.45064,0,0,0.618091,0.589595,0.516137,0.608667,0.603451,0.764005,0,0,0.724839,0.575965,0,0,0,0,0.404477,0.229926,0.516162,0.2517,0.292914,0.268081,0.564604,0.317139
0.448236,0.240835,0.433665,0.360753,0.249378,0.355238,0.13769,0.221744,0.108656,0.199958,0.603549,0.385222,0.880052,0.526923,0,0,0.593867,0.586882,0.487054,0.603227,0.618078,0.766719,0,0,0.710242,0.578722,0.923716,0.712237,0.870425,0.952012,0.399663,0.229871,0.511322,0.249002,0.292897,0.265375,0.559842,0.317076
0.443437,0.238153,0.428851,0.368878,0.244427,0.358006,0.1183,0.199941,0.10384,0.197243,0.642342,0.387987,0.870368,0.524188,0,0,0.593763,0.59776,0.482234,0.61683,0.59871,0.753092,0,0,0.710268,0.581431,0,0,0,0,0.394878,0.227158,0.506495,0.248952,0.283294,0.26263,0.559828,0.314447
0.448319,0.235436,0.414315,0.363468,0.229886,0.344382,0.137801,0.292518,0,0,0.618048,0.385235,0.875212,0.535094,0,0,0.593841,0.592311,0.482176,0.603231,0.584153,0.736715,0,0,0.734495,0.58145,0.894609,0.731264,0,0,0.399775,0.224428,0.511336,0.248958,0.278418,0.254456,0.550099,0.317129
0.462737,0.238111,0.428802,0.352542,0.249319,0.341631,0.137598,0.295337,0,0,0.647157,0.360716,0.870362,0.521487,0,0,0.593845,0.578703,0.477369,0.592321,0.61322,0.766706,0,0,0.724782,0.570536,0.88005,0.731266,0,0,0.414248,0.224453,0.520926,0.248971,0.288168,0.257182,0.545343,0.314367
0.486997,0.248946,0.467659,0.366173,0.263888,0.344358,0,0,0,0,0.719966,0.368904,0.88004,0.535113,0,0,0.598646,0.559622,0.482251,0.575961,0.584068,0.734015,0,0,0.763625,0.562346,0.865439,0.709504,0,0,0.448197,0.227215,0.53563,0.254426,0.297895,0.246256,0.569595,0.30623
0.491924,0.248936,0.482277,0.357991,0.273588,0.339001,0.123205,0.30347,0.195926,0.238077,0.710248,0.366171,0.875213,0.53237,0,0,0.593827,0.5569,0.482254,0.56508,0.584045,0.736735,0,0,0.710224,0.55146,0.846107,0.728558,0,0,0.448312,0.227249,0.545225,0.254447,0.302707,0.246299,0.579209,0.308958
0.49193,0.24356,0.438515,0.36343,0.0261249,0.393404,0.365738,0.872981,0,0,0.710257,0.363442,0,0,0,0,0.579272,0.559617,0.472534,0.567796,0.588885,0.744905,0,0,0.710225,0.56507,0.836498,0.720396,0,0,0.448297,0.227201,0.540423,0.25179,0.297807,0.251748,0.564648,0.31442
0.482228,0.243576,0.462768,0.347088,0.278451,0.33886,0.128033,0.311656,0.176583,0.232715,0.647207,0.355249,0.865445,0.513327,0,0,0.593821,0.570507,0.477365,0.581419,0.60345,0.76672,0,0,0.715099,0.562338,0.855795,0.731269,0,0,0.44343,0.227143,0.53081,0.251677,0.302682,0.254472,0.559831,0.303465
0.477329,0.23813,0.448215,0.336167,0.283207,0.330792,0.128054,0.317163,0.181327,0.243513,0.632627,0.338941,0.744232,0.450657,0,0,0.584126,0.570516,0.472498,0.581416,0.603495,0.769438,0,0,0.700573,0.556906,0.855778,0.734001,0.875259,0.954702,0.433683,0.224439,0.525972,0.246233,0.302678,0.257156,0.559745,0.298008
0.477286,0.235375,0.453113,0.341621,0.273605,0.338877,0.132787,0.319831,0.171663,0.246229,0.637482,0.347116,0.870261,0.513297,0,0,0.588942,0.565063,0.472502,0.578692,0.598655,0.763988,0,0,0.71019,0.556888,0.850966,0.731268,0.875201,0.946542,0.42887,0.221736,0.525983,0.246227,0.293095,0.26265,0.554977,0.303506
0.47744,0.232661,0.467638,0.34437,0.283277,0.33618,0,0,0,0,0.671406,0.344376,0.870368,0.516022,0,0,0.588919,0.548759,0.472528,0.570518,0.603441,0.766733,0,0,0.705419,0.545979,0.855776,0.733982,0.875164,0.941092,0.433692,0.216299,0.530693,0.240843,0.293015,0.259921,0.55986,0.303506
0.47744,0.232618,0.462747,0.33349,0.288142,0.333469,0.137768,0.328013,0.263859,0.259876,0.637471,0.336197,0,0,0,0,0.593799,0.548752,0.477414,0.562358,0.608326,0.769449,0,0,0.705428,0.543297,0.855769,0.731304,0.870433,0.935656,0.433675,0.213594,0.530644,0.2408,0.297899,0.25448,0.564685,0.303501
0.477384,0.229966,0.457998,0.330717,0.278414,0.333437,0.137646,0.333459,0.181359,0.248974,0.647206,0.330707,0,0,0,0,0.598688,0.554198,0.482199,0.567812,0.603426,0.763988,0,0,0.715168,0.548717,0.846084,0.731246,0.875198,0.938379,0.42883,0.213612,0.525995,0.235387,0.293041,0.262604,0.564707,0.28984
0.477378,0.229927,0.472427,0.333497,0.283244,0.336183,0.142586,0.336145,0.171727,0.248957,0.656863,0.330773,0.870396,0.510568,0,0,0.603447,0.554197,0.487081,0.570519,0.598704,0.766723,0,0,0.715144,0.546012,0.846156,0.731258,0.875294,0.938361,0.423977,0.216278,0.525996,0.2354,0.292961,0.265329,0.564766,0.292588
0.477351,0.229963,0.457964,0.344377,0.288101,0.344361,0.147452,0.338852,0,0,0.642306,0.338884,0,0,0,0,0.593775,0.54055,0.472548,0.554173,0.593789,0.75856,0,0,0.715112,0.529665,0.850918,0.728562,0.884852,0.94382,0.4192,0.21901,0.525884,0.238119,0.288203,0.265361,0.564715,0.303506
0.472451,0.229958,0.462814,0.338909,0.283262,0.341666,0.142656,0.33626,0.171631,0.248961,0.642369,0.336196,0.875231,0.516063,0,0,0.598582,0.548744,0.482205,0.56509,0.598649,0.764,0,0,0.715098,0.543264,0.855764,0.734023,0.884925,0.94657,0.414221,0.219061,0.525732,0.238077,0.292873,0.268085,0.564635,0.295273
0.45312,0.232697,0.457907,0.344345,0.288142,0.341637,0.147407,0.336263,0.147429,0.246267,0.642345,0.344387,0.86066,0.505143,0,0,0.593846,0.573239,0.482207,0.584133,0.613215,0.774887,0,0,0.705387,0.554194,0.87033,0.731302,0.880119,0.930216,0.399697,0.22447,0.506476,0.235377,0.288117,0.268123,0.564725,0.292569
0.448222,0.238101,0.467663,0.349839,0.293014,0.341664,0.142624,0.338977,0.137812,0.243528,0.647207,0.357955,0.865491,0.516029,0,0,0.588971,0.584135,0.477408,0.592308,0.613214,0.772161,0.749101,0.995611,0.700597,0.578685,0.884915,0.731302,0.889719,0.932939,0.394799,0.227156,0.501618,0.238115,0.292911,0.265359,0.564636,0.289874
0.448205,0.251678,0.462742,0.357934,0.293048,0.349811,0.152248,0.341615,0.108563,0.227202,0.63265,0.360735,0.855808,0.513307,0,0,0.584117,0.586873,0.472531,0.595033,0.613203,0.736744,0.753875,0.976534,0.700538,0.581441,0.91883,0.725859,0.899434,0.922022,0.394802,0.235342,0.491986,0.248964,0.292932,0.27084,0.545334,0.289878
0.448215,0.249007,0.467688,0.357933,0.29779,0.347102,0.137803,0.33889,0.0844155,0.227149,0.647176,0.360736,0.880097,0.526943,0.994106,0.635916,0.588956,0.586882,0.472553,0.59504,0.61321,0.731278,0.758747,0.973818,0.705399,0.581437,0.928622,0.725828,0,0,0.394883,0.232651,0.496743,0.246272,0.292957,0.273524,0.554917,0.28988
0.448245,0.243581,0.467617,0.357948,0.292997,0.349813,0.147414,0.347082,0.0892139,0.229883,0.651987,0.360733,0.880121,0.529634,0.996528,0.630469,0.58896,0.584167,0.472452,0.592322,0.608324,0.717678,0.75874,0.973793,0.71024,0.581401,0.957711,0.706777,0.909191,0.894752,0.394893,0.229945,0.496757,0.243543,0.292992,0.27354,0.5501,0.295362
0.448229,0.246244,0.467662,0.357972,0.293056,0.347096,0.166838,0.357929,0.0988218,0.229981,0.652062,0.360762,0.880099,0.526904,0,0,0.588948,0.586892,0.472494,0.597774,0.58898,0.706755,0.758831,0.981982,0.7151,0.581437,0.92863,0.701305,0.918833,0.892065,0.394867,0.229975,0.49677,0.243573,0.292973,0.273503,0.550192,0.298024
0.44819,0.246254,0.462817,0.357951,0.297767,0.352502,0.166841,0.358038,0.0941416,0.227149,0.652006,0.360674,0.870346,0.518779,0,0,0.603469,0.586896,0.472545,0.597761,0.588966,0.70677,0.758739,0.98199,0.744202,0.581424,0.991667,0.693147,0.991667,0.889327,0.394851,0.229965,0.496772,0.246255,0.29292,0.273533,0.550185,0.300765
0.448173,0.246263,0.45798,0.357957,0.293016,0.352509,0.171643,0.360684,0.0989849,0.232669,0.647219,0.358005,0.870355,0.521472,0,0,0.60833,0.586862,0.472489,0.592344,0.588926,0.706772,0.758774,0.987402,0.744213,0.581416,0.967411,0.69314,0,0,0.390056,0.229963,0.496728,0.246269,0.292915,0.273544,0.550097,0.30078
0.443471,0.246281,0.462751,0.355256,0.292964,0.349846,0.16192,0.357981,0.127993,0.221745,0.656912,0.355279,0.875253,0.52419,0,0,0.598648,0.595037,0.477333,0.605955,0.588971,0.706771,0.758837,0.98741,0.7345,0.584166,0.994092,0.684986,0.994094,0.873002,0.390047,0.229958,0.491996,0.246244,0.288163,0.273522,0.554917,0.295373
0.448171,0.246265,0.448201,0.357992,0.293003,0.347064,0.142554,0.355218,0.137746,0.210831,0.608369,0.366191,0.710269,0.47787,0.705413,0.382511,0.58891,0.592332,0.47254,0.600517,0.59379,0.712236,0.763654,0.990139,0.705376,0.584175,0.9941,0.68768,0.99409,0.883878,0.390065,0.229944,0.496719,0.246276,0.288126,0.27351,0.545274,0.300754
0.448158,0.246251,0.448192,0.358007,0.292937,0.344385,0.152245,0.355294,0.161928,0.213579,0.613238,0.368877,0.865502,0.51878,0,0,0.579289,0.589588,0.472485,0.597771,0.598639,0.709515,0.763624,0.987414,0.700515,0.584128,0.994101,0.687707,0.994086,0.883869,0.394793,0.229924,0.496711,0.246263,0.288046,0.270859,0.545236,0.29809
0.448186,0.246233,0.453076,0.360667,0.288137,0.349802,0.161914,0.360753,0.17654,0.210822,0.642359,0.366159,0.870375,0.521463,0,0,0.579295,0.592316,0.467642,0.605937,0.588977,0.704038,0.758755,0.981952,0.705421,0.581436,0.9941,0.690432,0.994087,0.875705,0.390054,0.229917,0.496756,0.246244,0.263954,0.270771,0.545335,0.298062
0.438582,0.243577,0.433725,0.360748,0.288186,0.341647,0.176476,0.371585,0.171576,0.229921,0.574399,0.385218,0.681112,0.466974,0.729621,0.379832,0.579239,0.578698,0.472506,0.586857,0.598673,0.714933,0.763611,0.984706,0.690862,0.573236,0.994087,0.693139,0.994091,0.897507,0.385211,0.229878,0.487146,0.246243,0.2784,0.270739,0.53562,0.308949
0.443284,0.243548,0.433705,0.360705,0.292887,0.338981,0.171709,0.371586,0.152284,0.229883,0.579257,0.379796,0.681192,0.466967,0.739387,0.385236,0.584105,0.581398,0.472556,0.586882,0.603481,0.714923,0.763588,0.984709,0.695679,0.575955,0.994087,0.693152,0.99409,0.892049,0.389951,0.227244,0.487162,0.243581,0.283278,0.268094,0.535566,0.306195
0.438507,0.246235,0.433681,0.357987,0.292901,0.338955,0.166742,0.366194,0.137686,0.240844,0.584096,0.368903,0.681041,0.46425,0.739412,0.387995,0.584102,0.581394,0.472549,0.586884,0.603515,0.714953,0.763647,0.984707,0.695643,0.575946,0.99409,0.693131,0.994092,0.897484,0.385121,0.227178,0.48712,0.240857,0.288039,0.265316,0.540503,0.292607
