0.74836,0.554148,0.6646,0.584155,0.664601,0.458817,0,0,0,0,0.660523,0.712203,0.572674,0.793928,0.448101,0.881177,0.282651,0.556901,0.268355,0.480607,0.0927145,0.676796,0,0,0.298988,0.627758,0.262226,0.657718,0,0,0.778986,0.502426,0.789192,0.605981,0.776946,0.466975,0.791242,0.728588
0.752417,0.551482,0.666646,0.592333,0.666643,0.461534,0,0,0,0,0.668682,0.717646,0.580853,0.796705,0.450125,0.883923,0.29286,0.575973,0.292862,0.494237,0.180525,0.398873,0,0,0.305116,0.660442,0.237715,0.684966,0,0,0.78103,0.502425,0.791223,0.60866,0.77898,0.464266,0.797371,0.731298
0.754476,0.55422,0.658479,0.595049,0.660516,0.44247,0.660519,0.344363,0,0,0.65847,0.723124,0.578804,0.796683,0.450134,0.883911,0.282649,0.581417,0.292868,0.499678,0.205034,0.382501,0.121312,0.570535,0.292869,0.663154,0.266305,0.679514,0,0,0.779012,0.510608,0.789183,0.611384,0.766728,0.466995,0.793288,0.744896
0.748368,0.554145,0.660513,0.595041,0.660517,0.439746,0.658474,0.34165,0,0,0.656426,0.720388,0.576767,0.796692,0.450113,0.883891,0.294911,0.570533,0.301032,0.486057,0.235681,0.385234,0.141718,0.554177,0.30103,0.646826,0.266309,0.663167,0,0,0.778979,0.510592,0.785105,0.608681,0.778972,0.469731,0.791227,0.742192
0.748367,0.55413,0.658486,0.595047,0.660519,0.442459,0.656439,0.344361,0,0,0.654398,0.723101,0.574746,0.796685,0.45011,0.883895,0.292867,0.573251,0.303078,0.486064,0.237712,0.385239,0.141721,0.55418,0.298995,0.646821,0.266312,0.663169,0,0,0.778983,0.510554,0.785109,0.608667,0.783053,0.469686,0.791243,0.7422
0.752437,0.554137,0.660526,0.58959,0.660523,0.456081,0.629879,0.363438,0,0,0.654391,0.709504,0.574733,0.793952,0.450124,0.883923,0.307162,0.565075,0.296951,0.507858,0.27039,0.627759,0,0,0.319415,0.619573,0.268348,0.638655,0.135589,0.559643,0.778979,0.51059,0.787138,0.605969,0.76269,0.46699,0.791242,0.747626
0.752432,0.554198,0.660531,0.586888,0.666647,0.450637,0.617623,0.368887,0,0,0.65235,0.70949,0.57269,0.791245,0.448097,0.88391,0.307163,0.562355,0.296948,0.5242,0.274467,0.616854,0.127424,0.559632,0.32554,0.616847,0.270398,0.6223,0.127414,0.567803,0.778993,0.513302,0.789175,0.608665,0.760651,0.467026,0.791239,0.750323
0.752426,0.559629,0.664591,0.589602,0.668699,0.450634,0.640095,0.347103,0,0,0.650305,0.714931,0.568607,0.793928,0.446047,0.8866,0.307162,0.562358,0.294907,0.510579,0.27448,0.605945,0,0,0.321458,0.622293,0.0967794,0.630478,0.0498008,0.644099,0.778989,0.516037,0.789171,0.614112,0.762642,0.472414,0.791253,0.753049
0.752421,0.562359,0.664594,0.586874,0.670726,0.445184,0.638049,0.347092,0,0,0.652338,0.712215,0.566581,0.796657,0.446055,0.886611,0.307163,0.565074,0.290824,0.510583,0.282635,0.61142,0,0,0.321458,0.622303,0.100867,0.633194,0.0600186,0.641367,0.778979,0.518772,0.789172,0.614149,0.762653,0.47514,0.793275,0.753077
0.752425,0.562362,0.664596,0.586868,0.670723,0.44518,0.636015,0.347094,0,0,0.652337,0.712213,0.568591,0.793974,0.446058,0.886612,0.307163,0.565073,0.290823,0.510585,0.282632,0.611405,0,0,0.321457,0.622301,0.100868,0.633196,0.0600195,0.64137,0.778981,0.518775,0.789172,0.616818,0.762654,0.475141,0.793275,0.75308
0.756499,0.573236,0.666639,0.584154,0.664601,0.434278,0.646218,0.344366,0,0,0.658464,0.709492,0.570661,0.799394,0.448077,0.894799,0.298987,0.543281,0.286737,0.475152,0.278557,0.614116,0,0,0.313291,0.614134,0.268349,0.62503,0,0,0.779006,0.524192,0.789218,0.625008,0.760559,0.475172,0.79534,0.75311
0.756498,0.573236,0.666638,0.584158,0.664604,0.43428,0.644181,0.344366,0,0,0.658463,0.709496,0.570661,0.799393,0.448077,0.8948,0.298989,0.54328,0.286741,0.472437,0.104954,0.635927,0.0763583,0.633194,0.313293,0.616838,0.266314,0.627747,0,0,0.779006,0.524193,0.789218,0.625007,0.760558,0.475172,0.79534,0.753109
0.760586,0.578696,0.668682,0.603204,0.672772,0.447918,0.644181,0.355261,0.572689,0.355261,0.660515,0.728552,0.574729,0.807598,0.452212,0.900249,0.321456,0.554175,0.311248,0.48333,0.28469,0.619572,0,0,0.327584,0.61412,0.113124,0.646818,0.0620679,0.644102,0.783073,0.535113,0.793264,0.63321,0.758562,0.483371,0.797365,0.761263
0.760629,0.578756,0.664598,0.605955,0.672775,0.466986,0.65031,0.366164,0,0,0.660521,0.731288,0.572695,0.813029,0.452211,0.902917,0.32963,0.554174,0,0,0,0,0,0,0.335759,0.597775,0.117208,0.649551,0.0559323,0.649533,0.785129,0.535148,0.79532,0.638619,0.746316,0.480577,0.801445,0.766716
0.762679,0.584131,0.670741,0.608678,0.676856,0.464262,0.642138,0.360718,0,0,0.662567,0.742173,0.580846,0.813,0.45015,0.902996,0.315333,0.575975,0.307162,0.488783,0.172359,0.442466,0,0,0.323503,0.660452,0.260186,0.717666,0.0784012,0.652274,0.791263,0.537841,0.79941,0.641379,0.781017,0.488771,0.805517,0.772138
0.76061,0.59233,0.668673,0.622305,0.685027,0.488787,0.648262,0.385247,0,0,0.658484,0.747636,0.57065,0.818512,0.446057,0.905717,0.294905,0.622296,0.294901,0.532378,0.166236,0.450658,0.111077,0.625023,0.305118,0.706756,0.270398,0.739468,0,0,0.787158,0.545996,0.795354,0.644129,0.758581,0.491464,0.80348,0.774895
0.760612,0.592331,0.666653,0.622308,0.68503,0.488791,0.648266,0.387956,0,0,0.658484,0.747633,0.570649,0.818513,0.446056,0.905716,0.294909,0.622302,0.294905,0.532388,0.168254,0.45335,0.113126,0.622314,0.305119,0.70405,0.270395,0.739467,0,0,0.787151,0.545992,0.795356,0.644128,0.758577,0.491441,0.803477,0.774898
0.748347,0.597765,0.664594,0.625026,0.678914,0.480604,0.650301,0.371619,0.578819,0.387964,0.650297,0.747647,0.562462,0.823952,0.435866,0.908437,0.311246,0.614115,0.309202,0.529659,0.178487,0.437007,0.111081,0.619578,0.32146,0.690412,0.264265,0.725838,0,0,0.776956,0.551467,0.787168,0.649557,0.770817,0.505117,0.795339,0.783035
0.744262,0.597753,0.658476,0.619594,0.670728,0.469708,0.646226,0.368897,0,0,0.646236,0.747619,0.560421,0.818469,0.433814,0.908421,0.301041,0.614115,0.309207,0.532372,0.186679,0.420655,0.117198,0.616836,0.307164,0.684972,0.24793,0.717667,0,0,0.774875,0.548753,0.783078,0.652281,0.774903,0.505138,0.793277,0.785816
0.746301,0.592332,0.65849,0.619557,0.664606,0.458813,0.644179,0.377067,0,0,0.646225,0.744915,0.56247,0.810336,0.431759,0.908427,0.313289,0.605942,0.313293,0.524213,0.233647,0.426112,0.123358,0.600497,0.317375,0.676784,0.272438,0.668625,0.121304,0.603217,0.776918,0.548713,0.785094,0.649523,0.778972,0.505116,0.791222,0.788527
0.748362,0.595022,0.658486,0.619566,0.666653,0.458808,0.656433,0.374344,0,0,0.648252,0.744909,0.560434,0.815738,0.431758,0.911157,0.319418,0.595053,0.305119,0.526924,0.237699,0.437024,0,0,0.315334,0.665887,0.254057,0.663175,0,0,0.776942,0.551426,0.789183,0.646831,0.770824,0.510561,0.79123,0.785791
0.74836,0.59502,0.660507,0.619568,0.666649,0.458806,0.656432,0.374341,0,0,0.646227,0.74492,0.560428,0.815744,0.431757,0.911155,0.315333,0.59505,0.301039,0.524204,0.237701,0.437028,0,0,0.31125,0.665889,0.252016,0.665889,0,0,0.776941,0.551428,0.789178,0.646833,0.770823,0.510568,0.791235,0.788518
0.748354,0.59776,0.662553,0.633199,0.668691,0.480608,0.654397,0.377072,0,0,0.64417,0.753079,0.560427,0.818485,0.43379,0.916596,0.327582,0.578703,0.327584,0.529658,0.266314,0.611397,0.106995,0.619565,0.325545,0.657724,0.12129,0.641366,0.104952,0.619572,0.776967,0.554185,0.787142,0.652279,0.776946,0.51599,0.791246,0.78577
0.748354,0.59776,0.662554,0.633207,0.668691,0.480608,0.654398,0.377068,0,0,0.642146,0.7531,0.560423,0.818485,0.433785,0.91928,0.327583,0.578701,0.327583,0.529652,0.266307,0.614112,0.106993,0.61957,0.325541,0.660438,0.121288,0.641364,0.104945,0.619576,0.776966,0.554184,0.787144,0.652282,0.776946,0.51599,0.791258,0.785793
0.748339,0.603192,0.664602,0.638635,0.670736,0.477884,0.640095,0.382523,0,0,0.646224,0.753103,0.560425,0.826647,0.433778,0.924714,0.323502,0.578705,0.317377,0.537833,0.276517,0.611396,0.111073,0.619566,0.333712,0.644093,0.121289,0.641372,0.106989,0.619572,0.776973,0.556916,0.787148,0.660435,0.774907,0.513276,0.791239,0.793943
0.746303,0.605922,0.664593,0.638649,0.674811,0.486062,0.648269,0.385243,0,0,0.646218,0.7531,0.558393,0.832107,0.433796,0.92475,0.325548,0.578696,0.317373,0.52693,0.27857,0.608685,0,0,0.33167,0.649544,0.115164,0.646825,0.0497986,0.663161,0.776978,0.562334,0.78716,0.663119,0.770812,0.513315,0.793278,0.785815
0.746325,0.608658,0.664604,0.638652,0.676859,0.488782,0.638055,0.387959,0,0,0.642146,0.766695,0.558383,0.837558,0.433798,0.927461,0.317375,0.565078,0.296949,0.494236,0.284697,0.611389,0.0538845,0.663164,0.329628,0.646825,0.106994,0.652269,0.0457164,0.663175,0.778971,0.565097,0.785144,0.663197,0.768771,0.516057,0.791262,0.791242
0.746317,0.614096,0.662555,0.641366,0.672771,0.480612,0.631924,0.398863,0,0,0.642139,0.763977,0.560423,0.837564,0.431785,0.927504,0.296955,0.567796,0.288778,0.51058,0.274472,0.633199,0,0,0.307167,0.630466,0.104943,0.65772,0.0600171,0.663172,0.776969,0.567807,0.785138,0.665913,0.772856,0.521505,0.793281,0.79667
0.746304,0.611412,0.660521,0.649534,0.67074,0.480602,0.644177,0.398864,0,0,0.642139,0.76672,0.558405,0.83757,0.431776,0.927506,0.296953,0.570521,0.272439,0.491505,0.274485,0.633189,0,0,0.313289,0.641375,0.102902,0.660449,0.0518474,0.665904,0.776948,0.567817,0.785125,0.665925,0.770808,0.521464,0.789213,0.79394
0.74428,0.614145,0.658474,0.646815,0.670735,0.488782,0.638054,0.387966,0,0,0.642132,0.772167,0.556346,0.840249,0.42972,0.927476,0.298996,0.573242,0.29695,0.502409,0.274487,0.646842,0.0763579,0.665902,0.31533,0.652271,0.10086,0.665904,0.0416313,0.682239,0.774895,0.570493,0.783082,0.668603,0.762663,0.518781,0.789201,0.796692
0.74427,0.614114,0.656424,0.652271,0.662566,0.491512,0.640096,0.385234,0,0,0.640099,0.772169,0.5543,0.840241,0.429688,0.927423,0.296948,0.575976,0.290819,0.496953,0.188744,0.437042,0.104932,0.622322,0.31329,0.655005,0.270404,0.665885,0,0,0.774882,0.570491,0.783066,0.665934,0.762632,0.521503,0.787173,0.793973
0.742196,0.616809,0.656423,0.64683,0.658475,0.491503,0.642136,0.387965,0,0,0.640093,0.774876,0.556338,0.840267,0.425634,0.92744,0.292862,0.60322,0.290824,0.502406,0.186627,0.445162,0.100864,0.635932,0.298999,0.679525,0.256097,0.717668,0.0906485,0.649549,0.768786,0.570521,0.779019,0.665926,0.760583,0.524185,0.785113,0.793949
0.742201,0.616803,0.652353,0.64682,0.656432,0.486055,0.640097,0.374341,0,0,0.638053,0.774886,0.556339,0.840293,0.425641,0.927468,0.290817,0.6114,0.288775,0.521482,0.186636,0.445175,0.104952,0.633198,0.298994,0.690409,0.262227,0.709498,0,0,0.768772,0.570536,0.779021,0.665921,0.746328,0.518743,0.787161,0.796679
0.740199,0.614137,0.652353,0.654983,0.650308,0.491503,0.642138,0.355265,0,0,0.640106,0.769446,0.556345,0.840261,0.427689,0.927461,0.294904,0.608668,0.294908,0.518748,0.186638,0.437035,0.104942,0.635929,0.309201,0.687692,0.266308,0.709482,0,0,0.768769,0.57052,0.781019,0.665922,0.760617,0.529609,0.787173,0.802141
0.740183,0.61139,0.650294,0.646824,0.654393,0.49151,0.638056,0.385233,0,0,0.638056,0.766718,0.550234,0.840292,0.427684,0.92478,0.294909,0.622295,0.294904,0.54055,0.205034,0.439739,0.111073,0.633193,0.309206,0.698589,0.266302,0.712227,0,0,0.766713,0.565098,0.778973,0.665862,0.742232,0.516009,0.787145,0.791244
0.740189,0.611395,0.648267,0.641387,0.648266,0.486061,0.636009,0.382515,0,0,0.638056,0.766721,0.550224,0.840302,0.427688,0.927422,0.292862,0.61958,0.290822,0.537825,0.205018,0.43974,0.184611,0.483338,0.307163,0.698586,0.264266,0.714942,0,0,0.76472,0.565097,0.778972,0.663216,0.744263,0.516087,0.785125,0.791218
0.740183,0.611392,0.652348,0.630481,0.656432,0.472433,0.523684,0.407038,0,0,0.640093,0.758531,0.556361,0.837569,0.431715,0.927446,0.305118,0.600506,0.298987,0.529652,0.217279,0.439752,0.113117,0.614135,0.319414,0.671344,0.252013,0.668618,0.104965,0.622303,0.766743,0.56508,0.776975,0.663207,0.758547,0.516028,0.787153,0.788527
0.742233,0.611375,0.652363,0.635918,0.654383,0.475153,0,0,0,0,0.640092,0.758525,0.560437,0.837554,0.43177,0.927462,0.294907,0.589595,0.292861,0.543281,0.274488,0.65772,0.1172,0.622287,0.313291,0.657726,0.264265,0.660437,0.102908,0.638648,0.772873,0.56509,0.781035,0.663205,0.764709,0.518797,0.791235,0.791242
0.758529,0.616811,0.666649,0.633195,0.670724,0.472441,0.640095,0.396142,0,0,0.652339,0.755826,0.564538,0.840244,0.43382,0.927521,0.309204,0.573245,0.301036,0.518755,0.284712,0.635891,0.0497968,0.668636,0.329627,0.654997,0.125374,0.657714,0.0436752,0.671337,0.78308,0.567801,0.791246,0.665932,0.764693,0.516011,0.795332,0.788529
0.760601,0.622256,0.670721,0.635913,0.676861,0.469708,0.640091,0.393415,0,0,0.656443,0.755817,0.566556,0.840311,0.43788,0.930196,0.317372,0.57052,0.298993,0.521477,0.288809,0.630493,0.0559165,0.668638,0.333717,0.652272,0.125375,0.657723,0.0559281,0.674055,0.787176,0.573281,0.793307,0.674049,0.762678,0.516065,0.803491,0.796661
0.760602,0.622259,0.670721,0.635903,0.676858,0.464264,0.640091,0.390687,0,0,0.658469,0.75581,0.566564,0.840306,0.437889,0.930194,0.315335,0.570523,0.296948,0.516032,0.288787,0.630471,0.0559343,0.668636,0.335759,0.652272,0.125383,0.657717,0.0579687,0.671339,0.787178,0.573285,0.793304,0.674051,0.762646,0.516081,0.803487,0.796671
0.762651,0.627719,0.672783,0.641368,0.69116,0.483334,0.646226,0.390694,0,0,0.662557,0.755831,0.568612,0.843029,0.441975,0.930225,0.321459,0.565079,0.298994,0.491509,0.117204,0.638639,0,0,0.337798,0.649544,0.125377,0.657709,0.0498065,0.676785,0.791238,0.575999,0.797366,0.679533,0.762658,0.516052,0.803505,0.804862
0.764671,0.627719,0.67481,0.638657,0.682989,0.472437,0.646223,0.385243,0,0,0.660527,0.763987,0.568614,0.845717,0.444008,0.930234,0.335756,0.570523,0.32759,0.494233,0.209118,0.461547,0.211167,0.483336,0.341882,0.646817,0.143764,0.646817,0.0498122,0.679529,0.79127,0.578665,0.797383,0.684936,0.778991,0.524187,0.801461,0.804861
0.762659,0.630462,0.672779,0.65498,0.674822,0.491508,0.640094,0.382515,0.56861,0.270796,0.662557,0.769433,0.566573,0.853895,0.446057,0.935639,0.329634,0.589596,0.327592,0.518757,0.200937,0.453366,0.109038,0.630479,0.335753,0.665896,0.301037,0.676786,0,0,0.791232,0.578736,0.795324,0.684964,0.776955,0.532367,0.801448,0.802126
0.762645,0.630487,0.668685,0.652276,0.672772,0.507857,0.644175,0.387962,0,0,0.660521,0.766707,0.568589,0.851163,0.448081,0.935643,0.327588,0.611403,0.327591,0.532374,0.202982,0.453377,0.109026,0.638655,0.329624,0.682246,0.14989,0.68769,0.0416389,0.695897,0.789188,0.581405,0.793306,0.68498,0.778993,0.532382,0.799407,0.802139
0.76263,0.630469,0.670724,0.657702,0.674822,0.499687,0.644179,0.385234,0,0,0.658487,0.769436,0.568611,0.848484,0.448086,0.935651,0.329636,0.611397,0.333711,0.532375,0.205009,0.453346,0.109027,0.635898,0.329631,0.679515,0.290817,0.693151,0,0,0.787179,0.581408,0.793317,0.684962,0.772863,0.532367,0.801457,0.804844
0.756521,0.630447,0.668694,0.644112,0.676864,0.494239,0.586986,0.428844,0,0,0.664606,0.75855,0.568619,0.848438,0.446053,0.935672,0.333716,0.619566,0.335755,0.532389,0.207083,0.453349,0.117183,0.633195,0.335758,0.695865,0.282649,0.706765,0,0,0.779015,0.578727,0.787139,0.682256,0.76879,0.535072,0.793273,0.802137
0.754466,0.625038,0.664607,0.646828,0.670727,0.494228,0.589032,0.423395,0,0,0.654395,0.763977,0.566582,0.84847,0.446058,0.935675,0.333718,0.616856,0.337803,0.53239,0.213208,0.445196,0.121305,0.630491,0.333718,0.690415,0.151935,0.701306,0.0395931,0.709472,0.778986,0.575996,0.785097,0.676809,0.762677,0.529668,0.791231,0.810283
0.760613,0.622298,0.668698,0.649537,0.66664,0.494234,0.63805,0.390693,0,0,0.658484,0.764,0.572696,0.848452,0.450113,0.938394,0.33984,0.614125,0.348012,0.532375,0.221391,0.453365,0.121293,0.630476,0.339844,0.682242,0.153982,0.676801,0.0375497,0.70951,0.785119,0.575928,0.791235,0.67135,0.776948,0.526922,0.795329,0.802145
0.764686,0.625006,0.674831,0.646819,0.6789,0.494231,0.642135,0.412487,0,0,0.668675,0.763972,0.578815,0.848474,0.4522,0.943794,0.356185,0.611391,0.360266,0.532389,0.223438,0.456069,0.121295,0.63593,0.356186,0.679524,0.298995,0.671351,0,0,0.791214,0.575943,0.795329,0.67406,0.774893,0.524223,0.801443,0.804867
0.776949,0.627746,0.693181,0.644097,0.721791,0.494234,0.65235,0.390695,0,0,0.674836,0.766706,0.584927,0.853891,0.46238,0.941127,0.354144,0.592319,0.356184,0.526927,0.229547,0.464277,0.123317,0.633204,0.358227,0.665894,0.317373,0.660437,0.119255,0.638659,0.805515,0.575935,0.807572,0.68222,0.801458,0.529641,0.807575,0.807586
0.778995,0.638615,0.697305,0.649554,0.719754,0.488786,0.658478,0.385244,0,0,0.680937,0.769434,0.591069,0.853882,0.466477,0.943818,0.33984,0.565084,0.32146,0.496959,0.321458,0.638655,0.0620518,0.701312,0.3521,0.63864,0.178481,0.654991,0.0579708,0.698599,0.807554,0.58413,0.809644,0.687713,0.805535,0.532394,0.809614,0.804885
0.778978,0.63861,0.697296,0.652272,0.719751,0.486062,0.662558,0.382516,0,0,0.676877,0.772155,0.589047,0.853906,0.466451,0.943831,0.337801,0.567799,0.321459,0.496958,0.32146,0.638655,0.0600295,0.701318,0.350057,0.638649,0.178483,0.655,0.0579738,0.698604,0.807554,0.581453,0.809637,0.687712,0.805539,0.532394,0.809613,0.807585
0.779019,0.646841,0.701367,0.660442,0.709543,0.516033,0.662557,0.390696,0,0,0.678901,0.774893,0.593099,0.859385,0.468536,0.946577,0.372525,0.57325,0.378651,0.556895,0.32758,0.635926,0.0743189,0.693137,0.392946,0.646822,0.176437,0.655002,0.0743097,0.687709,0.807592,0.600462,0.809652,0.701322,0.795311,0.537854,0.809617,0.81848
0.78102,0.646848,0.703407,0.660428,0.711585,0.507858,0.662562,0.387964,0,0,0.680943,0.774893,0.593116,0.862056,0.472593,0.946563,0.394991,0.578698,0.415415,0.540554,0.327585,0.644096,0.082493,0.693147,0.392948,0.66317,0.192781,0.649542,0.0988234,0.671347,0.807596,0.600478,0.809669,0.701332,0.795348,0.537847,0.811659,0.821209
0.774884,0.644123,0.689112,0.660455,0.707498,0.540558,0,0,0,0,0.678901,0.774899,0.589028,0.864779,0.468546,0.95202,0.354134,0.630461,0.360263,0.546012,0.221373,0.461556,0.121298,0.663185,0.358226,0.70131,0.180527,0.731274,0.0600114,0.714956,0.801475,0.595022,0.803504,0.701336,0.783076,0.532422,0.805526,0.81847
0.770795,0.646802,0.685028,0.663173,0.703415,0.529661,0,0,0,0,0.674804,0.785786,0.586989,0.864792,0.468519,0.960148,0.350059,0.630467,0.356182,0.546,0.219327,0.456069,0.125397,0.654981,0.356177,0.698607,0.180521,0.736747,0.0559343,0.720407,0.797359,0.589613,0.799399,0.69861,0.805528,0.54327,0.801463,0.81848
0.770809,0.646808,0.685028,0.663156,0.703417,0.526932,0,0,0,0,0.672785,0.78578,0.586983,0.864818,0.466512,0.960171,0.352092,0.630459,0.356188,0.545992,0.219327,0.45607,0.125391,0.654974,0.356174,0.698596,0.178478,0.739471,0.0559377,0.720405,0.797355,0.592304,0.7994,0.698618,0.805519,0.543252,0.801457,0.818499
0.764704,0.652272,0.682994,0.679505,0.701376,0.55145,0.648265,0.36889,0,0,0.670734,0.802133,0.587006,0.872988,0.466486,0.968348,0.356184,0.641382,0.362314,0.562348,0.231577,0.453339,0.143778,0.652278,0.35618,0.714951,0.178488,0.742194,0.0579917,0.728567,0.793322,0.600503,0.79738,0.706732,0.79328,0.551479,0.805521,0.83754
0.764714,0.652264,0.685022,0.674077,0.703409,0.548728,0.646225,0.366168,0,0,0.672759,0.802128,0.589027,0.872969,0.466488,0.968347,0.348017,0.641377,0.358223,0.562343,0.231578,0.450651,0.145783,0.652275,0.352103,0.712232,0.174404,0.742202,0.0579816,0.728561,0.793311,0.60051,0.797384,0.706726,0.787158,0.551425,0.805535,0.837536
0.776931,0.660462,0.697269,0.679511,0.703415,0.529657,0,0,0,0,0.685022,0.807572,0.59718,0.881146,0.470586,0.971075,0.35414,0.638652,0.352098,0.567802,0.252023,0.499692,0.133556,0.665883,0.360264,0.706767,0.315332,0.709499,0,0,0.8035,0.611381,0.80553,0.714918,0.778994,0.556859,0.809638,0.842994
0.776955,0.663149,0.695251,0.668618,0.697281,0.499682,0,0,0,0,0.689103,0.807566,0.597206,0.883873,0.472629,0.971107,0.339842,0.633197,0.33576,0.570523,0.309198,0.693145,0.145798,0.676794,0.350057,0.701313,0.190737,0.701315,0.13559,0.674076,0.80551,0.614097,0.80754,0.714959,0.803509,0.554201,0.807605,0.845712
0.776943,0.663152,0.699317,0.6659,0.701374,0.521479,0.660519,0.417939,0,0,0.693213,0.793953,0.597216,0.886584,0.474643,0.973783,0.364353,0.646819,0.360267,0.586872,0.30716,0.63865,0,0,0.350055,0.70132,0.180526,0.668627,0.143755,0.657728,0.803483,0.614111,0.807551,0.714939,0.799418,0.556917,0.809612,0.845738
0.776943,0.663163,0.699326,0.674064,0.701376,0.540556,0.656431,0.420664,0,0,0.69933,0.796682,0.599226,0.88385,0.474673,0.971139,0.384779,0.6441,0.364356,0.570532,0.294904,0.614121,0,0,0.401117,0.728562,0.162147,0.625058,0.072252,0.706751,0.803472,0.614105,0.805555,0.714967,0.783068,0.554181,0.807585,0.845712
0.776945,0.66316,0.699337,0.671354,0.705457,0.535104,0.656429,0.420664,0,0,0.699325,0.793972,0.599229,0.883847,0.476659,0.971133,0.386821,0.646823,0.364356,0.57325,0.294901,0.614133,0,0,0.399077,0.728564,0.162134,0.625041,0.0722495,0.706767,0.803473,0.614098,0.805554,0.714967,0.78308,0.554167,0.807591,0.843046
0.772878,0.660442,0.695231,0.676802,0.687075,0.540548,0,0,0,0,0.693197,0.796691,0.59515,0.878457,0.476681,0.968318,0.36231,0.633202,0.352096,0.570532,0.305116,0.605964,0,0,0.36027,0.690413,0.162136,0.622313,0.0600215,0.698588,0.799429,0.605977,0.8035,0.712241,0.776931,0.554121,0.807575,0.843013
0.766727,0.660425,0.693205,0.663184,0.69933,0.513307,0.660516,0.423388,0,0,0.693186,0.788498,0.589048,0.875707,0.470565,0.9656,0.358225,0.633194,0.348012,0.575982,0.298986,0.608688,0,0,0.358225,0.663168,0.156022,0.619563,0.0559245,0.693154,0.795306,0.60595,0.795325,0.71219,0.783083,0.554148,0.805519,0.840319
0.754478,0.660423,0.670734,0.668619,0.660517,0.556908,0.288751,0.644056,0.129445,0.646792,0.674806,0.783062,0.578832,0.872944,0.458301,0.960149,0.339845,0.652267,0.339842,0.603222,0.276525,0.646836,0.0538986,0.684974,0.348012,0.71494,0.158063,0.654989,0.051843,0.687686,0.778999,0.603233,0.781017,0.709493,0.778973,0.546023,0.789192,0.834834
0.74633,0.65774,0.666639,0.668609,0.642137,0.543274,0,0,0,0,0.668689,0.783067,0.576772,0.873,0.454214,0.962889,0.329633,0.630474,0.305121,0.573255,0,0,0,0,0.419499,0.780334,0,0,0,0,0.776938,0.603239,0.776962,0.709528,0.760581,0.540557,0.789203,0.83212
0.746292,0.65772,0.6646,0.668611,0.646222,0.540554,0,0,0,0,0.666637,0.785775,0.574738,0.875682,0.454196,0.962873,0.384772,0.693152,0.360259,0.627733,0.272454,0.671348,0.106994,0.660433,0.423582,0.78852,0,0,0,0,0.776936,0.603217,0.776967,0.712187,0.760576,0.540563,0.789197,0.834813
0.740191,0.646829,0.662551,0.66044,0.654392,0.521478,0.521653,0.4288,0,0,0.666636,0.77489,0.566589,0.86752,0.452154,0.95469,0.313293,0.616855,0.292864,0.546,0.121288,0.668616,0,0,0.32759,0.684962,0.270404,0.679517,0,0,0.768798,0.597804,0.770824,0.704039,0.762662,0.545979,0.785115,0.826666
0.740196,0.646832,0.660527,0.660447,0.656434,0.521482,0.521644,0.428812,0,0,0.664599,0.774891,0.566586,0.867521,0.45216,0.954688,0.317375,0.622304,0.296953,0.556905,0.276542,0.682225,0,0,0.327583,0.687687,0.270389,0.676802,0,0,0.768792,0.600452,0.770811,0.704027,0.76266,0.545978,0.78512,0.829377
0.744249,0.635944,0.666652,0.646819,0.680942,0.507854,0.631927,0.387957,0,0,0.662572,0.761259,0.56659,0.856627,0.452189,0.943785,0.33167,0.597778,0.329626,0.535102,0.280617,0.657717,0.057979,0.687708,0.333714,0.663175,0.143758,0.665896,0.0498045,0.687697,0.774897,0.584161,0.776915,0.690451,0.760583,0.535114,0.781031,0.81031
0.746318,0.635912,0.668696,0.638642,0.658481,0.472434,0.636004,0.379794,0,0,0.666638,0.758533,0.568614,0.856594,0.45219,0.941081,0.32554,0.57597,0.327589,0.513303,0.290827,0.646829,0.104954,0.625046,0.333713,0.646824,0.14172,0.66318,0.0538931,0.687658,0.776928,0.581449,0.77897,0.690394,0.760608,0.535074,0.781041,0.807591
0.758553,0.635944,0.672779,0.638628,0.678901,0.488778,0.633965,0.387962,0,0,0.67073,0.758536,0.570662,0.848482,0.454232,0.938353,0.327592,0.565082,0.331671,0.502409,0.29695,0.635921,0.106979,0.61958,0.339837,0.638648,0.145798,0.654987,0.0498078,0.682258,0.783061,0.578751,0.785134,0.687724,0.776948,0.526939,0.787172,0.813011
0.758547,0.638619,0.670736,0.635909,0.689114,0.475156,0.633963,0.387959,0,0,0.666639,0.758521,0.568593,0.851166,0.452175,0.935649,0.329627,0.570526,0.331672,0.499686,0.207072,0.453347,0.102907,0.614137,0.333716,0.644098,0.284693,0.644104,0,0,0.783062,0.578728,0.785135,0.690402,0.783059,0.524224,0.78511,0.815739
0.758544,0.638612,0.670743,0.635935,0.691161,0.469712,0.631929,0.387957,0,0,0.666647,0.758524,0.568593,0.851158,0.452182,0.935648,0.325544,0.570533,0.329628,0.496957,0.207088,0.453347,0.102925,0.614148,0.32963,0.646821,0.147846,0.65771,0.0477577,0.68493,0.783055,0.57874,0.785105,0.687728,0.785109,0.526934,0.785124,0.813044
0.748338,0.635909,0.668685,0.641375,0.689113,0.496958,0.625797,0.38524,0.560438,0.276247,0.662565,0.758538,0.564548,0.845758,0.448096,0.935626,0.31942,0.578696,0.323507,0.50514,0.207065,0.44789,0.102909,0.616842,0.323513,0.652261,0.149896,0.663166,0.0436898,0.68226,0.776975,0.578726,0.776979,0.690439,0.772856,0.521479,0.783064,0.810279
0.746297,0.633187,0.664599,0.644091,0.689117,0.524198,0.633973,0.379787,0.568606,0.262621,0.664608,0.755832,0.564512,0.845728,0.44402,0.932967,0.323509,0.592332,0.32555,0.518761,0.209123,0.447879,0.10087,0.61686,0.325557,0.663179,0.14377,0.665892,0.0457164,0.684957,0.77492,0.57869,0.776956,0.687726,0.762657,0.521472,0.783071,0.807581
0.744263,0.630469,0.660512,0.641354,0.674819,0.513307,0.629884,0.379788,0,0,0.658472,0.755816,0.566575,0.840311,0.448066,0.932947,0.319413,0.597766,0.32146,0.524188,0.219316,0.445167,0.107013,0.616874,0.325548,0.665887,0.147844,0.671357,0.0477747,0.687711,0.774907,0.578708,0.774919,0.687662,0.754491,0.526907,0.787146,0.802129
0.746293,0.633183,0.662551,0.641362,0.695244,0.51875,0.62988,0.409761,0,0,0.66051,0.755826,0.568601,0.840259,0.450148,0.932913,0.325543,0.597779,0.327595,0.524198,0.221355,0.450624,0.111092,0.619536,0.33167,0.665909,0.282648,0.676795,0,0,0.776968,0.578718,0.776952,0.687708,0.762639,0.518785,0.789214,0.804877
0.746304,0.633169,0.66255,0.641352,0.693199,0.516025,0.627838,0.409762,0,0,0.65849,0.755821,0.568607,0.840256,0.45014,0.932918,0.327581,0.597786,0.329628,0.526915,0.221351,0.450632,0.111088,0.619538,0.333711,0.66591,0.151932,0.671354,0.0538912,0.687716,0.776971,0.578724,0.776956,0.687698,0.76265,0.518779,0.79123,0.807557
0.754494,0.641361,0.67072,0.644109,0.687075,0.505136,0.638052,0.374343,0,0,0.670716,0.755825,0.572692,0.837541,0.452198,0.930253,0.331675,0.59777,0.32963,0.521477,0.231604,0.450639,0.121295,0.619556,0.339846,0.671348,0.2949,0.665902,0,0,0.781021,0.592293,0.781061,0.69317,0.762658,0.524193,0.793273,0.80757
0.758533,0.644131,0.670738,0.646815,0.697287,0.499682,0.63397,0.393418,0,0,0.660522,0.758524,0.57268,0.83756,0.452184,0.9329,0.325549,0.584154,0.32146,0.513298,0.233608,0.453353,0.119231,0.616857,0.335758,0.663176,0.158062,0.671338,0.0620619,0.687671,0.785101,0.597737,0.7851,0.701308,0.778986,0.524179,0.787157,0.804874
0.758557,0.649571,0.672766,0.641362,0.687072,0.483334,0.636011,0.387962,0,0,0.660522,0.755817,0.57473,0.834841,0.452167,0.932909,0.339838,0.5896,0.335758,0.526937,0.301062,0.655003,0,0,0.345976,0.660454,0.2949,0.65773,0.119245,0.622314,0.787144,0.600516,0.787157,0.709453,0.783078,0.529629,0.785122,0.804852
0.758568,0.649558,0.670736,0.638648,0.678905,0.475153,0.633973,0.379792,0,0,0.660519,0.758538,0.572694,0.834847,0.450159,0.930231,0.335756,0.58143,0.329632,0.516033,0.233632,0.453352,0.119268,0.616861,0.345972,0.657727,0.15397,0.663164,0.0620649,0.676802,0.787142,0.600493,0.787167,0.706784,0.781014,0.526906,0.785124,0.802149
0.760616,0.646823,0.672782,0.627744,0.672773,0.466985,0.644174,0.374341,0,0,0.666641,0.753106,0.570665,0.834813,0.450152,0.9275,0.331668,0.573254,0.329627,0.494232,0.233618,0.453349,0.119253,0.622291,0.337804,0.657716,0.296953,0.657727,0.117189,0.611419,0.787168,0.597764,0.791206,0.704034,0.787145,0.521456,0.787157,0.799428
0.762675,0.641332,0.674828,0.622312,0.680945,0.472429,0.640094,0.374334,0,0,0.670718,0.753075,0.572692,0.829373,0.450151,0.924766,0.329636,0.573246,0.329628,0.494237,0.233611,0.447907,0,0,0.337795,0.65772,0.151926,0.649551,0,0,0.791254,0.584159,0.793286,0.693118,0.781049,0.516009,0.797362,0.799424
0.76268,0.641331,0.674829,0.625015,0.676864,0.469711,0.6401,0.374336,0,0,0.670724,0.753073,0.57473,0.826665,0.450151,0.924771,0.329635,0.573246,0.327591,0.496957,0.233616,0.447904,0,0,0.3378,0.657722,0.149887,0.652263,0,0,0.791256,0.584146,0.793288,0.693119,0.783063,0.515994,0.797367,0.802116
0.764715,0.635905,0,0,0.689117,0.477887,0.654391,0.366161,0,0,0.67072,0.744923,0.574741,0.821227,0.45017,0.922013,0,0,0,0,0,0,0,0,0,0,0,0,0,0,0.793302,0.578708,0.795354,0.687713,0.785115,0.513346,0.795341,0.791239
0.764719,0.633217,0.680937,0.619564,0.699331,0.475158,0.652352,0.363438,0,0,0.672768,0.739465,0.578809,0.818476,0.452167,0.916579,0.325537,0.567794,0.317378,0.486059,0.237715,0.450641,0,0,0.329631,0.649538,0.145801,0.625021,0.119253,0.611401,0.793299,0.578708,0.79737,0.68768,0.78306,0.513299,0.797374,0.7858
0.768797,0.619578,0.674836,0.614142,0.682988,0.469708,0.652346,0.355262,0,0,0.670725,0.739468,0.580865,0.815752,0.456262,0.911154,0.317377,0.562353,0.305124,0.483326,0.249966,0.447903,0.137635,0.58142,0.325539,0.635922,0.151923,0.581421,0.05593,0.633204,0.799402,0.562351,0.797371,0.671362,0.799398,0.513315,0.799414,0.783042
0.770833,0.611395,0.676848,0.614128,0.685028,0.47788,0.650308,0.363442,0,0,0.672784,0.739452,0.580866,0.818469,0.458307,0.911124,0.327592,0.56507,0.323502,0.491508,0.143751,0.573237,0.0906521,0.608671,0.329629,0.627754,0.156007,0.570522,0.0641013,0.625028,0.795308,0.55689,0.80348,0.663192,0.77693,0.496985,0.80351,0.780337
0.770818,0.611396,0.676853,0.614134,0.68503,0.477886,0.650312,0.36344,0,0,0.672781,0.739454,0.580872,0.818459,0.458307,0.911123,0.327592,0.565072,0.323501,0.49151,0.141722,0.573255,0.135587,0.573272,0.329628,0.627753,0.153984,0.570531,0.0620625,0.627739,0.79332,0.556911,0.803476,0.663187,0.772861,0.496983,0.803499,0.780325
0.774913,0.578677,0.680957,0.619568,0.691152,0.491518,0,0,0,0,0.67277,0.750348,0.5829,0.815763,0.458311,0.911118,0.331668,0.567797,0.329632,0.54055,0.0947357,0.61686,0.0804665,0.622286,0.333717,0.619563,0.168251,0.513327,0.0763837,0.627753,0.803479,0.540538,0.807549,0.635903,0,0,0.803509,0.763983
0.774913,0.57868,0.680938,0.616856,0.689115,0.488793,0,0,0,0,0.672784,0.747637,0.5829,0.815772,0.45831,0.911119,0.331671,0.567792,0.33167,0.535108,0.0967748,0.616843,0.0824926,0.622277,0.333711,0.61957,0.168247,0.513311,0.0783818,0.627763,0.803479,0.540542,0.80755,0.635907,0,0,0.805517,0.763982
0.776941,0.573224,0.67684,0.616852,0.680945,0.486053,0,0,0,0,0.672776,0.747629,0.580878,0.818492,0.462385,0.911132,0.337806,0.575983,0.337803,0.546003,0.0988192,0.614127,0.0886261,0.630493,0.343927,0.627742,0.180516,0.494242,0.0865627,0.638616,0.803479,0.535093,0.807576,0.625035,0,0,0.80555,0.774867
0.774918,0.573236,0.67892,0.614135,0.695243,0.491502,0.674819,0.377069,0,0,0.674797,0.744908,0.582897,0.81852,0.4624,0.913857,0.341888,0.57325,0.348011,0.548728,0.184587,0.491546,0.0906449,0.622296,0.337804,0.622306,0.180518,0.488806,0.0845397,0.633199,0.801459,0.524204,0.807583,0.625037,0,0,0.805561,0.777586
0.776957,0.573269,0.678924,0.614129,0.676862,0.472437,0.682989,0.360714,0,0,0.674829,0.742203,0.582885,0.826654,0.462412,0.919302,0.33984,0.575981,0,0,0,0,0,0,0.343927,0.608677,0.17847,0.488786,0.0865562,0.638657,0.803487,0.532391,0.807594,0.625027,0,0,0.805536,0.777584
