0.499398,0.246288,0.484095,0.4016,0.396884,0.491505,0.372393,0.58142,0.410652,0.660432,0.563662,0.328012,0.67995,0.287146,0.793179,0.251723,0.704435,0.714937,0.643229,0.802134,0,0,0,0,0.771758,0.61685,0.937006,0.565077,0,0,0.474922,0.249,0.474916,0.238101,0.372402,0.428835,0.491752,0.251768
0.496335,0.246263,0.474909,0.393432,0.386172,0.491501,0.373932,0.578708,0.416773,0.649547,0.565194,0.31167,0.67689,0.257183,0.784004,0.232651,0.690661,0.70132,0.623337,0.772161,0.650878,0.99287,0,0,0.759517,0.619573,0.996683,0.61685,0,0,0.468794,0.246274,0.468794,0.249003,0.363228,0.423358,0.491729,0.251717
0.496344,0.240816,0.474917,0.38797,0.381582,0.488773,0.373925,0.570529,0.415244,0.644075,0.556018,0.311659,0.660064,0.25989,0.777877,0.224488,0.684542,0.679514,0.615689,0.758542,0.650877,0.994232,0,0,0.744216,0.597773,0.987501,0.600501,0,0,0.403004,0.265351,0.432074,0.21903,0.366292,0.409768,0.485622,0.243557
0.499392,0.240824,0.470333,0.377076,0.373939,0.477877,0.375466,0.581425,0.419832,0.644099,0.552959,0.30076,0.657006,0.251736,0.780928,0.205412,0.686072,0.668625,0.612626,0.753091,0.65547,0.994232,0,0,0.756455,0.5787,0,0,0,0,0.471855,0.243545,0.465736,0.240826,0.364754,0.398835,0.490208,0.243554
0.490221,0.24082,0.474915,0.360728,0.377001,0.45881,0.370876,0.559634,0.421364,0.652273,0.552949,0.289886,0.652407,0.254441,0.774823,0.199969,0.684542,0.66045,0.618748,0.74764,0.653938,0.99287,0,0,0.751865,0.578699,0,0,0,0,0.424423,0.270796,0.453495,0.229927,0.370874,0.382511,0.49022,0.243562
0.453497,0.268075,0.461151,0.352542,0.367808,0.453355,0.36934,0.559632,0.410655,0.663152,0.551426,0.284418,0.655477,0.243547,0.774814,0.194524,0.681481,0.657717,0.609569,0.736737,0.670772,0.99287,0,0,0.753396,0.567806,0.996684,0.660443,0,0,0.360153,0.349807,0.448904,0.262623,0.350983,0.366176,0.49175,0.248991
0.456556,0.259901,0.458094,0.347098,0,0,0,0,0,0,0.549898,0.276244,0.655465,0.243545,0.762583,0.202664,0.666182,0.652271,0.600386,0.728565,0.656998,0.905676,0,0,0.733506,0.565074,0,0,0,0,0.409124,0.289871,0.444314,0.254451,0,0,0.488693,0.246263
0.347914,0.338898,0.444321,0.330752,0.350983,0.409767,0.361689,0.565074,0.399939,0.668617,0.533066,0.254464,0.643232,0.229932,0.757985,0.208117,0.649348,0.630467,0.583556,0.684967,0.626398,0.878429,0,0,0.705962,0.551449,0.924768,0.589598,0,0,0,0,0.425956,0.243556,0.358626,0.295319,0.476448,0.219032
0.326503,0.30078,0.427494,0.314403,0.337215,0.404308,0.347918,0.554177,0.3877,0.665906,0.523879,0.249014,0.630996,0.221754,0.747278,0.205432,0.64476,0.60595,0.572845,0.668614,0.600386,0.864804,0,0,0.702904,0.546005,0.875805,0.581424,0,0,0.326494,0.284414,0.340269,0.278967,0.324967,0.292588,0.464204,0.2054
0.401473,0.208126,0.406062,0.29261,0.30967,0.38252,0.32038,0.532375,0.352506,0.660436,0.496344,0.227217,0.603448,0.208148,0.721265,0.208143,0.585086,0.578707,0.520822,0.657719,0.559075,0.834832,0,0,0.641699,0.526932,0.770226,0.796686,0.94466,0.994233,0.308142,0.243556,0.395353,0.167256,0.302015,0.251758,0.430542,0.159084
0.381583,0.191777,0.39383,0.284437,0.30048,0.360721,0.308131,0.518761,0.334144,0.627747,0.481041,0.216316,0.594265,0.205383,0.71054,0.202675,0.580494,0.565081,0.505519,0.646816,0.539183,0.78306,0,0,0.635578,0.488787,0.814597,0.513304,0.995155,0.864804,0.308137,0.232656,0.378521,0.153631,0.30049,0.24899,0.421367,0.140017
0.27448,0.232646,0.375475,0.254438,0.282126,0.333478,0.277536,0.456088,0.312727,0.584148,0.4688,0.194529,0.577431,0.19176,0.690674,0.191767,0.563662,0.554173,0.490217,0.633198,0.519292,0.761267,0,0,0.618747,0.480608,0.784002,0.464255,0.98138,0.872977,0.271408,0.205387,0.291305,0.199947,0.276015,0.221729,0.386171,0.140008
0.308138,0.150915,0.364752,0.238111,0.269891,0.311672,0.263767,0.426119,0.303548,0.56235,0.450444,0.172703,0.560599,0.169977,0.681475,0.178132,0.539183,0.554173,0.474915,0.619567,0.511639,0.758545,0,0,0.601913,0.477879,0.765639,0.426114,0.892637,0.992869,0.282127,0.156356,0.317316,0.118211,0.268356,0.199952,0.370874,0.126383
0.250001,0.197244,0.363222,0.210876,0.266822,0.28988,0.259169,0.387953,0.297432,0.507845,0.445849,0.156368,0.557545,0.1509,0.678436,0.156375,0.536122,0.529652,0.474914,0.592319,0.499399,0.698596,0.670772,0.994237,0.598856,0.445186,0.754931,0.357989,0.894164,0.698592,0.246929,0.189062,0.254585,0.172697,0.249999,0.202682,0.366281,0.0773403
0.248464,0.175445,0.363226,0.208139,0.265291,0.281698,0.253057,0.355271,0.298963,0.483321,0.444323,0.153629,0.556015,0.14274,0.679946,0.145446,0.536121,0.524195,0.473385,0.573256,0.507052,0.704042,0.673832,0.994237,0.597328,0.442469,0.745746,0.344357,0.881926,0.66589,0.246938,0.172697,0.249997,0.164545,0.248459,0.197219,0.364751,0.0773385
0.248468,0.186335,0.364755,0.19997,0.266822,0.268066,0.249997,0.34981,0.295907,0.431564,0.445852,0.140003,0.563661,0.129111,0.684546,0.126406,0.545301,0.524209,0.479508,0.573258,0.52082,0.709484,0.683009,0.994237,0.604974,0.439741,0.745746,0.330745,0.884987,0.619575,0.25152,0.178159,0.251528,0.167264,0.249996,0.191778,0.257644,0.180871
0.25152,0.199966,0.366285,0.194524,0.271418,0.25989,0.246932,0.341649,0.292838,0.412507,0.44891,0.134558,0.557539,0.120943,0.68454,0.118211,0.545306,0.516027,0.481041,0.57053,0.519293,0.712221,0.67536,0.994236,0.60498,0.434277,0.748803,0.311664,0.884985,0.589598,0.246926,0.186328,0.256116,0.167266,0.242361,0.197267,0.366278,0.0855119
0.251518,0.197246,0.369348,0.19177,0.276009,0.257176,0.251512,0.317118,0.274469,0.404315,0.451961,0.123675,0.55601,0.112771,0.686062,0.08552,0.543769,0.535106,0.477979,0.611396,0.508579,0.739465,0,0,0.601913,0.439737,0.719735,0.259891,0.826844,0.559622,0.242348,0.1918,0.256117,0.180876,0.23623,0.227205,0.332619,0.0664371
0.251524,0.205405,0.372408,0.19452,0.279066,0.265348,0.257643,0.303508,0.265299,0.415213,0.456552,0.126383,0.551432,0.112751,0.679963,0.0745985,0.540712,0.543283,0.476446,0.622292,0.456558,0.690417,0.601919,0.994235,0.600384,0.453367,0.704426,0.248996,0.805417,0.581429,0.243869,0.194508,0.259171,0.186342,0.2393,0.221772,0,0
0.24541,0.216293,0.367812,0.194516,0.272951,0.273527,0.251525,0.3471,0.25918,0.464263,0.450432,0.120944,0.552958,0.101865,0.678411,0.0582739,0.520821,0.532374,0.455025,0.589598,0.413713,0.663175,0.597323,0.994236,0.577436,0.450639,0.667712,0.221753,0.776353,0.54873,0.245409,0.199952,0.249994,0.180886,0.245406,0.210865,0.367808,0.0582648
0.245416,0.17271,0.360153,0.202695,0.265293,0.289885,0.245407,0.382518,0.262224,0.521491,0.442792,0.123673,0.548365,0.0964167,0.667727,0.0528459,0.513168,0.532382,0.448904,0.597774,0.38464,0.665895,0.575908,0.994237,0.574372,0.45336,0.653949,0.208129,0.767164,0.529658,0.242336,0.191771,0.242353,0.169989,0.240817,0.219032,0.360158,0.0528145
0.318849,0.0909612,0.352509,0.216308,0.262232,0.311668,0.242343,0.469711,0.25764,0.663168,0.442783,0.131835,0.556009,0.0855119,0.670774,0.0201086,0.517762,0.58415,0.455026,0.663171,0.413714,0.734017,0,0,0.585086,0.532381,0.650882,0.210854,0.762578,0.543277,0.300487,0.060989,0.31885,0.0391897,0.256109,0.164537,0.364748,0.0528145
0.315789,0.0201186,0.350986,0.229929,0.257642,0.336198,0.243873,0.526929,0.254581,0.753085,0,0,0,0,0,0,0.511639,0.578704,0.438194,0.663169,0.418304,0.750366,0.592737,0.994234,0.588145,0.548724,0.658532,0.238099,0.765638,0.641371,0.295897,0.0310148,0,0,0.253053,0.180879,0,0
0.324969,0.129113,0.354046,0.251715,0.259177,0.344376,0.240811,0.551451,0.246931,0.766716,0.451964,0.159081,0.577438,0.11275,0.731977,0.0174063,0.526943,0.578698,0.453494,0.644098,0.395351,0.758549,0.597327,0.994239,0.582025,0.494232,0.705966,0.306216,0.808479,0.763987,0.298954,0.137283,0.33568,0.0364658,0.262233,0.197222,0,0
0.260704,0.219024,0.357097,0.25172,0,0,0,0,0,0,0.455023,0.161793,0.591203,0.0909583,0.699844,0.0174077,0.540712,0.616849,0.479507,0.668622,0.396881,0.763983,0.592734,0.994235,0.617218,0.551449,0.741156,0.363442,0.790118,0.758543,0,0,0.309668,0.14546,0,0,0.372404,0.120935
0.257646,0.213574,0.360149,0.240841,0.263761,0.341641,0.243867,0.537827,0.248468,0.758539,0.453495,0.159073,0.571317,0.107307,0.705965,0.0173885,0.52847,0.548724,0.467269,0.62774,0.398412,0.763995,0.595795,0.99424,0.591204,0.475156,0.757993,0.368887,0.787062,0.755813,0.256113,0.197221,0.260708,0.172713,0.268344,0.208141,0.372402,0.123659
0.265297,0.205412,0.36475,0.227233,0.266825,0.330737,0.245408,0.518754,0.254584,0.750369,0.462679,0.14819,0.603445,0.0691676,0.719735,0.0174005,0.531532,0.535113,0.470329,0.619571,0.401472,0.75853,0.600383,0.994238,0.595794,0.447919,0.764102,0.368897,0.791647,0.755806,0.257642,0.194505,0.268352,0.175438,0.251527,0.208121,0.381581,0.0936865
0.263761,0.172706,0.370874,0.205402,0,0,0,0,0,0,0.46268,0.126386,0.580503,0.110023,0.739627,0.0119433,0.537655,0.529655,0.47339,0.578702,0.409121,0.7558,0.586615,0.994235,0.601915,0.437018,0.768699,0.360724,0.796239,0.755802,0.256113,0.161802,0.266822,0.1509,0,0,0,0
0.269885,0.156357,0.36933,0.194512,0,0,0,0,0,0,0.458085,0.118225,0.582022,0.110028,0,0,0.53918,0.540553,0.464209,0.586874,0.39994,0.75582,0.592734,0.994235,0.598858,0.447911,0.768696,0.363443,0.803887,0.758541,0.265295,0.140009,0.324967,0.0255713,0,0,0.367813,0.0255699
0.314255,0.0228435,0.366281,0.169998,0.280595,0.251719,0.262235,0.439739,0.271412,0.668612,0.4688,0.112762,0.580498,0.0991405,0.742692,0.0119343,0.516232,0.546001,0.436664,0.616847,0.396877,0.80214,0.591206,0.994234,0.582026,0.445185,0.756463,0.377068,0.80542,0.774882,0.306605,0.0337415,0.321906,0.0310229,0.280594,0.101859,0.370871,0.0337391
0.320377,0.028294,0.364744,0.167241,0.447378,0.0937023,0.575899,0.110032,0.747275,0.00923757,0.272949,0.251722,0.262233,0.510584,0,0,0.516231,0.554174,0.430545,0.649549,0.404534,0.845728,0,0,0.578966,0.472433,0.738096,0.379789,0.794709,0.761265,0.314259,0.0310185,0,0,0.380051,0.00919942,0.277546,0.112762
0,0,0.367805,0.107305,0.455031,0.0500886,0.644759,0.0255646,0,0,0.274478,0.178145,0.231623,0.382522,0.208699,0.562368,0.490218,0.466981,0.551422,0.393415,0.707489,0.40159,0.791649,0.763981,0.422893,0.548728,0.424421,0.804864,0,0,0,0,0,0,0,0,0.286719,0.0419221
0.375459,0.0201275,0.360151,0.137284,0.268354,0.202678,0.230103,0.385241,0.190318,0.524207,0.461147,0.0800632,0.604976,0.0228448,0.701374,0.0228423,0.497871,0.554172,0.429014,0.608673,0.419832,0.845733,0,0,0.563663,0.458813,0.715143,0.409764,0.78094,0.769435,0.326499,0.0337415,0,0,0.294366,0.0255685,0,0
0.372398,0.0228359,0.352518,0.16179,0.265292,0.221749,0.228573,0.398867,0.193372,0.532389,0.453501,0.104585,0.589676,0.0228362,0.66924,0.0173886,0.499401,0.56235,0.429017,0.627748,0.413716,0.826659,0,0,0.566724,0.475156,0.715143,0.409764,0.787058,0.777611,0.320376,0.0337355,0,0,0.297427,0.0255724,0,0
0,0,0.364757,0.169995,0.266827,0.246277,0.236224,0.437005,0.208675,0.567809,0.46727,0.120942,0.588144,0.0609952,0.687599,0.0173952,0.51011,0.567796,0.438195,0.638646,0.403002,0.8321,0,0,0.577438,0.486061,0.719735,0.417942,0.776348,0.780338,0,0,0,0,0.309665,0.0310203,0,0
0,0,0.369343,0.180872,0.272942,0.249002,0.245395,0.431552,0.213275,0.537822,0.473385,0.129115,0.586619,0.0691621,0.692195,0.0173792,0.517764,0.586876,0.447373,0.652264,0.40147,0.810315,0.578964,0.994234,0.585086,0.521479,0.716671,0.415216,0.767166,0.834831,0.375462,0.0255765,0,0,0.309669,0.0337386,0,0
0,0,0.37241,0.180864,0.277533,0.248997,0.245406,0.428835,0.208679,0.52692,0.473385,0.123654,0.582032,0.0718958,0.690659,0.0146769,0.517761,0.567805,0.445843,0.625025,0.398408,0.813034,0,0,0.580494,0.477886,0.724327,0.415212,0.757987,0.82938,0,0,0,0,0.312726,0.0419144,0,0
0,0,0.380052,0.169992,0.286715,0.243548,0.245403,0.415208,0.20256,0.505127,0.479504,0.129106,0.591208,0.0691597,0.701373,0.0146799,0.514704,0.548723,0.447381,0.619565,0.396882,0.80759,0.565193,0.994235,0.57896,0.472438,0.727385,0.41794,0.751868,0.864801,0,0,0,0,0.317315,0.0255775,0,0
0.398414,0.0255794,0.392286,0.178162,0.29896,0.246266,0.251526,0.396146,0.193381,0.475164,0.49787,0.140013,0.614159,0.0746205,0.710549,0.0146798,0.528476,0.567803,0.465737,0.627741,0.393822,0.796692,0,0,0.595794,0.496954,0.733502,0.420667,0.764105,0.834831,0,0,0,0,0.323436,0.0909565,0,0
0.410654,0.0282838,0.402999,0.197214,0.309671,0.249002,0.269883,0.396134,0.220919,0.458816,0.511642,0.156341,0.64017,0.0800636,0.719737,0.0173873,0.543773,0.578704,0.476452,0.641367,0.398415,0.777611,0.548364,0.994235,0.604981,0.521476,0.748806,0.437003,0.764105,0.856631,0.38311,0.0282972,0.410653,0.0255822,0.35098,0.0337415,0,0
0.396882,0.0337383,0.412191,0.199953,0.320376,0.251716,0.280594,0.396136,0.240814,0.458802,0.522354,0.159099,0.650879,0.0991308,0.735032,0.0201092,0.548361,0.595046,0.484101,0.649551,0.401472,0.763989,0.549893,0.994237,0.61416,0.526936,0.753396,0.439746,0.77176,0.864803,0.373934,0.0337409,0,0,0.357102,0.0391923,0.438195,0.0337433
0.481039,0.0337365,0.427488,0.202686,0.346382,0.251718,0.303546,0.387963,0.26989,0.439735,0.536124,0.164531,0.632512,0.153617,0.759512,0.0473547,0.563662,0.575985,0.500925,0.630482,0.418302,0.750358,0,0,0.632519,0.524196,0.773285,0.439735,0.787056,0.886604,0.442787,0.0364682,0,0,0.384643,0.0473654,0,0
0.471856,0.0337491,0.445846,0.197225,0.34945,0.251726,0.314251,0.398863,0.292834,0.417933,0.542245,0.1591,0.652407,0.150909,0,0,0.569784,0.575976,0.500933,0.63047,0.421357,0.728568,0.568254,0.994236,0.635577,0.526918,0.779401,0.439739,0.790122,0.902952,0.435136,0.0364661,0,0,0.406062,0.0337467,0,0
0.442786,0.0337407,0.474911,0.178151,0.373926,0.213587,0.334145,0.401591,0.306607,0.382512,0.585087,0.156352,0.709026,0.115483,0.790116,0.0310118,0.575904,0.556906,0.503988,0.61412,0.429013,0.698589,0.575903,0.994234,0.646289,0.507855,0.791648,0.45063,0.822247,0.862084,0,0,0,0,0.399948,0.0855033,0.505519,0.0310249
0.429013,0.0282952,0.47186,0.164531,0.37546,0.208125,0.338742,0.393415,0.306605,0.36889,0.568254,0.145448,0.679954,0.145465,0.791648,0.0528248,0.592732,0.559631,0.525407,0.614125,0.42595,0.671354,0.569783,0.994234,0.653942,0.496957,0.806944,0.442473,0.811538,0.881148,0.422893,0.0310158,0.439725,0.0364662,0.419837,0.0228379,0.48563,0.0310207
0.439727,0.0337366,0.484099,0.17271,0.39382,0.208138,0.341798,0.38797,0.312731,0.349822,0.583558,0.15908,0.68301,0.156367,0.796242,0.0637053,0.59886,0.556899,0.534591,0.600498,0.427486,0.665886,0.568253,0.994235,0.658532,0.507858,0.814599,0.466981,0.817664,0.867528,0.429013,0.0337386,0,0,0.422894,0.0310172,0.494809,0.0337362
0.461146,0.0310146,0.479507,0.180887,0.386174,0.21357,0.34792,0.404311,0.321908,0.344371,0.580495,0.161801,0.660067,0.194504,0.788584,0.0746104,0.600391,0.554178,0.536122,0.600503,0.429012,0.663188,0.574373,0.994235,0.663121,0.510582,0.820724,0.477878,0.820721,0.883877,0.432074,0.0337348,0,0,0.425951,0.0310175,0.546833,0.0310132
0,0,0.479511,0.186333,0.386172,0.210855,0.366277,0.420659,0.34485,0.349816,0.582022,0.167254,0.67536,0.194497,0.794712,0.0718945,0.604981,0.559627,0.540711,0.608676,0.444315,0.66044,0.582023,0.994235,0.678418,0.51876,0.832954,0.491504,0.825314,0.875708,0,0,0,0,0,0,0,0
0,0,0.49328,0.164526,0.398417,0.199939,0.373938,0.434292,0.344863,0.347086,0.592734,0.156354,0.69525,0.172709,0.80389,0.0664546,0.608038,0.565077,0.54377,0.611401,0.445849,0.644089,0.582024,0.994236,0.679956,0.524206,0.832968,0.494237,0.829902,0.916578,0,0,0,0,0,0,0,0
0,0,0.493282,0.161802,0.404536,0.202687,0.370877,0.420652,0.35251,0.295315,0.591206,0.150907,0.681476,0.197232,0.803888,0.0664492,0.618745,0.570533,0.548364,0.614127,0.450435,0.616841,0.583556,0.994236,0.689132,0.529653,0.836027,0.513303,0.829903,0.897501,0,0,0,0,0,0,0,0
0,0,0.514702,0.161808,0.425952,0.191783,0.366278,0.390671,0.352512,0.25446,0.603447,0.156356,0.692191,0.191778,0.805424,0.0664496,0.62334,0.578698,0.552953,0.627748,0.45043,0.614123,0.577435,0.994236,0.69678,0.540556,0.842139,0.513311,0.82684,0.900224,0,0,0,0,0.430543,0.0310196,0,0
0,0,0.505519,0.153632,0.425954,0.150914,0.357102,0.357989,0.37086,0.175422,0.608037,0.17543,0.644762,0.246275,0,0,0.615688,0.567804,0.549892,0.616845,0.451964,0.616857,0.597325,0.994236,0.686069,0.529658,0.848266,0.521472,0.823785,0.941106,0,0,0,0,0.447377,0.031019,0,0
0,0,0.511639,0.199952,0.429018,0.213576,0.361688,0.352526,0.372403,0.140014,0.571314,0.210853,0.656999,0.251747,0.800832,0.145468,0.629459,0.573252,0.551424,0.622301,0.456558,0.619583,0.603445,0.994235,0.704434,0.53783,0.84673,0.521486,0.823781,0.960174,0,0,0,0,0,0,0,0
0.482566,0.156349,0.479502,0.268066,0.427485,0.268077,0.355567,0.33892,0.390768,0.0991423,0.523877,0.259893,0.638639,0.336187,0.780939,0.276247,0.626397,0.625022,0.557544,0.652271,0.464209,0.611398,0.617219,0.994232,0.693721,0.565079,0.837556,0.521485,0.826839,0.994233,0.44279,0.120932,0,0,0.442789,0.186341,0,0
0.500914,0.178165,0.474918,0.292589,0.467268,0.281706,0,0,0,0,0.525405,0.276255,0.630985,0.341614,0.779415,0.311642,0.600387,0.559625,0.523881,0.567798,0.47798,0.614123,0.632518,0.98742,0.673832,0.526927,0.836024,0.524196,0.823782,0.99287,0.450438,0.137276,0,0,0.436658,0.197267,0,0
0.494787,0.197223,0.458087,0.32802,0.442781,0.317123,0,0,0,0,0.519291,0.281698,0.608038,0.303485,0.753395,0.186329,0.586616,0.543281,0.51623,0.559624,0.488689,0.627746,0.627928,0.862083,0.649349,0.49968,0.828368,0.516034,0.823779,0.900226,0.470343,0.14276,0,0,0.403003,0.172689,0,0
0.487161,0.191806,0.445854,0.325295,0.378526,0.36072,0.288252,0.379788,0.289772,0.112762,0.511647,0.28716,0.611097,0.268086,0.727373,0.134559,0.591205,0.551449,0.517761,0.570524,0.514701,0.657714,0.65241,0.859351,0.653941,0.507856,0.819189,0.505133,0.814601,0.870256,0.4596,0.148166,0,0,0.392295,0.197234,0,0
0.484096,0.199956,0.44432,0.341669,0.37699,0.382514,0.286713,0.398854,0.269891,0.148178,0.520822,0.300786,0.60651,0.262628,0.715145,0.126389,0.626398,0.575979,0.543772,0.630474,0,0,0,0,0.666182,0.546005,0.810011,0.518754,0,0,0.456544,0.159041,0,0,0.384628,0.205424,0,0
0.476452,0.202702,0.432074,0.35798,0.361694,0.407029,0.272952,0.445186,0.249984,0.216292,0.513171,0.31167,0.601913,0.259902,0.704425,0.123646,0.589675,0.597773,0.51623,0.65499,0.604976,0.755815,0.701374,0.872975,0.649348,0.54873,0.776348,0.535103,0.81919,0.883878,0.447399,0.161839,0,0,0.372422,0.221754,0,0
0.476445,0.205438,0.432074,0.37163,0.364748,0.426111,0.274483,0.464265,0.25152,0.243553,0.516231,0.322567,0.598859,0.259902,0.701367,0.129118,0.678422,0.676792,0,0,0,0,0,0,0,0,0,0,0,0,0.445848,0.164551,0,0,0.369332,0.227168,0,0
0.477973,0.210858,0.425954,0.366192,0.360162,0.431544,0.286714,0.488794,0.254581,0.284405,0.499408,0.317116,0.592735,0.270809,0.695265,0.129126,0.638639,0.687694,0,0,0,0,0,0,0,0,0,0,0,0,0.444333,0.167232,0,0,0.367819,0.232639,0,0
0.477991,0.205415,0.429008,0.371627,0.363223,0.43428,0.294359,0.486055,0.265292,0.287134,0.503988,0.314414,0.594262,0.276237,0.696788,0.129111,0.643229,0.676792,0,0,0,0,0,0,0,0,0,0,0,0,0.445836,0.164552,0,0,0.370861,0.22989,0,0
0.484116,0.202674,0.441259,0.352532,0.373934,0.40431,0.308141,0.480596,0.288255,0.270781,0.511641,0.308956,0.594266,0.289868,0.707481,0.131829,0.592734,0.61685,0.531532,0.668617,0.586615,0.706769,0.722796,0.864806,0.649349,0.559629,0.761048,0.55145,0.82378,0.994232,0.450454,0.161775,0,0,0.378504,0.224461,0,0
0.488689,0.202688,0.445843,0.349803,0.378522,0.398857,0.312731,0.46698,0.303554,0.251717,0.513168,0.306228,0.594276,0.298054,0.71515,0.134587,0.594266,0.584152,0.53765,0.654996,0.601916,0.695867,0.741156,0.862086,0.64935,0.537832,0.765635,0.562347,0.816129,0.994232,0.455018,0.161778,0,0,0.384638,0.216298,0,0
0.487157,0.19181,0.462683,0.341636,0.376992,0.377054,0.321914,0.434297,0.341803,0.208126,0.52694,0.30349,0.611102,0.306216,0.736554,0.153629,0.574373,0.556901,0.526942,0.603225,0.646288,0.717667,0.764107,0.862083,0.620278,0.486059,0.776348,0.559629,0.819189,0.886603,0.458078,0.161842,0,0,0.39842,0.235377,0,0
