0.546156,0.338942,0.546126,0.431542,0.42767,0.407042,0.366389,0.551441,0.303052,0.469696,0.658454,0.453343,0.695266,0.603225,0.721793,0.477872,0.542052,0.74763,0.482812,0.734013,0.407263,0.69042,0.490998,0.995609,0.60946,0.75307,0.746291,0.758523,0.574738,0.965637,0.521625,0.295323,0.591058,0.314428,0.478752,0.284411,0.644163,0.33898
0.548212,0.344343,0.55024,0.431546,0.433787,0.407046,0.36845,0.554167,0.307163,0.467014,0.658466,0.450666,0.697259,0.597773,0.727901,0.453344,0.542061,0.73401,0.48078,0.720377,0.413382,0.693174,0.488937,0.99561,0.611491,0.74763,0.746306,0.766702,0.578795,0.960164,0.525697,0.29804,0.593132,0.319829,0.482816,0.284421,0.646211,0.344345
0.548189,0.34707,0.550215,0.431592,0.431769,0.409771,0.368419,0.556919,0.309196,0.466976,0.658487,0.453384,0.697269,0.597767,0.727908,0.447924,0.540026,0.744919,0.480767,0.731293,0.415412,0.698594,0.493035,0.995611,0.609463,0.753072,0.746331,0.772159,0.568617,0.971062,0.523683,0.298078,0.5931,0.319882,0.48279,0.281737,0.646205,0.344348
0.54203,0.349821,0.546134,0.437036,0.4297,0.412484,0.364371,0.559627,0.311244,0.464247,0.652355,0.458822,0.697279,0.584134,0.72182,0.434299,0.537962,0.747642,0.474639,0.73947,0.415408,0.70403,0.490983,0.995605,0.607414,0.753105,0.746303,0.777616,0.566577,0.968345,0.517552,0.300783,0.584919,0.328014,0.476719,0.278983,0.638064,0.341671
0.533907,0.35524,0.542051,0.437028,0.425625,0.415198,0.366393,0.56507,0.315327,0.458818,0.650303,0.456095,0.697317,0.578687,0.717716,0.431575,0.535922,0.747642,0.470574,0.736734,0.405197,0.714944,0.486908,0.995605,0.607401,0.755798,0.742251,0.783069,0.564552,0.973804,0.515477,0.303519,0.580864,0.333489,0.474631,0.278967,0.633987,0.34438
0.53187,0.358021,0.544111,0.447896,0.431772,0.426108,0.368451,0.567814,0.321491,0.456075,0.648279,0.464239,0.697296,0.573265,0.715661,0.428886,0.533877,0.758537,0.468533,0.750363,0.382717,0.731293,0.468529,0.995602,0.603324,0.766702,0.746296,0.813043,0.550217,0.995596,0.513455,0.308934,0.578832,0.338873,0.470579,0.281723,0.631961,0.357993
0.535946,0.360692,0.548176,0.44792,0.433822,0.428857,0.374579,0.573229,0.329649,0.458785,0.654406,0.464251,0.703421,0.570522,0.72383,0.437017,0.533896,0.763992,0.470563,0.761254,0.370482,0.736742,0.4624,0.995601,0.605363,0.772172,0.746307,0.818504,0.544107,0.995601,0.515534,0.30897,0.582877,0.338918,0.474638,0.28445,0.636022,0.36075
0.544087,0.357943,0.558387,0.445155,0.446055,0.428858,0.384785,0.575963,0.343932,0.464242,0.660533,0.456063,0.707499,0.573262,0.729957,0.442447,0.540004,0.761259,0.4726,0.755802,0.3623,0.744897,0.458309,0.995598,0.611511,0.766704,0.756528,0.840249,0.53595,0.995611,0.521657,0.30619,0.589007,0.338864,0.478706,0.28445,0.640107,0.357956
0.544123,0.352565,0.560409,0.439751,0.448093,0.428813,0.384796,0.575959,0.343922,0.464235,0.662574,0.453359,0.711574,0.570514,0.734059,0.445184,0.542057,0.758545,0.474647,0.755808,0.362325,0.742192,0.45831,0.995598,0.615592,0.766701,0.760599,0.834811,0.540027,0.995612,0.523682,0.300791,0.591055,0.336186,0.478752,0.284415,0.642139,0.357955
0.550206,0.341608,0.564543,0.431567,0.456254,0.420636,0.388863,0.57324,0.347981,0.458789,0.670725,0.445208,0.723827,0.546015,0.734052,0.45066,0.558378,0.725835,0.482813,0.717659,0.380701,0.739474,0,0,0.631937,0.744905,0.772875,0.837569,0,0,0.529765,0.292575,0.595158,0.322552,0.480794,0.276234,0.644214,0.349787
0.552272,0.336168,0.566597,0.428807,0.458315,0.412503,0.390916,0.562363,0.345989,0.456095,0.672792,0.439715,0.713638,0.556916,0.734063,0.456087,0.562463,0.725842,0.488952,0.714946,0.394974,0.734019,0,0,0.638055,0.739467,0.778995,0.843007,0.568604,0.995616,0.529834,0.281745,0.597194,0.314349,0.480801,0.273545,0.644198,0.34163
0.562465,0.314357,0.574727,0.409765,0.462393,0.393412,0.3909,0.545993,0.337792,0.445175,0.678894,0.428823,0.719768,0.556894,0.740137,0.461546,0.572683,0.71494,0.499156,0.684969,0.423584,0.714948,0.45218,0.994238,0.65643,0.739459,0.789191,0.859335,0.570651,0.995598,0.535949,0.259923,0.603344,0.295331,0.484853,0.262624,0.648248,0.336143
0.564568,0.303504,0.578792,0.407041,0.462403,0.387951,0.392961,0.537836,0.331691,0.437037,0.682998,0.42885,0.717708,0.567776,0.742197,0.469692,0.584947,0.714947,0.509369,0.676796,0.433793,0.709495,0.456268,0.994239,0.664611,0.728569,0.799404,0.862107,0.584942,0.99424,0.544071,0.254428,0.609471,0.289834,0.491006,0.254465,0.652353,0.31986
0.57269,0.292627,0.582887,0.393427,0.466492,0.374338,0.392931,0.524209,0.325546,0.445215,0.691168,0.420649,0.721817,0.559605,0.748328,0.472461,0.599251,0.739462,0.529801,0.750357,0.47261,0.690416,0,0,0.678899,0.731286,0.805516,0.853897,0,0,0.548163,0.248978,0.613552,0.273578,0.49508,0.251785,0.656438,0.31163
0.574715,0.292543,0.589029,0.393417,0.474643,0.371607,0.38887,0.516017,0.321476,0.450642,0.697281,0.420667,0.72383,0.554151,0.754456,0.467024,0.603322,0.717668,0.527761,0.676799,0.503241,0.646819,0.470566,0.994237,0.687071,0.720391,0.805542,0.853909,0,0,0.548172,0.248934,0.613581,0.273482,0.495084,0.25178,0.656455,0.311622
0.576763,0.289875,0.595162,0.398856,0.478746,0.36891,0.384769,0.507869,0.298982,0.445168,0.703402,0.428852,0.73608,0.540561,0.760616,0.464278,0.61558,0.755816,0.535926,0.744912,0.537956,0.630473,0.468519,0.995597,0.701364,0.761266,0.813712,0.867526,0,0,0.550204,0.248942,0.617625,0.273477,0.495093,0.254456,0.658498,0.311636
0.574747,0.292596,0.597203,0.398892,0.482816,0.371602,0.374559,0.494227,0.286736,0.442466,0.703405,0.431543,0.738131,0.54056,0.760618,0.464222,0.621706,0.736739,0.53797,0.723116,0.552262,0.64682,0.466478,0.99424,0.705457,0.747642,0.811671,0.872985,0,0,0.548169,0.248978,0.615576,0.273519,0.495059,0.257152,0.658469,0.311635
0.572675,0.295297,0.593099,0.39885,0.478749,0.374352,0.374558,0.486037,0.274474,0.42609,0.701362,0.426111,0.76879,0.442472,0,0,0.629886,0.75854,0.550222,0.72039,0,0,0,0,0.711588,0.766713,0.811674,0.889311,0,0,0.544116,0.251679,0.613523,0.27621,0.493017,0.262638,0.656427,0.311651
0.568632,0.295322,0.589048,0.393401,0.474663,0.374358,0.370481,0.483316,0.270379,0.423354,0.697275,0.407047,0.770807,0.453358,0,0,0.633974,0.777611,0.558394,0.788511,0,0,0,0,0.721795,0.76399,0.813708,0.883874,0,0,0.544065,0.251724,0.611496,0.27622,0.491006,0.265326,0.656428,0.308934
0.566596,0.298017,0.586972,0.390701,0.47668,0.374336,0.382725,0.483316,0.280598,0.426073,0.693192,0.404327,0.760603,0.461529,0.76469,0.46152,0.633971,0.723117,0.56247,0.663165,0,0,0,0,0.717703,0.739459,0.821884,0.889334,0,0,0.542033,0.251772,0.609479,0.276239,0.490982,0.2626,0.656411,0.30897
0.566581,0.298049,0.584946,0.393394,0.474645,0.377078,0.384775,0.486023,0.28466,0.426067,0.693185,0.404328,0.736102,0.551453,0.76264,0.486015,0.631919,0.742187,0.558386,0.723118,0.580865,0.641368,0.484861,0.995598,0.711575,0.747645,0.823916,0.883857,0,0,0.542033,0.251793,0.611469,0.276259,0.490994,0.265355,0.656414,0.308968
0.570643,0.303517,0.578791,0.398841,0.464417,0.385259,0.382729,0.491521,0.29084,0.428803,0.687067,0.407059,0.742209,0.548727,0.764668,0.491522,0.611506,0.720393,0.542043,0.717662,0.562488,0.660432,0.488945,0.995603,0.69116,0.720398,0.811656,0.851162,0,0,0.544084,0.259889,0.611517,0.284436,0.493013,0.270811,0.656406,0.314345
0.572675,0.311707,0.576781,0.404338,0.458315,0.393427,0.378649,0.510572,0.290851,0.428821,0.695233,0.423391,0.744264,0.565064,0,0,0.601278,0.720397,0.531847,0.717659,0.548199,0.663195,0.482824,0.995608,0.67482,0.725834,0.797373,0.837536,0,0,0.546103,0.270816,0.611521,0.292598,0.49099,0.276278,0.654398,0.317149
0.568622,0.344383,0.564518,0.426106,0.45216,0.409768,0.382729,0.535126,0.299,0.437032,0.6789,0.434314,0.742225,0.562346,0,0,0.570652,0.755812,0.503251,0.739467,0.507318,0.679506,0.478733,0.9956,0.646232,0.766715,0.776927,0.815765,0,0,0.542061,0.298091,0.60947,0.317169,0.484884,0.303497,0.65031,0.338905
0.56456,0.360673,0.562488,0.431603,0.446068,0.426095,0.386833,0.543248,0.303069,0.447923,0.678893,0.445206,0.742224,0.554177,0,0,0.564508,0.74491,0.49713,0.731297,0.478725,0.690439,0.470567,0.995598,0.636021,0.755825,0.760628,0.810309,0,0,0.533921,0.311693,0.605366,0.336165,0.482795,0.31712,0.646208,0.344385
0.540018,0.366166,0.548172,0.450652,0.433786,0.445175,0.382732,0.556911,0.309212,0.464231,0.662548,0.456103,0.719758,0.524207,0.721804,0.537843,0.542059,0.772161,0.474659,0.763979,0.380697,0.753088,0.452184,0.9956,0.613536,0.788501,0.742211,0.7994,0.578815,0.995603,0.511411,0.317157,0.580897,0.338892,0.466452,0.319843,0.631951,0.358013
0.527743,0.357955,0.546147,0.450635,0.431765,0.44245,0.380703,0.556918,0.305117,0.464227,0.660513,0.456105,0.71976,0.521485,0.727929,0.54328,0.533873,0.780345,0.462389,0.772161,0.350064,0.772127,0.437887,0.995598,0.605379,0.791233,0.729973,0.796678,0.574727,0.995603,0.49914,0.314382,0.568611,0.336152,0.460361,0.308965,0.629839,0.355234
0.513444,0.34162,0.542021,0.445152,0.427651,0.434286,0.368461,0.556935,0.301026,0.458805,0.654387,0.450639,0.707495,0.513311,0.725882,0.53512,0.525728,0.783068,0.454238,0.780322,0.341901,0.769447,0.431761,0.995599,0.599234,0.791228,0.719754,0.796669,0.568598,0.995602,0.486916,0.300805,0.55837,0.314417,0.452152,0.30079,0.617627,0.344343
0.511426,0.341606,0.542041,0.445198,0.427661,0.436998,0.368434,0.556897,0.298972,0.453371,0.656418,0.450658,0.727925,0.57053,0,0,0.531837,0.783053,0.460358,0.777603,0.348012,0.755847,0.439925,0.995599,0.603334,0.788518,0.725859,0.796697,0.566573,0.995604,0.484888,0.300764,0.556345,0.314398,0.452162,0.300769,0.615572,0.347091
0.513481,0.341678,0.542063,0.44791,0.429717,0.439722,0.37458,0.556907,0.30513,0.453375,0.654397,0.453362,0.711574,0.605929,0.71974,0.540544,0.542068,0.783053,0.47464,0.77488,0.364349,0.744891,0.468526,0.995602,0.613559,0.788505,0.746313,0.799425,0.564525,0.995604,0.488958,0.303505,0.560414,0.317115,0.452215,0.308978,0.617643,0.352545
0.517528,0.344339,0.546165,0.447884,0.433795,0.442463,0.384758,0.556914,0.313304,0.453389,0.660514,0.447946,0.71361,0.605966,0.721813,0.543276,0.558378,0.783048,0.486908,0.777603,0.366417,0.734029,0.472601,0.995607,0.627834,0.785776,0.758551,0.793972,0.560432,0.995609,0.495036,0.306191,0.562467,0.317126,0.456277,0.31165,0.623749,0.352542
0.525717,0.341636,0.558411,0.442455,0.444016,0.43974,0.392948,0.55961,0.323502,0.450646,0.670728,0.445173,0.723825,0.603215,0.732029,0.543276,0.564532,0.772171,0.497105,0.769422,0.370486,0.728527,0.474647,0.995613,0.633985,0.777598,0.766725,0.783076,0.558396,0.995614,0.499144,0.303521,0.566593,0.31439,0.464446,0.306226,0.629916,0.344384
0.52978,0.338954,0.560428,0.439736,0.44606,0.437,0.395005,0.5569,0.325552,0.447931,0.67072,0.442456,0.723814,0.600531,0.736069,0.540537,0.566553,0.766714,0.497094,0.761266,0.370464,0.725865,0.472599,0.995611,0.636017,0.772154,0.766731,0.785784,0.562463,0.995615,0.501187,0.300793,0.570659,0.314344,0.466509,0.308898,0.631939,0.344367
0.531824,0.341652,0.558376,0.442478,0.444004,0.437034,0.390891,0.562366,0.323509,0.456087,0.666657,0.445213,0.719756,0.605926,0.727941,0.545979,0.564526,0.774878,0.495063,0.769436,0.366397,0.744925,0.466479,0.995616,0.636,0.777606,0.76672,0.796679,0.562477,0.995615,0.503235,0.303501,0.574716,0.314433,0.468501,0.311623,0.631941,0.34983
0.529785,0.347076,0.550237,0.445216,0.437898,0.442444,0.386828,0.565062,0.319455,0.458814,0.662548,0.447942,0.717711,0.605964,0.723852,0.548749,0.558386,0.777599,0.482816,0.77215,0.360269,0.750372,0.468534,0.995609,0.629867,0.783062,0.762633,0.799405,0.564517,0.995615,0.501197,0.308941,0.570651,0.31984,0.464468,0.308917,0.629918,0.355242
0.519573,0.352531,0.54614,0.447918,0.433794,0.442479,0.384789,0.562364,0.319394,0.458842,0.658485,0.450638,0.711598,0.608667,0.717706,0.546005,0.546156,0.785777,0.47668,0.78033,0.345967,0.753107,0.452178,0.995614,0.621703,0.791224,0.75857,0.80212,0.564509,0.995613,0.495088,0.31163,0.562513,0.325309,0.458305,0.31164,0.623747,0.357974
0.515522,0.352533,0.546122,0.447926,0.43379,0.445157,0.382745,0.565078,0.31739,0.458815,0.658461,0.450653,0.711557,0.608705,0.715689,0.548724,0.548165,0.780333,0.474654,0.7776,0.345983,0.755791,0.454226,0.995604,0.619681,0.785779,0.758556,0.799437,0.562481,0.995616,0.493017,0.311652,0.562437,0.327999,0.456258,0.311702,0.619689,0.35794
0.515483,0.352524,0.546146,0.447887,0.433793,0.442467,0.38479,0.565072,0.321433,0.46152,0.660501,0.450608,0.713621,0.605964,0.717709,0.548685,0.55634,0.777618,0.478744,0.772165,0.350042,0.753055,0.458306,0.995617,0.62783,0.78305,0.762663,0.799392,0.562474,0.995619,0.490983,0.311674,0.56043,0.32532,0.456249,0.314396,0.619684,0.357965
0.515522,0.352524,0.546143,0.445202,0.433794,0.439732,0.386833,0.562334,0.321457,0.458827,0.658457,0.450608,0.715653,0.605938,0.715677,0.545989,0.556353,0.777606,0.480792,0.772167,0.352087,0.750346,0.458325,0.995617,0.627839,0.780327,0.764699,0.79666,0.560438,0.995618,0.493018,0.311665,0.562432,0.325298,0.456284,0.314431,0.621718,0.357946
0.521656,0.352523,0.550217,0.447874,0.437899,0.442461,0.388886,0.56234,0.327577,0.461504,0.660531,0.447931,0.717709,0.603231,0.719749,0.540528,0.56248,0.77488,0.488956,0.772149,0.35617,0.747656,0.45832,0.995614,0.631932,0.777598,0.766742,0.79126,0.564521,0.995615,0.497127,0.311675,0.564543,0.328,0.464398,0.314404,0.627847,0.355291
0.525732,0.352523,0.550246,0.44518,0.437892,0.439727,0.392947,0.565072,0.331655,0.461548,0.662556,0.447942,0.717729,0.603244,0.719781,0.535138,0.562468,0.77761,0.488948,0.772171,0.358213,0.750339,0.462379,0.995615,0.631931,0.777617,0.766751,0.793928,0.570654,0.995611,0.499149,0.311693,0.566572,0.32802,0.46645,0.314418,0.631898,0.355259
0.529761,0.35252,0.552259,0.445177,0.437896,0.437033,0.390913,0.567778,0.329637,0.461565,0.662557,0.447947,0.717685,0.603254,0.719747,0.537803,0.562483,0.777599,0.490979,0.772177,0.356178,0.750347,0.458306,0.995615,0.631937,0.777608,0.766747,0.791247,0.568611,0.99561,0.4992,0.311675,0.568597,0.325314,0.466473,0.314373,0.631913,0.35523
0.527777,0.352564,0.550235,0.445186,0.437891,0.439728,0.38886,0.567817,0.32963,0.466998,0.660527,0.447945,0.715647,0.608648,0.71564,0.537852,0.558384,0.774871,0.48079,0.76943,0.35006,0.753038,0.450146,0.995613,0.629873,0.774897,0.76673,0.793954,0.570645,0.995607,0.49919,0.311701,0.568605,0.328031,0.466457,0.317125,0.62993,0.355252
0.52573,0.355268,0.548192,0.445185,0.435847,0.439734,0.388873,0.573226,0.331647,0.472408,0.658493,0.447938,0.713627,0.608678,0.713615,0.537835,0.550234,0.777618,0.478722,0.774878,0.348017,0.753077,0.448089,0.995614,0.627825,0.780338,0.764707,0.796688,0.570648,0.995607,0.499124,0.314383,0.56657,0.333449,0.464405,0.317146,0.629905,0.355272
0.523678,0.35528,0.548178,0.445198,0.435841,0.44243,0.388881,0.573222,0.329644,0.472458,0.658467,0.447931,0.713605,0.608663,0.711601,0.53784,0.550234,0.780334,0.476703,0.774887,0.34803,0.753091,0.44811,0.995614,0.62782,0.78305,0.764711,0.796702,0.572684,0.995607,0.497128,0.314385,0.564552,0.333446,0.462379,0.317106,0.629864,0.355253
0.52365,0.35529,0.548162,0.445213,0.433808,0.439729,0.392941,0.570526,0.333688,0.475177,0.656446,0.447944,0.713608,0.608665,0.711596,0.5351,0.552269,0.774897,0.478729,0.772152,0.34802,0.750399,0.448084,0.995615,0.627823,0.777624,0.76471,0.796673,0.576783,0.995605,0.497122,0.314382,0.564529,0.333445,0.462367,0.317098,0.627865,0.355279
0.523652,0.355267,0.548196,0.447872,0.43585,0.439755,0.390904,0.570505,0.331675,0.472461,0.658458,0.450617,0.713603,0.605955,0.711591,0.532358,0.558378,0.772153,0.480779,0.766723,0.350033,0.75038,0.450132,0.99561,0.629862,0.772172,0.766737,0.793969,0.572701,0.995602,0.497114,0.314349,0.564538,0.33343,0.462377,0.314356,0.627865,0.355282
