0.531795,0.22172,0.529814,0.360702,0.427659,0.374363,0.399077,0.540551,0.358208,0.458805,0.636005,0.344379,0.719734,0.488826,0.680933,0.43159,0.584947,0.668615,0.517541,0.676806,0.433797,0.660445,0.615592,0.875686,0.658482,0.66046,0.774872,0.61415,0.689114,0.799414,0.484864,0.210818,0.554319,0.1864,0.435843,0.287142,0.591091,0.219017
0.525709,0.213607,0.529779,0.357963,0.427664,0.371641,0.376618,0.499681,0.301039,0.475162,0.631921,0.341612,0.713633,0.502392,0.693185,0.428802,0.564527,0.665888,0.495079,0.668608,0.452191,0.725837,0.570658,0.995601,0.638064,0.660445,0.774913,0.611423,0.623751,0.856638,0.480769,0.205418,0.548199,0.183554,0.431805,0.281686,0.584946,0.208161
0.523693,0.210865,0.527747,0.357966,0.427645,0.374337,0.386806,0.516032,0.313285,0.47246,0.629891,0.341613,0.713622,0.513275,0.693226,0.434317,0.57064,0.671352,0.499167,0.679514,0.437886,0.750326,0.568597,0.995606,0.646228,0.663169,0.774886,0.614128,0.61968,0.856619,0.478753,0.202667,0.548169,0.178155,0.431769,0.278943,0.584945,0.208152
0.519577,0.213607,0.529782,0.360706,0.423575,0.377051,0.394976,0.543258,0.335769,0.477893,0.638041,0.344355,0.713626,0.540564,0.705446,0.491529,0.580858,0.693138,0.515504,0.706759,0.433796,0.723142,0.578805,0.995602,0.650324,0.67952,0.778985,0.641405,0.642133,0.872968,0.474666,0.205394,0.546112,0.180887,0.431713,0.278964,0.584931,0.208104
0.515507,0.2163,0.529778,0.360704,0.421529,0.37708,0.394976,0.548731,0.337799,0.480598,0.638049,0.341672,0.727912,0.491511,0.709551,0.49969,0.586974,0.690433,0.519579,0.698601,0.433793,0.69045,0.595146,0.946561,0.658473,0.682229,0.779009,0.65501,0.638054,0.900211,0.47057,0.205423,0.544073,0.180903,0.429684,0.276267,0.584933,0.208153
0.505297,0.213617,0.525722,0.360748,0.417475,0.379804,0.386833,0.53783,0.32353,0.466983,0.63602,0.344364,0.72792,0.532387,0.719736,0.510553,0.591084,0.690421,0.527759,0.701321,0.446038,0.65501,0.580861,0.905689,0.662566,0.674068,0.785136,0.663132,0.642133,0.881156,0.464454,0.205364,0.533903,0.180895,0.42562,0.276248,0.58088,0.213572
0.501185,0.216308,0.527734,0.363436,0.417446,0.382515,0.386835,0.543274,0.319402,0.461571,0.638057,0.347079,0.721806,0.54054,0.713631,0.507852,0.595151,0.693155,0.53184,0.706762,0.435835,0.6577,0.58085,0.894773,0.66461,0.674077,0.791233,0.665875,0.619673,0.878436,0.460359,0.20541,0.53183,0.183552,0.423569,0.27625,0.578833,0.213597
0.499129,0.248967,0.525713,0.363479,0.415434,0.3825,0.394985,0.535119,0.319399,0.447918,0.640075,0.352551,0.717703,0.521459,0.709525,0.458836,0.595161,0.698599,0.533889,0.709496,0.433796,0.663187,0.576777,0.932915,0.664593,0.682249,0.803473,0.687704,0.662553,0.881147,0.458334,0.224492,0.529772,0.205371,0.417444,0.273538,0.580838,0.216319
0.497144,0.257189,0.523694,0.366155,0.415422,0.385257,0.392942,0.537821,0.321437,0.447907,0.636006,0.347072,0.717712,0.510536,0.709524,0.442423,0.607394,0.706753,0.546144,0.717647,0.441967,0.663213,0.568602,0.938361,0.672765,0.684981,0.807617,0.704008,0.652352,0.902942,0.460335,0.238091,0.527769,0.219045,0.415395,0.276218,0.5788,0.224494
0.497123,0.270775,0.525709,0.36617,0.415427,0.390672,0.388858,0.532403,0.315331,0.434317,0.635996,0.344359,0.71973,0.491515,0.713616,0.431533,0.607412,0.70676,0.544094,0.723107,0.478725,0.649536,0.572704,0.954713,0.676854,0.684954,0.827999,0.706741,0.656435,0.930202,0.458319,0.248984,0.52775,0.229954,0.413367,0.273503,0.578808,0.229941
0.497138,0.270811,0.525729,0.363475,0.415398,0.390706,0.386831,0.537834,0.317384,0.442446,0.638049,0.341658,0.721783,0.486091,0.711594,0.423392,0.613537,0.723107,0.552262,0.747634,0.497119,0.641382,0.584945,0.960166,0.682985,0.693144,0.838224,0.706774,0.670736,0.924741,0.458327,0.248964,0.529761,0.229969,0.41337,0.270766,0.578827,0.229956
0.501219,0.265357,0.529797,0.363477,0.415428,0.393429,0.388873,0.543273,0.31736,0.44244,0.6401,0.338926,0.725863,0.466982,0.715689,0.39614,0.625797,0.736735,0.556355,0.750369,0.537982,0.638651,0.607425,0.995603,0.695249,0.706776,0.850469,0.717644,0.691161,0.938384,0.466466,0.238106,0.533895,0.227244,0.41538,0.262602,0.582879,0.227234
0.503249,0.257207,0.531842,0.366141,0.417451,0.390712,0.388868,0.543268,0.317381,0.445205,0.642137,0.33895,0.725882,0.46153,0.719751,0.382553,0.631916,0.723118,0.560429,0.739458,0.550218,0.641377,0.609471,0.995604,0.701386,0.695857,0.854574,0.723141,0.699314,0.94654,0.466498,0.229977,0.535931,0.224473,0.4134,0.257208,0.58291,0.224503
0.503232,0.246241,0.531832,0.344346,0.415422,0.377046,0.388882,0.535122,0.315341,0.453356,0.646237,0.319853,0.738137,0.437031,0.731989,0.371585,0.631933,0.671342,0.554305,0.682243,0.578813,0.638631,0.615588,0.995601,0.709549,0.657713,0.86884,0.736747,0.713623,0.954726,0.466498,0.213579,0.535914,0.208094,0.415426,0.249032,0.582892,0.216327
0.499183,0.227213,0.531824,0.338915,0.413372,0.368894,0.390922,0.529654,0.313302,0.458808,0.648273,0.314368,0.746304,0.434288,0.736089,0.363454,0.633966,0.633203,0.556355,0.649542,0.580871,0.635926,0.623758,0.9956,0.715674,0.627743,0.870879,0.736728,0.717717,0.957467,0.464441,0.202702,0.531869,0.191809,0.413399,0.243536,0.57885,0.202694
0.495047,0.205407,0.521643,0.317091,0.407243,0.347112,0.380689,0.524188,0.303077,0.469674,0.638057,0.28984,0.736082,0.423375,0.72999,0.352548,0.638052,0.578706,0.56247,0.575978,0.586989,0.616853,0.629878,0.995602,0.721801,0.578706,0.870907,0.725835,0.723836,0.951994,0.454259,0.183584,0.525725,0.167255,0.411304,0.224475,0.576771,0.189019
0.49505,0.197253,0.519574,0.306227,0.40318,0.341625,0.366413,0.521496,0.301027,0.477869,0.631914,0.281715,0.73813,0.41794,0.729946,0.352533,0.633955,0.529655,0.552267,0.521489,0.586993,0.595047,0.635999,0.995605,0.703414,0.521474,0.868842,0.720412,0.72793,0.941116,0.456255,0.170004,0.525698,0.164505,0.409312,0.219042,0.576749,0.186317
0.49713,0.191754,0.515522,0.295345,0.40725,0.330725,0.374557,0.458826,0.315303,0.494252,0.621702,0.276258,0,0,0,0,0.633967,0.502411,0.562478,0.502402,0.601283,0.567806,0.63805,0.995601,0.701366,0.496957,0.63193,0.995597,0,0,0.460353,0.164601,0.529768,0.161846,0.411301,0.219024,0.574745,0.189088
0.497138,0.191794,0.517554,0.298079,0.411327,0.33344,0.372535,0.447926,0.32148,0.499679,0.617633,0.27895,0,0,0,0,0.672785,0.5678,0,0,0,0,0,0,0,0,0,0,0,0,0.462377,0.167261,0.529764,0.164477,0.409299,0.221728,0.576768,0.191777
0.499153,0.197241,0.521647,0.303481,0.415408,0.333485,0.376611,0.453349,0.323497,0.513306,0.627841,0.287144,0.752439,0.387973,0,0,0.666647,0.548733,0.589037,0.548728,0.668688,0.584147,0.644183,0.995597,0.744262,0.551456,0.872937,0.717668,0.740178,0.946562,0.464401,0.172703,0.529826,0.164548,0.409307,0.227175,0.576759,0.197224
0.501195,0.197253,0.523688,0.303485,0.417455,0.336163,0.382731,0.453385,0.327587,0.516045,0.627838,0.281725,0.685036,0.32258,0.715704,0.355243,0.668691,0.551452,0.595159,0.556902,0.689111,0.605947,0.650306,0.995597,0.746304,0.548731,0.872953,0.725839,0.738128,0.995597,0.464455,0.172725,0.531864,0.164532,0.411309,0.224506,0.576785,0.194484
0.505285,0.191797,0.527756,0.300793,0.421553,0.330757,0.382747,0.458793,0.325563,0.52692,0.62987,0.284412,0.683001,0.347097,0.725883,0.374353,0.672774,0.570519,0.599243,0.567801,0.695246,0.635927,0.642134,0.995599,0.748356,0.575975,0.872942,0.753071,0.727929,0.994238,0.466503,0.167256,0.533916,0.161808,0.411359,0.221764,0.578811,0.189028
0.505281,0.189047,0.525729,0.30076,0.419519,0.328018,0.380691,0.458807,0.323495,0.532358,0.629872,0.284421,0.74835,0.431565,0.744262,0.407051,0.668691,0.567802,0.599237,0.567805,0.693201,0.641374,0.642132,0.99424,0.740188,0.570517,0.870901,0.758556,0.723835,0.994235,0.466487,0.164528,0.535913,0.159094,0.411307,0.219033,0.578787,0.186337
0.497116,0.178169,0.519584,0.292612,0.415407,0.319829,0.368434,0.458809,0.315343,0.529635,0.615596,0.276224,0.789203,0.268072,0,0,0.66461,0.5569,0.593115,0.554181,0.682992,0.66043,0.633964,0.995597,0.738134,0.565079,0.8668,0.777603,0.727918,0.995606,0.454259,0.159048,0.52776,0.148181,0.401117,0.216265,0.566562,0.180875
0.493046,0.167254,0.515482,0.284448,0.409287,0.317097,0.364373,0.456111,0.307162,0.524187,0.615589,0.262633,0.821878,0.311672,0.907665,0.39614,0.658477,0.548729,0.586991,0.556907,0.676864,0.635919,0.633966,0.994238,0.734046,0.546006,0.856611,0.766722,0,0,0.452158,0.150922,0.52165,0.142735,0.397046,0.210868,0.564493,0.175433
0.482838,0.161827,0.507319,0.278991,0.403169,0.311681,0.364327,0.450646,0.301008,0.516032,0.603341,0.254456,0.79941,0.268076,0.885197,0.355267,0.658479,0.537829,0.589032,0.537829,0.682985,0.627748,0.631923,0.994239,0.729964,0.524206,0.854558,0.750352,0.709542,0.994235,0.446051,0.145461,0.515493,0.137317,0.390929,0.213596,0.558409,0.17001
0.482839,0.164512,0.501229,0.281685,0.40318,0.314415,0.364361,0.450652,0.301066,0.513276,0.601288,0.257162,0.732015,0.417934,0.719746,0.366213,0.656434,0.52693,0.582907,0.526929,0.68095,0.603232,0.625799,0.995601,0.729964,0.526932,0.852524,0.747622,0.717707,0.9956,0.446049,0.148191,0.515481,0.140017,0.392935,0.216308,0.55839,0.172702
0.482855,0.18361,0.501189,0.298033,0.401122,0.333441,0.366414,0.461526,0.30106,0.513342,0.599239,0.278965,0.719756,0.434309,0.707501,0.368934,0.65235,0.545998,0.578824,0.540557,0.680943,0.59233,0.633966,0.995602,0.734046,0.567795,0.852519,0.725838,0.729956,0.962903,0.446042,0.164494,0.515499,0.159065,0.392969,0.227158,0.556346,0.189105
0.484863,0.189016,0.499169,0.306202,0.401107,0.336217,0.368419,0.464278,0.303078,0.516009,0.597208,0.287164,0.70954,0.437023,0.715671,0.385244,0.644183,0.556903,0.574727,0.551457,0.676864,0.586879,0.633954,0.995604,0.719748,0.570527,0.850486,0.720383,0.727935,0.960173,0.448071,0.167244,0.515498,0.161807,0.394981,0.229962,0.556346,0.194511
0.484858,0.189102,0.499169,0.317096,0.39703,0.338894,0.362317,0.469735,0.301011,0.513324,0.603333,0.308944,0.697306,0.458808,0.703409,0.387947,0.631916,0.611398,0.55839,0.595047,0.64214,0.59505,0.609465,0.995602,0.703418,0.622298,0.836194,0.717676,0.71158,0.965618,0.448072,0.169963,0.515464,0.164507,0.390901,0.232669,0.552255,0.19996
0.48689,0.189086,0.501213,0.319863,0.399073,0.338916,0.360284,0.475142,0.294912,0.513332,0.611506,0.319852,0.69931,0.466973,0.703434,0.390665,0.625791,0.660441,0.544099,0.646818,0.609469,0.6005,0.599237,0.9956,0.697277,0.660438,0.827994,0.723082,0.699315,0.979249,0.448103,0.169963,0.515495,0.164513,0.390916,0.240799,0.55432,0.208105
0.486905,0.191784,0.503258,0.336184,0.399058,0.344396,0.362295,0.499674,0.284715,0.510586,0.611494,0.333456,0.691164,0.472459,0.70136,0.39612,0.601278,0.684974,0.521624,0.682243,0.540017,0.616851,0.572691,0.995598,0.672771,0.676792,0.807579,0.747619,0.67278,0.995601,0.446054,0.175415,0.513483,0.164524,0.388873,0.248946,0.552278,0.210863
0.486898,0.19449,0.507326,0.336199,0.401105,0.347108,0.360277,0.505133,0.280606,0.505122,0.613532,0.330755,0.695225,0.477883,0.7014,0.396094,0.589035,0.679519,0.511413,0.676793,0.52367,0.63864,0.570644,0.995598,0.660525,0.682243,0.80552,0.750376,0.67072,0.995612,0.444023,0.180845,0.51347,0.164529,0.388863,0.249032,0.550221,0.2054
0.488965,0.199926,0.509384,0.338918,0.403174,0.355263,0.36229,0.516013,0.274488,0.494241,0.615581,0.333459,0.697259,0.477897,0.709549,0.393434,0.591068,0.714942,0.523668,0.717665,0.495075,0.665882,0.568609,0.995601,0.662553,0.709495,0.805516,0.75035,0.668698,0.995608,0.44605,0.186297,0.515466,0.164564,0.390931,0.254481,0.550219,0.199934
0.495071,0.202672,0.513474,0.341628,0.409292,0.358007,0.362296,0.513319,0.274498,0.494254,0.615591,0.336165,0.701388,0.477882,0.721792,0.39882,0.589036,0.687692,0.525709,0.698592,0.495088,0.660448,0.57473,0.995601,0.66257,0.704044,0.805537,0.747628,0.670726,0.99561,0.448115,0.189029,0.515531,0.167275,0.394997,0.259879,0.550229,0.197256
0.493051,0.208134,0.513456,0.341661,0.40927,0.360725,0.356182,0.516045,0.27246,0.502395,0.613548,0.336179,0.697312,0.480611,0.705468,0.396151,0.591068,0.698589,0.529791,0.704042,0.480791,0.652267,0.580862,0.995608,0.660526,0.701321,0.797356,0.731294,0.664629,0.995603,0.448082,0.194518,0.515487,0.178132,0.394979,0.265327,0.550217,0.202684
0.493032,0.210872,0.513448,0.34439,0.405211,0.363447,0.356194,0.510597,0.276515,0.502411,0.617618,0.338908,0.699309,0.47789,0.70547,0.396137,0.591075,0.701316,0.529796,0.706769,0.480776,0.64682,0.580876,0.995612,0.658487,0.704042,0.793304,0.725828,0.666636,0.995599,0.446071,0.199936,0.515468,0.180887,0.395007,0.268096,0.550225,0.205405
0.490977,0.224512,0.501187,0.357982,0.399069,0.374334,0.358211,0.52148,0.280612,0.499684,0.60741,0.344346,0.695227,0.486075,0.701401,0.401561,0.582906,0.674072,0.519579,0.679514,0.456282,0.665903,0.584944,0.99561,0.652361,0.679511,0.783086,0.71219,0.666666,0.943845,0.446053,0.210842,0.513461,0.191781,0.397049,0.27628,0.548204,0.216328
0.482802,0.235357,0.49919,0.360734,0.394998,0.377072,0.356198,0.529659,0.282637,0.507842,0.609459,0.344375,0.689119,0.486071,0.701353,0.401595,0.57064,0.68225,0.505286,0.6877,0.431781,0.693128,0.574724,0.995606,0.646208,0.684962,0.772858,0.706783,0.6605,0.938397,0.439915,0.221716,0.509373,0.199959,0.394972,0.281693,0.54817,0.219056
0.468536,0.251685,0.488961,0.379752,0.384772,0.398836,0.33779,0.535108,0.282661,0.54327,0.595168,0.360723,0.670717,0.502385,0.695274,0.40702,0.554301,0.701322,0.482809,0.709483,0.384772,0.742172,0.54003,0.995609,0.627832,0.698593,0.75448,0.71219,0.629889,0.957438,0.427687,0.232657,0.497111,0.213591,0.384746,0.284436,0.544068,0.232644
0.464419,0.257158,0.493045,0.385267,0.384756,0.401631,0.337791,0.540552,0.284715,0.554215,0.597217,0.368917,0.66869,0.510589,0.695259,0.41251,0.544102,0.717647,0.470573,0.720399,0.366388,0.758546,0.533881,0.995617,0.617617,0.712231,0.746298,0.720409,0.627833,0.954708,0.421554,0.243543,0.495056,0.221749,0.382712,0.289834,0.542065,0.243549
0.462377,0.262601,0.493036,0.39069,0.382749,0.407041,0.343925,0.548742,0.288786,0.567788,0.601293,0.377047,0.668703,0.51601,0.697309,0.417918,0.544106,0.725824,0.470575,0.728579,0.358231,0.774882,0.529788,0.995609,0.617623,0.717671,0.746297,0.731307,0.625775,0.957456,0.419513,0.246294,0.493006,0.224513,0.380697,0.287176,0.542046,0.248973
0.450137,0.262616,0.484869,0.390711,0.37254,0.409777,0.337806,0.54601,0.280609,0.559614,0.597194,0.374353,0.66256,0.518742,0.697285,0.417937,0.544094,0.728579,0.470576,0.73675,0.356194,0.774877,0.529786,0.995609,0.615582,0.723108,0.748363,0.742211,0.621729,0.965637,0.40929,0.246294,0.480774,0.224466,0.368411,0.284443,0.535911,0.248989
0.44807,0.273541,0.486911,0.396148,0.3766,0.420665,0.34393,0.567792,0.288796,0.556902,0.59925,0.379771,0.668693,0.516012,0.699323,0.417947,0.548197,0.734003,0.478726,0.742187,0.364339,0.763982,0.544085,0.995618,0.621716,0.725842,0.762635,0.731318,0.63195,0.962882,0.407225,0.251753,0.478715,0.229959,0.368416,0.292639,0.533899,0.251705
0.450124,0.278936,0.495059,0.396161,0.384776,0.420678,0.352096,0.554186,0.296957,0.556884,0.603324,0.379766,0.674807,0.516062,0.705457,0.423346,0.564505,0.728547,0.490996,0.736738,0.370472,0.758531,0.548201,0.99561,0.633972,0.717659,0.770796,0.728536,0.644173,0.954717,0.411337,0.254504,0.480788,0.235395,0.374567,0.295372,0.540007,0.251744
0.454246,0.2735,0.497125,0.387979,0.388884,0.404357,0.358231,0.543287,0.301057,0.543285,0.607405,0.374324,0.674811,0.513282,0.711609,0.404312,0.562454,0.714925,0.488945,0.717665,0.372512,0.73945,0.544091,0.965619,0.631913,0.709494,0.772876,0.720406,0.642124,0.932936,0.417463,0.251734,0.486891,0.229914,0.38474,0.292646,0.546124,0.254423
0.454254,0.262629,0.497081,0.385254,0.386822,0.401623,0.352108,0.540553,0.301005,0.540581,0.605384,0.371591,0.674791,0.510542,0.711554,0.401578,0.562478,0.712226,0.490991,0.720378,0.368452,0.728567,0.535947,0.957456,0.631924,0.706758,0.768754,0.717667,0.636004,0.930209,0.417455,0.248953,0.486897,0.224472,0.382757,0.289871,0.544104,0.249012
0.462386,0.268049,0.495071,0.390702,0.386804,0.407037,0.352096,0.540548,0.301019,0.548749,0.603333,0.37705,0.672773,0.513293,0.711601,0.404342,0.558394,0.7231,0.486895,0.725853,0.366408,0.739479,0.537961,0.971063,0.627851,0.714941,0.768788,0.72583,0.633991,0.935663,0.423569,0.249003,0.495036,0.22721,0.384776,0.2899,0.548157,0.251791
0.464434,0.270827,0.497117,0.396123,0.386852,0.412485,0.354125,0.548716,0.301051,0.554181,0.607413,0.379812,0.674805,0.518728,0.713634,0.415192,0.562489,0.720394,0.488952,0.725854,0.364372,0.750388,0.542061,0.995596,0.631946,0.714927,0.770799,0.728593,0.638036,0.943833,0.427645,0.251706,0.495094,0.229965,0.386792,0.292613,0.548219,0.25444
0.456258,0.27084,0.493045,0.396114,0.382744,0.409749,0.34801,0.543261,0.298998,0.554173,0.603332,0.382505,0.670749,0.516038,0.711609,0.407051,0.550236,0.725825,0.478726,0.728576,0.360263,0.755828,0.53594,0.995606,0.625799,0.720387,0.766732,0.734031,0.629892,0.949276,0.417458,0.251679,0.488957,0.229937,0.382725,0.289857,0.546127,0.254479
0.450137,0.270768,0.486897,0.393426,0.37661,0.40435,0.341895,0.53236,0.292865,0.551469,0.597181,0.379821,0.668696,0.51334,0.70953,0.407042,0.546124,0.728555,0.472614,0.734001,0.354151,0.758518,0.531822,0.995607,0.617626,0.723118,0.762633,0.734034,0.627837,0.949285,0.411357,0.249016,0.482794,0.227209,0.372521,0.284459,0.542037,0.251777
