0.593807,0.129106,0.399697,0.298025,0.239578,0.259884,0.0697542,0.306206,0.0649522,0.107291,0.579259,0.341627,0,0,0,0,0.356034,0.644083,0.229893,0.638651,0.249282,0.938373,0,0,0.467641,0.646805,0.55009,0.758544,0.433731,0.922051,0.525963,0.080089,0.608333,0.10458,0.273568,0.115537,0,0
0.584069,0.0855183,0.365792,0.273518,0.244443,0.257173,0.0649308,0.319827,0.0503721,0.109994,0.501593,0.29804,0,0,0,0,0.351235,0.649536,0.239559,0.649539,0.258985,0.924773,0,0,0.462794,0.646842,0.55979,0.755795,0.433696,0.919317,0.506409,0.0609601,0.593841,0.0718946,0.254091,0.118154,0,0
0.569542,0.0827506,0.409385,0.292616,0.259018,0.262627,0,0,0,0,0.574417,0.325299,0,0,0,0,0.36086,0.660452,0.244408,0.660436,0.258978,0.924712,0,0,0.472478,0.660446,0.559782,0.75584,0.433675,0.919318,0.487103,0.0555575,0.584139,0.0718501,0.249251,0.118186,0,0
0.564762,0.0854942,0.385182,0.289877,0.229921,0.254456,0.0115457,0.317132,0.040675,0.0936917,0.574361,0.328037,0,0,0,0,0.351166,0.66589,0.220233,0.665903,0.254195,0.927472,0.254187,0.927469,0.457962,0.665894,0.559828,0.766706,0.423984,0.924702,0.482253,0.0610169,0.574446,0.0718775,0.244393,0.115498,0,0
0.564769,0.0936634,0.390048,0.287151,0.225067,0.254468,0.0139682,0.317104,0.0164424,0.112748,0.574394,0.325277,0,0,0,0,0.341484,0.668611,0.210505,0.665901,0.249236,0.930202,0,0,0.462771,0.668625,0.564645,0.769397,0.424002,0.922055,0.482285,0.0664679,0.579258,0.0746508,0.239629,0.115506,0,0
0.564603,0.0936818,0.370663,0.287152,0.205643,0.259903,0.0212405,0.308956,0.0212625,0.101849,0.554961,0.314387,0,0,0,0,0.351169,0.671328,0.215356,0.668627,0.210528,0.932934,0,0,0.462783,0.668631,0.555008,0.772158,0.414285,0.927448,0.477434,0.0664541,0.574425,0.0773448,0.225047,0.1155,0,0
0.559796,0.0909338,0.370662,0.284411,0.210483,0.259869,0.0212627,0.311672,0.0212424,0.110049,0.545271,0.311673,0,0,0,0,0.336657,0.671345,0.210534,0.671328,0.210503,0.935665,0,0,0.457908,0.674054,0.554976,0.766738,0.414268,0.924794,0.477282,0.0610115,0.56472,0.0719147,0.215382,0.115485,0,0
0.550105,0.08824,0.380338,0.284421,0.205696,0.257188,0.0212678,0.317136,0.0212348,0.110031,0.564687,0.314383,0,0,0,0,0.380283,0.68226,0.268691,0.684973,0.215386,0.962909,0,0,0.521028,0.682243,0.554939,0.76943,0.419164,0.924747,0.467624,0.0555251,0.564676,0.0719026,0.205683,0.110029,0,0
0.540441,0.0827715,0.39004,0.276253,0.205643,0.259874,0.0212378,0.322575,0.0212331,0.110032,0.574373,0.306216,0.501605,0.720394,0,0,0.375501,0.652265,0.259005,0.644105,0.229882,0.954716,0,0,0.511299,0.654999,0.554909,0.774905,0.423934,0.927491,0.457909,0.0501266,0.564684,0.0746016,0.205591,0.110002,0,0
0.540372,0.0719056,0.394896,0.270785,0.215352,0.25172,0.0212345,0.325288,0.0164923,0.112776,0.579225,0.300773,0,0,0,0,0.44339,0.69041,0.307488,0.695857,0.29294,0.973791,0.205637,0.851182,0.569543,0.687697,0.487048,0.962891,0,0,0.448181,0.0473393,0.569502,0.0718818,0.205587,0.104628,0,0
0.540397,0.0745893,0.404524,0.265363,0.210492,0.240815,0.0164304,0.32529,0.0164821,0.118195,0.593795,0.295311,0,0,0,0,0.457942,0.679514,0.331768,0.682248,0.2978,0.979267,0,0,0.574367,0.67679,0.564675,0.829383,0,0,0.448295,0.04465,0.579254,0.0827815,0.210425,0.104595,0,0
0.554941,0.0773364,0.4094,0.268063,0.21534,0.240816,0.016467,0.325302,0.0212301,0.118214,0.588969,0.298037,0,0,0,0,0.472464,0.693134,0.360856,0.701315,0.312404,0.98197,0,0,0.593827,0.687701,0.579252,0.971059,0,0,0.462756,0.0500691,0.574386,0.0773271,0.210444,0.109998,0,0
0.554905,0.0882283,0.404573,0.270781,0.210469,0.243535,0.0164768,0.328018,0.0164931,0.120948,0.608331,0.303484,0,0,0,0,0.457986,0.679526,0.331777,0.684964,0.331779,0.968344,0,0,0.579267,0.67678,0.584078,0.832099,0.453086,0.922009,0.467657,0.0528679,0.58404,0.0828084,0.210479,0.110016,0,0
0.559834,0.123667,0.370592,0.311651,0.186218,0.265352,0.0213236,0.317131,0.0261018,0.118214,0.593795,0.355259,0,0,0,0,0.356027,0.674076,0.210473,0.663176,0.225055,0.968324,0,0,0.487053,0.676788,0.598667,0.785784,0.385165,0.919293,0.477371,0.0801002,0.588966,0.107328,0.21041,0.120924,0,0
0.593835,0.169955,0.365803,0.314409,0.205646,0.292582,0,0,0,0,0.550126,0.3471,0,0,0,0,0.346339,0.649532,0.21533,0.644114,0.37542,0.919315,0,0,0.462762,0.646822,0.579244,0.736739,0.390005,0.886599,0.520965,0.131824,0.598651,0.142705,0.249277,0.145458,0,0
0.593808,0.172664,0.365784,0.322557,0.200805,0.295311,0,0,0,0,0.555001,0.35253,0,0,0,0,0.346351,0.646835,0.215324,0.64683,0.370573,0.919295,0,0,0.462781,0.646813,0.574399,0.739458,0.389992,0.883879,0.516212,0.131829,0.598729,0.142727,0.249207,0.142704,0,0
0.574425,0.164497,0.360939,0.311661,0.19106,0.28443,0.0164315,0.325308,0,0,0.550143,0.34164,0,0,0,0,0.322093,0.663175,0.215328,0.67134,0.210511,0.957435,0,0,0.438549,0.657713,0.579212,0.753091,0.39001,0.900229,0.491871,0.118227,0.588929,0.134545,0.215447,0.139955,0,0
0.564702,0.156374,0.356058,0.31168,0.205612,0.281695,0.0213134,0.308958,0.0164212,0.142736,0.516174,0.330738,0.234764,0.973797,0,0,0.341508,0.671351,0.220181,0.67679,0.210509,0.95473,0,0,0.453121,0.668614,0.579242,0.772173,0.380337,0.919277,0.482105,0.11275,0.579277,0.12368,0.210424,0.134577,0,0
0.555019,0.120935,0.360924,0.284429,0.205636,0.259926,0.0213241,0.319839,0.0212988,0.129105,0.521,0.30893,0,0,0,0,0.46762,0.684956,0.35118,0.690415,0.360924,0.954731,0,0,0.603502,0.679517,0,0,0,0,0.472525,0.080066,0.564748,0.0964306,0.195936,0.115453,0,0
0.511296,0.186326,0.288129,0.319842,0.10857,0.306203,0,0,0,0,0.462773,0.333457,0,0,0,0,0.297838,0.649538,0.195939,0.654999,0.27842,0.941104,0,0,0.41915,0.641393,0.535575,0.772147,0.297809,0.922016,0.438573,0.134582,0.535603,0.161826,0.181355,0.13724,0,0
0.51128,0.180856,0.292964,0.311649,0.113485,0.289875,0,0,0,0,0.462811,0.330755,0,0,0,0,0.283262,0.649556,0.166807,0.654985,0.210497,0.911127,0,0,0.385139,0.646818,0.540441,0.763966,0.336662,0.900222,0.433728,0.129096,0.53075,0.156367,0.176521,0.134559,0,0
0.491944,0.148169,0.288144,0.317114,0.128012,0.289868,0,0,0,0,0.467612,0.333482,0,0,0,0,0.263861,0.682235,0.137705,0.69042,0,0,0,0,0.375444,0.671351,0.535539,0.77488,0.278408,0.908398,0.404485,0.107299,0.496758,0.110034,0.137615,0.123649,0,0
0.457897,0.134564,0.268713,0.295339,0.113438,0.26534,0,0,0,0,0.457928,0.317105,0.128017,0.954723,0,0,0.288127,0.663169,0.17166,0.671337,0.132857,0.968323,0,0,0.390017,0.654989,0.496766,0.783073,0.288097,0.922042,0.365631,0.0773396,0.477276,0.101851,0.0843507,0.0991677,0,0
