0.223985,0.325292,0.410652,0.390702,0.343326,0.573258,0.384643,0.78305,0.531526,0.802136,0.49481,0.194504,0.658526,0.153629,0.767171,0.254452,0.727384,0.646819,0.670772,0.761264,0.779408,0.994233,0,0,0.773289,0.477883,0,0,0,0,0.193386,0.379748,0.22553,0.227254,0.208696,0.486053,0.315796,0.156377
0.248469,0.300747,0.41983,0.357983,0.357099,0.54056,0.403001,0.71766,0.525417,0.682243,0.491751,0.16182,0.655473,0.110022,0.748807,0.164534,0.730447,0.537825,0.681483,0.660449,0.813071,0.878431,0,0,0.782469,0.398861,0.999745,0.249001,0,0,0.216322,0.35801,0.240829,0.208096,0.230109,0.464244,0.311185,0.120922
0.256113,0.287148,0.409121,0.338923,0.354035,0.510586,0.398411,0.687693,0.510112,0.635926,0.481041,0.159092,0.649348,0.0882379,0.73351,0.1509,0.725857,0.477889,0.675361,0.592326,0.765636,0.761263,0.929356,0.994234,0.777878,0.363441,0,0,0,0,0.222436,0.344349,0.243865,0.197246,0.237755,0.447898,0.311193,0.107314
0.259152,0.270763,0.410658,0.300767,0.360156,0.458815,0.39535,0.663151,0.494802,0.551463,0.474921,0.153623,0.608041,0.0664212,0.705969,0.0746229,0.751864,0.46426,0.686072,0.57053,0.773287,0.755808,0.935478,0.994234,0.81154,0.333469,0,0,0,0,0.223988,0.32529,0.24693,0.180852,0.237752,0.431551,0.30966,0.0855353
0.259173,0.265359,0.412188,0.30622,0.361697,0.461527,0.401471,0.657731,0.50092,0.546003,0.477979,0.156358,0.621808,0.0555335,0.699842,0.0119441,0.750336,0.458814,0.684541,0.56507,0.771759,0.753085,0,0,0.816132,0.308946,0,0,0,0,0.225495,0.319832,0.249996,0.17815,0.239276,0.43159,0.318835,0.0991121
0.274498,0.254436,0.406061,0.300765,0.369336,0.453365,0.415246,0.652262,0.516224,0.526926,0.462676,0.153638,0.635581,0.0201155,0.65853,0.0201085,0.751867,0.437012,0.70749,0.562357,0.903346,0.994232,0,0,0.790119,0.278974,0,0,0,0,0.239284,0.308938,0.268342,0.164555,0.245407,0.417939,0.324976,0.0963993
0.280585,0.23539,0.399939,0.295313,0.369333,0.453364,0.418305,0.638642,0.513171,0.505122,0.432075,0.15636,0.632517,0.0282906,0,0,0.761047,0.434286,0.713614,0.559631,0.929359,0.994233,0,0,0.782467,0.265352,0,0,0,0,0.242333,0.292566,0.27293,0.15366,0.249989,0.409772,0.32345,0.0800592
0.279068,0.208105,0.390764,0.259892,0.366275,0.426115,0.404524,0.633197,0.476436,0.458796,0.412186,0.134566,0,0,0,0,0.837552,0.398865,0,0,0,0,0,0,0.883455,0.224476,0,0,0,0,0.240839,0.26809,0.271418,0.129139,0.246939,0.37979,0.314262,0.0691448
0.279057,0.199959,0.38617,0.254462,0.363223,0.415216,0.392297,0.614108,0.461144,0.450646,0.412183,0.137281,0,0,0,0,0,0,0,0,0,0,0,0,0,0,0,0,0,0,0.242334,0.254483,0.271396,0.120951,0.24846,0.382512,0.312741,0.055548
0.271427,0.17544,0.392294,0.227207,0.352512,0.404313,0.370878,0.589597,0.477982,0.464253,0.427484,0.112763,0,0,0,0,0,0,0,0,0,0,0,0,0,0,0,0,0,0,0.23774,0.235386,0.263742,0.101872,0.240819,0.358006,0.308116,0.0419286
0.262239,0.170001,0.383116,0.243551,0.35098,0.412486,0.367803,0.586869,0.481038,0.540549,0.429014,0.0882381,0,0,0,0,0.923238,0.371614,0.888044,0.554176,0,0,0,0,0.943129,0.210852,0,0,0,0,0.227064,0.229918,0.257651,0.0991329,0.239282,0.349807,0.309656,0.033725
0.23011,0.183624,0.398413,0.278974,0.352507,0.453357,0.383106,0.608685,0.510107,0.665901,0.456559,0.101863,0.55143,0.0173702,0,0,0,0,0,0,0,0,0,0,0,0,0,0,0,0,0.204102,0.246287,0.234688,0.110064,0.219395,0.358003,0.323429,0.071878
0.233155,0.199937,0.399938,0.281706,0.35863,0.447915,0.40759,0.64409,0.51929,0.788481,0.458089,0.112758,0.551433,0.0174092,0,0,0,0,0,0,0,0,0,0,0,0,0,0,0,0,0.205636,0.257156,0.236201,0.126378,0.225508,0.377069,0.32496,0.0773453
0.259191,0.243543,0.401478,0.298039,0.358634,0.461535,0.398414,0.638635,0.516231,0.761238,0.462676,0.131843,0.557547,0.0201255,0,0,0.845203,0.35799,0,0,0,0,0,0,0,0,0,0,0,0,0.227024,0.295336,0.253047,0.161744,0.240819,0.404307,0.324986,0.0936963
0.265303,0.251714,0.401468,0.303503,0.357099,0.477887,0.39688,0.638649,0.511641,0.7558,0.459615,0.142739,0.554478,0.0174035,0,0,0.860504,0.344367,0,0,0,0,0,0,0.914057,0.172705,0,0,0,0,0.236226,0.308938,0.260696,0.167242,0.248466,0.42337,0.321919,0.0991394
0.257652,0.265344,0.387703,0.322578,0.347919,0.48605,0.390764,0.660442,0.500926,0.788499,0.447375,0.156368,0.540709,0.017397,0,0,0.788589,0.39614,0.759516,0.554177,0,0,0,0,0.82378,0.240826,0,0,0,0,0.223966,0.319833,0.249964,0.186359,0.230114,0.431547,0.305078,0.115483
0.24389,0.273528,0.376987,0.338912,0.343335,0.494227,0.393823,0.674058,0.494807,0.79395,0.441255,0.164536,0.530006,0.0201222,0,0,0.779409,0.420663,0.754927,0.57325,0,0,0,0,0.81307,0.251723,0,0,0,0,0.213245,0.328018,0.240809,0.194545,0.219397,0.434279,0.297427,0.129116
0.236211,0.289898,0.373928,0.344361,0.337204,0.5133,0.378523,0.676799,0.488691,0.818499,0.424429,0.197236,0.503992,0.0500906,0,0,0.713616,0.437012,0,0,0,0,0,0,0.774818,0.257171,0,0,0,0,0.201039,0.341672,0.228589,0.216287,0.211739,0.447928,0.292841,0.153637
0.236219,0.295358,0.375455,0.347088,0.338732,0.516033,0.392291,0.706759,0.488693,0.826663,0.430544,0.199956,0.500923,0.0364638,0,0,0.793179,0.445186,0,0,0,0,0,0,0.852853,0.251726,0,0,0,0,0.202547,0.347089,0.234676,0.221743,0.211745,0.453356,0.294384,0.161762
0.24846,0.314356,0.380053,0.360715,0.346385,0.521487,0.386169,0.725845,0.477966,0.859379,0.430548,0.219019,0.496337,0.0473661,0,0,0.730446,0.453357,0.699842,0.62502,0.935477,0.894778,0,0,0.765636,0.28987,0,0,0,0,0.213256,0.358011,0.246924,0.235385,0.217858,0.466997,0.306621,0.180892
0.251546,0.317096,0.378522,0.363444,0.347928,0.521488,0.378518,0.709497,0.470341,0.872963,0.424423,0.229924,0.491752,0.0337458,0,0,0.716676,0.43974,0.669241,0.575973,0.728915,0.734015,0,0,0.764107,0.284423,0,0,0,0,0.214826,0.366145,0.250011,0.246269,0.214804,0.488758,0.309682,0.19453
0.248458,0.314348,0.361685,0.385232,0.337209,0.53237,0.376986,0.725846,0.471869,0.872961,0.409121,0.24627,0.491746,0.0473672,0,0,0.800829,0.466984,0,0,0,0,0,0,0.834492,0.298046,0,0,0,0,0.210201,0.358,0.246927,0.243575,0.205621,0.47517,0.297445,0.194507
0.239283,0.308925,0.363223,0.363437,0.326499,0.54327,0.378526,0.747634,0.470332,0.859362,0.384642,0.25444,0.499399,0.0310141,0,0,0,0,0,0,0,0,0,0,0,0,0,0,0,0,0.202544,0.355272,0.239298,0.238095,0.194911,0.486025,0.291287,0.194488
0.222454,0.308925,0.35404,0.368899,0.318849,0.535098,0.370873,0.747635,0.453486,0.84848,0.37852,0.251729,0,0,0,0,0.756456,0.368891,0,0,0,0,0,0,0,0,0,0,0,0,0.188795,0.352567,0.225481,0.235398,0.191846,0.4806,0.28364,0.194531
0.2148,0.306211,0.347927,0.387954,0.315786,0.540552,0.366274,0.750359,0.43055,0.842981,0.389231,0.24899,0,0,0,0,0.716674,0.409763,0.692191,0.55418,0.981382,0.86208,0,0,0.738095,0.27625,0,0,0,0,0.182665,0.352536,0.217855,0.232636,0.18726,0.477882,0.285178,0.199973
0.194913,0.314363,0.346384,0.420655,0.308145,0.562351,0.355565,0.774887,0.392283,0.845717,0.410654,0.251714,0.552951,0.15636,0.554483,0.110037,0.930888,0.437011,0.863563,0.616847,0,0,0,0,0.94619,0.265346,0,0,0,0,0.165848,0.366189,0.201014,0.243544,0.17807,0.486039,0.276025,0.205431
0.193399,0.330765,0.354043,0.396135,0.312737,0.556895,0.347917,0.802131,0.37852,0.8648,0.413715,0.251708,0.578963,0.142734,0.577438,0.140009,0.712083,0.55145,0.696782,0.671346,0.955371,0.994232,0,0,0.736565,0.404312,0,0,0,0,0.165823,0.382519,0.194919,0.254453,0.178073,0.488769,0.272942,0.202699
0.202581,0.368867,0.355575,0.407044,0.317324,0.548729,0.349447,0.753092,0.378529,0.870252,0.40606,0.281694,0.601914,0.14273,0.601919,0.148182,0.730444,0.488783,0.718203,0.644092,0.995151,0.897503,0,0,0.770227,0.349817,0,0,0,0,0.176543,0.415218,0.202563,0.289841,0.191842,0.518736,0.275989,0.227207
0.208664,0.366172,0.350985,0.420653,0.315796,0.551451,0.350979,0.753083,0.38617,0.878434,0.409123,0.284418,0.598854,0.131837,0.592738,0.142735,0.753397,0.442464,0.712086,0.57325,0,0,0,0,0.810009,0.278974,0,0,0,0,0.181141,0.415223,0.210187,0.289838,0.191835,0.518772,0.276015,0.229934
0.211752,0.344337,0.349449,0.401595,0.318854,0.535101,0.350981,0.747641,0.390761,0.856636,0.384645,0.273532,0.580495,0.115487,0,0,0.790119,0.322571,0.767166,0.349815,0.811539,0.747639,0,0,0.823783,0.249,0.938537,0.55963,0,0,0.18267,0.398815,0.208676,0.273512,0.190313,0.507844,0.269875,0.219051
0.207161,0.338926,0.34486,0.398867,0.314264,0.526938,0.349454,0.731288,0.378527,0.845731,0.372404,0.295321,0.533064,0.186332,0.557542,0.13456,0.696783,0.404313,0.620277,0.537828,0.705964,0.630472,0.865094,0.777611,0,0,0,0,0,0,0.17658,0.390708,0.204111,0.265357,0.185737,0.496956,0.266831,0.219005
0.202563,0.341636,0.34945,0.393418,0.312731,0.526932,0.349448,0.701315,0.369334,0.843009,0.375462,0.287143,0.536125,0.140011,0.54071,0.101861,0.66312,0.442465,0.623338,0.556902,0.764106,0.753086,0.877336,0.853905,0.681482,0.35254,0.655472,0.559625,0.869683,0.856631,0.175006,0.393396,0.20103,0.268079,0.184201,0.491521,0.266813,0.2163
0.205631,0.344369,0.350984,0.393415,0.320376,0.521483,0.349452,0.679518,0.370869,0.856638,0.38311,0.292598,0.533061,0.126383,0.531529,0.10185,0.715144,0.434292,0,0,0,0,0,0,0.828373,0.238102,0.940069,0.567799,0,0,0.17503,0.396152,0.202576,0.270833,0.182669,0.49695,0.268343,0.219012
0.217846,0.355266,0.344858,0.40704,0.31273,0.548729,0.364747,0.829384,0.398414,0.859346,0.361691,0.33346,0.358615,0.826652,0.389235,0.842999,0.816129,0.254451,0,0,0,0,0,0,0.837553,0.216303,0.970672,0.64137,0,0,0.185717,0.401641,0.214792,0.284453,0.187259,0.518731,0.268359,0.229908
0.222431,0.355292,0.324975,0.439731,0.311197,0.565066,0.355562,0.761272,0.412191,0.840306,0.354041,0.317127,0,0,0,0,0.819188,0.249003,0,0,0,0,0,0,0.839081,0.235376,0.95537,0.644098,0,0,0.188769,0.404293,0.216315,0.289856,0.187252,0.524185,0.26682,0.246242
0.219392,0.349791,0.32191,0.428837,0.302021,0.573261,0.366281,0.78578,0.444321,0.851191,0.36169,0.262632,0.503987,0.120937,0,0,0.777877,0.347091,0.765637,0.387964,0.883455,0.769437,0,0,0.820723,0.262624,0.967611,0.622298,0,0,0.185741,0.401557,0.214782,0.287154,0.184193,0.52964,0.256111,0.243564
0.214815,0.3444,0.328032,0.426097,0.297425,0.575983,0.360159,0.780343,0.436666,0.842989,0.376991,0.25991,0.510111,0.159084,0.482571,0.0582651,0.765638,0.382514,0.727384,0.507855,0.940068,0.799409,0,0,0.803891,0.268072,0.996683,0.654993,0,0,0.178106,0.398817,0.21325,0.284407,0.181132,0.52145,0.262216,0.24624
0.191847,0.341618,0.321909,0.447919,0.288248,0.611407,0.344858,0.807583,0.395343,0.872965,0.372402,0.29533,0.494816,0.205414,0.487161,0.0773331,0.794709,0.494231,0.799299,0.644098,0,0,0,0,0.790118,0.357995,0,0,0,0,0.161238,0.390669,0.196435,0.273519,0.167372,0.505122,0.272938,0.251742
0.178082,0.338887,0.334151,0.447914,0.286718,0.616847,0.352516,0.851175,0.392287,0.89749,0.398407,0.287147,0.502459,0.221751,0.499395,0.107316,0.709025,0.581423,0,0,0,0,0,0,0.696783,0.477884,0,0,0,0,0.153596,0.393392,0.190288,0.270822,0.170435,0.516007,0.271428,0.25176
0.196436,0.360722,0.349457,0.437012,0.308139,0.600493,0.364748,0.802142,0.410662,0.927482,0.410651,0.289868,0.543772,0.208129,0.549895,0.153636,0.716674,0.540554,0.712086,0.649543,0.981382,0.834832,0,0,0.718203,0.445184,0.95537,0.38524,0,0,0.175,0.417917,0.194905,0.289847,0.194914,0.518766,0.276008,0.251673
0.214819,0.371644,0.366274,0.44246,0.314264,0.6005,0.366273,0.799414,0.418296,0.932915,0.425952,0.295327,0.560602,0.243554,0.583556,0.180885,0.757986,0.51058,0.728915,0.641372,0,0,0,0,0.776348,0.363442,0,0,0,0,0.188799,0.42615,0.211719,0.300784,0.19797,0.529669,0.288241,0.257156
0.234702,0.379779,0.366282,0.447913,0.31731,0.605947,0.367813,0.807581,0.416768,0.932937,0.42595,0.306219,0.585088,0.251733,0.601914,0.169976,0.722795,0.510578,0.704434,0.619573,0.941598,0.864801,0,0,0.761046,0.366166,0,0,0,0,0.205602,0.442442,0.225512,0.314358,0.216327,0.551443,0.285179,0.25716
0.237729,0.387965,0.363225,0.461542,0.318842,0.614112,0.366276,0.807581,0.413715,0.927489,0.413713,0.333471,0.566726,0.28987,0.60039,0.1836,0.692193,0.524205,0.653941,0.638645,0.880396,0.994232,0,0,0.745745,0.363443,0.94772,0.556905,0,0,0.207161,0.447926,0.225519,0.322584,0.21939,0.56781,0.269885,0.270796
0.2148,0.415205,0.358635,0.469703,0.318844,0.622291,0.369334,0.807593,0.42136,0.922026,0.401473,0.344355,0.533058,0.265354,0.580495,0.161808,0.649351,0.540555,0.604977,0.652268,0,0,0,0,0.666182,0.437011,0.831433,0.238104,0.929356,0.562348,0.190347,0.466973,0.210225,0.341627,0.1995,0.57051,0.271424,0.2844
0.208681,0.426118,0.347924,0.477891,0.315786,0.622303,0.36781,0.799424,0.421374,0.924737,0.39076,0.347094,0.519292,0.26263,0.556013,0.159084,0.66159,0.551454,0.623339,0.68497,0.484096,0.886603,0.80695,0.892054,0.707491,0.450636,0,0,0,0,0.18268,0.477903,0.204075,0.352545,0.191868,0.573265,0.271396,0.295292
0.207157,0.434266,0.350986,0.472438,0.318849,0.605949,0.367805,0.799412,0.42288,0.913845,0.392293,0.355262,0.500929,0.140008,0.500933,0.0419102,0.722795,0.52693,0.646289,0.72039,0.429014,0.843005,0,0,0.79471,0.35799,0.583554,0.608673,0.836023,0.908399,0.182671,0.486065,0.202574,0.36344,0.190329,0.575984,0.268345,0.298066
0.214814,0.431579,0.346385,0.491516,0.318851,0.627751,0.367812,0.821205,0.422895,0.897514,0.37546,0.363442,0,0,0,0,0.609567,0.469707,0,0,0,0,0,0,0,0,0,0,0,0,0.188781,0.483302,0.210218,0.360733,0.19338,0.578719,0.268354,0.295368
0.223953,0.426127,0.343324,0.466976,0.31579,0.616853,0.363222,0.818478,0.419828,0.878435,0.361689,0.341646,0.476449,0.153632,0,0,0.823782,0.333467,0,0,0,0,0,0,0.825309,0.341643,0.906406,0.611399,0,0,0.190324,0.475158,0.214809,0.35523,0.19492,0.57326,0.269872,0.295312
0.214816,0.423344,0.33262,0.464261,0.30967,0.611394,0.355572,0.804855,0.419831,0.85937,0.355572,0.341644,0,0,0,0,0.82225,0.366168,0.825312,0.317119,0,0,0,0,0,0,0,0,0,0,0.187268,0.46968,0.213261,0.347119,0.191859,0.56233,0.268347,0.292612
0.194918,0.404318,0.33568,0.469718,0.298959,0.635917,0.33415,0.796688,0.392301,0.823941,0.380052,0.31712,0.487159,0.131833,0.496335,0.0228376,0.753397,0.458807,0.712083,0.586875,0.981382,0.821207,0,0,0.773288,0.355265,0.995152,0.630474,0,0,0.167373,0.450629,0.199496,0.336231,0.178074,0.551444,0.274458,0.29536
0.181142,0.401566,0.324971,0.477882,0.28672,0.635927,0.33109,0.807582,0.376991,0.832115,0.376994,0.33892,0.505523,0.0718906,0.485626,0.028288,0.742687,0.496955,0.715145,0.64137,0.981382,0.851183,0,0,0.759517,0.366169,0.99898,0.559624,0,0,0.156655,0.445178,0.190315,0.333473,0.165852,0.537813,0.27293,0.298031
0.175006,0.38795,0.33874,0.472445,0.29284,0.63865,0.346391,0.815747,0.390767,0.848483,0.392297,0.322582,0.507048,0.210848,0.546834,0.145454,0.80389,0.464258,0.759517,0.589598,0,0,0,0,0.8146,0.368893,0,0,0,0,0.155137,0.431584,0.18876,0.31442,0.181134,0.53784,0.274498,0.284413
0.194898,0.385258,0.347917,0.464267,0.30201,0.622297,0.360155,0.799423,0.409131,0.853905,0.399945,0.32529,0.53306,0.210849,0.591205,0.153634,0.736566,0.456084,0,0,0,0,0,0,0,0,0,0,0,0,0.173491,0.428854,0.199498,0.31435,0.187257,0.524225,0.288265,0.284434
0.233159,0.379774,0.369336,0.442455,0.315789,0.586875,0.366287,0.783058,0.425951,0.853901,0.422899,0.311682,0.542236,0.243544,0.627924,0.164546,0.767167,0.453362,0.751866,0.562356,0.966082,0.758538,0,0,0.773288,0.347092,0.996681,0.546004,0,0,0.202585,0.426082,0.23163,0.308971,0.21021,0.529656,0.300501,0.270828
0.242331,0.360761,0.370869,0.437025,0.320389,0.581422,0.367812,0.772156,0.430549,0.859331,0.4229,0.308948,0.551431,0.238108,0.646298,0.161815,0.747276,0.464261,0.719735,0.551455,0.952311,0.753089,0,0,0.748806,0.409762,0.990565,0.556903,0,0,0.211731,0.412497,0.240808,0.29805,0.223972,0.532409,0.302021,0.259904
0.239299,0.35523,0.36169,0.439747,0.324951,0.570532,0.370864,0.75853,0.432075,0.875695,0.409119,0.319843,0.554483,0.246267,0.652413,0.15909,0.767169,0.412487,0.816129,0.295322,0.998215,0.616848,0,0,0.728915,0.52148,0.96302,0.796682,0,0,0.210204,0.404294,0.239285,0.29261,0.216332,0.535098,0.302004,0.26807
0.237747,0.360713,0.360163,0.450646,0.324972,0.5787,0.372404,0.761263,0.43514,0.875695,0.403003,0.333465,0.551421,0.251727,0.643225,0.161806,0.747277,0.453361,0.730445,0.540554,0.941599,0.785786,0,0,0.771757,0.360717,0.992091,0.630471,0,0,0.207135,0.409759,0.237724,0.295374,0.2148,0.537835,0.298971,0.270778
0.227066,0.379783,0.363227,0.461527,0.323436,0.597768,0.375452,0.777621,0.435131,0.883883,0.412181,0.330735,0.549891,0.243546,0.641703,0.150892,0.716674,0.494232,0.712085,0.608675,0.94007,0.818482,0,0,0.744216,0.382517,0.862033,0.25718,0.995153,0.616847,0.202545,0.431561,0.22857,0.314376,0.216321,0.546014,0.300483,0.281672
0.223977,0.390689,0.361684,0.466991,0.320379,0.605961,0.376993,0.785778,0.435133,0.894763,0.409129,0.333479,0.551423,0.240831,0.635583,0.137285,0.742685,0.502406,0.728915,0.630473,0.982912,0.84573,0,0,0.770228,0.371618,0,0,0,0,0.197979,0.442437,0.225512,0.322575,0.211744,0.548713,0.297419,0.28443
0.216347,0.404309,0.358626,0.472448,0.31579,0.619557,0.373922,0.796694,0.424427,0.908388,0.404531,0.34162,0.531536,0.251728,0.621805,0.145449,0.698312,0.55145,0.696783,0.657723,0.992092,0.840279,0,0,0.690663,0.461535,0.875804,0.289874,0.973731,0.578702,0.193367,0.456063,0.222431,0.338886,0.205631,0.554156,0.294369,0.295301
0.214816,0.412477,0.358632,0.472435,0.314253,0.619585,0.37394,0.80214,0.425966,0.908404,0.407594,0.341644,0.534597,0.251709,0.618751,0.140005,0.750336,0.53783,0.724324,0.663168,0.995153,0.82393,0,0,0.765636,0.390691,0.992091,0.5896,0,0,0.191835,0.461525,0.217866,0.341646,0.204083,0.556927,0.292849,0.300781
0.214804,0.409747,0.360155,0.472421,0.314261,0.619583,0.378518,0.813038,0.427483,0.897501,0.407597,0.338907,0.536118,0.251722,0.618745,0.148173,0.767169,0.526929,0.739625,0.657722,0,0,0,0,0.785529,0.379793,0.995152,0.584152,0,0,0.190344,0.461499,0.216342,0.338958,0.204081,0.556927,0.291293,0.295328
0.214809,0.407055,0.360162,0.469701,0.315784,0.619562,0.383109,0.818478,0.432067,0.900234,0.407591,0.338902,0.546835,0.25172,0.626404,0.150917,0.747275,0.53783,0.709025,0.654991,0.993622,0.80486,0,0,0.759515,0.398862,0.878864,0.303494,0.9722,0.570526,0.190353,0.458807,0.217845,0.33896,0.205612,0.556885,0.289783,0.292628
0.21635,0.404351,0.36017,0.47245,0.315783,0.61686,0.378528,0.799417,0.432081,0.897499,0.41371,0.336199,0.549889,0.254466,0.635575,0.161806,0.762578,0.532377,0.744216,0.660444,0,0,0,0,0.79777,0.363443,0.990564,0.57053,0,0,0.191878,0.456063,0.219389,0.338922,0.207146,0.554175,0.292839,0.295294
0.217862,0.407033,0.360162,0.477885,0.3158,0.619581,0.376986,0.793962,0.432075,0.900229,0.412185,0.341643,0.545302,0.268068,0.632514,0.186325,0.739626,0.524203,0.707491,0.646819,0.940069,0.75854,0,0,0.767168,0.374342,0.998214,0.556905,0,0,0.193363,0.456104,0.220903,0.341603,0.205635,0.554163,0.292852,0.298078
