0.796819,0.491835,0.688124,0.502745,0.682004,0.339263,0.640665,0.211204,0.712617,0.13491,0.694256,0.693493,0.652913,0.971414,0,0,0.354408,0.448256,0.342158,0.374685,0.238063,0.252066,0.0926461,0.431898,0.357467,0.62265,0.182956,0.671681,0.0237478,0.630811,0.810579,0.404629,0.83971,0.549084,0.776894,0.314715,0.836607,0.655342
0.801389,0.489103,0.685067,0.494584,0.680466,0.333811,0.633027,0.203042,0.703436,0.0994858,0.692719,0.682588,0.651392,0.955077,0,0,0.352876,0.431913,0.343687,0.382867,0.233464,0.252081,0.0926273,0.42921,0.366649,0.573599,0.186013,0.671698,0.0252772,0.622657,0.813643,0.401927,0.842735,0.543621,0.778455,0.312026,0.838152,0.647162
0.804478,0.480983,0.683537,0.489118,0.677407,0.322911,0.629959,0.197584,0.700369,0.0749698,0.692714,0.671704,0.648327,0.957794,0,0,0.354406,0.440085,0,0,0,0,0,0,0,0,0,0,0,0,0.816706,0.399184,0.845814,0.540895,0.781506,0.309262,0.841207,0.644448
0.812119,0.45916,0.682012,0.475514,0.675884,0.306557,0.61617,0.189372,0,0,0.689662,0.666231,0.643737,0.957802,0,0,0.352874,0.440087,0,0,0,0,0,0,0,0,0,0,0,0,0.825881,0.382835,0.850407,0.527274,0.789178,0.298369,0.842735,0.633537
0.815202,0.445504,0.683533,0.45917,0.680467,0.295662,0.61159,0.186659,0,0,0.689662,0.647162,0.642205,0.944177,0,0,0.348282,0.434635,0.336036,0.38559,0.225815,0.254786,0.0895697,0.429199,0.357467,0.581772,0.161516,0.666231,0.0222104,0.630824,0.827419,0.369243,0.853447,0.516411,0.786089,0.292927,0.845808,0.622631
0.825918,0.426447,0.685057,0.434651,0.675871,0.262971,0.5978,0.13218,0.576382,0.0150232,0.692711,0.62538,0.640665,0.941442,0,0,0.348282,0.445538,0.326849,0.371961,0.225819,0.254803,0.091107,0.431923,0.346752,0.581775,0.166112,0.663529,0.0145586,0.628086,0.839671,0.344712,0.862648,0.494563,0.792222,0.26842,0.854987,0.611757
0.828976,0.423749,0.686593,0.437354,0.678947,0.254794,0.584031,0.083135,0,0,0.692714,0.622641,0.637613,0.94417,0,0,0.346747,0.440079,0.331444,0.361064,0.227351,0.252091,0.0926286,0.431937,0.334503,0.579051,0.135496,0.663521,0.0237464,0.622662,0.84123,0.342,0.864199,0.491814,0.789145,0.260234,0.859577,0.611745
0.825877,0.423756,0.681995,0.423732,0.675879,0.249364,0.590155,0.143085,0.507481,0.0667991,0.686598,0.611745,0.63148,0.95235,0,0,0.34828,0.434632,0.355935,0.361067,0.224275,0.243913,0.0926383,0.43462,0.352873,0.568153,0.0773231,0.652614,0.0222174,0.611762,0.839661,0.341972,0.862642,0.491854,0.790706,0.257549,0.856517,0.609018
0.822836,0.426506,0.682014,0.434655,0.68201,0.25482,0.597809,0.162136,0.493714,0.0777084,0.686598,0.630827,0.629949,0.965971,0,0,0.345221,0.431911,0.349814,0.344723,0.219693,0.241174,0.0926312,0.434629,0.348282,0.562697,0.173759,0.644434,0.0237418,0.609009,0.835077,0.342014,0.861121,0.494609,0.786094,0.273846,0.848855,0.61448
0.8121,0.440091,0.683534,0.464602,0.678943,0.28206,0.58403,0.181237,0.483004,0.09131,0.691189,0.663526,0.634543,0.976871,0,0,0.36512,0.437361,0.365121,0.358335,0.212044,0.246629,0.0910866,0.434647,0.36512,0.589951,0.149272,0.658076,0.0237432,0.606297,0.824367,0.355586,0.854974,0.500015,0.772332,0.292963,0.844272,0.622636
0.802925,0.448261,0.683535,0.47824,0.675869,0.306578,0.584032,0.20304,0.487581,0.0831449,0.694246,0.677143,0.639142,0.965962,0,0,0.36665,0.442809,0.366652,0.371967,0.210503,0.241171,0.0895556,0.431938,0.369712,0.576325,0.172237,0.64717,0.0237424,0.606285,0.812132,0.358356,0.847337,0.502747,0.764675,0.298387,0.842741,0.625373
0.792249,0.445501,0.683525,0.483683,0.669767,0.317468,0.588617,0.208479,0.495236,0.0967342,0.695772,0.671687,0.651391,0.955072,0,0,0.365119,0.445535,0.368181,0.363793,0.205919,0.219385,0.0926426,0.431913,0.362058,0.589947,0.163047,0.649892,0.0222164,0.595403,0.80446,0.35831,0.83967,0.494613,0.761603,0.292955,0.839678,0.622628
0.795274,0.434633,0.685071,0.475514,0.675871,0.30657,0.587093,0.203032,0.492174,0.0831392,0.698839,0.668961,0.652921,0.96324,0,0,0.368182,0.453705,0.366653,0.363788,0.210509,0.205753,0.101819,0.42917,0.363591,0.57905,0.16305,0.649892,0.0252803,0.600855,0.809039,0.350163,0.839701,0.491835,0.76468,0.284784,0.835085,0.617207
0.793751,0.429206,0.689645,0.46735,0.677422,0.301105,0.591687,0.197581,0.505958,0.0803943,0.700373,0.658077,0.65291,0.952345,0,0,0.365122,0.456434,0.369715,0.341989,0.218154,0.18669,0.106407,0.421017,0.366649,0.57087,0.179891,0.641726,0.022212,0.587216,0.809039,0.341996,0.839681,0.486376,0.764654,0.276617,0.838142,0.611744
0.79071,0.429184,0.686603,0.470052,0.677406,0.298414,0.591686,0.200308,0.515147,0.0831309,0.70037,0.655349,0.652919,0.941443,0,0,0.365122,0.456437,0.369711,0.33654,0.218169,0.183955,0.106408,0.407395,0.366651,0.568146,0.179887,0.644443,0.0222086,0.589945,0.804471,0.339306,0.839664,0.483655,0.763124,0.273864,0.835081,0.609029
0.792233,0.429236,0.682014,0.47822,0.674344,0.303851,0.590146,0.203026,0.52891,0.0804005,0.69731,0.668957,0.646803,0.963236,0,0,0.360527,0.456428,0.363588,0.339268,0.222759,0.175786,0.097223,0.39648,0.368181,0.568151,0.152334,0.652624,0.0114997,0.584491,0.802957,0.339314,0.839658,0.483647,0.755493,0.273901,0.83508,0.609015
0.79223,0.431908,0.683528,0.478238,0.67434,0.303843,0.590143,0.208462,0.530439,0.0776798,0.695784,0.668961,0.646793,0.960512,0,0,0.354404,0.453704,0.362056,0.339266,0.222744,0.183949,0.0926342,0.404652,0.358997,0.565432,0.169177,0.652627,0.00996435,0.587217,0.802951,0.341967,0.839654,0.483668,0.7555,0.273889,0.83509,0.611738
0.790707,0.434643,0.682004,0.47005,0.672825,0.298404,0.580971,0.211224,0.522811,0.0750044,0.695786,0.668972,0.645267,0.963239,0,0,0.36971,0.461888,0.369715,0.355618,0.219694,0.194851,0.0911122,0.401947,0.372778,0.562699,0.167645,0.660797,0.0160833,0.598101,0.802923,0.342047,0.83816,0.486378,0.761598,0.276598,0.835091,0.614459
0.790705,0.437367,0.683529,0.470066,0.672828,0.306558,0.579439,0.22212,0.516681,0.0858429,0.694249,0.663521,0.645264,0.95779,0,0,0.358998,0.442807,0.360529,0.341996,0.221224,0.19485,0.0911179,0.404675,0.369715,0.549081,0.164581,0.668959,0.0160868,0.587224,0.801422,0.344708,0.838139,0.486395,0.75856,0.282021,0.832028,0.614482
0.7907,0.434668,0.680481,0.478226,0.671287,0.309291,0.579437,0.230256,0.507489,0.0967668,0.694245,0.666228,0.64221,0.963237,0,0,0.369713,0.461878,0.372774,0.36107,0.221222,0.203012,0.0926509,0.401938,0.372771,0.562697,0.159992,0.666254,0.0145611,0.592669,0.801416,0.342049,0.838132,0.48639,0.757024,0.282032,0.83202,0.614453
0.790682,0.440056,0.680465,0.478229,0.669751,0.309282,0.580964,0.227531,0.505945,0.102202,0.694246,0.677134,0.645264,0.965975,0,0,0.362061,0.450986,0.357467,0.336547,0.224277,0.203025,0.0941745,0.40192,0.368181,0.559978,0.163052,0.663518,0.011496,0.603563,0.802945,0.347432,0.839651,0.489129,0.755482,0.282052,0.836619,0.614449
0.792227,0.442787,0.678952,0.480941,0.671283,0.309298,0.568722,0.219379,0.498304,0.0940525,0.69425,0.679863,0.643736,0.968707,0,0,0.360529,0.45098,0.357467,0.336544,0.22428,0.205739,0.0957031,0.401919,0.366649,0.565418,0.16458,0.663526,0.0114962,0.60359,0.804457,0.350174,0.839673,0.491816,0.757,0.28205,0.838142,0.614468
0.79528,0.44279,0.680473,0.480955,0.665165,0.30658,0.564125,0.208498,0.502897,0.0885988,0.69731,0.677139,0.646799,0.965972,0,0,0.36359,0.45643,0.360529,0.341985,0.227344,0.205763,0.0987591,0.401921,0.366652,0.568143,0.166115,0.666239,0.0130297,0.609035,0.805991,0.350182,0.841227,0.49188,0.76008,0.282057,0.838147,0.614487
0.79986,0.445515,0.683534,0.478237,0.672825,0.309295,0.577912,0.22208,0.513605,0.0749811,0.697315,0.677146,0.648323,0.974141,0,0,0.36818,0.448262,0.354405,0.344717,0.228875,0.208466,0.10029,0.399223,0.374305,0.557246,0.173763,0.668963,0.0191557,0.603583,0.809043,0.352885,0.844274,0.494564,0.760068,0.287488,0.839686,0.617206
0.798353,0.445529,0.682012,0.480953,0.674345,0.312024,0.577901,0.224844,0.51973,0.0749251,0.698838,0.674415,0.648328,0.963245,0,0,0.366649,0.456429,0.355937,0.355615,0.224285,0.208472,0.0957,0.401916,0.372774,0.557247,0.17377,0.668962,0.016091,0.603583,0.80754,0.352898,0.842766,0.494565,0.758556,0.284781,0.841202,0.617192
0.798335,0.445572,0.682011,0.483679,0.674348,0.312027,0.58096,0.227566,0.527405,0.0531859,0.697304,0.679858,0.646795,0.965971,0,0,0.368184,0.459153,0.360527,0.399212,0.22428,0.205739,0.094175,0.401919,0.377369,0.554523,0.181418,0.666257,0.00460755,0.606285,0.807518,0.355607,0.842729,0.494594,0.760065,0.290207,0.839675,0.619902
