0.721798,0.246645,0.663635,0.467352,0.591684,0.347427,0.447794,0.333824,0.490652,0.197601,0.752422,0.606284,0.781496,0.862415,0.907039,0.71257,0.377366,0.75617,0.3192,0.660792,0.120183,0.497312,0.0788518,0.946898,0.435537,0.854254,0.423291,0.994582,0,0,0.709577,0.211183,0.776936,0.282048,0,0,0.80294,0.483707
0.726381,0.252027,0.66058,0.478235,0.591691,0.347464,0.44778,0.336548,0.479941,0.211209,0.747828,0.60902,0.781508,0.859713,0.910095,0.728936,0.372777,0.753432,0.319192,0.655345,0.114062,0.519091,0.0788561,0.944185,0.429414,0.851528,0.426354,0.994582,0,0,0.712633,0.213909,0.778469,0.29018,0,0,0.802964,0.486384
0.729455,0.252077,0.663626,0.470051,0.591678,0.347463,0.44931,0.336528,0.478403,0.211218,0.752417,0.611747,0.784562,0.867858,0.911613,0.745258,0.372777,0.756164,0.314605,0.658062,0.106406,0.521824,0.0788518,0.949616,0.429415,0.854258,0.423291,0.994581,0,0,0.718744,0.216653,0.781509,0.29296,0.662116,0.25754,0.805987,0.489143
0.73253,0.254809,0.66364,0.472771,0.591683,0.347467,0.450857,0.336564,0.47687,0.208481,0.749363,0.61446,0.786105,0.867895,0.914692,0.737091,0.375838,0.756158,0.317666,0.655341,0.10182,0.524565,0.0803848,0.974148,0.432477,0.854253,0.421761,0.993219,0,0,0.721803,0.216672,0.784564,0.29839,0.668215,0.260249,0.807513,0.491868
0.737105,0.260256,0.665167,0.470048,0.593223,0.347424,0.456973,0.336549,0.473816,0.211203,0.749358,0.614466,0.786095,0.876067,0.916221,0.728908,0.375837,0.75617,0.317665,0.65807,0.0972253,0.52729,0.0819195,0.971423,0.432479,0.856979,0.411046,0.994581,0,0,0.724857,0.224803,0.787629,0.303838,0.672822,0.25755,0.809048,0.494582
0.738631,0.260274,0.67128,0.475498,0.59627,0.350177,0.46463,0.333827,0.472287,0.203016,0.755474,0.614472,0.783041,0.876074,0.914696,0.728901,0.375836,0.756163,0.320723,0.655348,0.0956985,0.532722,0.083449,0.979598,0.430949,0.85698,0.412575,0.993219,0,0,0.724854,0.224815,0.789169,0.303827,0.675891,0.257527,0.810597,0.494564
0.740164,0.260224,0.672819,0.470053,0.596276,0.350174,0.46921,0.317445,0.475344,0.164899,0.757017,0.614454,0.783027,0.876054,0.917762,0.723452,0.377367,0.758878,0.322257,0.658071,0.0972278,0.538176,0.0865119,0.971426,0.434007,0.856984,0.406452,0.994581,0,0,0.724875,0.224795,0.790669,0.298425,0.678955,0.252106,0.812097,0.491868
0.741702,0.257525,0.672822,0.467331,0.597801,0.350154,0.472268,0.312018,0.469212,0.156712,0.757016,0.611756,0.783042,0.876033,0.917745,0.723465,0.375837,0.753442,0.32073,0.655343,0.0956948,0.549063,0.0880357,0.982321,0.432477,0.856975,0.4187,0.994582,0,0,0.727919,0.222119,0.790695,0.298386,0.678954,0.252096,0.812138,0.491824
0.743233,0.257514,0.671289,0.470068,0.597814,0.34746,0.472291,0.309278,0.460024,0.145798,0.753956,0.611748,0.784572,0.876059,0.917755,0.723468,0.377365,0.750706,0.322261,0.649896,0.0987567,0.549084,0.0865118,0.987774,0.432479,0.851533,0.420229,0.994582,0,0,0.727924,0.222132,0.792203,0.295689,0.683535,0.249354,0.813666,0.489151
0.744781,0.254805,0.674346,0.475502,0.600862,0.350172,0.473811,0.303864,0.456968,0.140381,0.758535,0.614464,0.783042,0.870619,0.916221,0.723451,0.383492,0.747982,0.322255,0.639,0.0941692,0.551811,0.0834464,0.995947,0.447783,0.848808,0.411045,0.994582,0,0,0.727942,0.222135,0.792241,0.295683,0.683531,0.249351,0.813672,0.489139
0.744789,0.254784,0.675875,0.467343,0.602392,0.347426,0.473823,0.306569,0.453913,0.153975,0.758546,0.609013,0.784568,0.867885,0.920807,0.720743,0.398797,0.71801,0.336035,0.619926,0.0956962,0.549076,0.0819141,0.987775,0.458499,0.816107,0.392677,0.994584,0,0,0.727946,0.224783,0.793781,0.295679,0.683523,0.252051,0.81519,0.489136
0.747838,0.252128,0.677406,0.467323,0.602407,0.344734,0.473795,0.306569,0.452377,0.162129,0.758552,0.606302,0.787621,0.867858,0.92387,0.726204,0.394207,0.709849,0.334503,0.614478,0.100284,0.551803,0.0773306,0.974155,0.450848,0.805212,0.380428,0.994582,0,0,0.729467,0.224821,0.796816,0.295703,0.685068,0.252055,0.816709,0.489144
0.750888,0.254813,0.677419,0.478216,0.605461,0.344734,0.473825,0.306556,0.441673,0.164863,0.758546,0.611738,0.789158,0.862431,0.930005,0.728921,0.386551,0.707121,0.32532,0.609028,0.0972274,0.549064,0.0773229,0.976873,0.446255,0.799765,0.377366,0.994582,0,0,0.730977,0.224815,0.798341,0.2984,0.680465,0.252119,0.816728,0.491828
0.749371,0.257537,0.678942,0.475506,0.606996,0.344706,0.476874,0.306556,0.424803,0.159418,0.760084,0.6172,0.792235,0.859689,0.93,0.742529,0.389612,0.712558,0.32685,0.61447,0.103345,0.540906,0.0758043,0.971437,0.449313,0.805207,0.383489,0.994581,0,0,0.730985,0.227518,0.798348,0.301117,0.678956,0.265671,0.816722,0.491864
0.752414,0.260247,0.680462,0.475514,0.608522,0.342014,0.47228,0.301143,0.415628,0.137621,0.760075,0.617185,0.795293,0.859677,0.934593,0.753418,0.394205,0.709847,0.331445,0.614464,0.103344,0.551804,0.0742638,0.979591,0.452376,0.80249,0.38196,0.994581,0,0,0.732524,0.227548,0.79987,0.303857,0.678948,0.265681,0.818245,0.494559
0.753939,0.260267,0.681996,0.475511,0.611584,0.339293,0.473797,0.298373,0.415645,0.107657,0.761603,0.619914,0.801405,0.859693,0.934588,0.761624,0.400328,0.718015,0.342156,0.617191,0.107934,0.554522,0.0742639,0.979589,0.455441,0.810658,0.386553,0.993218,0,0,0.737107,0.22757,0.801422,0.306572,0.678968,0.265703,0.821299,0.494577
0.753971,0.262992,0.683526,0.472775,0.613107,0.339276,0.473812,0.295643,0.423313,0.107675,0.761616,0.619913,0.804476,0.856981,0.939187,0.767061,0.397268,0.718015,0.334504,0.619913,0.107932,0.554526,0.0758015,0.974157,0.452381,0.810654,0.38502,0.994581,0,0,0.740184,0.227592,0.804469,0.309297,0.694251,0.252056,0.82284,0.494604
0.755507,0.271153,0.68659,0.470054,0.619237,0.339255,0.47382,0.292928,0.42484,0.107668,0.764665,0.619929,0.809063,0.856976,0.939187,0.772497,0.397269,0.709845,0.337566,0.614465,0.109474,0.557246,0.0757944,0.974165,0.453908,0.805207,0.389613,0.993218,0,0,0.741728,0.230322,0.80602,0.31205,0.697304,0.252092,0.824349,0.500045
0.758545,0.271168,0.686589,0.470068,0.619244,0.339293,0.476886,0.292942,0.424811,0.115837,0.763137,0.619911,0.809072,0.859684,0.940715,0.772494,0.406452,0.707114,0.34828,0.598123,0.109473,0.557255,0.0742737,0.974154,0.466158,0.802479,0.378897,0.994581,0,0,0.743259,0.230323,0.809044,0.314711,0.700372,0.249355,0.825923,0.500017
0.761604,0.271146,0.685065,0.470052,0.61924,0.339291,0.478409,0.292931,0.418703,0.124022,0.764666,0.619921,0.810592,0.856977,0.951434,0.758877,0.401863,0.704388,0.345222,0.592676,0.111004,0.551813,0.0757886,0.97417,0.463093,0.797038,0.378896,0.994582,0,0,0.746299,0.230283,0.810575,0.312032,0.703422,0.249313,0.828956,0.494613
0.763139,0.268421,0.689656,0.46733,0.625353,0.339264,0.483004,0.292959,0.409495,0.143082,0.766204,0.617195,0.815184,0.859713,0.959081,0.750726,0.409518,0.698937,0.349815,0.5845,0.114061,0.55454,0.0742636,0.974145,0.47228,0.797025,0.380427,0.994582,0,0,0.749364,0.230258,0.812108,0.309303,0.703439,0.246618,0.830495,0.491902
0.766216,0.26024,0.689655,0.46733,0.622304,0.336552,0.487593,0.292938,0.398814,0.156694,0.767728,0.617189,0.827445,0.846106,0.965202,0.734375,0.418702,0.685317,0.360525,0.576322,0.115594,0.55452,0.0727399,0.971435,0.476871,0.786132,0.383489,0.994582,0,0,0.752427,0.227508,0.813637,0.303825,0.706503,0.24662,0.832034,0.491834
0.769252,0.252113,0.694255,0.461878,0.625365,0.333802,0.492171,0.290239,0.397279,0.1622,0.775381,0.611747,0.845799,0.8379,0.978988,0.7071,0.421762,0.688045,0.363588,0.576321,0.121718,0.559964,0.0696762,0.987776,0.478404,0.791586,0.398799,0.994582,0,0,0.758528,0.216666,0.816718,0.295649,0,0,0.836617,0.486423
0.776895,0.24116,0.700375,0.459154,0.629956,0.331088,0.502901,0.301107,0.404926,0.170318,0.773857,0.600842,0.864183,0.821582,0.994295,0.66898,0.429416,0.682597,0.371247,0.573599,0.133971,0.565417,0.066604,0.994588,0.493709,0.788857,0.380431,0.994582,0,0,0.76008,0.2085,0.824384,0.284781,0,0,0.841214,0.475534
0.783028,0.224861,0.714147,0.445533,0.6468,0.320203,0.510558,0.298377,0.420213,0.164891,0.793751,0.576336,0.888673,0.805225,0.881019,0.786154,0.444724,0.677141,0.383489,0.570868,0.140093,0.568147,0.0666094,0.994589,0.502893,0.780682,0.4187,0.994582,0,0,0.766214,0.200297,0.832021,0.271122,0,0,0.847334,0.46736
0.792209,0.213919,0.71874,0.445542,0.654436,0.322916,0.524331,0.295677,0.43555,0.145824,0.802942,0.570871,0.90856,0.791593,0,0,0.456972,0.671688,0.398799,0.568153,0.152331,0.568156,0.0650813,0.995949,0.521264,0.775232,0.424824,0.994582,0,0,0.772327,0.197549,0.838166,0.257524,0.720273,0.233017,0.851905,0.464589
0.79223,0.205777,0.721805,0.445546,0.654446,0.325642,0.535037,0.276612,0.458496,0.12672,0.806001,0.570882,0.913158,0.780669,0,0,0.464624,0.668975,0.406453,0.570876,0.161521,0.570875,0,0,0.530449,0.77251,0.427882,0.994582,0,0,0.775386,0.189376,0.839676,0.252108,0,0,0.85346,0.453739
0.789151,0.205786,0.720274,0.445546,0.651383,0.325655,0.545757,0.24933,0.481459,0.0749628,0.80753,0.573588,0.913173,0.780696,0,0,0.458503,0.690768,0.401862,0.579048,0.16612,0.570859,0,0,0.527389,0.783411,0.44013,0.994581,0,0,0.773853,0.186697,0.839653,0.249397,0,0,0.853453,0.448276
0.789158,0.203032,0.715682,0.450991,0.643737,0.333804,0.561083,0.227568,0.512084,0.0368114,0.795283,0.579049,0.905499,0.783421,0.828954,0.568164,0.458503,0.701662,0.401859,0.589952,0.166112,0.570877,0.0727243,0.995953,0.53045,0.788858,0.48912,0.89513,0,0,0.767736,0.183976,0.836622,0.249347,0,0,0.85192,0.44557
0.784574,0.205758,0.71415,0.453697,0.639143,0.333803,0.570267,0.227567,0.528907,0.00956445,0.796818,0.581768,0.900922,0.78341,0,0,0.461564,0.701664,0.400329,0.589953,0.167635,0.573589,0,0,0.531983,0.791584,0.507487,0.867879,0,0,0.766201,0.186692,0.835071,0.249336,0,0,0.85192,0.44552
0.786108,0.205725,0.717207,0.445525,0.640672,0.331094,0.570248,0.224835,0.528931,0.0122782,0.804469,0.576327,0.89173,0.791561,0,0,0.455441,0.701668,0.398801,0.584495,0.166104,0.573589,0,0,0.521266,0.805207,0.501364,0.870605,0,0,0.767725,0.186664,0.836614,0.249347,0,0,0.851927,0.448238
0.792216,0.208468,0.7218,0.44007,0.645266,0.325649,0.56261,0.233017,0.519729,0.0258921,0.806003,0.573588,0.885601,0.797044,0,0,0.456972,0.712568,0.398799,0.600845,0.166106,0.573597,0.0712029,0.995954,0.521266,0.813381,0.499831,0.870605,0,0,0.773858,0.189426,0.839668,0.252087,0,0,0.854978,0.451008
0.793751,0.216669,0.724869,0.440081,0.655972,0.331076,0.556454,0.246607,0.498309,0.0531443,0.806003,0.570878,0.877964,0.805194,0.992761,0.557263,0.452377,0.715288,0.395737,0.614466,0.166106,0.576322,0,0,0.513612,0.81883,0.492179,0.895128,0,0,0.776931,0.194857,0.842747,0.260236,0.724853,0.235726,0.858048,0.461852
0.796809,0.230288,0.727932,0.445521,0.657504,0.333804,0.547291,0.268428,0.489103,0.0722317,0.809067,0.573593,0.868767,0.805211,0.962152,0.600855,0.447786,0.712568,0.392674,0.61175,0.163057,0.576336,0,0,0.502898,0.805214,0.496771,0.89785,0,0,0.780003,0.205713,0.848845,0.273893,0.7264,0.241178,0.859592,0.470068
0.802946,0.243912,0.729458,0.44553,0.657502,0.333833,0.542692,0.268419,0.490655,0.064051,0.810583,0.573611,0.864173,0.818844,0.942248,0.592667,0.446256,0.709832,0.385021,0.609021,0.161519,0.579053,0,0,0.504427,0.799763,0.484524,0.884227,0,0,0.786104,0.211187,0.850376,0.287511,0.730998,0.24937,0.862626,0.483655
0.807526,0.25202,0.727928,0.434657,0.655988,0.320215,0.544241,0.254795,0.516661,0.039537,0.806003,0.559971,0.861101,0.821539,0.923857,0.576324,0.450844,0.688045,0.391143,0.584505,0.155395,0.579054,0,0,0.509021,0.783405,0.438601,0.987769,0,0,0.792244,0.216653,0.851952,0.295662,0.74172,0.233029,0.864165,0.478237
0.80907,0.252026,0.727935,0.429184,0.655972,0.309303,0.561055,0.246605,0.554949,0.0395333,0.805996,0.554537,0.854984,0.818813,0.92235,0.573578,0.463096,0.666241,0.40033,0.570868,0.1554,0.584498,0.0757947,0.99595,0.524325,0.764331,0.420228,0.994582,0,0,0.795291,0.21664,0.854988,0.295703,0.741693,0.235735,0.882536,0.45098
0.815187,0.249357,0.726399,0.429174,0.652921,0.306551,0.582501,0.224826,0.605461,0.0722237,0.807532,0.557248,0.85345,0.81882,0.931541,0.592668,0.466153,0.658061,0.404924,0.559971,0.149279,0.581784,0,0,0.522794,0.756153,0.377366,0.994582,0,0,0.799889,0.211219,0.85957,0.295662,0.737119,0.241169,0.86724,0.480948
0.815186,0.249353,0.727918,0.431889,0.654447,0.303842,0.599341,0.216653,0.614648,0.102204,0.809049,0.554532,0.861089,0.81608,0.937666,0.61177,0.467687,0.644448,0.407983,0.549071,0.152338,0.57905,0.0742543,0.995955,0.524329,0.745266,0.372779,0.895131,0,0,0.801399,0.211227,0.861122,0.292937,0.738647,0.246622,0.876405,0.478221
0.818245,0.246637,0.726404,0.431902,0.65138,0.303853,0.594736,0.2003,0.611603,0.0395247,0.809059,0.559974,0.862643,0.818839,0.942244,0.62263,0.470746,0.649897,0.415636,0.546355,0.158463,0.579049,0,0,0.524328,0.756156,0.355936,0.832459,0,0,0.801413,0.208499,0.862641,0.290199,0.734045,0.246627,0.874892,0.48095
0.816728,0.238441,0.72946,0.431898,0.65598,0.312007,0.574838,0.219382,0.56566,0.00683384,0.809071,0.557237,0.867231,0.81885,0.940727,0.628084,0.464623,0.647166,0.407982,0.549082,0.159984,0.573601,0.0696768,0.994582,0.521265,0.747986,0.351345,0.780684,0,0,0.801407,0.205768,0.862622,0.284749,0.741704,0.238443,0.877942,0.472777
0.815193,0.227588,0.72794,0.4319,0.657501,0.312003,0.547291,0.243912,0,0,0.810586,0.559963,0.867233,0.818848,0.943763,0.636249,0.45544,0.64989,0.401859,0.554523,0.161527,0.570864,0.07121,0.974155,0.515142,0.747986,0.357465,0.775241,0,0,0.795304,0.200317,0.861094,0.276573,0.735573,0.243897,0.874877,0.470034
0.813667,0.224837,0.730981,0.429193,0.660574,0.312014,0.530458,0.257545,0.492191,0.0450006,0.810596,0.562687,0.867241,0.818813,0.945311,0.628114,0.463094,0.65535,0.404924,0.55725,0.164592,0.565429,0.0727285,0.976868,0.522796,0.756159,0.354404,0.80793,0,0,0.793758,0.200331,0.859576,0.273828,0.738631,0.235732,0.873346,0.467324
0.812123,0.224859,0.729457,0.434636,0.655986,0.314735,0.5274,0.268399,0.478415,0.053136,0.813646,0.570861,0.876438,0.816101,0.959078,0.622646,0.458501,0.668975,0.398801,0.570874,0.170711,0.565418,0.072731,0.976872,0.521266,0.769785,0.366648,0.843357,0,0,0.792239,0.202993,0.858065,0.271141,0.732511,0.24388,0.873343,0.46731
0.810609,0.224841,0.735577,0.43736,0.662108,0.317497,0.53351,0.26026,0.492183,0.0368322,0.815185,0.570889,0.8856,0.816076,0.971323,0.611736,0.464624,0.663524,0.407983,0.565425,0.178353,0.559987,0.0742659,0.974159,0.518202,0.761605,0.37124,0.903303,0,0,0.792235,0.202996,0.859585,0.271132,0.734054,0.243906,0.873351,0.464574
0.813655,0.222105,0.740167,0.440106,0.66516,0.317497,0.53964,0.249324,0.50904,0.00820304,0.822831,0.579039,0.893251,0.807946,0.980512,0.587232,0.466154,0.674414,0.412574,0.573594,0.186012,0.559977,0.075795,0.974159,0.524325,0.772513,0.371245,0.993219,0,0,0.793744,0.200309,0.861091,0.271098,0.73712,0.241188,0.874858,0.461918
0.815176,0.222068,0.7417,0.442808,0.665163,0.317497,0.551867,0.235712,0.528914,0.0177305,0.822841,0.579049,0.907027,0.799745,0.988161,0.570903,0.473809,0.685314,0.4187,0.576324,0.190602,0.559981,0.0757935,0.976878,0.528922,0.786134,0.389613,0.994581,0,0,0.79377,0.197562,0.861092,0.268406,0.73865,0.235737,0.874869,0.461909
0.815183,0.219378,0.741711,0.442829,0.663631,0.320186,0.564121,0.203032,0.545744,0.00958402,0.824371,0.579047,0.910109,0.791608,0.999654,0.579085,0.473811,0.696215,0.420228,0.581781,0.193668,0.562694,0.0757964,0.971429,0.53198,0.794311,0.407985,0.994582,0,0,0.795299,0.194855,0.861125,0.268427,0.738643,0.23844,0.874868,0.464598
0.815177,0.22207,0.741708,0.440101,0.663637,0.314758,0.576367,0.216659,0.551875,0.00961867,0.824369,0.57906,0.911625,0.791595,0.999652,0.584496,0.475337,0.682592,0.420231,0.576328,0.195197,0.562696,0.075792,0.971432,0.530451,0.780686,0.41717,0.946898,0,0,0.796826,0.194874,0.862615,0.268446,0,0,0.874886,0.464589
0.815196,0.219394,0.741711,0.43737,0.662103,0.314725,0.571779,0.200316,0.547286,0.00963059,0.824371,0.576341,0.911616,0.794285,0.985103,0.576336,0.473811,0.671695,0.418699,0.570882,0.201317,0.549081,0.0788502,0.971409,0.530446,0.769785,0.414106,0.927824,0,0,0.796817,0.192164,0.862613,0.265706,0.741715,0.227573,0.874898,0.461916
0.815172,0.216651,0.740167,0.437359,0.660577,0.314721,0.561072,0.202996,0.535047,0.00961864,0.822844,0.573596,0.905505,0.797056,0.977446,0.576291,0.473806,0.674413,0.41717,0.570884,0.201317,0.549071,0.0788521,0.968695,0.528917,0.769788,0.397269,0.906024,0,0,0.798352,0.189414,0.86113,0.262973,0,0,0.876392,0.461846
0.812134,0.211231,0.732522,0.434608,0.657508,0.312022,0.547281,0.219375,0.513604,0.00960446,0.813661,0.565418,0.893254,0.805208,0.968275,0.592667,0.473812,0.668961,0.418698,0.568158,0.207445,0.538173,0.0803868,0.96596,0.52892,0.764331,0.40033,0.903303,0,0,0.793772,0.189385,0.861097,0.262952,0.743238,0.22482,0.874864,0.459144
0.809082,0.211215,0.730992,0.429169,0.659028,0.312017,0.527402,0.249362,0.483013,0.0340897,0.812135,0.557248,0.887123,0.802491,0.960631,0.611728,0.470746,0.666253,0.411047,0.573594,0.210505,0.535445,0.0773312,0.968692,0.527391,0.761612,0.398799,0.914201,0,0,0.792236,0.186729,0.859557,0.257544,0.747819,0.216633,0.873337,0.459119
0.810584,0.211243,0.732521,0.426444,0.657509,0.312015,0.522779,0.271127,0.472286,0.0586064,0.81671,0.549086,0.882551,0.794334,0.948371,0.603587,0.472282,0.660795,0.414106,0.56815,0.212041,0.532719,0.0757973,0.968708,0.530453,0.756154,0.394205,0.925101,0,0,0.792235,0.189448,0.858067,0.257503,0.746292,0.222091,0.874868,0.456406
0.810581,0.208476,0.732512,0.418276,0.659036,0.312014,0.522791,0.268413,0.484533,0.064041,0.815182,0.5409,0.896316,0.777944,0.946832,0.576306,0.473812,0.658068,0.414106,0.562709,0.207444,0.532738,0.0773226,0.968701,0.530455,0.750709,0.397266,0.903305,0,0,0.792223,0.189385,0.858065,0.254787,0.743229,0.21938,0.876393,0.453673
0.810584,0.208458,0.735585,0.407392,0.6621,0.306582,0.544248,0.25206,0.522812,0.0504588,0.818249,0.530003,0.910088,0.758874,0.9499,0.559965,0.473811,0.630818,0.417167,0.546347,0.196733,0.535453,0.0742676,0.968709,0.531983,0.715293,0.377365,0.876053,0,0,0.792218,0.186722,0.859569,0.25214,0.74323,0.219373,0.876424,0.445543
0.810612,0.205798,0.737111,0.39376,0.659041,0.295691,0.561071,0.232994,0,0,0.824366,0.513666,0.910092,0.747986,0.937659,0.551798,0.467688,0.617192,0.404923,0.532726,0.190609,0.53818,0.066613,0.955075,0.518206,0.693495,0.375834,0.843354,0,0,0.796817,0.181247,0.862622,0.249392,0.743233,0.213917,0.881002,0.437352
0.815184,0.194823,0.738648,0.388302,0.665167,0.282048,0.556469,0.205765,0.54269,0.0123005,0.813653,0.508199,0.89173,0.764332,0.89938,0.559977,0.467688,0.568154,0.42023,0.489133,0.184486,0.551792,0.0650783,0.952346,0.518202,0.652622,0.343687,0.799758,0,0,0.802942,0.167604,0.867232,0.241171,0,0,0.888673,0.423721
0.815199,0.186698,0.737113,0.377419,0.663637,0.276599,0.567191,0.254788,0,0,0.812124,0.489128,0.87335,0.769793,0.873358,0.617192,0.4585,0.551799,0.414106,0.464608,0.178362,0.527274,0.0528329,0.933267,0.498301,0.625372,0.325316,0.775232,0,0,0.806019,0.162175,0.870299,0.230283,0,0,0.891723,0.421008
0.813647,0.178488,0.732525,0.358349,0.665163,0.265703,0.573313,0.271138,0,0,0.809069,0.467321,0.876416,0.726208,0.897852,0.480947,0.473812,0.524549,0.424823,0.448255,0.176834,0.475505,0.0711973,0.85153,0.519736,0.581774,0.362061,0.701669,0,0,0.80295,0.159409,0.862656,0.224809,0.749365,0.186665,0.896314,0.363802
0.795286,0.170338,0.729468,0.352899,0.662101,0.268416,0.565654,0.227544,0.54116,0.00819076,0.807532,0.467319,0.88561,0.663505,0.945304,0.434644,0.475341,0.562705,0.426353,0.483684,0.204376,0.391038,0.114066,0.799747,0.528918,0.652623,0.374305,0.649893,0,0,0.790701,0.151256,0.848858,0.219347,0,0,0.865705,0.426426
0.778435,0.167587,0.712618,0.350167,0.637612,0.276587,0.571786,0.216644,0.564131,0.00955764,0.784569,0.450983,0.896309,0.600854,0.975928,0.322911,0.453909,0.641717,0.395735,0.549071,0.250309,0.341994,0.192132,0.737086,0.521267,0.742535,0.415635,0.570868,0,0,0.77845,0.143067,0.828966,0.213946,0,0,0.853468,0.423751
0.770788,0.183932,0.703435,0.366525,0.625361,0.284779,0.571791,0.211217,0,0,0.781509,0.475498,0.896324,0.589963,0.997357,0.352896,0.452375,0.677141,0.401859,0.573605,0.288575,0.309305,0.201323,0.709835,0.50749,0.791584,0.423295,0.587225,0.277862,0.994587,0.769266,0.159396,0.818241,0.224811,0,0,0.841205,0.431893
0.76619,0.192111,0.704968,0.380153,0.626889,0.287514,0.561064,0.213944,0.564133,0.00818988,0.779979,0.489144,0.89632,0.614449,0,0,0.45238,0.649897,0.39727,0.559982,0.280924,0.322919,0.193659,0.715289,0.519736,0.753438,0.407982,0.701667,0,0,0.766211,0.162185,0.819774,0.230239,0,0,0.84428,0.437378
0.779969,0.173075,0.708033,0.37468,0.629955,0.284777,0.548832,0.219346,0.54577,0.00955904,0.793747,0.48912,0.885613,0.663528,0,0,0.450847,0.649899,0.38502,0.559981,0.248782,0.371957,0.178358,0.979598,0.524327,0.753437,0.40339,0.715288,0,0,0.767743,0.154,0.830488,0.227571,0,0,0.851917,0.434668
0.792224,0.164907,0.717205,0.37742,0.637609,0.279304,0.544228,0.213914,0.541176,0.00955033,0.804467,0.502764,0.86724,0.737079,0,0,0.453907,0.660792,0.404923,0.549077,0.231936,0.472787,0.161521,0.994582,0.515142,0.767062,0.4386,0.726194,0,0,0.77844,0.145811,0.842737,0.224815,0,0,0.861097,0.437329
0.799885,0.178489,0.721807,0.3856,0.651381,0.282037,0.553425,0.20029,0.562602,0.00683543,0.805993,0.524561,0.847326,0.786117,0,0,0.475339,0.660788,0.397267,0.576322,0.212038,0.549076,0,0,0.539638,0.742534,0.435538,0.772507,0,0,0.78914,0.156708,0.851933,0.230268,0,0,0.86417,0.437373
0.806013,0.194841,0.726392,0.399208,0.652914,0.284768,0.579426,0.189415,0.611587,0.00819337,0.810591,0.549053,0.844277,0.794327,0,0,0.478402,0.666246,0.411043,0.573598,0.216632,0.562701,0,0,0.542695,0.758895,0.475347,0.794314,0,0,0.793739,0.164913,0.858052,0.243918,0,0,0.870308,0.442826
0.810591,0.205775,0.729456,0.421005,0.651388,0.29296,0.605474,0.194845,0.651376,0.0504429,0.81059,0.557252,0.854986,0.805192,0,0,0.487587,0.65534,0.424819,0.551807,0.219688,0.570881,0,0,0.551883,0.753434,0.498302,0.797028,0.254904,0.995948,0.798334,0.178486,0.86113,0.252082,0.738628,0.219385,0.87642,0.451003
0.81672,0.203061,0.737116,0.404661,0.660569,0.295653,0.605465,0.213916,0.63608,0.12401,0.818245,0.543626,0.86264,0.794301,0,0,0.49677,0.62265,0.4386,0.532725,0.222752,0.573596,0,0,0.548823,0.715296,0.472277,0.843349,0.241122,0.994584,0.802953,0.173057,0.867246,0.252027,0.744782,0.21665,0.881009,0.448293
0.818265,0.18944,0.737109,0.396485,0.663634,0.282026,0.60392,0.197558,0.623822,0.0640489,0.815191,0.535445,0.870295,0.788858,0,0,0.487589,0.638993,0.427887,0.535458,0.213563,0.570884,0.0895713,0.994585,0.547289,0.745259,0.409513,0.854248,0.192138,0.995946,0.805988,0.164893,0.871835,0.246641,0.747841,0.203051,0.879502,0.448233
0.816706,0.186713,0.729457,0.396487,0.654453,0.282039,0.576361,0.153963,0.582501,0.0122832,0.812117,0.532732,0.87642,0.767039,0,0,0.484528,0.619923,0.427886,0.527272,0.202848,0.562707,0.0788545,0.987772,0.541168,0.718014,0.394202,0.854263,0.169172,0.994586,0.80447,0.162136,0.867238,0.241197,0.743229,0.192156,0.876413,0.442815
0.815203,0.192152,0.732518,0.393774,0.659045,0.284757,0.562602,0.189415,0.542679,0.025906,0.815181,0.532741,0.899385,0.769794,0,0,0.476873,0.633546,0.420232,0.540897,0.216621,0.52456,0.104878,0.993221,0.535045,0.734363,0.383489,0.881498,0,0,0.802932,0.164916,0.86419,0.24663,0.74478,0.194879,0.874907,0.44824
0.810606,0.186672,0.738651,0.388326,0.66516,0.279321,0.548813,0.175785,0.512091,0.00683876,0.824368,0.529997,0.91164,0.764315,0,0,0.489116,0.649899,0.429416,0.54635,0.251838,0.461876,0.141618,0.952348,0.544231,0.747986,0.415637,0.971421,0,0,0.802944,0.162164,0.865706,0.238469,0,0,0.87641,0.442816
0.81517,0.1785,0.738643,0.382861,0.660575,0.276585,0.553398,0.18123,0.507482,0.00957192,0.824375,0.521841,0.925393,0.745272,0,0,0.495242,0.66351,0.435541,0.568148,0.319191,0.380134,0.215094,0.848804,0.553414,0.758879,0.493711,0.862432,0,0,0.802944,0.159387,0.865721,0.230303,0.743225,0.189396,0.876424,0.43734
0.812122,0.173058,0.738642,0.380153,0.659049,0.273861,0.551879,0.175766,0.510537,0.00820479,0.821309,0.51909,0.939198,0.723454,0,0,0.525863,0.65262,0.47228,0.554525,0.371251,0.347432,0.310014,0.797027,0.580966,0.750709,0.463095,0.995944,0,0,0.799864,0.156681,0.862633,0.227555,0,0,0.874862,0.429201
0.809083,0.183918,0.737119,0.388319,0.659037,0.279326,0.573308,0.194854,0.519728,0.0122806,0.821302,0.521838,0.942235,0.723472,0,0,0.516673,0.663529,0.461564,0.56816,0.391147,0.344727,0.30389,0.799754,0.570253,0.761602,0.430948,0.994582,0,0,0.796804,0.159433,0.861101,0.227561,0.74016,0.186681,0.873359,0.429149
0.813662,0.189405,0.73712,0.399198,0.655978,0.284754,0.571795,0.170319,0.535034,0.012317,0.822845,0.535443,0.940703,0.750708,0,0,0.510548,0.660783,0.453912,0.559977,0.348282,0.391052,0.208978,0.867882,0.567188,0.756157,0.486054,0.854257,0,0,0.798354,0.164847,0.862632,0.235732,0.740192,0.203021,0.873364,0.434638
0.816714,0.197559,0.740181,0.404675,0.657514,0.287502,0.582506,0.173054,0.548816,0.0123264,0.827421,0.549093,0.925398,0.772503,0,0,0.490651,0.668965,0.427882,0.576319,0.291644,0.502754,0.0834497,0.994581,0.553413,0.758886,0.498307,0.810654,0,0,0.796825,0.167597,0.862667,0.24663,0.740185,0.208484,0.874894,0.442799
0.816727,0.197564,0.741695,0.410112,0.663636,0.290234,0.584037,0.162171,0.558006,0.0123266,0.824365,0.55452,0.913154,0.788837,0,0,0.49218,0.663521,0.426354,0.570869,0.236532,0.562693,0.0696662,0.995946,0.553415,0.756154,0.478405,0.799764,0.257962,0.995949,0.796826,0.167634,0.864186,0.249333,0.740172,0.216656,0.874896,0.442812
0.81367,0.200299,0.74018,0.407396,0.662103,0.290221,0.590144,0.19212,0.562604,0.0122869,0.819782,0.551801,0.896313,0.78885,0,0,0.4983,0.663517,0.426352,0.568149,0.21357,0.565422,0.00996579,0.995947,0.576377,0.761611,0.492178,0.739809,0.24112,0.949617,0.793751,0.170318,0.86113,0.24935,0.740183,0.208479,0.871816,0.442783
0.80906,0.194859,0.737106,0.401951,0.659048,0.284766,0.577895,0.203042,0.559536,0.0340778,0.816717,0.546349,0.882537,0.780697,0,0,0.482997,0.679868,0.418698,0.573595,0.320701,0.633535,0.282452,0.74523,0.539636,0.818834,0.542693,0.668968,0.257962,0.870606,0.790689,0.167589,0.856523,0.246591,0.735576,0.202998,0.865706,0.440055
0.804469,0.192102,0.732524,0.399212,0.66058,0.282052,0.580966,0.21938,0.553424,0.107659,0.812118,0.532725,0.876436,0.769795,0,0,0.482996,0.704391,0.414107,0.570875,0.164581,0.658069,0,0,0.539638,0.843356,0.574845,0.641724,0.29164,0.758877,0.790696,0.167585,0.855002,0.235746,0,0,0.864166,0.437327
0.802941,0.192125,0.730985,0.401926,0.657506,0.284755,0.562594,0.164873,0.557993,0.0368164,0.812119,0.538178,0.879492,0.775248,0,0,0.482996,0.742538,0,0,0,0,0,0,0.52739,0.873328,0.57178,0.668966,0.262553,0.658062,0.78915,0.164935,0.854977,0.238457,0.732513,0.197581,0.862662,0.437327
