0,0,0,0,0,0,0,0,0,0,0.550224,0.450636,0.646217,0.67952,0.574722,0.80485,0,0,0,0,0,0,0,0,0,0,0,0,0,0,0,0,0,0,0,0,0,0
0,0,0,0,0,0,0,0,0,0,0.572687,0.43428,0.638064,0.695868,0.56862,0.807567,0,0,0,0,0,0,0,0,0,0,0,0,0,0,0,0,0,0,0,0,0,0
0.376609,0.663179,0.30512,0.633195,0.0824799,0.753076,0,0,0,0,0.544101,0.521478,0.631934,0.701303,0.562479,0.810319,0,0,0,0,0,0,0,0,0,0,0,0,0,0,0.327592,0.622304,0.395005,0.616855,0.229545,0.554175,0.482831,0.48334
0,0,0,0,0,0,0,0,0,0,0.56248,0.477879,0.629871,0.698594,0.558391,0.810273,0,0,0,0,0,0,0,0,0,0,0,0,0,0,0,0,0,0,0,0,0,0
0,0,0,0,0,0,0,0,0,0,0.562475,0.453362,0.627852,0.698586,0.554318,0.807562,0,0,0,0,0,0,0,0,0,0,0,0,0,0,0,0,0,0,0,0,0,0
0,0,0,0,0,0,0,0,0,0,0.560426,0.434292,0.627843,0.698584,0.556344,0.804852,0,0,0,0,0,0,0,0,0,0,0,0,0,0,0,0,0,0,0,0,0,0
0,0,0,0,0,0,0,0,0,0,0.562477,0.442469,0.629861,0.690423,0.554317,0.804844,0,0,0,0,0,0,0,0,0,0,0,0,0,0,0,0,0,0,0,0,0,0
0.323494,0.665872,0.290818,0.633193,0.0640996,0.747639,0,0,0,0,0.566565,0.464261,0.629873,0.695858,0.554318,0.804849,0,0,0,0,0,0,0,0,0,0,0,0,0,0,0.266312,0.614121,0.364355,0.619583,0.209122,0.52965,0.474631,0.477883
0,0,0.399073,0.472452,0,0,0,0,0,0,0.560424,0.450636,0.629862,0.698582,0.554298,0.807579,0,0,0,0,0,0,0,0,0,0,0,0,0,0,0,0,0,0,0,0,0,0
0.399076,0.655002,0.284689,0.627748,0.0600184,0.753082,0,0,0,0,0.558401,0.434297,0.627849,0.698591,0.554315,0.807592,0,0,0,0,0,0,0,0,0,0,0,0,0,0,0.345967,0.619562,0.49303,0.466987,0.227501,0.551458,0,0
0.39703,0.655002,0.27244,0.646818,0.0641023,0.750367,0,0,0,0,0.558398,0.437015,0.629866,0.698596,0.552284,0.810302,0,0,0,0,0,0,0,0,0,0,0,0,0,0,0.335768,0.630464,0.411333,0.611403,0.223415,0.565076,0.472592,0.480586
0,0,0,0,0,0,0,0,0,0,0.558396,0.431558,0.623757,0.70405,0.550239,0.810325,0,0,0,0,0,0,0,0,0,0,0,0,0,0,0,0,0.370485,0.63042,0,0,0.464441,0.483347
0.368443,0.668632,0.280606,0.644098,0.0518487,0.755812,0,0,0,0,0.558384,0.453364,0.625783,0.706769,0.552271,0.813003,0,0,0,0,0,0,0,0,0,0,0,0,0,0,0.325543,0.633193,0.366403,0.633211,0.221383,0.556897,0.466496,0.491496
0.352114,0.674052,0.284696,0.644097,0.0538884,0.755806,0,0,0,0,0.558387,0.450638,0.625809,0.709493,0.552281,0.81031,0,0,0,0,0,0,0,0,0,0,0,0,0,0,0.321457,0.635929,0.370476,0.633237,0.221374,0.562348,0.464439,0.491497
0.397046,0.663173,0.270399,0.649548,0.0518468,0.755805,0,0,0,0,0.542053,0.445188,0.619678,0.709502,0.550226,0.810312,0,0,0,0,0,0,0,0,0,0,0,0,0,0,0.337799,0.64681,0.427656,0.616837,0.217291,0.565085,0.458328,0.496947
0.37661,0.668606,0.276524,0.638651,0.0457175,0.761255,0,0,0,0,0.554309,0.439735,0.621712,0.706756,0.546158,0.810283,0,0,0,0,0,0,0,0,0,0,0,0,0,0,0.323515,0.641384,0.41337,0.622287,0.219334,0.570535,0.460347,0.491525
0.339854,0.687679,0.2847,0.64137,0.0457148,0.758528,0,0,0,0,0.554311,0.469703,0.625789,0.701315,0.550223,0.804879,0,0,0,0,0,0,0,0,0,0,0,0,0,0,0.301022,0.652274,0.372535,0.646816,0.200946,0.565078,0.458319,0.496965
0.362325,0.693174,0.274484,0.660434,0.0436704,0.758534,0,0,0,0,0.556346,0.434275,0.623761,0.698585,0.550229,0.807584,0,0,0,0,0,0,0,0,0,0,0,0,0,0,0.319399,0.657738,0.403168,0.630469,0.198903,0.551448,0.460345,0.507844
0,0,0,0,0,0,0,0,0,0,0.546142,0.442459,0.621715,0.704026,0.548184,0.807591,0,0,0,0,0,0,0,0,0,0,0,0,0,0,0,0,0,0,0,0,0,0
0,0,0.378647,0.48604,0,0,0,0,0,0,0.546143,0.458814,0.613542,0.706777,0.54615,0.810313,0,0,0,0,0,0,0,0,0,0,0,0,0,0,0,0,0,0,0,0,0,0
0.354138,0.701327,0.258144,0.64682,0.0355057,0.766704,0,0,0,0,0.56043,0.450636,0.615596,0.717661,0.54818,0.813003,0,0,0,0,0,0,0,0,0,0,0,0,0,0,0.313281,0.665899,0.392961,0.64682,0.202994,0.56781,0.456268,0.516051
0,0,0,0,0,0,0,0,0,0,0.560439,0.469705,0.613549,0.712216,0.546131,0.810316,0,0,0,0,0,0,0,0,0,0,0,0,0,0,0,0,0,0,0,0,0,0
0.323512,0.682255,0.282656,0.627749,0.037547,0.742186,0,0,0,0,0.560434,0.477873,0.609468,0.71493,0.542045,0.807602,0,0,0,0,0,0,0,0,0,0,0,0,0,0,0.28878,0.633216,0.356183,0.638644,0.190746,0.526929,0.464418,0.494232
0.335748,0.671336,0.280609,0.627746,0.0518486,0.747638,0,0,0,0,0.54614,0.466985,0.611513,0.70675,0.546121,0.804866,0,0,0,0,0,0,0,0,0,0,0,0,0,0,0.296953,0.622307,0.368453,0.622298,0.205038,0.51875,0.472608,0.472442
0.356192,0.660438,0.254059,0.66044,0.0334631,0.750362,0,0,0,0,0.564508,0.472426,0.61149,0.706767,0.544086,0.807574,0,0,0,0,0,0,0,0,0,0,0,0,0,0,0.329636,0.608677,0.38476,0.597752,0.213211,0.483335,0.482806,0.458828
0.339845,0.652279,0.260184,0.657716,0.0436752,0.742189,0,0,0,0,0.568605,0.483337,0.611482,0.709499,0.542073,0.807576,0,0,0,0,0,0,0,0,0,0,0,0,0,0,0.29899,0.58415,0.374564,0.586881,0.209117,0.458803,0.486898,0.458833
0.323515,0.611417,0.403154,0.480595,0,0,0,0,0,0,0.566572,0.480617,0.609458,0.714941,0.542038,0.81304,0,0,0,0,0,0,0,0,0,0,0,0,0,0,0.276538,0.554163,0.370508,0.575929,0.229545,0.41522,0.497124,0.445208
0.321468,0.61414,0.427675,0.488816,0.0804412,0.739462,0,0,0,0,0.566562,0.491514,0.611508,0.720374,0.544101,0.815732,0,0,0,0,0,0,0,0,0,0,0,0,0,0,0.278559,0.554178,0.372515,0.573246,0.227504,0.426113,0.497093,0.447871
0.319418,0.611427,0.433805,0.488818,0,0,0,0,0,0,0.572689,0.494224,0.61151,0.720376,0.544102,0.815737,0,0,0,0,0,0,0,0,0,0,0,0,0,0,0.266319,0.546004,0.376616,0.570553,0.207081,0.431565,0.4992,0.436991
0.311256,0.608701,0.439928,0.488797,0.102906,0.663167,0,0,0,0,0.574735,0.496958,0.607425,0.720383,0.542042,0.813052,0,0,0,0,0,0,0,0,0,0,0,0,0,0,0.260179,0.535109,0.37047,0.567805,0.200944,0.437006,0.501184,0.431588
0.299001,0.600521,0.43177,0.491522,0,0,0,0,0,0,0.572698,0.502393,0.605377,0.723099,0.537963,0.818479,0,0,0,0,0,0,0,0,0,0,0,0,0,0,0.254079,0.51334,0.366425,0.554155,0.188725,0.466967,0.503229,0.426147
0.305111,0.603209,0.429712,0.494226,0,0,0,0,0,0,0.576772,0.494225,0.607417,0.720383,0.544096,0.818471,0,0,0,0,0,0,0,0,0,0,0,0,0,0,0.256115,0.518741,0.368463,0.556884,0.192767,0.483325,0.505285,0.428854
0.305124,0.603245,0.429721,0.491519,0.17848,0.565077,0,0,0,0,0.570642,0.491525,0.603335,0.723103,0.542033,0.815781,0,0,0,0,0,0,0,0,0,0,0,0,0,0,0.254062,0.518763,0.368427,0.556884,0.19481,0.466976,0.499179,0.428825
0.294905,0.603249,0.429698,0.488778,0,0,0,0,0,0,0.566571,0.488804,0.601275,0.7231,0.535939,0.815791,0,0,0,0,0,0,0,0,0,0,0,0,0,0,0.249962,0.521461,0.366372,0.556859,0.188679,0.464254,0.497113,0.426148
0.298993,0.600506,0.427662,0.488782,0,0,0,0,0,0,0.566575,0.494227,0.601297,0.717672,0.537974,0.821194,0,0,0,0,0,0,0,0,0,0,0,0,0,0,0.245879,0.513338,0.364363,0.548707,0.18256,0.466978,0.497142,0.428825
0.298981,0.597773,0.42972,0.480595,0.200949,0.546005,0,0,0,0,0.570661,0.488801,0.605384,0.72038,0.542034,0.821191,0,0,0,0,0,0,0,0,0,0,0,0,0,0,0.247925,0.510553,0.366414,0.540564,0.186658,0.466986,0.499154,0.426096
0.292868,0.592304,0.413377,0.486065,0.196863,0.537836,0,0,0,0,0.562476,0.491527,0.601289,0.72585,0.535921,0.829395,0,0,0,0,0,0,0,0,0,0,0,0,0,0,0.243836,0.496969,0.358216,0.532387,0.180515,0.469735,0.493044,0.428818
0.294903,0.578731,0.417459,0.486053,0.194824,0.540554,0,0,0,0,0.562477,0.496967,0.597221,0.73673,0.531869,0.834834,0,0,0,0,0,0,0,0,0,0,0,0,0,0,0.239771,0.491482,0.356182,0.526918,0.176432,0.464236,0.493042,0.428866
0.29489,0.575977,0.423585,0.486038,0.188699,0.543275,0,0,0,0,0.566551,0.50514,0.601289,0.736738,0.535939,0.837548,0,0,0,0,0,0,0,0,0,0,0,0,0,0,0.2418,0.486075,0.356198,0.518798,0.186634,0.453362,0.497126,0.426144
0.294899,0.578705,0.42765,0.488767,0.188695,0.546005,0,0,0,0,0.564518,0.510585,0.59926,0.74219,0.533896,0.837572,0,0,0,0,0,0,0,0,0,0,0,0,0,0,0.24182,0.486091,0.356171,0.518795,0.186623,0.458801,0.497098,0.428868
0.29082,0.573255,0.405197,0.486046,0.186652,0.52966,0,0,0,0,0.562465,0.507867,0.597214,0.744905,0.533879,0.840275,0,0,0,0,0,0,0,0,0,0,0,0,0,0,0.237697,0.483323,0.356163,0.516037,0,0,0.495056,0.436994
0.284688,0.567786,0.419494,0.486049,0.211165,0.529658,0,0,0,0,0.564505,0.513311,0.597193,0.747635,0.531845,0.840301,0,0,0,0,0,0,0,0,0,0,0,0,0,0,0.235675,0.475186,0.348024,0.51326,0,0,0.495083,0.428887
0.288786,0.540538,0.390911,0.488773,0.213216,0.488794,0.211174,0.491513,0.192775,0.543295,0.560446,0.521462,0.597191,0.747629,0.533885,0.842975,0,0,0,0,0,0,0,0,0,0,0,0,0,0,0.247945,0.447877,0.350046,0.488766,0,0,0.495061,0.426121
0.288777,0.532407,0.397035,0.491505,0.221375,0.483341,0.213218,0.48605,0.19687,0.543266,0.560442,0.524186,0.597185,0.74763,0.533886,0.845706,0,0,0,0,0,0,0,0,0,0,0,0,0,0,0.247933,0.434282,0.352102,0.483304,0,0,0.497081,0.426126
0.284673,0.524222,0.384774,0.488789,0.20504,0.48607,0.207072,0.526934,0.190756,0.548705,0.560423,0.524207,0.593113,0.747647,0.529803,0.851166,0,0,0,0,0,0,0,0,0,0,0,0,0,0,0.247928,0.423389,0.345993,0.469716,0,0,0.495079,0.42341
0.278568,0.516045,0.384776,0.486069,0.219336,0.480609,0.207073,0.540555,0.184607,0.55689,0.556344,0.524184,0.591078,0.750363,0.52978,0.851189,0,0,0,0,0,0,0,0,0,0,0,0,0,0,0.24182,0.404295,0.343935,0.458797,0,0,0.493018,0.423396
0.27652,0.494221,0.394998,0.488769,0.235672,0.475149,0.217282,0.521484,0.196854,0.567814,0.562471,0.526919,0.593118,0.753095,0.529785,0.856642,0,0,0,0,0,0,0,0,0,0,0,0,0,0,0.249951,0.390678,0.343918,0.437036,0,0,0.497139,0.420668
0.270405,0.480604,0.399081,0.483338,0.239758,0.461534,0.217301,0.513302,0.196876,0.567813,0.560439,0.518769,0.586997,0.755823,0.527741,0.859377,0,0,0,0,0,0,0,0,0,0,0,0,0,0,0.249954,0.374362,0.341888,0.426088,0,0,0.497116,0.404328
0.272435,0.453351,0.394998,0.486063,0.231595,0.469709,0.211156,0.535106,0.188707,0.578702,0.560444,0.516027,0.584955,0.755801,0.521647,0.862063,0,0,0,0,0,0,0,0,0,0,0,0,0,0,0.249979,0.355252,0.337807,0.396139,0,0,0.497089,0.390699
0.266322,0.434306,0.399065,0.47787,0.243846,0.456082,0.217295,0.518764,0.190726,0.573245,0.550217,0.513303,0.580851,0.750367,0.523661,0.859326,0.343922,0.763986,0.260186,0.734014,0,0,0,0,0.425631,0.815756,0,0,0,0,0.249966,0.33615,0.335727,0.382505,0,0,0.490974,0.390671
0.268348,0.407035,0.401109,0.464265,0.25406,0.453357,0.217293,0.518753,0.194809,0.57328,0.552263,0.499693,0.572704,0.742197,0.51345,0.859367,0.360266,0.747641,0.27857,0.728568,0,0,0,0,0.435846,0.780337,0,0,0,0,0.251989,0.306239,0.335744,0.357982,0,0,0.490986,0.371623
0.266313,0.393427,0.407253,0.439751,0.268347,0.407039,0.227506,0.486049,0.194811,0.575958,0.550222,0.491505,0.568621,0.736743,0.507321,0.859334,0.360264,0.709488,0.278571,0.674072,0,0,0,0,0.435838,0.755812,0,0,0,0,0.251977,0.28987,0.333701,0.341649,0,0,0.486918,0.360697
0.256079,0.360719,0.397042,0.431571,0.266309,0.398864,0.229557,0.48062,0.188726,0.578726,0.535927,0.480615,0.564517,0.720399,0.501213,0.853918,0.335755,0.709498,0.25201,0.690417,0,0,0,0,0.417459,0.739461,0,0,0,0,0.245903,0.270764,0.325542,0.314439,0,0,0.48281,0.341647
0.256087,0.357979,0.401106,0.431564,0.260191,0.407034,0.225456,0.483331,0.18868,0.586883,0.535934,0.48335,0.562473,0.7204,0.49914,0.859362,0.350055,0.706766,0.258145,0.684966,0,0,0,0,0.427669,0.744917,0,0,0,0,0.243855,0.259892,0.323513,0.30625,0,0,0.478749,0.338906
0.252002,0.34165,0.397036,0.439722,0.260193,0.423393,0.217302,0.505126,0.186679,0.6032,0.531834,0.475144,0.558398,0.720393,0.497113,0.85937,0.323501,0.761264,0.241799,0.709492,0,0,0,0,0.423583,0.777611,0,0,0,0,0.239761,0.251708,0.319396,0.292589,0,0,0.47465,0.330745
0.249949,0.338888,0.392953,0.453372,0.25815,0.431547,0.213212,0.518765,0.186673,0.603225,0.527744,0.486047,0.550239,0.723118,0.495077,0.859373,0.311245,0.851176,0.254059,0.76671,0,0,0,0,0.390907,0.886604,0,0,0,0,0.235655,0.248989,0.315335,0.289881,0,0,0.468537,0.314394
0.233638,0.322576,0.388849,0.436992,0.26631,0.398868,0.219345,0.494226,0.184621,0.611394,0.517532,0.480613,0.54206,0.71494,0.490993,0.864796,0.354137,0.717666,0.264267,0.682242,0,0,0,0,0.423582,0.766715,0,0,0,0,0.22952,0.235372,0.301014,0.279002,0,0,0.462384,0.308921
0.233602,0.325304,0.386838,0.439723,0.268357,0.398865,0.21525,0.516029,0.182566,0.611403,0.515491,0.488765,0.533888,0.739462,0.488939,0.870264,0.358215,0.712209,0.278569,0.665901,0,0,0,0,0.421542,0.769437,0,0,0,0,0.223438,0.240814,0.296938,0.279017,0,0,0.454239,0.306247
0.225464,0.322566,0.384768,0.43972,0.264272,0.396143,0.219327,0.524195,0.184603,0.633197,0.507327,0.491525,0.519612,0.747622,0.482828,0.894768,0.323502,0.75581,0.237719,0.706765,0,0,0,0,0.405206,0.802131,0,0,0,0,0.219333,0.240818,0.288763,0.279009,0,0,0.450125,0.308929
0.217302,0.314403,0.388849,0.445193,0.264279,0.401597,0.219326,0.526913,0.18258,0.633187,0.503241,0.491521,0.51753,0.750357,0.47874,0.900205,0,0,0,0,0,0,0,0,0,0,0,0,0,0,0.217288,0.238083,0.280626,0.27356,0,0,0.443998,0.303518
0.207087,0.31444,0.368448,0.439733,0.258152,0.390695,0.223412,0.526931,0.180536,0.654986,0.488938,0.488806,0.499172,0.750364,0.474645,0.892065,0,0,0,0,0,0,0,0,0,0,0,0,0,0,0.203014,0.238116,0.268372,0.273509,0,0,0.429718,0.300752
0.194828,0.319831,0.3664,0.450637,0.26836,0.38796,0.225469,0.532376,0.174386,0.660464,0.480783,0.521479,0.490977,0.77215,0.458312,0.922031,0.325541,0.720394,0.24589,0.693144,0,0,0,0,0.397027,0.774887,0,0,0,0,0.194812,0.243553,0.258123,0.276239,0,0,0.417472,0.308949
0.172345,0.338874,0.350047,0.48333,0.245888,0.434295,0.194826,0.575982,0.156019,0.695863,0.458319,0.537834,0.470585,0.815767,0.42563,0.971092,0,0,0,0,0,0,0,0,0,0,0,0,0,0,0.172332,0.265367,0.233639,0.295351,0,0,0.394997,0.336148
0.170284,0.338884,0.343933,0.483349,0.243839,0.437007,0.192779,0.578709,0.153962,0.695877,0.452181,0.537828,0.468521,0.823926,0,0,0,0,0,0,0,0,0,0,0,0,0,0,0,0,0.16829,0.268059,0.229563,0.295354,0,0,0.386831,0.336207
