0.33911,0.391061,0.398786,0.48094,0.357465,0.584481,0.427887,0.756162,0.519724,0.64445,0.441657,0.374674,0.553409,0.380147,0.585563,0.385586,0.597809,0.636268,0.559542,0.701651,0.603923,0.737098,0.747823,0.767058,0.633019,0.565425,0.74018,0.451,0.783046,0.693484,0.303898,0.434615,0.329911,0.336567,0.291639,0.532755,0.362062,0.311996
0.339083,0.382862,0.39727,0.4755,0.355923,0.579045,0.426358,0.753438,0.499839,0.611779,0.440132,0.371994,0.545758,0.377415,0.588621,0.371967,0.591691,0.652634,0.556464,0.718027,0.608529,0.73164,0.747832,0.767053,0.626888,0.576319,0.746287,0.456463,0.789155,0.696241,0.303875,0.426472,0.328388,0.333803,0.288581,0.529988,0.357466,0.30385
0.339087,0.380117,0.395742,0.470091,0.354406,0.576343,0.424836,0.750705,0.495243,0.603573,0.438599,0.369214,0.551881,0.380127,0.629957,0.456432,0.590149,0.647155,0.55648,0.709838,0.606988,0.734374,0.74783,0.767036,0.619243,0.576322,0.750888,0.45915,0.792208,0.698939,0.302371,0.42372,0.328379,0.325659,0.288583,0.524564,0.355925,0.295678
0.337593,0.380093,0.397261,0.467363,0.355926,0.573617,0.426354,0.747967,0.495264,0.589957,0.441662,0.363771,0.548816,0.385594,0.616177,0.467327,0.60853,0.641699,0.57331,0.704386,0.584039,0.74527,0.752429,0.767048,0.643732,0.570884,0.752415,0.461852,0.798345,0.70441,0.30236,0.421008,0.328375,0.322932,0.285513,0.524541,0.357458,0.29838
0.337547,0.380118,0.397246,0.467339,0.354412,0.573597,0.426349,0.747977,0.49525,0.592676,0.44014,0.361087,0.544227,0.388325,0.613111,0.467336,0.610059,0.638998,0.576368,0.70438,0.599335,0.737091,0.752417,0.764361,0.646793,0.573613,0.750895,0.459185,0.798358,0.707091,0.300837,0.421018,0.326848,0.322928,0.28552,0.527261,0.354404,0.295661
0.339102,0.382876,0.398821,0.472773,0.359005,0.579038,0.429426,0.74801,0.498292,0.595388,0.443198,0.36922,0.545752,0.407398,0.626906,0.472824,0.61312,0.649894,0.577901,0.709827,0.599337,0.731655,0.755477,0.764313,0.654453,0.584509,0.752431,0.461872,0.796827,0.707091,0.303873,0.426419,0.328385,0.331113,0.28399,0.527286,0.355938,0.301118
0.339102,0.382879,0.39881,0.472771,0.358988,0.579029,0.430935,0.748005,0.496796,0.595417,0.444724,0.366536,0.545757,0.404669,0.62231,0.472817,0.619237,0.652615,0.57944,0.709846,0.59627,0.734374,0.75548,0.764325,0.655979,0.58994,0.752409,0.461909,0.799868,0.709841,0.302369,0.426423,0.32838,0.331104,0.288572,0.527276,0.354408,0.298402
0.339115,0.382879,0.400325,0.470056,0.359011,0.57902,0.430946,0.747978,0.499843,0.598118,0.444724,0.363786,0.551882,0.385574,0.623837,0.46461,0.616178,0.658061,0.576379,0.715293,0.60087,0.731649,0.757003,0.764332,0.659034,0.595412,0.752426,0.461855,0.796814,0.7071,0.302366,0.426417,0.329906,0.328372,0.291632,0.527254,0.355938,0.295698
0.339114,0.382849,0.400324,0.467368,0.359002,0.576337,0.429415,0.745275,0.499849,0.595405,0.446252,0.361051,0.564126,0.38014,0.643752,0.475497,0.620769,0.658067,0.577909,0.715286,0.600864,0.731658,0.758546,0.764324,0.66209,0.598112,0.752422,0.459148,0.793766,0.704402,0.302369,0.423757,0.329904,0.328359,0.290098,0.524558,0.352873,0.295685
0.339113,0.380163,0.400324,0.464634,0.359004,0.573596,0.429419,0.739829,0.502905,0.587246,0.446251,0.355619,0.562596,0.374684,0.597809,0.366516,0.61464,0.655347,0.574836,0.71258,0.606997,0.726214,0.757033,0.761603,0.655987,0.595386,0.75397,0.453717,0.796827,0.701662,0.302368,0.423702,0.331441,0.322921,0.2794,0.52185,0.354399,0.292952
0.339087,0.380127,0.398812,0.464607,0.358992,0.57358,0.427892,0.739794,0.501371,0.584518,0.444724,0.355621,0.568721,0.388309,0,0,0.614645,0.649914,0.574852,0.709824,0.603932,0.728904,0.757014,0.764338,0.657505,0.589947,0.755474,0.451015,0.796812,0.70165,0.302352,0.420986,0.329922,0.322899,0.277871,0.521836,0.354405,0.292956
0.33909,0.380091,0.398798,0.464584,0.355934,0.570853,0.424839,0.737085,0.496792,0.584508,0.446241,0.355595,0.565663,0.385581,0.657507,0.464602,0.617712,0.658077,0.576379,0.712551,0.596271,0.731632,0.757007,0.772502,0.659046,0.595399,0.757,0.4537,0.799876,0.709824,0.302356,0.415565,0.331435,0.320178,0.274814,0.521805,0.354409,0.29295
0.340614,0.377424,0.398799,0.464598,0.35746,0.570889,0.424847,0.734393,0.498288,0.581775,0.444718,0.355629,0.565661,0.374694,0,0,0.611583,0.655331,0.570249,0.712576,0.61006,0.728893,0.758549,0.775252,0.657511,0.589957,0.760074,0.453704,0.804476,0.728896,0.303895,0.415546,0.336026,0.317505,0.277872,0.519082,0.357467,0.292953
0.345216,0.377373,0.400326,0.461901,0.358989,0.568146,0.42634,0.731674,0.498305,0.579095,0.446237,0.355603,0.56719,0.377414,0.597805,0.328366,0.616177,0.649895,0.577897,0.707129,0.625354,0.731658,0.766187,0.786137,0.65903,0.587224,0.766204,0.453695,0.807526,0.709819,0.310013,0.407401,0.339115,0.317459,0.28704,0.516409,0.362052,0.292932
0.348256,0.377384,0.40185,0.464574,0.359004,0.568128,0.426356,0.731653,0.498312,0.579061,0.44625,0.358325,0.553416,0.377414,0.594745,0.382861,0.613118,0.644432,0.577899,0.704371,0.62843,0.737087,0.767727,0.78885,0.654451,0.579042,0.772316,0.456413,0.807548,0.70983,0.311529,0.407374,0.342139,0.317481,0.280929,0.516383,0.363599,0.292936
0.349827,0.377395,0.404923,0.461875,0.362042,0.568158,0.430932,0.731604,0.499851,0.576362,0.447783,0.358316,0.600868,0.382866,0.636079,0.271151,0.619242,0.641716,0.579435,0.701683,0.636078,0.742554,0.773854,0.791557,0.659036,0.576305,0.776907,0.453709,0.813668,0.712593,0.313092,0.40738,0.345236,0.31748,0.287062,0.513689,0.371239,0.292977
0.351349,0.377418,0.407964,0.461895,0.362071,0.570852,0.433995,0.728918,0.504414,0.576277,0.449326,0.355629,0.568722,0.374691,0.591683,0.331095,0.625361,0.641725,0.585555,0.70167,0.639139,0.74798,0.776913,0.791557,0.662099,0.576324,0.778467,0.4537,0.816714,0.709872,0.314616,0.407366,0.346769,0.317501,0.287064,0.513664,0.371237,0.292948
0.352891,0.374704,0.407986,0.459131,0.363591,0.562719,0.434019,0.726182,0.505948,0.573562,0.45237,0.350176,0.558002,0.366515,0.588619,0.306571,0.62383,0.641706,0.584026,0.698961,0.642196,0.750685,0.778448,0.788872,0.660566,0.573598,0.781494,0.453698,0.819774,0.709842,0.316146,0.404649,0.34829,0.314783,0.288567,0.510925,0.372759,0.290223
0.357459,0.371981,0.411045,0.453731,0.366664,0.559971,0.435552,0.72615,0.507474,0.576301,0.456966,0.350173,0.548826,0.358342,0.567191,0.301123,0.622295,0.644432,0.582496,0.704369,0.640667,0.745275,0.7815,0.788885,0.66363,0.570885,0.784564,0.450997,0.824371,0.709829,0.319207,0.401961,0.349827,0.314738,0.29011,0.50819,0.374293,0.2902
0.357479,0.369254,0.411048,0.451016,0.368193,0.557267,0.437077,0.720757,0.507494,0.576312,0.456963,0.347452,0.553411,0.352895,0.605462,0.363794,0.625354,0.641725,0.58556,0.701683,0.640672,0.750686,0.779983,0.788836,0.665162,0.570876,0.786097,0.448266,0.825909,0.707135,0.320723,0.401904,0.351345,0.312052,0.29163,0.505473,0.380418,0.287496
0.359002,0.366544,0.411056,0.450987,0.369719,0.557234,0.437079,0.720726,0.509022,0.573623,0.456965,0.344743,0.550353,0.352888,0.600868,0.352897,0.626894,0.638983,0.587097,0.698941,0.64374,0.747968,0.781506,0.786151,0.666695,0.568158,0.787619,0.448274,0.827422,0.707139,0.322259,0.399227,0.352885,0.312047,0.293187,0.50277,0.380426,0.287479
0.362039,0.363764,0.412564,0.448279,0.372754,0.554552,0.441645,0.718033,0.50903,0.576321,0.455447,0.34472,0.558007,0.350162,0.597808,0.347441,0.634549,0.636265,0.597809,0.69622,0.645268,0.750707,0.792225,0.79159,0.67588,0.570854,0.792211,0.445528,0.827438,0.709857,0.323797,0.396499,0.35899,0.309319,0.29471,0.497304,0.385026,0.282032
0.362065,0.358373,0.411066,0.448283,0.372762,0.554547,0.44166,0.720713,0.509008,0.570883,0.45697,0.344727,0.553411,0.344721,0.596275,0.35289,0.637603,0.628102,0.600862,0.690779,0.642195,0.753424,0.790701,0.794307,0.675886,0.55999,0.793768,0.44555,0.828953,0.712564,0.323816,0.391027,0.360511,0.306586,0.299281,0.494614,0.383484,0.282032
0.365112,0.352893,0.42024,0.442792,0.375845,0.551815,0.446235,0.726208,0.507473,0.551824,0.463097,0.344702,0.554944,0.341993,0,0,0.649854,0.630829,0.611578,0.69077,0.652922,0.756151,0.793751,0.799766,0.686599,0.565416,0.804457,0.448224,0.835093,0.709849,0.325337,0.38013,0.362088,0.298379,0.299298,0.489138,0.389611,0.282007
0.36512,0.347453,0.42327,0.442786,0.375848,0.551778,0.435556,0.734363,0.49676,0.535461,0.46922,0.34473,0.571784,0.333813,0.554943,0.121298,0.657514,0.625361,0.622302,0.685317,0.654452,0.7589,0.795286,0.802502,0.697314,0.562692,0.807544,0.448249,0.836616,0.712552,0.326832,0.377437,0.365117,0.295707,0.302372,0.489178,0.394202,0.284763
0.369726,0.350156,0.430955,0.461902,0.39114,0.584496,0.398813,0.772507,0.398808,0.592667,0.475349,0.350175,0.63914,0.344715,0.65292,0.26025,0.662098,0.619915,0.631491,0.677141,0.689649,0.799773,0.801407,0.813386,0.695783,0.554529,0.815185,0.448223,0.842748,0.720752,0.329919,0.377424,0.372755,0.298405,0.310013,0.491901,0.40034,0.287496
0.372769,0.350193,0.438596,0.448263,0.394207,0.551789,0.377368,0.739823,0.336042,0.60901,0.478407,0.352895,0.643731,0.355618,0.645264,0.249346,0.662105,0.614485,0.629961,0.674403,0.694245,0.794307,0.810591,0.829743,0.70037,0.551786,0.825872,0.44826,0.844287,0.72888,0.336019,0.377428,0.374316,0.301135,0.308473,0.491831,0.407964,0.292936
0.37279,0.358316,0.432479,0.453729,0.391136,0.551809,0.36051,0.756137,0.231938,0.701645,0.47687,0.361084,0.651385,0.358337,0.613114,0.282056,0.665164,0.611754,0.631484,0.674415,0.704953,0.791594,0.827419,0.84336,0.703428,0.546353,0.83203,0.456452,0.851943,0.745262,0.336009,0.382847,0.375835,0.309309,0.311542,0.500016,0.40952,0.303818
0.372757,0.363812,0.432478,0.461879,0.39268,0.557265,0.348281,0.761622,0.222738,0.75616,0.476864,0.366532,0.648327,0.369237,0.610062,0.28477,0.668225,0.614464,0.636071,0.68259,0.709549,0.794322,0.828961,0.846062,0.704961,0.54635,0.839685,0.461862,0.859565,0.747977,0.334485,0.388331,0.375854,0.314765,0.311548,0.508179,0.411043,0.306586
0.366667,0.380113,0.429427,0.464609,0.389617,0.559995,0.336045,0.753476,0.205917,0.745266,0.478409,0.369252,0.645262,0.355609,0.594745,0.265695,0.675883,0.617205,0.642205,0.690756,0.709554,0.791581,0.830485,0.843359,0.708026,0.549064,0.85041,0.461871,0.862647,0.753425,0.326875,0.401943,0.375822,0.325657,0.310019,0.51361,0.414107,0.317445
0.366666,0.380097,0.429412,0.464594,0.386563,0.565414,0.34829,0.75618,0.222748,0.704412,0.478399,0.369232,0.60393,0.339264,0.597807,0.252079,0.677404,0.619912,0.645265,0.693492,0.709548,0.786147,0.832015,0.840639,0.706497,0.546351,0.859565,0.461876,0.864181,0.753425,0.326862,0.401888,0.375829,0.32565,0.308477,0.508176,0.414102,0.317448
0.372764,0.366533,0.434001,0.461874,0.389615,0.562711,0.362044,0.756125,0.265603,0.636253,0.481472,0.363806,0.585559,0.298391,0,0,0.675882,0.611744,0.645262,0.679865,0.715686,0.780671,0.833563,0.837902,0.701901,0.530009,0.873351,0.461903,0.870302,0.753463,0.334493,0.385613,0.386527,0.317446,0.311537,0.489179,0.421774,0.317451
0.374324,0.361113,0.438592,0.456445,0.394204,0.559965,0.352868,0.748006,0.267143,0.614467,0.490643,0.355615,0.594748,0.290218,0.576372,0.224825,0.681996,0.614462,0.655969,0.685319,0.727925,0.783411,0.833557,0.835185,0.703438,0.530005,0.877954,0.464607,0.876406,0.756141,0.337572,0.380178,0.389613,0.314718,0.313058,0.486416,0.423319,0.314697
0.383499,0.358334,0.443186,0.448289,0.39574,0.557247,0.325323,0.718035,0.261019,0.589943,0.493721,0.350171,0.579437,0.336538,0.522784,0.287531,0.691188,0.606286,0.659047,0.674426,0.734057,0.7834,0.844265,0.837888,0.714151,0.521837,0.896313,0.467307,0.881023,0.758868,0.345213,0.37469,0.398779,0.312021,0.317669,0.480975,0.434002,0.311999
0.385027,0.36103,0.446252,0.453713,0.400337,0.559968,0.317658,0.698959,0.25948,0.579051,0.495254,0.358334,0.577904,0.336546,0.518204,0.295648,0.695781,0.603562,0.671287,0.677149,0.744768,0.764333,0,0,0.711092,0.519091,0.902451,0.467352,0.885605,0.758874,0.346737,0.377385,0.401855,0.314725,0.31919,0.483667,0.441666,0.322898
0.385029,0.36379,0.453904,0.461897,0.409514,0.562697,0.296237,0.674407,0.267144,0.557243,0.499838,0.363809,0.568723,0.328379,0.502911,0.273861,0.708034,0.598122,0.685068,0.677133,0.83661,0.846103,0,0,0.724867,0.527269,0.914686,0.470032,0.894793,0.753408,0.346739,0.380097,0.404906,0.314785,0.325325,0.489081,0.443201,0.320217
0.383501,0.366518,0.452388,0.464622,0.406459,0.57088,0.291651,0.663537,0.267132,0.53544,0.501357,0.366535,0.584036,0.331098,0.502886,0.271147,0.71721,0.598126,0.695781,0.682598,0.854991,0.856974,0,0,0.732526,0.519104,0.916221,0.464621,0.903966,0.756136,0.345238,0.380148,0.404911,0.317451,0.325308,0.489087,0.443209,0.314787
0.383485,0.374664,0.450843,0.470047,0.400321,0.576317,0.277863,0.658083,0.265612,0.513692,0.498305,0.377391,0.582503,0.331081,0.499847,0.254806,0.717212,0.603566,0.703435,0.704396,0.874884,0.889678,0,0,0.734049,0.4973,0.926929,0.456432,0.910078,0.753457,0.345215,0.382906,0.404915,0.322896,0.320728,0.489084,0.446229,0.317496
0.385004,0.380094,0.453912,0.478223,0.407991,0.576329,0.276332,0.655345,0.264083,0.510919,0.50749,0.380154,0.567194,0.306568,0.498306,0.252065,0.729458,0.587219,0.708021,0.704396,0.88254,0.925104,0,0,0.735585,0.480946,0.93,0.448242,0.910098,0.756145,0.345213,0.391011,0.406432,0.331077,0.320733,0.489146,0.447809,0.331093
0.386552,0.391025,0.458502,0.491879,0.40798,0.598111,0.276315,0.649876,0.265614,0.497317,0.513616,0.385613,0.576367,0.320193,0.509027,0.24933,0.743238,0.614486,0.71415,0.734364,0.873357,0.941432,0,0,0.75395,0.519095,0.940697,0.448272,0.91317,0.761608,0.348283,0.401956,0.409508,0.339298,0.336016,0.508222,0.452387,0.339212
0.388077,0.399169,0.464629,0.497293,0.41258,0.600848,0.276334,0.644492,0.268687,0.491896,0.522792,0.38831,0.600867,0.284767,0.521267,0.243894,0.732522,0.614471,0.71262,0.739808,0,0,0,0,0,0,0,0,0,0,0.349798,0.404717,0.411036,0.341991,0.337551,0.508216,0.458518,0.339272
0.389627,0.401912,0.463096,0.50549,0.407986,0.606291,0.277877,0.644418,0.265616,0.494579,0.52432,0.399209,0.579438,0.287509,0.530441,0.227568,0.741705,0.647164,0.720273,0.747995,0.948368,0.456418,0.920805,0.761595,0.763136,0.549079,0.859582,0.993218,0,0,0.351352,0.415539,0.411037,0.344727,0.339113,0.510941,0.460043,0.342012
0.385039,0.407421,0.466151,0.497301,0.406463,0.603582,0.282454,0.63354,0.265618,0.489112,0.527391,0.391035,0.606992,0.00956757,0,0,0.744763,0.655337,0.721806,0.756177,0.853458,0.995944,0,0,0.764667,0.554518,0.960607,0.450988,0.925412,0.761626,0.349818,0.429166,0.404933,0.347463,0.343684,0.521819,0.458477,0.336574
0.371233,0.426444,0.467689,0.486402,0.409529,0.598129,0.280915,0.619936,0.254906,0.489103,0.52432,0.380139,0.640662,0.448237,0,0,0.740176,0.688047,0.711093,0.775228,0.848861,0.985044,0,0,0.764669,0.589949,0.778444,0.878778,0,0,0.339114,0.445533,0.385024,0.355588,0.342145,0.527296,0.446267,0.331102
0.362042,0.426501,0.463088,0.483692,0.411056,0.592678,0.277874,0.617208,0.239582,0.478232,0.516679,0.377417,0,0,0,0,0.720271,0.663521,0.704961,0.750719,0,0,0,0,0.738646,0.565432,0,0,0,0,0.331437,0.448296,0.374317,0.358296,0.328379,0.527302,0.440133,0.331096
0.346757,0.431914,0.46462,0.478252,0.411037,0.592678,0.27022,0.617199,0.193663,0.464596,0.515144,0.374674,0,0,0,0,0.735587,0.701664,0.71109,0.767053,0,0,0,0,0,0,0,0,0,0,0.322239,0.453699,0.36053,0.358336,0.322245,0.530029,0.430934,0.325622
0.343689,0.431887,0.460027,0.478248,0.409505,0.587232,0.267164,0.622618,0.187525,0.46732,0.510558,0.369243,0,0,0,0,0.732514,0.707118,0.708028,0.767057,0,0,0,0,0,0,0,0,0,0,0.319195,0.45368,0.359015,0.358301,0.323771,0.527262,0.429401,0.320223
0.343704,0.431944,0.453908,0.483694,0.39879,0.600866,0.280933,0.636264,0.199793,0.459162,0.509025,0.374699,0,0,0,0,0.744766,0.663516,0.708029,0.769782,0,0,0,0,0,0,0,0,0,0,0.316142,0.456405,0.358971,0.3583,0.322269,0.529987,0.426352,0.317493
0.346738,0.429214,0.452383,0.478255,0.395727,0.60358,0.28092,0.641749,0.22427,0.445488,0.509017,0.363775,0,0,0,0,0.749362,0.66079,0.712621,0.780677,0.842743,0.993219,0,0,0,0,0,0,0,0,0.317655,0.453718,0.358987,0.358303,0.323796,0.532747,0.424837,0.317457
0.342178,0.431882,0.446253,0.475527,0.389622,0.598113,0.288565,0.649869,0.262539,0.445525,0.499842,0.361071,0.492174,0.167615,0,0,0.738644,0.67714,0.709553,0.767059,0,0,0,0,0,0,0,0,0,0,0.316149,0.456425,0.360546,0.355595,0.322259,0.529988,0.427892,0.325632
0.346754,0.426428,0.444727,0.475493,0.385026,0.598118,0.290104,0.669006,0.250291,0.508195,0.499826,0.358339,0.478412,0.164871,0.423294,0.20577,0.735582,0.668962,0.706492,0.783402,0,0,0,0,0,0,0,0,0,0,0.320726,0.445549,0.362073,0.352887,0.323801,0.532701,0.432467,0.322931
0.348274,0.407374,0.441655,0.470052,0.385018,0.589949,0.290102,0.712557,0.2503,0.562709,0.49524,0.352894,0.470741,0.164863,0.406456,0.208491,0.724868,0.658071,0.695782,0.753447,0,0,0,0,0,0,0,0,0,0,0.320723,0.429164,0.365109,0.342023,0.325312,0.521798,0.435541,0.317504
0.346751,0.404669,0.443196,0.467319,0.383485,0.587242,0.287055,0.704336,0.267146,0.554553,0.496771,0.350172,0.470758,0.162172,0.403389,0.203029,0.720274,0.693489,0.69578,0.767058,0,0,0,0,0,0,0,0,0,0,0.317676,0.426442,0.363581,0.339293,0.313067,0.494599,0.434028,0.314761
0.340642,0.401904,0.434012,0.472775,0.380424,0.581768,0.276343,0.688079,0.262545,0.546372,0.492183,0.355623,0.47686,0.159445,0.412572,0.200286,0.738644,0.617192,0.718744,0.712567,0,0,0,0,0,0,0,0,0,0,0.311516,0.421036,0.35897,0.336493,0.310012,0.491861,0.429417,0.312038
0.339104,0.396506,0.435538,0.467344,0.37738,0.579081,0.276326,0.688081,0.262551,0.549058,0.49524,0.352881,0.476884,0.162139,0.418692,0.19486,0.734048,0.633547,0.709561,0.750713,0,0,0,0,0,0,0,0,0,0,0.309983,0.412848,0.355925,0.328377,0.308476,0.489116,0.429401,0.312026
0.329924,0.388346,0.427891,0.467318,0.374312,0.576327,0.274811,0.677122,0.259474,0.530006,0.490647,0.350183,0.554944,0.173053,0,0,0.714152,0.622646,0.7019,0.73436,0.822839,0.968696,0,0,0,0,0,0,0,0,0.300848,0.404651,0.348298,0.31749,0.30235,0.480968,0.42331,0.309299
0.325293,0.385612,0.424817,0.470044,0.371243,0.579029,0.273273,0.674442,0.253386,0.530021,0.484526,0.352881,0.504425,0.164889,0.415638,0.186672,0.704962,0.636272,0.686598,0.742533,0.810598,0.994583,0,0,0,0,0,0,0,0,0.296217,0.401968,0.345197,0.314784,0.296241,0.480944,0.421732,0.309293
0.316128,0.385591,0.417178,0.470042,0.365111,0.576338,0.265614,0.668972,0.24572,0.519147,0.475338,0.355611,0.521265,0.159432,0,0,0.709553,0.663524,0.683538,0.753432,0.81213,0.995946,0,0,0.741707,0.562699,0.832024,0.797029,0.856522,0.818808,0.287049,0.401917,0.33755,0.314784,0.280931,0.472785,0.409543,0.30927
0.313084,0.385586,0.414107,0.467335,0.365123,0.573599,0.264076,0.666228,0.241135,0.516399,0.469218,0.361054,0.498302,0.192123,0.398801,0.173066,0.706493,0.652608,0.678939,0.745252,0.809072,0.995945,0,0,0,0,0,0,0,0,0.28399,0.399245,0.334496,0.314743,0.277873,0.470057,0.407998,0.306566
0.311542,0.388298,0.420232,0.461898,0.369719,0.562693,0.264057,0.649886,0.236528,0.502761,0.446245,0.401938,0,0,0,0,0.70803,0.622643,0,0,0,0,0,0,0,0,0,0,0,0,0.279398,0.39921,0.334485,0.314778,0.274786,0.467351,0.404916,0.309309
0.31157,0.388291,0.417171,0.459173,0.36818,0.557251,0.265612,0.641709,0.231956,0.491885,0.444721,0.418273,0,0,0,0,0.706496,0.617199,0,0,0,0,0,0,0,0,0,0,0,0,0.280915,0.399175,0.336013,0.314775,0.270205,0.461905,0.404927,0.311969
0.314617,0.38558,0.414109,0.459146,0.371237,0.546355,0.268689,0.622659,0.228887,0.480962,0.443198,0.40195,0.262566,0.625354,0.228875,0.472768,0.704963,0.614467,0.73405,0.52728,0.925409,0.491873,0.962143,0.827014,0.686598,0.671692,0.795285,0.995946,0.877954,0.829735,0.283979,0.396478,0.339084,0.314716,0.271741,0.461867,0.40493,0.306546
0.317673,0.382887,0.420236,0.448256,0.375838,0.540896,0.273264,0.619939,0.231931,0.478235,0.441656,0.401948,0.265624,0.619898,0.22738,0.467373,0.706493,0.609024,0.737111,0.524555,0.926928,0.508198,0.960611,0.832469,0.688125,0.666239,0.792226,0.995946,0.87795,0.829739,0.287021,0.393772,0.340616,0.314685,0.271737,0.456412,0.406451,0.303863
0.323794,0.382834,0.423289,0.45099,0.385021,0.538172,0.271736,0.619945,0.235,0.480966,0.444722,0.399226,0.273256,0.619903,0.227358,0.46462,0.704969,0.606293,0,0,0,0,0,0,0,0,0,0,0,0,0.288599,0.39104,0.343705,0.31203,0.274808,0.461878,0.407961,0.295709
0.323803,0.380133,0.418697,0.453708,0.374312,0.546343,0.270204,0.622674,0.228873,0.470085,0.446255,0.39103,0.270199,0.622651,0.227337,0.464621,0.704961,0.603577,0.675876,0.696219,0.80141,0.944178,0.902442,0.843352,0.727925,0.527287,0.926937,0.494613,0.960615,0.813383,0.290092,0.38833,0.345205,0.309324,0.276316,0.461866,0.40646,0.295636
0.322275,0.374714,0.414115,0.445524,0.366647,0.549066,0.262566,0.655328,0.228868,0.505488,0.467683,0.341981,0,0,0,0,0.698843,0.58995,0.662103,0.671692,0.801405,0.944166,0.917756,0.848814,0.727928,0.524546,0.925388,0.491839,0.959071,0.799774,0.287062,0.385581,0.342153,0.303871,0.279388,0.467337,0.401878,0.290221
0.320731,0.369242,0.415636,0.445532,0.366654,0.540898,0.261026,0.674413,0.224293,0.521824,0.460031,0.355611,0.509013,0.203025,0.3988,0.164844,0.698842,0.587229,0.663635,0.66625,0.798348,0.946896,0,0,0.727927,0.527282,0.923888,0.489152,0.957557,0.799778,0.28553,0.382837,0.340612,0.298415,0.279395,0.467363,0.400323,0.290214
0.322251,0.355643,0.412578,0.445523,0.362065,0.543639,0.262545,0.688035,0.221221,0.549083,0.463094,0.34743,0.504428,0.224835,0.435537,0.173065,0.704964,0.598126,0,0,0,0,0,0,0,0,0,0,0,0,0.287021,0.36924,0.340637,0.287527,0.276346,0.464571,0.398803,0.28208
0.323779,0.344763,0.412581,0.440078,0.358995,0.549061,0.270207,0.693494,0.216633,0.551783,0.466157,0.341975,0.501368,0.224832,0.432474,0.167599,0.704969,0.600843,0.669758,0.693488,0.802943,0.94417,0,0,0.732519,0.521834,0.923851,0.486416,0.959056,0.791627,0.288554,0.361108,0.342168,0.282064,0.282457,0.464635,0.398819,0.282021
0.326868,0.336533,0.412572,0.431914,0.354406,0.549062,0.27327,0.701665,0.210492,0.557251,0.47227,0.325642,0.482996,0.197588,0.404922,0.159407,0.706494,0.609025,0.669753,0.696225,0.804468,0.941469,0.917755,0.846085,0.73558,0.521832,0.923849,0.489161,0.959092,0.791616,0.290116,0.344755,0.346758,0.268444,0.287039,0.461864,0.400348,0.271158
0.329906,0.328374,0.411044,0.431904,0.352878,0.546364,0.27478,0.701642,0.207436,0.557245,0.472281,0.322926,0.492179,0.189397,0.401861,0.162139,0.708026,0.611741,0.67282,0.701651,0.804472,0.941462,0.91928,0.848801,0.738645,0.521833,0.923856,0.491814,0.960613,0.794344,0.29164,0.342,0.348287,0.262964,0.288576,0.464561,0.40338,0.268439
0.328399,0.317517,0.409508,0.431918,0.349819,0.546333,0.271743,0.696226,0.2044,0.554507,0.466162,0.325645,0.496778,0.205738,0.406458,0.162191,0.708024,0.603578,0.672813,0.698937,0.805997,0.941462,0.919283,0.846091,0.73558,0.519108,0.92389,0.491815,0.960639,0.79707,0.291654,0.339249,0.348266,0.257504,0.291642,0.46458,0.401849,0.260234
0.326875,0.317497,0.409508,0.431887,0.352871,0.538195,0.273263,0.696237,0.205926,0.554563,0.464621,0.322921,0.502897,0.205751,0.406463,0.164907,0.704964,0.603577,0,0,0,0,0,0,0,0,0,0,0,0,0.291625,0.339235,0.348258,0.254833,0.285527,0.456427,0.40492,0.260253
0.32838,0.322911,0.409522,0.434644,0.349805,0.549052,0.273251,0.701693,0.210508,0.557236,0.469213,0.328373,0.507481,0.208459,0.398812,0.170363,0.704961,0.59812,0.8259,0.26025,0.919284,0.494591,0.960616,0.827016,0,0,0,0,0,0,0.29013,0.341964,0.348261,0.260263,0.287057,0.461911,0.40185,0.268408
0.329906,0.320224,0.409529,0.431922,0.348276,0.549065,0.268681,0.701681,0.213551,0.5545,0.469211,0.322923,0.521285,0.254769,0,0,0.706499,0.595396,0.827434,0.252071,0.914687,0.500034,0.962137,0.824303,0,0,0,0,0,0,0.290131,0.339307,0.348258,0.260242,0.287044,0.461885,0.40185,0.268438
0.336019,0.314766,0.406458,0.43463,0.348274,0.546332,0.268685,0.698937,0.221227,0.546351,0.461572,0.33381,0.499838,0.216654,0.394224,0.189389,0.708027,0.587221,0.726398,0.494581,0.919278,0.508207,0.960605,0.82431,0,0,0,0,0,0,0.293191,0.33652,0.351339,0.254823,0.287048,0.456436,0.39879,0.257541
0.339113,0.312028,0.407989,0.431945,0.351341,0.54362,0.267164,0.696225,0.221221,0.535435,0.466159,0.322918,0.525848,0.249364,0.407972,0.192119,0.704962,0.589949,0,0,0,0,0,0,0.730988,0.527282,0.92235,0.502774,0.963687,0.802488,0.29774,0.331081,0.355927,0.252145,0.287062,0.450999,0.403401,0.260232
