0.603446,0.292622,0.370637,0.363462,0.263902,0.360708,0.404575,0.570521,0.690841,0.548697,0.472486,0.368895,0.530744,0.537829,0.695683,0.540568,0.414297,0.684973,0.317255,0.695873,0.380303,0.973793,0,0,0.506447,0.679524,0.758732,0.829388,0,0,0.550116,0.249036,0.632655,0.268102,0.307549,0.232622,0,0
0.603447,0.292617,0.394857,0.371592,0.273578,0.357965,0.152285,0.4806,0.365735,0.578699,0.521036,0.390694,0.540419,0.532377,0.71994,0.535103,0.428822,0.68495,0.326966,0.687693,0.370624,0.932939,0,0,0.530671,0.679542,0.768457,0.813039,0.516184,0.924726,0.550133,0.249036,0.637406,0.268095,0.307551,0.232634,0,0
0.588925,0.292619,0.394892,0.37161,0.26873,0.352545,0.137669,0.469691,0.360941,0.603217,0.521055,0.396137,0.530694,0.526952,0.734513,0.50243,0.462801,0.69315,0.360881,0.701299,0.443392,0.859349,0.385153,0.965613,0.559803,0.684975,0.753887,0.81572,0.487064,0.932936,0.535645,0.248965,0.622907,0.26809,0.297921,0.227231,0,0
0.579229,0.289895,0.394865,0.363463,0.25904,0.341661,0.127989,0.447916,0.390006,0.532375,0.5307,0.393387,0.550145,0.524212,0.719947,0.491535,0.467661,0.69042,0.365723,0.69314,0.482221,0.927484,0,0,0.593778,0.687688,0.744223,0.823932,0,0,0.53069,0.246242,0.61316,0.268049,0.293064,0.227195,0,0
0.564637,0.273516,0.448279,0.341647,0.259074,0.33075,0.0989631,0.420682,0.326956,0.464277,0.613199,0.352528,0.710225,0.40433,0,0,0.540378,0.676799,0.423989,0.676802,0.559823,0.922052,0,0,0.647171,0.668621,0.749038,0.845733,0,0,0.511291,0.232674,0.598717,0.251771,0.278463,0.224428,0,0
0.559899,0.265343,0.428793,0.352516,0.263833,0.330718,0.0989451,0.420677,0.322087,0.483319,0.574413,0.363437,0.656866,0.499687,0,0,0.569556,0.654983,0.467657,0.663179,0.598613,0.922044,0,0,0.681112,0.646839,0.753907,0.872979,0,0,0.511316,0.227165,0.598664,0.246296,0.273559,0.21355,0,0
0.584039,0.249018,0.467679,0.344358,0.293029,0.325286,0.113441,0.417913,0.360915,0.49151,0.627749,0.358012,0,0,0,0,0.554965,0.668626,0.448257,0.676791,0.627754,0.881148,0,0,0.690806,0.660451,0.632612,0.87571,0,0,0.521054,0.205433,0.608358,0.22714,0.283258,0.205396,0,0
0.579284,0.248987,0.477411,0.336211,0.297858,0.317139,0.118308,0.404352,0.370558,0.475172,0.656839,0.355264,0,0,0,0,0.554964,0.649547,0.448256,0.652278,0.613204,0.878432,0,0,0.681132,0.646809,0.554996,0.878438,0,0,0.521027,0.205433,0.608373,0.224471,0.283297,0.205373,0,0
0.584069,0.26802,0.467629,0.35797,0.288086,0.344385,0.123113,0.426087,0.409367,0.472435,0.652023,0.36075,0.690834,0.494228,0,0,0.467703,0.665905,0.35122,0.665894,0.511315,0.862073,0.360919,0.935644,0.584126,0.66589,0.7345,0.788494,0.472494,0.919291,0.525977,0.227226,0.613272,0.238138,0.293043,0.21905,0,0
0.584093,0.26807,0.453074,0.357939,0.268755,0.349816,0.108614,0.412471,0.409415,0.447924,0.637474,0.357998,0.700531,0.461521,0,0,0.462823,0.660457,0.346329,0.663159,0.404568,0.856622,0.331821,0.902955,0.574416,0.657729,0.758722,0.774876,0.491877,0.897487,0.530695,0.227217,0.618017,0.243528,0.293044,0.2109,0,0
0.579199,0.262652,0.428846,0.357976,0.21051,0.358006,0.127976,0.401591,0,0,0.642397,0.357934,0,0,0,0,0.453102,0.66861,0.32695,0.671337,0.385131,0.802142,0,0,0.579257,0.660459,0.753932,0.777626,0.525823,0.886628,0.530636,0.22177,0.613176,0.238103,0.292986,0.208139,0,0
0.588883,0.246257,0.419135,0.363441,0.186233,0.358003,0.0455189,0.905676,0,0,0.637447,0.358005,0.753907,0.654994,0,0,0.472487,0.687688,0.322093,0.690415,0,0,0,0,0.632625,0.687692,0,0,0,0,0.525819,0.20539,0.613235,0.219026,0.283318,0.202652,0,0
0.584123,0.229919,0.453109,0.347083,0.254164,0.336192,0.108597,0.35801,0.31723,0.227207,0.656856,0.352535,0.710238,0.543274,0,0,0.520998,0.660443,0.380276,0.665893,0.433664,0.960176,0,0,0.63747,0.654992,0.729636,0.829383,0.438539,0.922043,0.525903,0.189033,0.613235,0.208115,0.273581,0.183591,0,0
0.608315,0.202623,0.487091,0.314413,0.302711,0.300783,0.113468,0.322584,0.191143,0.0991416,0.695631,0.336181,0,0,0,0,0.559815,0.657725,0.419168,0.665891,0,0,0,0,0.695647,0.652261,0,0,0,0,0.54043,0.16449,0.637328,0.172681,0.297854,0.178111,0,0
0.613166,0.189047,0.482188,0.311669,0.302656,0.298055,0.113445,0.306199,0.0649341,0.110049,0.681138,0.330768,0.676196,0.55421,0,0,0.545313,0.684977,0.433686,0.684981,0.423956,0.949276,0,0,0.70051,0.684982,0,0,0,0,0.545335,0.150891,0.637439,0.164522,0.297774,0.175408,0,0
0.608345,0.180896,0.4773,0.303482,0.273577,0.278963,0.108598,0.29802,0.0139755,0.112752,0.686006,0.330746,0,0,0,0,0.535524,0.698575,0.390037,0.698578,0.404577,0.976516,0,0,0.656896,0.69858,0.700513,0.987419,0,0,0.535627,0.142769,0.637362,0.153625,0.292896,0.164497,0,0
0.598566,0.186315,0.448188,0.308943,0.234731,0.278963,0.108604,0.311654,0.0309688,0.115481,0.652011,0.336195,0.70054,0.548738,0,0,0.419104,0.6441,0.259022,0.644091,0,0,0,0,0.569532,0.649538,0,0,0,0,0.530691,0.14544,0.627812,0.164509,0.28331,0.15637,0,0
0.559854,0.2163,0.399692,0.317135,0.200785,0.298043,0.123128,0.311652,0.10858,0.134566,0.593806,0.347085,0,0,0,0,0.331793,0.66317,0.195943,0.649549,0,0,0,0,0.47249,0.671352,0,0,0,0,0.506459,0.172704,0.598712,0.197243,0.254254,0.164567,0,0
0.564774,0.210907,0.399707,0.317144,0.205618,0.298048,0.123131,0.300783,0.118272,0.134569,0.598647,0.344385,0.676292,0.537821,0,0,0.365782,0.638652,0.23478,0.638654,0,0,0,0,0.487043,0.635931,0.676315,0.769432,0,0,0.516146,0.170019,0.603438,0.194486,0.263882,0.164529,0,0
0.589015,0.202664,0.414334,0.314419,0.234759,0.292584,0.118345,0.300795,0.128057,0.129113,0.603525,0.341646,0.676361,0.750323,0,0,0.380323,0.649541,0.259055,0.654993,0.307558,0.919293,0,0,0.511332,0.64412,0.70058,0.766683,0.482213,0.853902,0.525899,0.159106,0.618067,0.17544,0.27357,0.161846,0,0
0.589011,0.202713,0.428781,0.317119,0.244483,0.292602,0.12314,0.306248,0.132847,0.137285,0.618025,0.347092,0.671491,0.750367,0.467696,0.856587,0.370657,0.652282,0.249362,0.657721,0.30758,0.902945,0.356056,0.883885,0.496767,0.649533,0.695736,0.761246,0.477359,0.856636,0.525895,0.161798,0.618035,0.178157,0.278377,0.164518,0,0
0.584085,0.202656,0.41429,0.308922,0.244484,0.284426,0.123118,0.306203,0.137753,0.139985,0.584087,0.330729,0.671421,0.496961,0,0,0.394867,0.641361,0.278443,0.641394,0.297806,0.908391,0.356051,0.859363,0.521021,0.638644,0.695672,0.755819,0.477374,0.856616,0.521061,0.159109,0.613261,0.172714,0.278376,0.161775,0,0
0.584034,0.191802,0.41915,0.306195,0.25413,0.27354,0.118326,0.303483,0.137721,0.137287,0.588918,0.328024,0.671401,0.513311,0,0,0.40457,0.635928,0.292942,0.635904,0.278407,0.913857,0.307509,0.881148,0.525856,0.638638,0.690791,0.758551,0.462775,0.870264,0.521013,0.150915,0.613179,0.16726,0.268734,0.156344,0,0
0.588984,0.178178,0.448273,0.303492,0.254192,0.276237,0.108623,0.300755,0.137785,0.129101,0.637522,0.328012,0.690832,0.502406,0,0,0.423988,0.635902,0.302629,0.633212,0.278452,0.927469,0,0,0.545278,0.635904,0.710175,0.774912,0.453087,0.875701,0.52107,0.137273,0.618065,0.150897,0.273604,0.148215,0,0
0.593851,0.167284,0.467644,0.298078,0.263868,0.270811,0.113418,0.292584,0.137719,0.123681,0.666603,0.328008,0,0,0,0,0.467673,0.646823,0.322093,0.64956,0.302668,0.927485,0,0,0.613194,0.644095,0.705428,0.791221,0.467667,0.889319,0.525843,0.126366,0.627795,0.145441,0.283269,0.145466,0,0
0.618092,0.139985,0.462815,0.2708,0.302697,0.262607,0.113441,0.278962,0.128039,0.118224,0.632597,0.298039,0,0,0,0,0.550097,0.641366,0.43368,0.644098,0.37544,0.938371,0,0,0.681121,0.63865,0.695701,0.832095,0,0,0.535554,0.107285,0.632549,0.104583,0.288168,0.139935,0,0
0.61318,0.126363,0.491892,0.262632,0.302709,0.254444,0.103761,0.289887,0.128063,0.118211,0.69085,0.281701,0,0,0,0,0.574395,0.633203,0.457956,0.638628,0.380295,0.922039,0,0,0.710258,0.630476,0.695671,0.82395,0.457923,0.913836,0.535512,0.0936821,0.632546,0.101835,0.292901,0.126383,0,0
0.598621,0.115447,0.472537,0.257156,0.307549,0.257189,0.0891969,0.295318,0.132847,0.112775,0.618071,0.249007,0,0,0,0,0.554965,0.649551,0.448234,0.652276,0.370623,0.932924,0,0,0.69568,0.652273,0,0,0,0,0.525908,0.0772899,0.618061,0.0773751,0.268716,0.112723,0,0
0.569505,0.178149,0.4385,0.311661,0.278435,0.303515,0.128062,0.322556,0.191089,0.148197,0.588929,0.314385,0,0,0,0,0.394892,0.638661,0.283292,0.641364,0.263865,0.935652,0,0,0.530739,0.635927,0.642339,0.753076,0.46277,0.875707,0.506461,0.139967,0.613182,0.159069,0.297823,0.16997,0,0
0.589006,0.202653,0.42398,0.306203,0.292968,0.300744,0.142636,0.322584,0.215313,0.161808,0.564723,0.314402,0,0,0,0,0.409417,0.619569,0.29295,0.614139,0.302691,0.802132,0.249298,0.92203,0.530768,0.622297,0.656844,0.736728,0.467689,0.875703,0.525802,0.153647,0.622913,0.167308,0.297852,0.167263,0,0
0.603485,0.175448,0.462739,0.311663,0.317233,0.298066,0.1426,0.325308,0.225027,0.159072,0.588949,0.325303,0,0,0,0,0.414274,0.625037,0.297842,0.619577,0.312402,0.815759,0,0,0.530739,0.630482,0.656895,0.742175,0.46277,0.878438,0.530816,0.140047,0.627698,0.15364,0.312371,0.16727,0,0
0.622936,0.167295,0.462756,0.308952,0.331792,0.298064,0.152292,0.328028,0.220168,0.16728,0.584081,0.327997,0,0,0,0,0.423989,0.641382,0.307538,0.641355,0.307542,0.88932,0.254153,0.935653,0.535564,0.641392,0.656844,0.753081,0.457946,0.881171,0.545225,0.140032,0.632606,0.145453,0.31721,0.167265,0,0
0.618069,0.169991,0.457903,0.311655,0.3221,0.30076,0.157114,0.328037,0.22502,0.169959,0.57922,0.325312,0,0,0,0,0.423946,0.641369,0.307551,0.641359,0.297797,0.88389,0.249287,0.938373,0.530721,0.641373,0.647227,0.766679,0.453122,0.894744,0.540409,0.142786,0.627707,0.145478,0.317207,0.169944,0,0
0.613167,0.172708,0.457918,0.314405,0.322099,0.303492,0.152296,0.330771,0.220197,0.169967,0.574407,0.32803,0,0,0,0,0.419163,0.644107,0.307488,0.644088,0.268728,0.916566,0.249269,0.930205,0.535521,0.646804,0.64236,0.772148,0.448222,0.894763,0.535608,0.145471,0.622946,0.150892,0.307571,0.172737,0,0
0.603523,0.167246,0.477316,0.333476,0.312407,0.311659,0.128043,0.330753,0.210461,0.172724,0.642273,0.360704,0,0,0,0,0.438522,0.665894,0.30755,0.663175,0.312421,0.72854,0.258982,0.946547,0.550162,0.665884,0.642389,0.777605,0.443407,0.900215,0.525905,0.140027,0.613248,0.142703,0.297896,0.170002,0,0
0.593804,0.142776,0.477407,0.300804,0.360916,0.27897,0.123124,0.330718,0.191037,0.167251,0.622889,0.32528,0,0,0,0,0.51132,0.674059,0.394845,0.676799,0.336652,0.949277,0,0,0.622939,0.671335,0,0,0,0,0.521068,0.118265,0.603542,0.120964,0.292996,0.16728,0,0
0.603501,0.110009,0.521017,0.265317,0.360908,0.240819,0.103745,0.327989,0.17169,0.145467,0.637446,0.268075,0,0,0,0,0.564709,0.660447,0.467626,0.652262,0.375433,0.927473,0,0,0.686002,0.646828,0.598666,0.864813,0,0,0.530728,0.0773692,0.59867,0.080094,0.302722,0.139997,0,0
0.603489,0.0936961,0.506452,0.257164,0.356068,0.229913,0.0989022,0.31168,0.147408,0.142744,0.642323,0.270794,0.0794976,0.314362,0.263857,0.140013,0.550173,0.641376,0.462754,0.644084,0.375417,0.913861,0,0,0.647162,0.641373,0.61323,0.832096,0.370605,0.922022,0.530686,0.0745693,0.593747,0.0746235,0.302693,0.123677,0.613214,0.126383
0.598553,0.0991312,0.472474,0.270824,0.293008,0.249002,0.0139596,0.328001,0.0842955,0.186306,0.632616,0.300797,0.632641,0.496949,0,0,0.419114,0.660439,0.29786,0.654994,0.254188,0.965622,0,0,0.530677,0.660439,0.618016,0.774917,0.419133,0.911112,0.520908,0.077341,0.579216,0.0773429,0.292864,0.139995,0.51617,0.142728
0.564732,0.145473,0.414301,0.314385,0.26872,0.287135,0.0139588,0.347098,0.113432,0.172683,0.550132,0.34164,0.6277,0.535136,0.5695,0.668606,0.360899,0.67405,0.239634,0.676778,0.210482,0.957449,0,0,0.467647,0.668604,0.584066,0.769425,0.423954,0.913836,0.487052,0.118217,0.569528,0.123676,0.254238,0.161781,0,0
0.569578,0.153622,0.419128,0.317126,0.288118,0.289882,0.0455143,0.349834,0.128052,0.170002,0.554976,0.352518,0,0,0,0,0.365723,0.66861,0.249333,0.663176,0.23958,0.941092,0.234757,0.954711,0.472459,0.665902,0.593757,0.766687,0.419136,0.908414,0.48708,0.12369,0.579241,0.129135,0.258969,0.161818,0,0
0.593838,0.150886,0.443406,0.317128,0.31725,0.295318,0.0989352,0.355296,0.161989,0.175439,0.559868,0.341657,0,0,0,0,0.37548,0.676778,0.273561,0.674065,0.225052,0.965631,0,0,0.482172,0.676789,0.608363,0.766735,0.423933,0.905666,0.516163,0.126368,0.589009,0.129091,0.29289,0.164567,0,0
0.598698,0.153613,0.443394,0.314404,0.331773,0.295325,0.123118,0.352518,0.176481,0.178153,0.55017,0.338909,0,0,0,0,0.3803,0.674047,0.278438,0.671332,0.225025,0.962894,0,0,0.482205,0.67407,0.608338,0.769427,0.423945,0.911128,0.521061,0.126384,0.593812,0.129134,0.292891,0.167234,0,0
0.598715,0.156367,0.448214,0.322554,0.331788,0.300747,0.128024,0.357965,0.191064,0.183608,0.559821,0.344357,0.60835,0.521478,0,0,0.385176,0.674073,0.283285,0.674055,0.229878,0.962895,0,0,0.487043,0.676773,0.589003,0.772188,0.419115,0.916584,0.52581,0.134538,0.598637,0.137278,0.288103,0.169947,0,0
0.598701,0.156374,0.453065,0.33073,0.336639,0.303476,0.123139,0.360688,0.186249,0.194493,0.564689,0.355252,0.613201,0.507858,0,0,0.385188,0.676786,0.283291,0.674069,0.229898,0.962885,0,0,0.487048,0.676805,0.588985,0.774877,0.419101,0.91929,0.525809,0.134542,0.598611,0.137293,0.288062,0.172679,0,0
0.588941,0.15635,0.453096,0.325286,0.307569,0.298069,0.0988939,0.363472,0.157109,0.199934,0.584093,0.355252,0.613197,0.556903,0.593803,0.758539,0.404568,0.679513,0.292957,0.676792,0.220176,0.965633,0,0,0.520991,0.679528,0.574376,0.793963,0.399734,0.927458,0.516175,0.129088,0.588959,0.1373,0.268752,0.167278,0,0
0.574362,0.145463,0.453086,0.31711,0.312379,0.295305,0.0843838,0.363468,0.152253,0.199957,0.564671,0.330749,0,0,0,0,0.39975,0.676807,0.292979,0.676777,0.23958,0.968335,0,0,0.520998,0.679507,0.554977,0.807598,0.394891,0.954733,0.506441,0.120931,0.579217,0.134543,0.268692,0.167254,0,0
0.569563,0.115462,0.4628,0.298029,0.307494,0.265361,0.0746201,0.352546,0.137745,0.17543,0.618037,0.319854,0.637463,0.510583,0.627761,0.663168,0.428823,0.674078,0.302665,0.668628,0.249279,0.971058,0,0,0.54527,0.679523,0.419146,0.973784,0,0,0.491889,0.0909513,0.579201,0.101861,0.283269,0.153629,0,0
0.55985,0.10188,0.45796,0.28987,0.292991,0.25719,0.0406665,0.349822,0.123151,0.180873,0.618078,0.314394,0.627762,0.499685,0,0,0.423964,0.676793,0.297798,0.668624,0.22992,0.973795,0,0,0.540436,0.684972,0.414292,0.971068,0,0,0.477369,0.0773382,0.559858,0.0827848,0.268753,0.148192,0,0
0.516137,0.0746101,0.419116,0.273519,0.234759,0.259892,0.0261102,0.349819,0.021305,0.246283,0.574378,0.289877,0,0,0,0,0.370623,0.660441,0.259003,0.65499,0.210502,0.932925,0,0,0.472523,0.671333,0.38515,0.965606,0,0,0.428794,0.0636903,0,0,0.229894,0.15908,0,0
0.467594,0.0745963,0.375424,0.276254,0.210493,0.257161,0.0261601,0.379798,0,0,0.535595,0.303506,0,0,0,0,0.30755,0.684953,0.210487,0.682255,0.20563,0.968351,0,0,0.448252,0.68496,0.380345,0.965619,0,0,0.390016,0.0637367,0,0,0.205585,0.142717,0,0
0.491871,0.0964388,0.394843,0.300784,0.258996,0.287153,0.0164951,0.35802,0.098946,0.183604,0.525876,0.308946,0,0,0,0,0.317218,0.684984,0.210459,0.69041,0.200828,0.976509,0,0,0.433668,0.684966,0.472524,0.834843,0,0,0.404629,0.0773752,0,0,0.205699,0.164487,0,0
0.525814,0.112748,0.389999,0.306239,0.283256,0.298055,0.0164299,0.363421,0.128,0.19995,0.501622,0.317128,0,0,0,0,0.317243,0.690419,0.215375,0.695862,0.20562,0.979246,0,0,0.423991,0.687687,0.482265,0.832073,0.370583,0.994258,0.438554,0.0936533,0.525945,0.110028,0.210479,0.164555,0,0
0.525926,0.118199,0.399738,0.311662,0.28328,0.303516,0.0164364,0.363441,0.128055,0.202664,0.53072,0.319838,0,0,0,0,0.322097,0.695854,0.220183,0.701308,0.205689,0.984688,0,0,0.433663,0.690435,0.491905,0.829402,0,0,0.443356,0.0991288,0,0,0.215372,0.169964,0,0
0.535598,0.123686,0.394873,0.319856,0.288087,0.30622,0.0163993,0.366144,0.12317,0.199959,0.5113,0.336204,0,0,0,0,0.326921,0.701307,0.23472,0.70676,0.210444,0.981963,0,0,0.423989,0.695859,0.491942,0.832109,0.375423,0.995623,0.453141,0.107335,0.535561,0.118218,0.229942,0.175457,0,0
0.535625,0.129101,0.404571,0.328021,0.283279,0.308926,0.016421,0.371607,0.108634,0.194515,0.530713,0.349827,0.521014,0.625021,0.482195,0.796685,0.312391,0.712222,0.215332,0.717669,0.210451,0.987413,0,0,0.423986,0.712211,0.496727,0.829401,0.370636,0.995615,0.453115,0.110002,0.535618,0.120942,0.22989,0.172721,0,0
0.535542,0.129115,0.380339,0.325304,0.254176,0.300778,0.0164621,0.37161,0,0,0.51615,0.352536,0.467643,0.665895,0.45795,0.864806,0.307548,0.70677,0.210514,0.717671,0.21053,0.97926,0,0,0.409418,0.701305,0.491885,0.829418,0,0,0.448306,0.107311,0.535553,0.118217,0.220216,0.169997,0,0
0.530656,0.12367,0.365788,0.31713,0.229889,0.295318,0.0164351,0.374327,0.0165067,0.246282,0.501596,0.34438,0,0,0,0,0.30754,0.698595,0.205689,0.704054,0.210528,0.979236,0,0,0.409407,0.693146,0.48708,0.82939,0.370649,0.992894,0.443449,0.104594,0.530791,0.118178,0.215403,0.167269,0,0
0.52589,0.120902,0.360872,0.314407,0.205657,0.287133,0.0212364,0.35528,0.0164512,0.197226,0.487077,0.347085,0.453079,0.633193,0.467646,0.813034,0.302689,0.704031,0.200788,0.709497,0.210539,0.973819,0,0,0.40939,0.698577,0.487086,0.823931,0.370601,0.992854,0.44331,0.101841,0.530729,0.115501,0.215317,0.164506,0,0
0.52586,0.118231,0.36086,0.311686,0.205638,0.284417,0.0212414,0.355256,0.016418,0.191759,0.49191,0.341662,0.462785,0.633196,0.457953,0.848457,0.302666,0.693142,0.200773,0.698602,0.215317,0.971091,0,0,0.404586,0.687715,0.487059,0.823899,0.370571,0.992887,0.443305,0.101836,0.530699,0.115482,0.215277,0.161807,0,0
0.530682,0.118251,0.36086,0.311674,0.2105,0.281705,0.0212103,0.352527,0.0164633,0.189056,0.482181,0.341652,0.448242,0.654994,0.448248,0.870254,0.307511,0.69043,0.205597,0.698589,0.215288,0.976515,0,0,0.414255,0.68768,0.487136,0.8185,0.370686,0.987398,0.443391,0.0991791,0.530662,0.110036,0.21058,0.161814,0,0
0.530783,0.120933,0.365717,0.311686,0.215368,0.281711,0.021235,0.349805,0.0212203,0.183595,0.491897,0.344372,0.453087,0.66862,0.409428,0.976521,0.307547,0.69315,0.20561,0.698598,0.21056,0.976534,0,0,0.414311,0.687705,0.491915,0.818434,0.375418,0.98743,0.448176,0.101846,0.530695,0.112752,0.215383,0.161838,0,0
0.545239,0.126379,0.365708,0.311669,0.22022,0.281683,0.0165088,0.344373,0.0164914,0.175426,0.4822,0.341638,0.44823,0.663173,0.394872,0.97652,0.31241,0.693134,0.210483,0.695876,0.215318,0.979239,0,0,0.423988,0.687714,0.491933,0.81844,0.375545,0.979263,0.46283,0.104567,0.540455,0.118222,0.225013,0.159042,0,0
0.550155,0.126403,0.360852,0.308933,0.225023,0.276257,0.0165279,0.338932,0.0164673,0.169982,0.472514,0.336203,0.443393,0.652271,0.30753,0.984695,0.312369,0.690417,0.205687,0.693155,0.215342,0.976511,0,0,0.419155,0.68768,0.496789,0.813057,0.380277,0.973827,0.472452,0.101895,0.545288,0.118201,0.229906,0.150923,0,0
0.569505,0.134558,0.360849,0.306223,0.220195,0.276249,0.0165509,0.336193,0.016472,0.169952,0.472494,0.330763,0.0358212,0.646824,0.263862,0.981973,0.317225,0.693152,0.210484,0.698597,0.220171,0.976508,0,0,0.428855,0.690402,0.511286,0.804887,0.394858,0.971051,0.487004,0.101908,0.564688,0.112784,0.244463,0.139988,0,0
0.569533,0.139988,0.360923,0.308934,0.220192,0.278968,0.0212953,0.325311,0.0212213,0.167229,0.477381,0.338927,0.370576,0.641375,0,0,0.317234,0.690409,0.210484,0.693143,0.220203,0.9738,0,0,0.433666,0.687682,0.511301,0.807581,0.390044,0.968369,0.487097,0.104602,0.569564,0.118231,0.249228,0.137255,0,0
0.453083,0.169948,0.249296,0.295303,0.123126,0.270798,0.482202,0.37163,0.778179,0.358005,0.389997,0.303492,0.545288,0.385244,0.787848,0.360709,0.27844,0.537832,0.161975,0.543282,0.195915,0.649546,0,0,0.38034,0.526924,0.739335,0.537818,0.994107,0.728582,0.385187,0.142684,0.462739,0.140028,0.186179,0.164526,0,0
0.47242,0.167284,0.288137,0.29531,0.176529,0.268079,0.525845,0.382511,0.787855,0.363429,0.409436,0.306221,0.550139,0.390675,0.792711,0.363421,0.297844,0.535099,0.200785,0.526929,0.215373,0.649545,0,0,0.428842,0.537821,0.768469,0.578693,0.938304,0.780342,0.399748,0.142763,0.477314,0.145462,0.195958,0.16728,0,0
0.477292,0.186308,0.307523,0.295302,0.210492,0.265353,0.574384,0.393412,0.807345,0.371629,0.419111,0.308963,0.603521,0.387951,0.816998,0.371607,0.322075,0.55963,0.268725,0.567809,0.783048,0.562344,0.994088,0.772151,0,0,0,0,0,0,0.414322,0.159105,0.482165,0.169998,0.215316,0.180888,0,0
0.49197,0.189039,0.370607,0.303498,0.215368,0.265351,0.632602,0.401571,0.816986,0.371626,0.50161,0.336191,0.652032,0.401572,0.83641,0.366151,0.380309,0.548735,0.259015,0.545987,0.278435,0.709497,0,0,0.506463,0.551441,0.787878,0.554167,0.914023,0.709483,0.443384,0.16453,0.511316,0.169985,0.249291,0.199976,0,0
0.496809,0.183563,0.375487,0.298076,0.200824,0.265364,0.0212502,0.322565,0.0212493,0.249003,0.550132,0.336198,0,0,0,0,0.380362,0.535111,0.25414,0.521486,0.283261,0.701326,0,0,0.540442,0.540568,0.792684,0.565069,0.889747,0.695855,0.443393,0.161826,0.52098,0.169981,0.254207,0.202698,0,0
0.511311,0.189035,0.453038,0.314388,0.259059,0.311642,0.094081,0.377051,0,0,0.666606,0.306235,0,0,0,0,0.43851,0.554191,0,0,0,0,0,0,0.593844,0.556924,0.831535,0.611426,0.642289,0.793963,0.443387,0.180893,0,0,0.263902,0.246263,0,0
0.487208,0.186404,0.467649,0.322571,0.288138,0.317113,0.123141,0.398862,0.064994,0.270787,0.652014,0.328024,0,0,0,0,0.472509,0.562349,0.341524,0.556905,0,0,0,0,0.598676,0.562369,0.860661,0.644085,0.579216,0.837543,0.419146,0.183604,0,0,0.263863,0.257174,0,0
0.39479,0.229906,0.472518,0.363458,0.346371,0.401594,0.137694,0.469705,0.0212912,0.360707,0.642307,0.344374,0,0,0,0,0.753907,0.638636,0.627731,0.652268,0.710234,0.826673,0,0,0.889747,0.619573,0.994087,0.897506,0,0,0.307576,0.246305,0,0,0.249292,0.357953,0,0
