0.214821,0.235782,0.265705,0.437388,0.241758,0.628122,0.348022,0.848849,0.439321,0.919685,0.292647,0.25483,0.449796,0.339299,0.511155,0.230311,0.545589,0.562738,0.536603,0.660825,0.711723,0.669005,0.889831,0.756201,0.562051,0.461915,0.719213,0.399243,0.867376,0.611786,0.192353,0.271189,0.192357,0.241212,0.175901,0.442799,0,0
0.213316,0.238507,0.271686,0.431933,0.246248,0.603602,0.333054,0.8461,0.430341,0.884259,0.288157,0.2521,0.446806,0.336567,0.506679,0.243917,0.536607,0.560003,0.529121,0.658095,0.695258,0.669001,0.891337,0.753462,0.547083,0.459189,0.717707,0.399254,0.8614,0.598155,0.189372,0.273878,0.189391,0.246614,0.175906,0.445518,0,0
0.21182,0.238481,0.262711,0.437394,0.240253,0.609052,0.309104,0.824317,0.409391,0.876082,0.28815,0.257559,0.446804,0.344752,0.509676,0.249409,0.5411,0.565447,0.535108,0.660831,0.696754,0.671726,0.891328,0.753472,0.557564,0.461914,0.711719,0.396518,0.859897,0.595426,0.187882,0.273901,0.186387,0.249336,0.172914,0.445575,0,0
0.205835,0.246616,0.264213,0.429231,0.238758,0.584533,0.28815,0.78344,0.352512,0.857017,0.286659,0.25755,0.445312,0.371991,0.509647,0.252127,0.539606,0.570899,0.532116,0.666267,0.704237,0.682623,0.89133,0.75347,0.553072,0.472818,0.70274,0.385621,0.85541,0.565459,0.186358,0.276651,0.184896,0.249339,0.171402,0.44829,0,0
0.205839,0.246632,0.264197,0.437398,0.241761,0.592709,0.295635,0.805238,0.333052,0.878815,0.286657,0.26301,0.446809,0.374732,0.508177,0.252082,0.547083,0.568189,0.538107,0.663555,0.725193,0.707146,0.897314,0.748009,0.55756,0.470096,0.705733,0.382902,0.856907,0.538217,0.184889,0.276664,0.183368,0.249384,0.17139,0.448303,0,0
0.204347,0.243918,0.265704,0.431942,0.244747,0.57091,0.261212,0.764362,0.295635,0.865178,0.291146,0.257563,0.419865,0.235758,0.490209,0.154016,0.530619,0.562736,0.517152,0.660823,0.657841,0.649924,0.895821,0.742573,0.541099,0.46192,0.692266,0.361092,0.861396,0.497336,0.183359,0.276595,0.181872,0.249328,0.169903,0.448297,0,0
0.205841,0.243934,0.268695,0.431942,0.241754,0.581806,0.259712,0.775268,0.288155,0.886988,0.298631,0.254825,0.437826,0.22213,0.514153,0.15945,0.560557,0.576363,0.545587,0.682623,0.849423,0.756188,0.91677,0.715324,0.56654,0.472813,0.698252,0.358375,0.8599,0.497338,0.183363,0.276621,0.181889,0.249362,0.169893,0.450994,0,0
0.20733,0.246638,0.268696,0.442839,0.243253,0.576355,0.262709,0.786166,0.301622,0.873357,0.298628,0.265732,0.431839,0.246651,0.512662,0.178537,0.535113,0.579077,0.523138,0.679895,0.692263,0.677177,0.897316,0.72622,0.553072,0.472816,0.692268,0.358367,0.862888,0.472817,0.181872,0.279326,0.178885,0.249418,0.166911,0.456462,0,0
0.205842,0.249349,0.268696,0.451016,0.246244,0.609053,0.28516,0.851557,0.310602,0.908781,0.298633,0.27118,0.439322,0.252101,0.517153,0.173089,0.542594,0.581803,0.52613,0.68535,0.690769,0.674445,0.898816,0.718049,0.557563,0.475538,0.690774,0.361092,0.862894,0.472814,0.181869,0.279395,0.178901,0.252091,0.166906,0.459165,0,0
0.205838,0.249344,0.2657,0.453734,0.250732,0.630852,0.315092,0.993251,0,0,0.291147,0.287523,0.422859,0.249381,0.515656,0.200338,0.536608,0.617227,0.526131,0.734392,0.635392,0.660819,0.901806,0.72622,0.545588,0.494613,0.69077,0.385617,0.870377,0.467368,0.181879,0.279368,0.178902,0.252079,0.16691,0.456485,0,0
0.205838,0.246643,0.261212,0.464646,0.250736,0.647204,0.352512,0.994613,0,0,0.285158,0.287523,0.421359,0.249379,0.49919,0.197608,0.547084,0.606328,0.53062,0.715322,0.683287,0.66082,0.901807,0.723497,0.557562,0.491888,0.696753,0.391069,0.889833,0.467365,0.181883,0.279323,0.180381,0.249417,0.16692,0.453763,0,0
0.204331,0.243917,0.262715,0.453741,0.24924,0.639024,0.357001,0.994616,0,0,0.286651,0.27118,0.419864,0.243929,0.511162,0.194888,0.554568,0.589982,0.536609,0.698969,0.702744,0.658097,0.87337,0.679897,0.565048,0.480993,0.696754,0.385624,0.870377,0.44829,0.181881,0.273929,0.180386,0.249367,0.169908,0.45101,0,0
0.204337,0.238468,0.264203,0.45919,0.250737,0.641749,0.355507,0.994614,0,0,0.283662,0.284806,0.421361,0.222135,0.515655,0.194887,0.575521,0.57908,0.551574,0.68535,0.744652,0.633579,0.856906,0.641754,0.574024,0.470093,0.680293,0.371995,0.852416,0.47554,0.181876,0.273883,0.177411,0.24937,0.169914,0.450991,0,0
0.204331,0.23574,0.252233,0.431954,0.237269,0.554562,0,0,0,0,0.27618,0.29843,0,0,0,0,0,0,0,0,0,0,0,0,0,0,0,0,0,0,0.178884,0.271196,0.175925,0.246673,0.168419,0.448282,0,0
0.202846,0.235737,0.255225,0.43739,0.243251,0.598155,0.303119,0.878806,0.371967,0.99325,0.271693,0.271181,0.422855,0.233033,0.50967,0.243921,0.526128,0.549107,0.509666,0.649924,0.657842,0.527308,0,0,0.53511,0.440118,0.680292,0.284803,0.800031,0.3284,0.17591,0.271171,0.174431,0.246671,0.165408,0.448259,0,0
0.193865,0.243929,0.252229,0.418311,0.229777,0.560015,0.25223,0.764369,0.313602,0.837925,0.270197,0.260278,0.430341,0.350199,0.491701,0.249354,0.493207,0.54911,0.488711,0.63903,0.692269,0.442851,0,0,0.4962,0.467361,0,0,0,0,0.174386,0.276661,0.174392,0.243946,0.160951,0.453741,0,0
0.189381,0.243941,0.249236,0.42377,0.222297,0.554567,0.243254,0.862454,0.246242,0.78889,0.271688,0.26301,0.410885,0.200334,0.466263,0.12676,0.539602,0.494612,0.526129,0.600879,0.714717,0.554554,0,0,0.544092,0.377445,0.635391,0.263004,0.820984,0.355644,0.168419,0.273897,0.168419,0.241191,0.150433,0.450993,0,0
0.193858,0.246667,0.253723,0.423762,0.237264,0.570908,0.252231,0.810692,0.267198,0.829761,0.265699,0.254821,0.409387,0.200334,0.46327,0.121321,0.553071,0.527311,0.526133,0.641748,0.755129,0.668999,0,0,0.551575,0.426494,0,0,0,0,0.172921,0.276611,0.172924,0.246627,0.157949,0.456473,0,0
0.201346,0.252056,0.261215,0.434671,0.246247,0.587255,0.313596,0.85973,0,0,0.274682,0.252094,0.385439,0.192158,0.443817,0.118582,0.536609,0.549107,0.524635,0.655377,0.702745,0.677175,0.87337,0.753465,0.560556,0.445565,0.746146,0.456473,0.913778,0.570909,0.184865,0.284809,0.184865,0.246679,0.166909,0.464645,0,0
0.228286,0.268425,0.264197,0.464637,0.246246,0.652643,0.325573,0.829761,0.446806,0.886989,0.286651,0.252121,0.410884,0.246657,0.476737,0.175812,0.548581,0.565451,0.538103,0.660834,0.68628,0.674453,0,0,0.56205,0.459196,0.740158,0.399242,0.886835,0.56819,0.208842,0.309289,0.21333,0.257558,0.183382,0.491884,0,0
0.234254,0.271182,0.258217,0.478267,0.253728,0.660826,0.362986,0.859732,0.499191,0.936032,0.273185,0.271179,0.385439,0.216682,0.460277,0.143115,0.538105,0.562727,0.532116,0.666273,0.71771,0.6799,0.855409,0.688076,0.542595,0.459187,0.740161,0.412874,0.871871,0.579078,0.207334,0.309298,0.213328,0.257558,0.172908,0.491899,0,0
0.208838,0.254864,0.262711,0.461906,0.25073,0.660833,0.370471,0.867909,0.506673,0.936038,0.280677,0.252088,0.400405,0.219407,0,0,0.526129,0.565456,0.517154,0.666273,0.72071,0.382886,0,0,0.532118,0.453746,0.717718,0.385626,0,0,0.180388,0.312079,0.192346,0.249353,0.162418,0.489214,0,0
0.207323,0.254859,0.262705,0.464646,0.252234,0.658102,0.368974,0.870644,0.493204,0.941481,0.277676,0.254821,0.400407,0.233035,0.415369,0.0777212,0.529125,0.570906,0.520144,0.668998,0,0,0,0,0.538105,0.461917,0.693765,0.363819,0.813505,0.61723,0.171412,0.31475,0.186391,0.249371,0.157924,0.494625,0,0
0.211822,0.276622,0.262712,0.448287,0.23877,0.647195,0.318089,0.818859,0.454284,0.91423,0.27917,0.257566,0,0,0,0,0,0,0,0,0,0,0,0,0,0,0,0,0,0,0.171434,0.32839,0.187895,0.254854,0.153445,0.505494,0,0
0.213316,0.273933,0.256717,0.44556,0.231275,0.633578,0.28965,0.786161,0.380947,0.805236,0.276183,0.263005,0.434832,0.235757,0.490209,0.145842,0.524635,0.513685,0.505178,0.630855,0.56804,0.614505,0.734175,0.510961,0.536609,0.385621,0.633894,0.263005,0,0,0.171395,0.331095,0.187894,0.254851,0.153462,0.51096,0,0
0.214809,0.27394,0.255226,0.453737,0.228284,0.598155,0.253729,0.767091,0.361492,0.772539,0.282163,0.276623,0.419866,0.241207,0.485718,0.154017,0.527629,0.489165,0.506672,0.603603,0.57253,0.57363,0.75513,0.46464,0.538104,0.374719,0.64138,0.284805,0.806016,0.366547,0.169925,0.333857,0.187879,0.257567,0.154936,0.510965,0,0
0.222298,0.295678,0.274681,0.453738,0.247738,0.606327,0.28965,0.772538,0.382447,0.802516,0.30162,0.303877,0.313595,0.143114,0.30312,0.0232229,0.569535,0.551826,0.536607,0.663547,0.752136,0.660831,0.895819,0.674449,0.572529,0.451018,0.759619,0.456461,0.912286,0.562735,0.189379,0.342002,0.204336,0.276651,0.16542,0.48645,0,0
0.216315,0.317499,0.264205,0.470089,0.250733,0.658094,0.352512,0.758926,0.44831,0.726209,0.289647,0.325678,0.368974,0.216681,0,0,0.562052,0.570906,0.542595,0.693522,0,0,0,0,0.562053,0.434667,0,0,0,0,0.186377,0.369275,0.190871,0.295708,0.168414,0.549105,0,0
0.244746,0.342019,0.30162,0.453735,0.270192,0.628127,0.301622,0.810687,0.36299,0.777989,0.309105,0.265732,0.47225,0.263005,0,0,0.578516,0.551833,0.566543,0.652655,0.743153,0.660825,0.912285,0.679901,0.583008,0.451019,0.75962,0.464637,0.916773,0.568181,0.208816,0.377434,0.220799,0.298419,0.192362,0.543657,0,0
0.250734,0.342023,0.310605,0.47282,0.304613,0.66355,0.355505,0.837937,0.370473,0.797064,0.315097,0.298432,0.472248,0.162187,0,0,0.587496,0.560012,0.581509,0.658099,0.750638,0.658105,0.903305,0.666275,0.591985,0.459185,0.77758,0.448291,0.921265,0.56273,0.222304,0.382907,0.235766,0.309314,0.210319,0.540933,0,0
0.253724,0.32023,0.298627,0.480993,0.286653,0.698975,0.368973,0.82703,0.431835,0.786169,0.3121,0.287525,0.439322,0.205785,0,0,0.583004,0.565451,0.568041,0.660829,0,0,0,0,0.586,0.467363,0.764109,0.445568,0.930246,0.568181,0.201336,0.363809,0.216302,0.282062,0.189361,0.540918,0,0
0.222295,0.30929,0.29564,0.461915,0.270191,0.65265,0.337548,0.829754,0.413885,0.767097,0.316582,0.268461,0.430342,0.216685,0.470751,0.0831665,0.575524,0.554559,0.559058,0.658107,0.711725,0.644477,0.868882,0.666276,0.583008,0.451016,0.752137,0.440116,0.888338,0.570911,0.198346,0.344792,0.210324,0.282084,0.19086,0.527298,0,0
0.244749,0.306619,0.29564,0.467369,0.265705,0.660837,0.334546,0.816142,0.416875,0.769818,0.313603,0.279351,0.43932,0.200335,0.51417,0.257549,0.562051,0.554555,0.551573,0.65538,0.701249,0.619953,0.865886,0.658104,0.580011,0.451013,0.750641,0.434665,0.87786,0.55728,0.202841,0.347487,0.219308,0.282061,0.19087,0.51912,0,0
0.243253,0.298434,0.297136,0.464631,0.274682,0.655379,0.336043,0.816143,0.418366,0.805247,0.313596,0.27936,0.472251,0.325674,0.520148,0.257547,0.556064,0.568185,0.538106,0.666272,0.665325,0.56273,0.861397,0.565452,0.57702,0.470092,0.707233,0.377446,0.859901,0.538209,0.213316,0.342044,0.225296,0.28211,0.199831,0.519127,0,0
0.25672,0.314766,0.309104,0.440114,0.28666,0.609053,0.331554,0.79162,0.416875,0.865181,0.315091,0.26846,0.494699,0.347474,0.520141,0.249385,0.593482,0.540938,0.58151,0.65538,0.759618,0.663546,0,0,0.615935,0.426489,0.82697,0.475536,0.985623,0.554559,0.225295,0.344759,0.237256,0.29571,0.214803,0.521853,0,0
0.24774,0.303875,0.30911,0.440113,0.291148,0.622678,0.342035,0.810692,0.445307,0.85156,0.319584,0.25211,0.497694,0.306601,0.574026,0.154015,0.586002,0.551836,0.575521,0.655373,0.759618,0.671723,0.975146,0.666274,0.596475,0.445569,0.767102,0.456471,0.933237,0.549107,0.232781,0.344738,0.237259,0.301158,0.216315,0.527304,0,0
0.241754,0.306611,0.306111,0.442838,0.289652,0.630854,0.351014,0.827035,0.460279,0.854278,0.315095,0.26028,0.511165,0.271181,0.580011,0.151292,0.591988,0.551832,0.57702,0.652647,0.758121,0.652649,0.918271,0.693523,0.614437,0.448291,0.806018,0.453744,0.931742,0.570906,0.223795,0.342041,0.229778,0.309323,0.213316,0.521853,0,0
0.264194,0.29844,0.30462,0.440117,0.282167,0.619952,0.349514,0.813428,0.461772,0.848838,0.315095,0.271179,0.493203,0.257555,0.580012,0.15946,0.581508,0.551832,0.556064,0.655374,0.734175,0.625401,0.9048,0.655377,0.590492,0.44557,0.785064,0.440113,0.912286,0.584529,0.214821,0.336588,0.23426,0.268443,0.207332,0.51644,0,0
0.25223,0.284819,0.301624,0.434682,0.28067,0.622678,0.345034,0.799788,0.449796,0.794343,0.316595,0.260293,0.475245,0.328401,0.521641,0.25755,0.553072,0.546379,0.530622,0.652654,0.615934,0.562731,0.831461,0.464642,0.574025,0.442842,0.677299,0.339299,0,0,0.21181,0.325684,0.220806,0.260293,0.205839,0.516378,0,0
0.247743,0.309296,0.306115,0.44829,0.286659,0.630854,0.346527,0.788879,0.433338,0.750749,0.316585,0.273909,0.50368,0.358375,0.518646,0.243926,0.588993,0.554562,0.578514,0.660831,0.750641,0.647205,0.948205,0.690799,0.605456,0.451015,0.786561,0.448294,0.936232,0.530034,0.225288,0.350188,0.232783,0.287542,0.211821,0.527295,0,0
0.252226,0.317515,0.304617,0.451021,0.291142,0.644482,0.361496,0.799783,0.466268,0.756198,0.315083,0.279358,0.478236,0.342019,0.511174,0.263004,0.584503,0.540933,0.575524,0.649926,0.716214,0.619954,0.901807,0.669001,0.59049,0.437386,0.771592,0.437389,0.921264,0.538209,0.232769,0.361069,0.235763,0.295699,0.213307,0.538224,0,0
0.243252,0.312044,0.300123,0.456464,0.288145,0.66356,0.367474,0.805234,0.475245,0.756191,0.315097,0.279336,0.479733,0.342021,0.512657,0.26573,0.593482,0.543654,0.585997,0.644473,0.746147,0.63903,0.879356,0.663553,0.609944,0.44012,0.788058,0.44284,0.927253,0.538217,0.222312,0.358379,0.23127,0.292947,0.205839,0.538195,0,0
0.253716,0.298465,0.294135,0.464626,0.268692,0.647194,0.351018,0.799774,0.455781,0.805256,0.312105,0.273932,0.428843,0.287536,0.464768,0.121328,0.574024,0.554562,0.556064,0.655375,0.684784,0.56546,0.856907,0.489167,0.584503,0.451012,0,0,0,0,0.210346,0.342008,0.228287,0.279388,0.199854,0.524558,0,0
0.24475,0.295714,0.298634,0.459179,0.274682,0.649926,0.362979,0.797065,0.461774,0.79707,0.313587,0.276611,0.445306,0.292978,0.460279,0.132214,0.56654,0.568176,0.554568,0.663543,0,0,0,0,0.577021,0.46191,0,0,0,0,0.211823,0.339313,0.220809,0.282061,0.207345,0.52187,0,0
0.243262,0.298405,0.291149,0.46463,0.265701,0.630849,0.357007,0.797072,0.45728,0.791629,0.312095,0.276615,0.41837,0.292986,0.514152,0.282077,0.562052,0.532765,0.541101,0.644471,0.663827,0.527306,0.815,0.388329,0.580015,0.43194,0.788053,0.252104,0,0,0.210338,0.339315,0.222294,0.276658,0.204337,0.519159,0,0
0.237267,0.292952,0.288157,0.464631,0.262707,0.639029,0.348017,0.79707,0.440825,0.799776,0.313586,0.268459,0.349524,0.145834,0,0,0.550079,0.538214,0.53511,0.649929,0.615933,0.573639,0.770096,0.3502,0.568037,0.429215,0,0,0,0,0.202851,0.339252,0.216295,0.276634,0.195365,0.519125,0,0
0.23577,0.298405,0.291149,0.467358,0.265702,0.658095,0.342037,0.805246,0.437827,0.810678,0.310597,0.268453,0.449797,0.26301,0.439326,0.104957,0.556066,0.535486,0.536611,0.641754,0.639881,0.546382,0.79554,0.377441,0.569537,0.426495,0,0,0,0,0.201361,0.342045,0.214814,0.279358,0.195358,0.521837,0,0
0.232782,0.303866,0.288152,0.453734,0.264203,0.628128,0.337549,0.805237,0.433327,0.805224,0.307614,0.265734,0.449801,0.260284,0.436331,0.102237,0.541098,0.527308,0.533615,0.630853,0.602463,0.579083,0.803023,0.456468,0.557562,0.423766,0.654848,0.331124,0.838945,0.290252,0.202852,0.344731,0.216309,0.27935,0.19833,0.521854,0,0
0.237259,0.301171,0.288151,0.46465,0.26421,0.617234,0.336048,0.794344,0.431834,0.827031,0.306106,0.271176,0.434831,0.263006,0.433346,0.102231,0.577018,0.554555,0.557563,0.66082,0.749142,0.584529,0,0,0.585998,0.45374,0,0,0,0,0.207342,0.344788,0.216315,0.282102,0.199861,0.524591,0,0
0.241754,0.312061,0.304613,0.472806,0.289647,0.663553,0.362984,0.821591,0.445305,0.854289,0.310605,0.257563,0.452791,0.243932,0,0,0.602463,0.57091,0.587495,0.679896,0.850919,0.750743,0.961676,0.748015,0.620423,0.459189,0.846429,0.502789,0.96018,0.592708,0.220816,0.350186,0.229771,0.290248,0.211809,0.530014,0,0
0.250732,0.309349,0.307604,0.475547,0.289649,0.682618,0.371972,0.837939,0.448299,0.86791,0.312101,0.271176,0.47075,0.254832,0.518647,0.249378,0.612941,0.570912,0.600966,0.679895,0.85541,0.731667,0,0,0.621919,0.461919,0.812005,0.475543,0.985624,0.557281,0.223809,0.347491,0.234291,0.284792,0.216317,0.530053,0,0
0.246242,0.314785,0.297133,0.472813,0.289647,0.671724,0.377957,0.846117,0.463256,0.900603,0.307612,0.260278,0.47075,0.284802,0.520145,0.238479,0.588994,0.55456,0.583008,0.658106,0.752135,0.666276,0.946708,0.739843,0.591986,0.448296,0.758123,0.445561,0.939224,0.535488,0.220782,0.358353,0.234257,0.28751,0.210338,0.535473,0,0
0.24326,0.312085,0.294142,0.472819,0.285158,0.663562,0.385442,0.854294,0.469263,0.930574,0.309103,0.271175,0.460276,0.301149,0.443808,0.110414,0.588998,0.554557,0.585997,0.660831,0.844932,0.742565,0.952695,0.707146,0.591987,0.445563,0.756628,0.434661,0.930245,0.532764,0.213321,0.35022,0.220813,0.284798,0.205835,0.527297,0,0
0.237265,0.303871,0.297133,0.475548,0.285157,0.652655,0.38843,0.881536,0.472247,0.960554,0.30911,0.273907,0.466263,0.3066,0.514151,0.271182,0.586002,0.557284,0.578517,0.658109,0.752134,0.668998,0.919766,0.737115,0.588994,0.45101,0.755129,0.431941,0.921267,0.532762,0.208808,0.344745,0.217812,0.28207,0.202841,0.524554,0,0
0.234272,0.306568,0.292645,0.461911,0.285161,0.652656,0.392925,0.892432,0.46626,0.995981,0.30462,0.26846,0.461771,0.271182,0.512664,0.265732,0.587499,0.560013,0.581508,0.660829,0.829964,0.739848,0.922762,0.748022,0.591986,0.456459,0.76112,0.437397,0.928749,0.546382,0.208847,0.344766,0.217821,0.27935,0.202846,0.521849,0,0
0.243237,0.306582,0.303122,0.453737,0.294137,0.658101,0.416873,0.963277,0.575523,0.994614,0.307604,0.260279,0.443813,0.254828,0.512658,0.249387,0.587493,0.554561,0.58151,0.658094,0.807515,0.728947,0.943713,0.758923,0.588991,0.448296,0.759617,0.440121,0.92875,0.524588,0.21778,0.347504,0.220813,0.284787,0.208832,0.527315,0,0
0.244758,0.309296,0.306113,0.459184,0.295634,0.658095,0.413879,0.944207,0.491708,0.995979,0.307607,0.271186,0.442316,0.252103,0.503681,0.241203,0.586,0.557281,0.581511,0.658096,0.740162,0.66083,0,0,0.588992,0.448295,0.747646,0.426493,0.921264,0.527303,0.219274,0.352904,0.22528,0.284812,0.210329,0.527293,0,0
