0.32206,0.295004,0.3772,0.425764,0.352691,0.540196,0.430823,0.641006,0.464522,0.616492,0.400191,0.311335,0.450729,0.161464,0.456858,0.166913,0.613092,0.482975,0.6039,0.545653,0.750956,0.542934,0.899542,0.605629,0.620759,0.417583,0.770868,0.398475,0.896482,0.488424,0.291448,0.335798,0.30826,0.284054,0.288354,0.480284,0,0
0.322072,0.295008,0.37722,0.425774,0.352698,0.540192,0.430821,0.641011,0.464526,0.616502,0.403248,0.314052,0.455328,0.175086,0,0,0.6131,0.482986,0.603904,0.548367,0.749423,0.542929,0.899546,0.605621,0.622292,0.4176,0.773923,0.398482,0.898008,0.488441,0.292956,0.333127,0.30827,0.281379,0.288364,0.480282,0,0
0.323571,0.295001,0.380273,0.425775,0.352713,0.537492,0.432345,0.641016,0.466045,0.61651,0.403252,0.319483,0.479837,0.270445,0.478306,0.224141,0.614621,0.483002,0.605429,0.545659,0.747898,0.545633,0.899536,0.605627,0.622296,0.420311,0.773931,0.398496,0.89953,0.488468,0.292966,0.33312,0.308279,0.281387,0.288371,0.480235,0,0
0.323581,0.294987,0.381803,0.425786,0.352709,0.537501,0.432346,0.641036,0.464525,0.61652,0.406308,0.319511,0.478306,0.278617,0.476763,0.221412,0.614635,0.482968,0.605434,0.542947,0.744825,0.542941,0.89647,0.60833,0.625349,0.417584,0.773931,0.398485,0.899526,0.491147,0.292964,0.33313,0.308288,0.28406,0.288356,0.480235,0,0
0.3236,0.295001,0.380274,0.428464,0.352703,0.537498,0.430822,0.643723,0.461463,0.619216,0.404775,0.31952,0.482881,0.289519,0.473703,0.218657,0.6131,0.482985,0.602378,0.545647,0.738702,0.540213,0.898003,0.608313,0.623823,0.417598,0.773937,0.395809,0.896489,0.491156,0.292972,0.333139,0.309811,0.281372,0.288362,0.477535,0,0
0.323599,0.295,0.380273,0.431181,0.352694,0.54021,0.430818,0.641036,0.461468,0.619229,0.404783,0.324956,0.481371,0.281353,0.473696,0.210503,0.611566,0.482981,0.602368,0.545642,0.738696,0.542917,0.896469,0.608333,0.622286,0.420296,0.773936,0.395803,0.898015,0.491182,0.292971,0.333133,0.309804,0.281376,0.288353,0.477523,0,0
0.32513,0.295017,0.380264,0.433924,0.352689,0.540208,0.430821,0.641043,0.461449,0.619248,0.401724,0.335839,0.481362,0.270453,0.467587,0.205054,0.611566,0.482994,0.599318,0.545657,0.729501,0.537466,0.908732,0.611029,0.622295,0.420324,0.7724,0.395801,0.898005,0.491134,0.294499,0.333123,0.311324,0.284047,0.288342,0.477512,0,0
0.325141,0.295028,0.37722,0.43394,0.351181,0.54022,0.429283,0.641048,0.461452,0.619234,0.401711,0.335812,0.478307,0.281353,0.467576,0.202329,0.610035,0.482986,0.597778,0.545637,0.727983,0.540215,0.913329,0.611045,0.622283,0.420307,0.772396,0.395809,0.899531,0.491131,0.294512,0.33312,0.311343,0.281386,0.286849,0.477513,0,0
0.326653,0.294964,0.377219,0.431222,0.351172,0.542934,0.429289,0.643722,0.461457,0.619268,0.403253,0.327669,0.479829,0.281333,0.461463,0.194139,0.606976,0.485709,0.593194,0.548377,0.724907,0.540218,0.910262,0.621959,0.617694,0.423022,0.773929,0.395815,0.899538,0.493882,0.296021,0.327697,0.311353,0.281342,0.288369,0.472087,0,0
0.325149,0.294954,0.37721,0.431211,0.351168,0.542938,0.429294,0.643727,0.461443,0.619262,0.404779,0.324946,0.478314,0.27317,0.464518,0.202307,0.605441,0.488422,0.591657,0.551099,0.721849,0.542916,0.920985,0.627386,0.616157,0.42303,0.77545,0.398487,0.899541,0.49389,0.296021,0.327674,0.311355,0.281319,0.288368,0.472057,0,0
0.325143,0.292263,0.37721,0.428493,0.35116,0.540216,0.426218,0.641035,0.459932,0.62191,0.404785,0.324939,0.481373,0.259543,0.45687,0.199606,0.605433,0.485715,0.591648,0.548368,0.711145,0.540199,0.87963,0.63556,0.614629,0.423039,0.775445,0.398504,0.901062,0.496605,0.296015,0.324964,0.311355,0.281316,0.288375,0.469409,0,0
0.325146,0.292271,0.377218,0.428512,0.351156,0.542912,0.424699,0.641022,0.459914,0.621922,0.406304,0.322237,0.479824,0.259547,0.458369,0.205042,0.605442,0.485721,0.591651,0.548372,0.711126,0.540207,0.876557,0.635584,0.617691,0.423036,0.773933,0.398493,0.899543,0.496599,0.296013,0.324931,0.312859,0.278654,0.288369,0.472056,0,0
0.325149,0.292261,0.381804,0.425777,0.351166,0.542909,0.42775,0.64105,0.4599,0.62194,0.407843,0.322212,0.478296,0.251402,0.452249,0.205078,0.605435,0.48571,0.590115,0.54837,0.708064,0.537477,0.876557,0.635581,0.616166,0.423041,0.773933,0.398493,0.899531,0.496633,0.294499,0.322248,0.311343,0.278649,0.288366,0.469409,0,0
0.325134,0.292245,0.380266,0.43118,0.351173,0.54291,0.426215,0.641043,0.459905,0.621958,0.404782,0.324942,0.475254,0.254094,0.449198,0.20503,0.603899,0.485715,0.588583,0.548358,0.705005,0.532033,0.870434,0.635577,0.613104,0.425748,0.773932,0.398505,0.901065,0.499342,0.294488,0.322244,0.311323,0.278621,0.288371,0.469408,0,0
0.325125,0.289548,0.378746,0.428506,0.351159,0.542933,0.426226,0.641035,0.459922,0.62193,0.404781,0.322213,0.475245,0.24592,0.44614,0.199599,0.599306,0.488438,0.582468,0.55109,0.703464,0.532038,0.864312,0.630118,0.610032,0.428483,0.770866,0.398491,0.898013,0.49391,0.292961,0.322233,0.30979,0.27593,0.289906,0.469321,0,0
0.325112,0.286823,0.378733,0.428485,0.351159,0.542911,0.427752,0.641048,0.459927,0.621932,0.404773,0.319513,0.475236,0.245928,0.44614,0.202284,0.597779,0.488427,0.580935,0.548397,0.701949,0.532048,0.868905,0.627409,0.610037,0.425778,0.766277,0.395791,0.898009,0.493903,0.29295,0.319531,0.30828,0.275882,0.28989,0.469318,0,0
0.317471,0.284069,0.377203,0.425776,0.349652,0.540201,0.42623,0.641036,0.459898,0.621958,0.401711,0.322232,0.469108,0.224137,0.417027,0.18052,0.602367,0.485707,0.587056,0.548392,0.695813,0.532048,0.853586,0.627399,0.611569,0.425761,0.772398,0.398507,0.9072,0.502047,0.289914,0.32223,0.300618,0.273146,0.291431,0.46667,0,0
0.317466,0.281342,0.375684,0.428486,0.349651,0.54022,0.42776,0.643729,0.458382,0.621978,0.398662,0.327671,0.459932,0.229583,0.415498,0.177815,0.597785,0.485729,0.582464,0.551087,0.691223,0.529319,0.838265,0.627401,0.610033,0.428469,0.77392,0.401208,0.905669,0.499327,0.289887,0.31949,0.299101,0.270424,0.291429,0.466642,0,0
0.312876,0.278608,0.375684,0.423041,0.349645,0.537479,0.424693,0.64104,0.458385,0.621984,0.39865,0.31133,0.459924,0.221412,0.41244,0.191447,0.597787,0.485702,0.582462,0.548395,0.688148,0.532034,0.835201,0.62195,0.610034,0.423033,0.775458,0.398536,0.904142,0.496612,0.288347,0.316753,0.29603,0.262265,0.292951,0.466586,0,0
0.311361,0.275879,0.377203,0.423018,0.349652,0.537466,0.424693,0.641004,0.458394,0.62196,0.398661,0.31133,0.459928,0.215956,0.412441,0.196892,0.596253,0.485711,0.579398,0.551096,0.680505,0.52932,0.795381,0.613793,0.610035,0.423046,0.775452,0.398507,0.907188,0.491183,0.286834,0.314051,0.294502,0.256813,0.292953,0.463936,0,0
0.309782,0.273178,0.375677,0.423051,0.349653,0.534777,0.424698,0.641,0.459902,0.621965,0.38946,0.308596,0.461447,0.218685,0.413971,0.207772,0.596245,0.480258,0.579401,0.542926,0.672834,0.521161,0.7816,0.613783,0.608501,0.420314,0.78006,0.40121,0.907198,0.485724,0.280698,0.316746,0.289898,0.254123,0.292973,0.461205,0,0
0.306739,0.26772,0.375667,0.420305,0.351156,0.537473,0.427752,0.641016,0.458402,0.621983,0.387932,0.300419,0.461465,0.218686,0.417025,0.210527,0.594717,0.482969,0.579392,0.545639,0.663648,0.521132,0.777011,0.61105,0.606973,0.423033,0.772403,0.3958,0.901072,0.482971,0.27917,0.314042,0.28835,0.254084,0.292963,0.46119,0,0
0.300627,0.265016,0.374136,0.409427,0.351164,0.534761,0.429285,0.64102,0.458392,0.621981,0.384867,0.289535,0.459914,0.221374,0.410897,0.213212,0.593184,0.480269,0.57786,0.542937,0.651399,0.521117,0.767804,0.608291,0.605437,0.420317,0.766272,0.387604,0.894953,0.477534,0.276093,0.314045,0.282235,0.251385,0.292955,0.461207,0,0
0.300626,0.262285,0.374127,0.403974,0.351173,0.532042,0.435409,0.64647,0.458395,0.621949,0.383336,0.286801,0.459924,0.218693,0.413977,0.218675,0.590113,0.480263,0.574793,0.542934,0.643746,0.518404,0.761689,0.605572,0.603905,0.420304,0.763217,0.379463,0.891885,0.477546,0.274572,0.314046,0.279172,0.251382,0.29296,0.461186,0,0
0.300599,0.25956,0.374124,0.406679,0.352689,0.532048,0.441545,0.651933,0.452263,0.621965,0.387919,0.28681,0.452266,0.215978,0.40172,0.221419,0.588583,0.480235,0.571747,0.537494,0.6376,0.515691,0.755546,0.600141,0.602382,0.420295,0.757087,0.36312,0.887273,0.491175,0.273052,0.314007,0.2807,0.248669,0.292951,0.461162,0,0
0.297546,0.262247,0.374154,0.406699,0.352702,0.534766,0.444603,0.660104,0.447655,0.627411,0.389464,0.28952,0.450733,0.218654,0.403238,0.224121,0.583997,0.482976,0.567138,0.542933,0.628412,0.512948,0.75401,0.586516,0.600844,0.423041,0.750962,0.354904,0.867372,0.510215,0.27302,0.314009,0.280707,0.248659,0.291443,0.458485,0,0
0.294505,0.256847,0.374134,0.406685,0.354236,0.529323,0.45226,0.668261,0.44307,0.616518,0.387932,0.289529,0.452247,0.218645,0.401724,0.226875,0.582469,0.488412,0.564088,0.548396,0.629942,0.512964,0.754032,0.583805,0.600841,0.428473,0.743277,0.341299,0.85512,0.510238,0.269989,0.311333,0.277651,0.245941,0.292952,0.458488,0,0
0.297542,0.259546,0.374147,0.409411,0.355771,0.534748,0.44921,0.662829,0.440014,0.611005,0.386387,0.294976,0.452275,0.213256,0.40324,0.232319,0.587064,0.485699,0.570209,0.548376,0.634545,0.51567,0.755569,0.583784,0.602377,0.425767,0.734118,0.333102,0.838261,0.515656,0.271503,0.314012,0.280706,0.245911,0.292969,0.458495,0,0
0.297564,0.256822,0.374149,0.414863,0.354238,0.53204,0.394062,0.621958,0,0,0.38486,0.297705,0.452265,0.218702,0.400183,0.243196,0.593175,0.480253,0.577862,0.540207,0.643728,0.526595,0.758609,0.589258,0.602382,0.423026,0.72185,0.308617,0.79537,0.518406,0.271523,0.314028,0.279169,0.251352,0.292962,0.458478,0,0
0.299072,0.25684,0.375688,0.409421,0.354238,0.532045,0.444607,0.665575,0.436934,0.586511,0.394059,0.294985,0.449226,0.221373,0.395601,0.248606,0.591654,0.477535,0.577863,0.537463,0.640667,0.532029,0.757081,0.589247,0.60237,0.420314,0.715722,0.30314,0.781597,0.515683,0.27303,0.311339,0.27917,0.248672,0.292954,0.458445,0,0
0.299079,0.254137,0.375658,0.403967,0.351176,0.529313,0.440013,0.665535,0.433874,0.567447,0.392516,0.29498,0.447658,0.221425,0.389459,0.248614,0.588592,0.480264,0.576324,0.540206,0.626887,0.53474,0.757077,0.602887,0.59779,0.423041,0.71115,0.297691,0.776964,0.507516,0.273035,0.308614,0.282236,0.248627,0.289911,0.458428,0,0
0.297567,0.254124,0.37414,0.403982,0.351181,0.529323,0.443066,0.662825,0.427765,0.564712,0.389454,0.294993,0.446146,0.221372,0.390978,0.248598,0.590112,0.47754,0.577858,0.534767,0.629941,0.534763,0,0,0.597782,0.417576,0.709592,0.297688,0.770863,0.507489,0.271526,0.308597,0.279179,0.245931,0.289894,0.458433,0,0
0.299061,0.256811,0.374156,0.406694,0.352688,0.534763,0.426226,0.662834,0.426227,0.567437,0.392531,0.297688,0.44922,0.224107,0.394055,0.248593,0.591656,0.477555,0.577874,0.534766,0.671303,0.564707,0.793844,0.657366,0.599302,0.417583,0.708078,0.29227,0.764744,0.512972,0.273022,0.308573,0.277642,0.251398,0.289896,0.453035,0,0
0.297557,0.256838,0.375661,0.406692,0.352692,0.532028,0.427753,0.660089,0.429293,0.56743,0.395574,0.297698,0.450725,0.224135,0.395588,0.248619,0.590117,0.482968,0.576337,0.542939,0.675894,0.575601,0.803032,0.660091,0.596256,0.420319,0.705011,0.289543,0.764741,0.51294,0.271526,0.308577,0.276125,0.251398,0.289904,0.452992,0,0
0.29909,0.254114,0.375665,0.409416,0.351171,0.529299,0.394051,0.638291,0.435411,0.559275,0.395597,0.300433,0.447661,0.221401,0.38639,0.251361,0.591648,0.480242,0.577858,0.540193,0.669767,0.553847,0.80916,0.660065,0.596258,0.420298,0,0,0,0,0.27304,0.305865,0.279183,0.248667,0.291407,0.450323,0,0
0.297539,0.254102,0.375661,0.409411,0.351157,0.529326,0.403252,0.643747,0.43694,0.556544,0.395583,0.303128,0.449192,0.224104,0.386398,0.251344,0.588589,0.480247,0.576322,0.542916,0.674377,0.559276,0.816829,0.662817,0.596256,0.417585,0.708086,0.292267,0.772403,0.518399,0.273027,0.303168,0.277651,0.251356,0.289907,0.450329,0,0
0.297539,0.254074,0.374142,0.406708,0.351163,0.5293,0.40631,0.646472,0.432349,0.556553,0.392518,0.297684,0.447653,0.21597,0.386406,0.245949,0.591651,0.482977,0.577862,0.542941,0.69274,0.559274,0.829088,0.665578,0.599306,0.423034,0.71419,0.305882,0.777012,0.52384,0.27152,0.303147,0.276111,0.248634,0.289914,0.447613,0,0
0.296023,0.251422,0.372622,0.40943,0.351166,0.529303,0.395585,0.635582,0.427773,0.556596,0.392519,0.30042,0.447685,0.218681,0.386406,0.245909,0.593186,0.482995,0.579393,0.545648,0.691221,0.548406,0.829078,0.665531,0.600848,0.423042,0.715725,0.308598,0.784645,0.518412,0.271505,0.300424,0.27459,0.25135,0.291411,0.447575,0,0
0.292974,0.251332,0.374126,0.401257,0.352695,0.523862,0.390981,0.632834,0.42622,0.564757,0.387926,0.297682,0.456851,0.232311,0.392515,0.240486,0.593174,0.48573,0.577868,0.545674,0.692768,0.540202,0.829094,0.662834,0.597788,0.42575,0.700412,0.295015,0.786174,0.469375,0.268462,0.297711,0.27458,0.245923,0.291443,0.44487,0,0
0.292958,0.248691,0.372625,0.40124,0.352706,0.521142,0.387934,0.630113,0.426205,0.562039,0.386404,0.300408,0.455322,0.22957,0.394067,0.240484,0.593197,0.482987,0.579409,0.542926,0.701941,0.545622,0.832144,0.665511,0.60084,0.423015,0.683545,0.281367,0.78158,0.444828,0.268448,0.297725,0.274573,0.245903,0.291445,0.444796,0,0
0.296015,0.251331,0.372592,0.401259,0.352688,0.521147,0.390984,0.641047,0.423132,0.551136,0.383333,0.297701,0.449206,0.224144,0.391006,0.24047,0.590118,0.47752,0.579403,0.532039,0.703462,0.532026,0.832141,0.662801,0.594725,0.414862,0.655993,0.254129,0.764751,0.382146,0.26693,0.29771,0.276125,0.243192,0.289905,0.444797,0,0
0.292961,0.251334,0.372595,0.401246,0.351177,0.523858,0.387944,0.643733,0.417033,0.545642,0.386397,0.300407,0.446118,0.218657,0.394054,0.243213,0.591658,0.477545,0.580935,0.534754,0.701935,0.526582,0.832149,0.657387,0.59625,0.420319,0.649848,0.254085,0.76016,0.368512,0.265409,0.300421,0.274583,0.240464,0.28989,0.444824,0,0
0.291436,0.248684,0.37261,0.40395,0.349624,0.52386,0.381793,0.65193,0.398666,0.52658,0.387936,0.300417,0.438469,0.215928,0.387933,0.245914,0.593178,0.474816,0.580937,0.534763,0.704989,0.529311,0.838254,0.660113,0.596249,0.412144,0.655965,0.254086,0.769332,0.371281,0.263867,0.300407,0.271523,0.237745,0.288361,0.444819,0,0
0.291446,0.248672,0.374132,0.401237,0.349631,0.526594,0.386406,0.662779,0.395566,0.523835,0.389459,0.294986,0.438487,0.213258,0.389452,0.243216,0.597776,0.474814,0.585528,0.534745,0.700404,0.534771,0.833673,0.662784,0.602381,0.409405,0.669767,0.262273,0.783114,0.395771,0.263871,0.300401,0.273041,0.237748,0.288347,0.444828,0,0
0.297547,0.251417,0.375695,0.403946,0.351163,0.532034,0.391009,0.662834,0.390983,0.51018,0.397121,0.297701,0.440017,0.213218,0.387933,0.245913,0.600832,0.477543,0.590116,0.53474,0.692757,0.534765,0.816814,0.654652,0.608493,0.409425,0.692726,0.286763,0.804563,0.431205,0.266936,0.300393,0.276108,0.245905,0.289896,0.447563,0,0
0.299089,0.251455,0.374138,0.417589,0.351174,0.537488,0.397112,0.662842,0.395589,0.499349,0.392532,0.311326,0.438501,0.21595,0.389468,0.245895,0.600845,0.477555,0.58859,0.537482,0.691216,0.529326,0.809158,0.649194,0.605438,0.414879,0.69429,0.286809,0.807623,0.431244,0.271502,0.303119,0.277635,0.248681,0.28992,0.450255,0,0
0.305214,0.251415,0.380273,0.403986,0.354229,0.529309,0.39406,0.665504,0.400196,0.502025,0.404778,0.303165,0.449193,0.226862,0.394055,0.243204,0.603909,0.47481,0.59012,0.537483,0.680505,0.512971,0.780062,0.621977,0.610039,0.412127,0.68966,0.2759,0.807629,0.390359,0.274595,0.300426,0.286825,0.245936,0.292939,0.447557,0,0
0.306738,0.251392,0.380273,0.403982,0.355753,0.529311,0.394045,0.665509,0.400206,0.496624,0.403246,0.303146,0.449201,0.224141,0.390991,0.245943,0.605434,0.469373,0.590125,0.532041,0.66364,0.4966,0.761684,0.611046,0.613102,0.403956,0.683564,0.270414,0.807641,0.368558,0.276098,0.297726,0.288357,0.245924,0.292946,0.447541,0,0
0.305215,0.251398,0.375672,0.409412,0.352704,0.526586,0.380273,0.646494,0.4063,0.474838,0.390987,0.308608,0.441535,0.213246,0.392531,0.245926,0.593191,0.477522,0.576339,0.542922,0.646797,0.482984,0.743308,0.583804,0.605443,0.412145,0.678951,0.267693,0.807637,0.346735,0.276111,0.297697,0.2853,0.243186,0.29142,0.444857,0,0
0.303689,0.251427,0.380274,0.420288,0.355774,0.53477,0.389462,0.641004,0.413964,0.491125,0.395584,0.314049,0.441538,0.21324,0.392524,0.245935,0.579409,0.48296,0.564088,0.545635,0.639133,0.474814,0.744843,0.586517,0.596252,0.420301,0.678989,0.267684,0.807631,0.354928,0.274607,0.297734,0.28223,0.243205,0.289892,0.444819,0,0
0.300629,0.251426,0.375687,0.42302,0.351185,0.534735,0.444605,0.621959,0.458373,0.537469,0.394061,0.316775,0.456866,0.24859,0.381801,0.248645,0.579392,0.477533,0.565605,0.542914,0.629948,0.466641,0.744844,0.564733,0.593194,0.414849,0.680492,0.270482,0.80612,0.373987,0.274542,0.297695,0.277645,0.245905,0.288354,0.444833,0,0
0.300615,0.25409,0.375677,0.41757,0.352691,0.532024,0.420097,0.616482,0.47523,0.545655,0.395587,0.308591,0.459936,0.243185,0.384862,0.251378,0.579395,0.472098,0.55949,0.537477,0.628401,0.466667,0.743309,0.559294,0.594716,0.406702,0.680506,0.270455,0.803049,0.379471,0.27457,0.300417,0.277647,0.243194,0.288372,0.447524,0,0
0.300639,0.264987,0.380264,0.417577,0.357281,0.53205,0.433879,0.611066,0.484433,0.529313,0.398647,0.311338,0.476761,0.256805,0.409364,0.251355,0.58093,0.482977,0.561028,0.54567,0.628403,0.485666,0.744824,0.559299,0.599306,0.423044,0.678974,0.2704,0.776995,0.406679,0.274562,0.311298,0.28224,0.248675,0.291405,0.453005,0,0
0.303674,0.267701,0.375686,0.423023,0.357281,0.534762,0.433877,0.613775,0.482905,0.529317,0.395583,0.314056,0.470634,0.240481,0.40631,0.251395,0.585526,0.480246,0.564088,0.54567,0.629954,0.488427,0.747895,0.559255,0.603904,0.420314,0.678939,0.264997,0.76321,0.428516,0.274576,0.311325,0.28682,0.251375,0.289901,0.455728,0,0
0.302159,0.270411,0.37567,0.423028,0.354225,0.540207,0.426232,0.619231,0.472183,0.540221,0.389454,0.300419,0.459907,0.221395,0.406309,0.251343,0.583994,0.477538,0.564078,0.542938,0.628398,0.488436,0.744838,0.559294,0.600849,0.414868,0.67897,0.270453,0.74484,0.461153,0.274557,0.314018,0.286816,0.251414,0.288353,0.458434,0,0
0.303688,0.270445,0.374146,0.420307,0.352704,0.537483,0.426221,0.630134,0.467585,0.551136,0.38027,0.297686,0.459924,0.224167,0.410907,0.251334,0.582467,0.474828,0.562557,0.540191,0.622296,0.488457,0.743308,0.559283,0.599304,0.420292,0.677446,0.270446,0.747891,0.458447,0.274585,0.314006,0.288353,0.254106,0.286845,0.458427,0,0
0.306739,0.273131,0.377212,0.409416,0.354241,0.534775,0.424681,0.635566,0.462994,0.55658,0.386395,0.289514,0.46758,0.229601,0.426214,0.254086,0.587054,0.477533,0.56714,0.542922,0.620761,0.493869,0.744835,0.559281,0.605433,0.40942,0.663644,0.262277,0.743309,0.442116,0.2746,0.314047,0.289879,0.256829,0.288386,0.458472,0,0
0.306728,0.273161,0.377197,0.409403,0.357284,0.534758,0.418567,0.638298,0.458397,0.564708,0.381801,0.289512,0.473689,0.237739,0.441538,0.256833,0.585532,0.474813,0.567142,0.53748,0.619229,0.493911,0.749427,0.556568,0.602377,0.409426,0.659058,0.25681,0.738688,0.436684,0.276118,0.314017,0.289891,0.254147,0.289902,0.461174,0,0
0.309804,0.273193,0.38179,0.401263,0.358827,0.52931,0.397119,0.641009,0.441551,0.575602,0.392526,0.28681,0.481348,0.245886,0.449193,0.256844,0.585531,0.474797,0.564078,0.53747,0.614626,0.502065,0.754008,0.545647,0.603892,0.409427,0.657517,0.254121,0.740235,0.428511,0.27765,0.314044,0.291441,0.256849,0.289913,0.46117,0,0
0.309808,0.273183,0.384854,0.406691,0.358833,0.532048,0.400188,0.66008,0.429302,0.572916,0.400182,0.294973,0.482886,0.245896,0.455324,0.259561,0.590124,0.474817,0.571736,0.534767,0.614618,0.493875,0.754004,0.542938,0.605436,0.412135,0.657525,0.254131,0.740241,0.428494,0.279162,0.31133,0.292954,0.256851,0.289913,0.458482,0,0
0.309804,0.273167,0.375679,0.412133,0.358814,0.52931,0.375696,0.654623,0.404788,0.575603,0.397118,0.292261,0.489014,0.243212,0.450731,0.251373,0.593188,0.477547,0.574795,0.537492,0.614623,0.493902,0.75249,0.545645,0.606971,0.412142,0.662108,0.256828,0.741742,0.433953,0.279178,0.311336,0.292944,0.256826,0.29141,0.458473,0,0
0.309798,0.270488,0.378736,0.403968,0.3573,0.526587,0.37416,0.651933,0.40478,0.578325,0.404773,0.29768,0.493596,0.237753,0.45685,0.248646,0.593185,0.477521,0.573278,0.53748,0.614637,0.499327,0.754016,0.548366,0.606965,0.409432,0.660593,0.256831,0.74023,0.43397,0.279183,0.311312,0.292941,0.256853,0.291416,0.45847,0,0
0.309798,0.27048,0.377203,0.420298,0.360343,0.532058,0.387924,0.657374,0.420105,0.578301,0.397125,0.308606,0.495155,0.245914,0.464517,0.248622,0.591647,0.477531,0.573272,0.534757,0.608504,0.493907,0.750956,0.542912,0.605453,0.417578,0.659074,0.256855,0.741769,0.428481,0.27766,0.311305,0.291442,0.25682,0.289915,0.461151,0,0
0.309811,0.270482,0.375679,0.420311,0.360352,0.534777,0.392541,0.654652,0.42468,0.570157,0.395585,0.30042,0.495137,0.240483,0.467582,0.245945,0.590116,0.47754,0.570207,0.537474,0.608491,0.491172,0.75095,0.534745,0.605431,0.417582,0.659073,0.256821,0.740221,0.423038,0.279165,0.311306,0.291439,0.256837,0.291416,0.461168,0,0
0.31132,0.270479,0.377197,0.417598,0.360347,0.534752,0.391005,0.660068,0.421636,0.570148,0.398654,0.300417,0.487492,0.2323,0,0,0.59318,0.47753,0.574806,0.537473,0.605447,0.488472,0.746367,0.521117,0.606964,0.406697,0.657514,0.254098,0.737159,0.412144,0.280701,0.3086,0.292953,0.256849,0.291416,0.458465,0,0
0.311321,0.270453,0.375691,0.420323,0.358823,0.537469,0.392516,0.660065,0.421653,0.567421,0.397122,0.308607,0.496687,0.240476,0.469115,0.24865,0.590119,0.480263,0.570205,0.542924,0.600853,0.488432,0.744838,0.518362,0.606973,0.41487,0,0,0,0,0.27918,0.308596,0.292958,0.254137,0.289904,0.458461,0,0
0.309827,0.270454,0.375688,0.417572,0.358838,0.534742,0.394056,0.657355,0.424668,0.559264,0.397115,0.303152,0.505843,0.248586,0.479831,0.248685,0.58553,0.477553,0.565608,0.534768,0.594714,0.488445,0.737165,0.491209,0.603912,0.417595,0.655998,0.254079,0.740209,0.404018,0.279177,0.308568,0.29298,0.256804,0.289897,0.455765,0,0
0.30982,0.273139,0.377214,0.417571,0.358829,0.534753,0.394059,0.660082,0.421643,0.55926,0.398658,0.303158,0.507396,0.24869,0.482899,0.2459,0.588587,0.480241,0.568676,0.537486,0.591644,0.485731,0.729497,0.482983,0.605441,0.417594,0.655972,0.254101,0.743284,0.409436,0.28071,0.308581,0.292979,0.256849,0.289907,0.45843,0,0
0.309814,0.273164,0.377212,0.417579,0.358823,0.532036,0.394062,0.651925,0.426201,0.55653,0.398651,0.311342,0.516581,0.264991,0.5074,0.237734,0.591648,0.482976,0.565614,0.55112,0.574802,0.480256,0.720323,0.45573,0.611575,0.412135,0.654459,0.254129,0.741761,0.403977,0.28223,0.308589,0.294479,0.259566,0.289911,0.455761,0,0
0.309824,0.273123,0.377217,0.414858,0.358822,0.529289,0.395583,0.654628,0.430817,0.551134,0.398657,0.311323,0.519649,0.254112,0,0,0.58246,0.485687,0.556429,0.551113,0.573269,0.46934,0.718782,0.444793,0.610032,0.420316,0.651379,0.254111,0.749417,0.395763,0.28224,0.305892,0.294483,0.259539,0.289913,0.455737,0,0
0.312865,0.273145,0.377221,0.409419,0.358813,0.532053,0.401711,0.662811,0.42319,0.545627,0.39713,0.305872,0,0,0,0,0.585528,0.485695,0.559485,0.551103,0.565615,0.463935,0.706547,0.428498,0.6085,0.425759,0.646811,0.251444,0.743287,0.390353,0.286803,0.30585,0.296022,0.262255,0.289914,0.455759,0,0
0.311344,0.273126,0.378733,0.41759,0.357306,0.532021,0.400172,0.657386,0.421643,0.537454,0.40018,0.316764,0.524252,0.289513,0,0,0.58553,0.482968,0.559489,0.540216,0.565624,0.463883,0.708065,0.425725,0.608503,0.420306,0.64832,0.2514,0.741767,0.384905,0.283776,0.303179,0.296021,0.25955,0.289903,0.453035,0,0
0.311333,0.270413,0.375663,0.423043,0.357283,0.534754,0.406315,0.654659,0.424722,0.53752,0.397122,0.322214,0.542624,0.308577,0.512,0.259558,0.583999,0.482969,0.559493,0.542925,0.571747,0.461189,0.708068,0.428506,0.605444,0.423036,0.645263,0.251375,0.743302,0.379457,0.283768,0.30044,0.2945,0.256834,0.288383,0.452995,0,0
0.312891,0.273123,0.377205,0.423057,0.357278,0.534768,0.406299,0.654655,0.426209,0.540206,0.398668,0.327677,0.469121,0.286814,0,0,0.583995,0.48026,0.562551,0.540201,0.571757,0.463891,0.711136,0.428483,0.605442,0.423034,0.645285,0.251379,0.741766,0.382158,0.286815,0.303135,0.296034,0.259561,0.289882,0.45301,0,0
0.317455,0.27316,0.380275,0.423055,0.357288,0.537467,0.407844,0.65465,0.426216,0.537528,0.40784,0.319509,0.476771,0.286782,0.51046,0.248627,0.588591,0.480271,0.567144,0.540197,0.574783,0.469363,0.727968,0.420301,0.606974,0.417581,0.64987,0.251404,0.738694,0.387595,0.28837,0.305853,0.303676,0.256836,0.28988,0.452983,0,0
0.314414,0.273145,0.378738,0.425769,0.355766,0.534784,0.410905,0.657346,0.432358,0.537452,0.40783,0.319512,0.4783,0.284069,0.510477,0.248665,0.590118,0.480256,0.568667,0.534753,0.576311,0.466668,0.729501,0.414873,0.608503,0.420299,0.651392,0.251413,0.741763,0.382162,0.288348,0.305864,0.300615,0.256818,0.289876,0.453004,0,0
0.315944,0.275892,0.37875,0.425777,0.355767,0.540188,0.421626,0.651926,0.433893,0.534726,0.407836,0.322211,0.504343,0.292263,0.513537,0.248616,0.58552,0.472086,0.567142,0.526593,0.580916,0.46665,0.7295,0.412159,0.60391,0.406706,0.652923,0.251437,0.743286,0.382184,0.288381,0.311298,0.300607,0.25956,0.291411,0.458428,0,0
0.31595,0.275891,0.381803,0.42303,0.3573,0.534779,0.418568,0.651904,0.432347,0.532044,0.410908,0.31678,0.498211,0.275913,0.515052,0.245922,0.587059,0.469365,0.570207,0.526604,0.583997,0.469394,0.731043,0.40941,0.605441,0.401262,0.654425,0.251448,0.738699,0.382191,0.289887,0.311314,0.300623,0.259556,0.292945,0.458442,0,0
0.315926,0.275939,0.377204,0.423035,0.354244,0.534741,0.417025,0.651921,0.43999,0.532035,0.401709,0.316772,0.48136,0.281359,0.510483,0.245931,0.583997,0.463926,0.571739,0.526573,0.606959,0.469349,0.744826,0.403951,0.594721,0.401258,0.654445,0.251398,0.744831,0.382175,0.288368,0.314012,0.300616,0.262274,0.29294,0.458474,0,0
0.312898,0.278618,0.377207,0.420314,0.355751,0.53202,0.412434,0.646459,0.441547,0.532008,0.40172,0.314073,0.48137,0.27862,0.513533,0.248644,0.58399,0.463909,0.570214,0.521147,0.6131,0.466637,0.755554,0.401235,0.594719,0.401274,0.654463,0.251424,0.754013,0.382183,0.288354,0.314075,0.299102,0.26773,0.292939,0.461197,0,0
0.312857,0.278633,0.380278,0.423061,0.357285,0.532035,0.424679,0.651922,0.441537,0.531993,0.407843,0.319486,0.524251,0.292238,0.510464,0.229595,0.588584,0.469371,0.571745,0.532014,0.623809,0.477546,0.777001,0.395797,0.597774,0.406709,0.657513,0.251426,0.761677,0.401269,0.28682,0.314077,0.296032,0.270457,0.292956,0.46393,0,0
0.312866,0.278651,0.381788,0.425753,0.357301,0.532011,0.412432,0.641013,0.44611,0.540197,0.4063,0.322226,0.50434,0.297704,0.519661,0.251396,0.588594,0.474792,0.574799,0.534747,0.616166,0.482966,0.770873,0.412146,0.596258,0.409418,0.663634,0.254112,0.764738,0.401232,0.286827,0.316733,0.297534,0.270473,0.292967,0.466607,0,0
0.312884,0.278662,0.383321,0.425788,0.357291,0.53201,0.404786,0.635548,0.452268,0.553834,0.407842,0.333126,0.476777,0.297714,0.502821,0.273158,0.576344,0.47208,0.559484,0.529308,0.599307,0.480264,0.755544,0.431203,0.591649,0.406708,0.669783,0.267698,0.76015,0.393051,0.286835,0.316768,0.296035,0.270461,0.294491,0.466619,0,0
0.312882,0.278636,0.383327,0.425761,0.357291,0.52929,0.400174,0.632834,0.450718,0.556509,0.409353,0.335818,0.475233,0.289534,0,0,0.577859,0.474791,0.556433,0.529319,0.593179,0.474786,0.732574,0.444848,0.594722,0.409418,0.668222,0.267699,0.760144,0.401267,0.286817,0.316743,0.296005,0.270457,0.294475,0.466612,0,0
0.311352,0.278615,0.383327,0.425779,0.357287,0.52658,0.400179,0.632829,0.444624,0.551122,0.407844,0.335837,0.47218,0.292281,0.50282,0.270447,0.580935,0.472071,0.564077,0.526591,0.596256,0.466656,0.727991,0.466614,0.594717,0.412141,0.659031,0.256806,0.755553,0.406718,0.285296,0.314053,0.294494,0.270474,0.29296,0.463915,0,0
0.311346,0.27861,0.38181,0.42847,0.357279,0.526586,0.40171,0.632839,0.446121,0.548367,0.407837,0.335848,0.472161,0.294954,0.499748,0.26773,0.582467,0.4721,0.56714,0.529321,0.597787,0.469355,0.729509,0.469362,0.594726,0.412135,0.657548,0.254096,0.757068,0.412158,0.283766,0.314053,0.294476,0.270436,0.292953,0.463882,0,0
0.311326,0.275948,0.383333,0.42578,0.357304,0.526599,0.409373,0.63286,0.45073,0.545669,0.407848,0.335845,0.47831,0.284096,0.512,0.256816,0.582469,0.472097,0.564087,0.52932,0.599324,0.472088,0.731052,0.472107,0.59625,0.409412,0.659057,0.254126,0.763205,0.412123,0.282242,0.314038,0.294482,0.267735,0.29296,0.463886,0,0
0.311345,0.275938,0.383332,0.425773,0.357303,0.529284,0.403254,0.630129,0.452258,0.545667,0.409356,0.335823,0.47525,0.289503,0.512004,0.262258,0.582459,0.472095,0.562553,0.532026,0.594733,0.472087,0.731056,0.477541,0.597779,0.406692,0.665163,0.254153,0.766266,0.423054,0.28224,0.314043,0.294481,0.270418,0.292955,0.463896,0,0
0.312858,0.278591,0.383334,0.425739,0.357294,0.526584,0.40938,0.635561,0.450749,0.548354,0.410895,0.32768,0.501277,0.29497,0.527323,0.265007,0.582469,0.480239,0.56408,0.540216,0.596269,0.469379,0.735645,0.482984,0.59778,0.417591,0.671294,0.259584,0.764748,0.433907,0.283753,0.314059,0.294478,0.270459,0.292969,0.463946,0,0
0.312865,0.275953,0.383334,0.425737,0.357289,0.526571,0.406313,0.632825,0.453799,0.545648,0.409365,0.333096,0.478304,0.284076,0.53192,0.262259,0.582455,0.474816,0.564075,0.534766,0.603895,0.472082,0.740229,0.483002,0.596243,0.414879,0.671291,0.259559,0.766259,0.433916,0.282241,0.314066,0.29449,0.270436,0.292953,0.466599,0,0
0.31136,0.278597,0.3818,0.425783,0.35576,0.5293,0.401713,0.630121,0.459923,0.556527,0.406315,0.333131,0.475238,0.281336,0.528857,0.248652,0.579399,0.469385,0.56256,0.526589,0.603907,0.48024,0.74022,0.482978,0.593172,0.406705,0.672829,0.264989,0.770858,0.431192,0.280708,0.314067,0.294473,0.270443,0.292949,0.463946,0,0
0.311348,0.278612,0.381805,0.425791,0.355765,0.532008,0.401715,0.632864,0.459951,0.559256,0.407837,0.330401,0.478307,0.275876,0.530378,0.248672,0.58094,0.472094,0.564079,0.532025,0.599325,0.477555,0.737165,0.480261,0.596257,0.409418,0.67283,0.264971,0.770879,0.420321,0.279188,0.316739,0.292971,0.270473,0.292957,0.463948,0,0
0.312852,0.278628,0.381795,0.425782,0.355762,0.529294,0.400183,0.630142,0.459908,0.556529,0.406308,0.333116,0.475237,0.273194,0.522724,0.254107,0.582472,0.469385,0.567141,0.529307,0.600833,0.477554,0.738702,0.477553,0.596245,0.406709,0.675898,0.265003,0.775462,0.417571,0.280699,0.316757,0.294476,0.270468,0.292937,0.466591,0,0
0.312857,0.278604,0.381799,0.425761,0.355765,0.526582,0.398657,0.627381,0.459913,0.551141,0.407837,0.330408,0.473707,0.275907,0.513544,0.256803,0.582463,0.472062,0.565617,0.526599,0.602371,0.480269,0,0,0.59472,0.406709,0.677415,0.265021,0.77548,0.414852,0.280714,0.316729,0.292957,0.273163,0.292957,0.463926,0,0
0.312863,0.275938,0.380277,0.425771,0.35575,0.526599,0.398642,0.624699,0.45841,0.551101,0.404786,0.333138,0.473695,0.278604,0.522718,0.248673,0.580942,0.472074,0.565613,0.529302,0.605447,0.482957,0.743309,0.485733,0.594711,0.412131,0.677424,0.267712,0.776979,0.425765,0.282226,0.314038,0.292968,0.270463,0.292944,0.46389,0,0
0.312863,0.275919,0.38179,0.425764,0.354229,0.526584,0.395586,0.624692,0.458384,0.551141,0.407839,0.3331,0.473706,0.27591,0.524256,0.248632,0.57941,0.472075,0.562553,0.529301,0.608505,0.482973,0.743307,0.488442,0.593184,0.412144,0.67744,0.267706,0.776981,0.428466,0.282226,0.314013,0.292969,0.270446,0.292944,0.463889,0,0
0.312865,0.275884,0.38026,0.425764,0.354223,0.523875,0.394051,0.627415,0.458379,0.553821,0.406305,0.333104,0.473703,0.278615,0.522722,0.248633,0.579402,0.472072,0.561025,0.529294,0.61003,0.482956,0.741775,0.488459,0.593188,0.412143,0.67894,0.265013,0.778538,0.425743,0.282235,0.311341,0.294475,0.270415,0.292944,0.461203,0,0
0.312881,0.275878,0.380263,0.425776,0.354223,0.523878,0.395593,0.630107,0.458401,0.553851,0.40478,0.335807,0.472165,0.278644,0.512011,0.251357,0.577868,0.472096,0.561008,0.52931,0.608496,0.482991,0.743298,0.488424,0.591646,0.412131,0.678944,0.26772,0.780063,0.423019,0.282244,0.31133,0.2945,0.267741,0.292938,0.461178,0,0
0.314396,0.273226,0.380278,0.42578,0.35424,0.52387,0.395595,0.62742,0.459909,0.556532,0.40631,0.333139,0.472172,0.281343,0.525791,0.245937,0.579401,0.469385,0.562554,0.526576,0.606969,0.488383,0.74178,0.488405,0.593179,0.409408,0.678962,0.267687,0.780063,0.420319,0.283772,0.311315,0.294492,0.270448,0.291437,0.458489,0,0
0.314413,0.275862,0.380274,0.425766,0.354236,0.523857,0.394056,0.627389,0.45841,0.553857,0.404786,0.333137,0.469116,0.281366,0.512013,0.256824,0.579391,0.472071,0.561025,0.529286,0.605445,0.485732,0.741776,0.488401,0.593179,0.40942,0.678984,0.267683,0.781587,0.423014,0.285291,0.31129,0.29601,0.270433,0.291434,0.458469,0,0
0.314417,0.273214,0.383331,0.425792,0.355753,0.532024,0.401719,0.638298,0.452271,0.532071,0.409385,0.333106,0.499751,0.292244,0.524261,0.248657,0.576324,0.477532,0.559477,0.534733,0.60546,0.485716,0.741755,0.488386,0.591643,0.417579,0.680483,0.267699,0.778531,0.423056,0.285301,0.311281,0.296027,0.270423,0.291422,0.458435,0,0
0.314409,0.27322,0.384857,0.425773,0.355774,0.532044,0.398646,0.638313,0.446153,0.518447,0.410898,0.327657,0.473714,0.281372,0.525771,0.245925,0.579397,0.477536,0.562545,0.534738,0.603924,0.485693,0.741761,0.485696,0.593187,0.414866,0.680498,0.265009,0.775476,0.433913,0.285301,0.311281,0.297544,0.267745,0.291422,0.458457,0,0
0.312878,0.275902,0.383335,0.423056,0.355763,0.529291,0.39407,0.630143,0.429286,0.477554,0.410907,0.322226,0.467587,0.284081,0.513547,0.256834,0.580941,0.477538,0.564086,0.534748,0.602369,0.483011,0.741765,0.488423,0.59473,0.414862,0.686632,0.270457,0.757078,0.450298,0.285285,0.311319,0.29603,0.270461,0.29294,0.458476,0,0
0.312867,0.27591,0.381796,0.423027,0.355764,0.523864,0.39404,0.627388,0.429293,0.472132,0.409361,0.324942,0.473704,0.281359,0.513539,0.259549,0.580936,0.474827,0.562557,0.532035,0.600842,0.480292,0.741776,0.488414,0.594725,0.409406,0.68967,0.27316,0.750959,0.466637,0.283764,0.311333,0.296005,0.270451,0.29294,0.461151,0,0
0.311362,0.278592,0.38332,0.423051,0.357281,0.523851,0.392521,0.632822,0.435414,0.488427,0.407828,0.330372,0.475247,0.281354,0.519658,0.245931,0.587057,0.466647,0.568671,0.52657,0.599306,0.482955,0.741777,0.488436,0.600846,0.401232,0.686608,0.270468,0.755538,0.458466,0.282249,0.314013,0.294504,0.270468,0.292964,0.46121,0,0
0.312866,0.278612,0.381805,0.425747,0.357284,0.526567,0.391009,0.632845,0.436939,0.49118,0.40785,0.327668,0.478308,0.281333,0.524247,0.248667,0.58706,0.472079,0.568673,0.529303,0.599317,0.485684,0.741775,0.488464,0.603911,0.401233,0.680486,0.267745,0.755566,0.455724,0.28377,0.314035,0.296009,0.273152,0.292969,0.463896,0,0
0.312861,0.278619,0.384872,0.423007,0.358826,0.523852,0.389452,0.638267,0.435395,0.491164,0.40938,0.32224,0.467585,0.289508,0.512002,0.262264,0.587052,0.474801,0.564085,0.534742,0.597777,0.485686,0.741783,0.485688,0.6039,0.403982,0.680478,0.262255,0.752472,0.461195,0.285278,0.314051,0.296004,0.273142,0.292978,0.463916,0,0
0.311355,0.278619,0.384866,0.420312,0.358821,0.523845,0.387927,0.638315,0.433903,0.491184,0.409367,0.322207,0.464528,0.286764,0.505874,0.267698,0.58553,0.474805,0.564082,0.537484,0.597782,0.485652,0.741755,0.482989,0.603907,0.403989,0.678944,0.264991,0.750941,0.458459,0.282245,0.314089,0.294489,0.27317,0.292969,0.4639,0,0
0.31135,0.278642,0.383325,0.423017,0.357285,0.523853,0.387913,0.641022,0.430823,0.491193,0.407838,0.324935,0.472167,0.286788,0.518124,0.251363,0.582465,0.466624,0.561029,0.529288,0.594724,0.485661,0.738706,0.482957,0.602383,0.401211,0.6759,0.26226,0.746377,0.458453,0.282235,0.314086,0.294489,0.27314,0.292945,0.463929,0,0
0.311343,0.27867,0.383332,0.423031,0.357292,0.523874,0.386417,0.640998,0.430813,0.491156,0.407846,0.32496,0.472167,0.286798,0.519658,0.248626,0.580937,0.469363,0.561028,0.532014,0.594718,0.485678,0.735632,0.485689,0.60085,0.401246,0.677429,0.262277,0.746366,0.453013,0.282227,0.31675,0.294487,0.273135,0.292945,0.463931,0,0
0.311342,0.278671,0.381797,0.423012,0.357289,0.521159,0.386387,0.638266,0.430829,0.488481,0.407843,0.324946,0.496683,0.292233,0.522724,0.256813,0.584,0.474809,0.564081,0.534739,0.594702,0.48844,0.741772,0.491151,0.600849,0.406685,0,0,0,0,0.280718,0.31678,0.294477,0.270473,0.292948,0.466593,0,0
0.311329,0.281354,0.384858,0.420322,0.357284,0.523852,0.386419,0.638268,0.429297,0.488376,0.41091,0.322205,0.476771,0.286808,0.513536,0.256818,0.577877,0.474809,0.55949,0.532038,0.596244,0.493861,0.743294,0.510223,0.594718,0.406699,0,0,0,0,0.282223,0.316807,0.294496,0.273137,0.292944,0.466634,0,0
0.311343,0.284101,0.383323,0.428473,0.357299,0.532031,0.389461,0.624687,0.426207,0.469385,0.406306,0.33582,0.473714,0.292265,0.495144,0.275906,0.596254,0.466647,0.577864,0.526578,0.605446,0.518409,0.750953,0.548391,0.61003,0.401264,0.695826,0.275939,0.752485,0.463907,0.282242,0.322204,0.297539,0.273163,0.294476,0.466678,0,0
0.311347,0.2841,0.380279,0.428457,0.357301,0.529323,0.389465,0.616517,0.424696,0.461185,0.401726,0.333139,0.530379,0.30587,0.522716,0.25137,0.594716,0.469356,0.577868,0.523867,0.605444,0.518413,0.754025,0.575613,0.606971,0.401258,0.703465,0.284048,0.754,0.477558,0.282246,0.32223,0.297538,0.273202,0.294472,0.469343,0,0
0.311342,0.286834,0.38179,0.42032,0.360362,0.532043,0.39865,0.602884,0.423134,0.431243,0.39558,0.30314,0.51813,0.308584,0.515058,0.262277,0.59165,0.46937,0.576329,0.526603,0.625349,0.526574,0.764747,0.619227,0.60238,0.403981,0.705022,0.289504,0.757086,0.502072,0.285296,0.327657,0.297535,0.273206,0.296003,0.472074,0,0
0.312873,0.289546,0.378748,0.423039,0.360347,0.532035,0.398644,0.600172,0.423139,0.428498,0.394063,0.303136,0.502808,0.292252,0,0,0.585524,0.474798,0.568671,0.534754,0.626878,0.529288,0.764751,0.627408,0.600847,0.406695,0.708051,0.28409,0.755563,0.510225,0.285299,0.330377,0.299073,0.273214,0.296007,0.474819,0,0
0.31136,0.292267,0.37875,0.425746,0.360369,0.53476,0.398651,0.591976,0.421617,0.423036,0.397109,0.311339,0.50894,0.305876,0.50893,0.262262,0.590121,0.469358,0.57481,0.52657,0.631472,0.529295,0.758619,0.613764,0.603901,0.40395,0.711141,0.284099,0.752495,0.499347,0.283765,0.333135,0.299063,0.275897,0.294485,0.480269,0,0
0.311313,0.294934,0.378741,0.420299,0.36036,0.534743,0.39865,0.600168,0.421607,0.431222,0.392533,0.300413,0.50434,0.281349,0,0,0.590116,0.472081,0.571734,0.532028,0.631479,0.521156,0.758616,0.616519,0.603911,0.40398,0.709584,0.284062,0.750965,0.496625,0.280709,0.335846,0.296031,0.27592,0.292955,0.48029,0,0
0.308285,0.29229,0.378745,0.417571,0.361885,0.540216,0.395589,0.600153,0.423165,0.436647,0.389462,0.286792,0.499743,0.26772,0,0,0.591657,0.466645,0.573273,0.526598,0.639135,0.523841,0.760139,0.621934,0.606975,0.401237,0.709598,0.281367,0.750951,0.493893,0.277647,0.335863,0.292965,0.275909,0.291434,0.482973,0,0
0.308273,0.292241,0.377199,0.417577,0.360369,0.54292,0.392539,0.600146,0.424697,0.433968,0.390986,0.292239,0.498212,0.270449,0,0,0.588593,0.472095,0.56868,0.537476,0.639142,0.523839,0.760149,0.624676,0.605444,0.403965,0.709584,0.284094,0.754014,0.493891,0.277642,0.335847,0.291417,0.275903,0.291423,0.480259,0,0
0.309788,0.292245,0.377204,0.417583,0.361898,0.545653,0.392519,0.591969,0.435425,0.450298,0.389456,0.273176,0.459924,0.207782,0.493614,0.251369,0.587052,0.472074,0.567145,0.537482,0.652922,0.512964,0.763211,0.632862,0.602373,0.401252,0.715716,0.294983,0.770863,0.523844,0.279165,0.335812,0.294474,0.275875,0.289916,0.474823,0,0
0.309807,0.292232,0.377212,0.423026,0.363416,0.540211,0.395576,0.605603,0.441559,0.45849,0.39405,0.305859,0.484429,0.248654,0.493626,0.25956,0.582465,0.474812,0.565613,0.540206,0.659056,0.510211,0.772396,0.635589,0.60084,0.40668,0.715735,0.300403,0.786198,0.52114,0.277664,0.335815,0.294484,0.273192,0.289896,0.474826,0,0
0.308279,0.292232,0.377194,0.409433,0.358825,0.523862,0.39407,0.62468,0.450732,0.493908,0.392534,0.308595,0.484428,0.278624,0.495153,0.262278,0.580924,0.480271,0.564076,0.545654,0.674356,0.499319,0.786191,0.638297,0.597777,0.412138,0.729506,0.314014,0.819892,0.51021,0.279161,0.333131,0.292957,0.273202,0.289877,0.474837,0,0
0.308276,0.292256,0.375684,0.409406,0.35881,0.523845,0.392531,0.630119,0.458413,0.521112,0.39099,0.300421,0.467581,0.243206,0.493616,0.251387,0.580924,0.485704,0.562555,0.553827,0.675888,0.493888,0.795384,0.638308,0.597778,0.417584,0.73258,0.316797,0.829088,0.515662,0.277654,0.335825,0.292947,0.27318,0.288387,0.474834,0,0
0.308272,0.292291,0.375692,0.406698,0.357298,0.521116,0.392524,0.638281,0.459928,0.55114,0.392516,0.300415,0.476768,0.243202,0.493616,0.251387,0.585528,0.480274,0.573271,0.545658,0.689679,0.507511,0.812232,0.641041,0.59931,0.414857,0.743307,0.341259,0.861256,0.51839,0.279184,0.335838,0.294475,0.27316,0.288379,0.480249,0,0
0.308263,0.294964,0.375686,0.409422,0.357303,0.523868,0.386411,0.632849,0.458365,0.578414,0.392529,0.314027,0.473711,0.267731,0.495152,0.262284,0.580923,0.482991,0.565615,0.553833,0.682023,0.499325,0.789256,0.605605,0.591654,0.414862,0.755547,0.379465,0.884211,0.51567,0.279171,0.335858,0.294482,0.273174,0.28988,0.482973,0,0
0.302161,0.305853,0.377216,0.417601,0.358817,0.5402,0.409374,0.654653,0.427755,0.66825,0.394049,0.311327,0.525783,0.322216,0.510466,0.251399,0.602378,0.477523,0.582462,0.534762,0.686618,0.466651,0.792325,0.55655,0.608502,0.409416,0.755548,0.403961,0,0,0.276138,0.341332,0.29448,0.281386,0.286838,0.488468,0,0
0.30368,0.308567,0.378733,0.40943,0.360346,0.534763,0.412433,0.673723,0.427759,0.687368,0.394056,0.300422,0.481367,0.24593,0.519655,0.270442,0.611568,0.477535,0.593187,0.537488,0.680505,0.450281,0.790787,0.534762,0.622289,0.412132,0.726442,0.401244,0.898013,0.53206,0.276137,0.344044,0.294474,0.284067,0.286844,0.491152,0,0
0.305207,0.303128,0.372623,0.417605,0.360347,0.53204,0.41398,0.668251,0.44614,0.706407,0.378731,0.311321,0.440022,0.24862,0.489019,0.215952,0.597783,0.463909,0.584001,0.52384,0.659043,0.423027,0.789244,0.510227,0.603915,0.401235,0.68509,0.37396,0.803043,0.431166,0.277627,0.341279,0.294492,0.284095,0.286841,0.491114,0,0
0.305219,0.300431,0.372613,0.417573,0.358809,0.529312,0.409366,0.673713,0.44614,0.703671,0.378743,0.311298,0.44153,0.24867,0.493598,0.207788,0.603903,0.480271,0.591645,0.529305,0.65138,0.404012,0.78925,0.518399,0.614633,0.420319,0.778525,0.515634,0,0,0.276143,0.338623,0.294483,0.284042,0.286844,0.488451,0,0
0.305217,0.295015,0.374118,0.412134,0.355752,0.523838,0.377214,0.654653,0.384868,0.695527,0.387923,0.308611,0.458375,0.256807,0.507389,0.224072,0.599308,0.469361,0.583994,0.521146,0.642211,0.390347,0.767807,0.553845,0.620751,0.406699,0.758623,0.371235,0.881158,0.510244,0.277637,0.338552,0.294475,0.275944,0.289892,0.482971,0,0
0.308253,0.294967,0.375666,0.406678,0.352709,0.512979,0.372617,0.627399,0.361889,0.711866,0.398649,0.297701,0.46912,0.270412,0.521196,0.270394,0.594723,0.469337,0.576321,0.529292,0.654436,0.431233,0.76629,0.619242,0.611571,0.406686,0.752467,0.349479,0.861232,0.518418,0.279176,0.338581,0.294484,0.275882,0.289915,0.482982,0,0
0.308277,0.295012,0.374165,0.417582,0.354234,0.521136,0.361894,0.665531,0.349621,0.760933,0.398659,0.314029,0.475238,0.270475,0.511996,0.270454,0.594726,0.469352,0.574813,0.532033,0.657538,0.455732,0.761673,0.643734,0.610039,0.40396,0.75248,0.346723,0.862782,0.521102,0.279174,0.341272,0.294497,0.275889,0.291437,0.485684,0,0
0.305203,0.314016,0.375675,0.41213,0.352693,0.521154,0.363418,0.660085,0.351179,0.750032,0.395591,0.311332,0.456852,0.275887,0.499736,0.270424,0.594722,0.472091,0.573281,0.534753,0.660589,0.491176,0.767798,0.665526,0.61004,0.412131,0.752495,0.344043,0.859719,0.521136,0.279164,0.36034,0.292957,0.289508,0.292944,0.491178,0,0
0.300611,0.319504,0.374148,0.417606,0.352698,0.523869,0.363411,0.662812,0.351178,0.755475,0.392516,0.316788,0.455322,0.273213,0.49975,0.270471,0.593182,0.477515,0.571746,0.537491,0.660597,0.496625,0.770864,0.668309,0.6085,0.414853,0.75096,0.34132,0.859702,0.52115,0.276091,0.368543,0.289895,0.292257,0.291433,0.499322,0,0
0.299074,0.338618,0.371077,0.414885,0.351168,0.52932,0.358806,0.67372,0.34658,0.758215,0.38486,0.297715,0.45227,0.281375,0.496686,0.273174,0.596242,0.472094,0.576338,0.534751,0.665171,0.502059,0.766268,0.668297,0.60697,0.41215,0.740242,0.333111,0.841347,0.515693,0.274579,0.382202,0.286837,0.305847,0.28991,0.512963,0.30675,0.270376
0.297546,0.341327,0.368012,0.409418,0.351166,0.532032,0.358827,0.673716,0.348095,0.760899,0.375694,0.2868,0.450722,0.284044,0.492085,0.27318,0.59472,0.477522,0.574805,0.540193,0.663644,0.49661,0.766282,0.668248,0.608506,0.420306,0.734101,0.31953,0.836725,0.515656,0.274544,0.390326,0.285286,0.308589,0.289884,0.518373,0.305212,0.270454
0.297537,0.344051,0.368019,0.425742,0.351168,0.534744,0.358824,0.671003,0.348123,0.755519,0.375671,0.314042,0.44154,0.286781,0.485976,0.275928,0.59625,0.46935,0.577866,0.526597,0.669782,0.480265,0.767804,0.662788,0.608496,0.403982,0.72491,0.30861,0.822953,0.493916,0.27305,0.395762,0.282249,0.311339,0.288386,0.518403,0.302167,0.275878
0.297545,0.349475,0.368024,0.423015,0.351171,0.532025,0.358834,0.67099,0.348125,0.755507,0.378736,0.308603,0.443083,0.286824,0.487485,0.28135,0.597783,0.469371,0.579405,0.529297,0.677432,0.477519,0.77394,0.662783,0.608503,0.406706,0.721841,0.305881,0.819874,0.48842,0.273033,0.398477,0.282225,0.314009,0.288384,0.521096,0.300595,0.270474
0.299088,0.344016,0.369554,0.420299,0.351162,0.529321,0.360356,0.665566,0.351154,0.755442,0.383333,0.308602,0.449201,0.295008,0.489013,0.289516,0.599315,0.466641,0.585521,0.523873,0.682028,0.453023,0.776994,0.660082,0.605446,0.406687,0.718782,0.305897,0.819888,0.485721,0.27306,0.395793,0.285287,0.311328,0.288368,0.518385,0.300644,0.273139
0.299102,0.346729,0.372601,0.423047,0.351178,0.529315,0.361878,0.668252,0.351158,0.755437,0.389451,0.316775,0.459923,0.29771,0.490548,0.289522,0.600848,0.469361,0.587063,0.526589,0.689675,0.450262,0.777015,0.660061,0.606974,0.409412,0.721861,0.31131,0.82141,0.488466,0.274558,0.395799,0.285304,0.314008,0.289874,0.518395,0,0
0.299095,0.34947,0.371075,0.417589,0.352688,0.526598,0.360365,0.66556,0.351157,0.75279,0.384859,0.305873,0.475234,0.32222,0.489029,0.292231,0.600839,0.469374,0.583987,0.529313,0.694278,0.444826,0.78005,0.66282,0.606978,0.406709,0.724901,0.311326,0.816837,0.488478,0.27458,0.398508,0.286819,0.314027,0.289898,0.5184,0.302166,0.27319
0.30062,0.352168,0.372589,0.420304,0.35269,0.529301,0.360359,0.665565,0.349656,0.755439,0.384858,0.303143,0.492088,0.297692,0,0,0.599318,0.469367,0.585524,0.5266,0.694269,0.444838,0.778557,0.660118,0.606962,0.406696,0.723389,0.308629,0.813754,0.488451,0.274602,0.401213,0.286844,0.314072,0.289902,0.51842,0.300603,0.270464
0.300631,0.354889,0.372621,0.420314,0.354224,0.532023,0.360355,0.668296,0.349634,0.75548,0.389464,0.297693,0.479835,0.292244,0.492075,0.289527,0.599312,0.472087,0.587055,0.529311,0.694278,0.447585,0.778528,0.662831,0.606971,0.409425,0.712645,0.297701,0.795369,0.483003,0.274605,0.401227,0.288361,0.314092,0.28991,0.518448,0.306761,0.273225
0.302136,0.354924,0.372618,0.425731,0.354225,0.532028,0.36035,0.670982,0.349634,0.755482,0.390993,0.314036,0.476772,0.289531,0.485968,0.28407,0.59932,0.474824,0.588588,0.532018,0.692728,0.453038,0.777008,0.662795,0.606968,0.414871,0.705021,0.292224,0.780078,0.482977,0.276087,0.401209,0.288389,0.316757,0.289902,0.521127,0.308253,0.28131
0.302146,0.346761,0.374125,0.425786,0.352701,0.529312,0.358832,0.668281,0.348122,0.755463,0.389455,0.335818,0.449203,0.294978,0.489013,0.292252,0.594724,0.47752,0.583998,0.534748,0.689676,0.458441,0.776994,0.662802,0.603907,0.41487,0.69122,0.275888,0.760158,0.466612,0.276084,0.395804,0.289883,0.314029,0.289893,0.518404,0,0
0.300626,0.344014,0.37413,0.425767,0.352692,0.529312,0.358822,0.67099,0.348116,0.75816,0.390996,0.333123,0.475235,0.305865,0.492082,0.294958,0.594717,0.480235,0.58399,0.53748,0.689691,0.458433,0.777014,0.662837,0.603902,0.417593,0.683551,0.273191,0.758619,0.458485,0.274605,0.39307,0.289877,0.314011,0.288373,0.518391,0,0
0.302157,0.341286,0.372628,0.42304,0.352695,0.529301,0.35728,0.670995,0.346576,0.755512,0.386391,0.319495,0.487492,0.300416,0.479839,0.27045,0.596253,0.469364,0.588587,0.526576,0.692736,0.44757,0.778525,0.665522,0.603904,0.406698,0.682025,0.273191,0.760126,0.455762,0.276094,0.384874,0.291424,0.308578,0.288357,0.512972,0,0
0.306757,0.338519,0.374125,0.425789,0.352702,0.529291,0.355765,0.670986,0.345031,0.758169,0.387927,0.33584,0.475241,0.275906,0.47678,0.256832,0.596244,0.469347,0.587063,0.526577,0.694297,0.444844,0.778515,0.66283,0.600848,0.403966,0.685083,0.275914,0.760165,0.455746,0.276141,0.37944,0.294484,0.300448,0.286848,0.51293,0,0
0.309825,0.319526,0.375687,0.423035,0.354226,0.523846,0.352706,0.673733,0.338914,0.763619,0.406309,0.324938,0.450732,0.213231,0,0,0.597782,0.466628,0.590123,0.526575,0.698878,0.436686,0.780062,0.665521,0.603908,0.401246,0.682023,0.275912,0.761694,0.439412,0.28071,0.36308,0.297568,0.292292,0.286847,0.502048,0,0
0.312853,0.314037,0.377202,0.425755,0.355749,0.523869,0.352688,0.681902,0.337368,0.766377,0.406312,0.3304,0.444604,0.270443,0.45838,0.251406,0.602371,0.461203,0.594725,0.52385,0.70346,0.433912,0.780061,0.665505,0.606968,0.39853,0.678986,0.2732,0.763209,0.433937,0.280718,0.357633,0.299082,0.289539,0.286828,0.493911,0,0
0.312866,0.297688,0.378736,0.420302,0.357285,0.526566,0.352694,0.684623,0.335856,0.769073,0.407843,0.31677,0.455322,0.243197,0.459906,0.226856,0.602365,0.461198,0.594711,0.521145,0.703473,0.431229,0.780058,0.662854,0.606969,0.401224,0.678973,0.267714,0.763222,0.423047,0.285302,0.338522,0.299105,0.281335,0.286815,0.482955,0,0
0.312886,0.289508,0.378741,0.417591,0.357281,0.521142,0.352695,0.684622,0.335849,0.76365,0.409378,0.311327,0.450732,0.194157,0,0,0.602374,0.461186,0.593191,0.523844,0.703467,0.431234,0.780059,0.665514,0.608494,0.398504,0.678991,0.267711,0.76473,0.42577,0.286807,0.32494,0.299087,0.275891,0.285287,0.469363,0,0
0.312875,0.273138,0.384869,0.409429,0.357286,0.518425,0.352695,0.679154,0.331243,0.760945,0.4109,0.311311,0.476771,0.251383,0,0,0.599311,0.461195,0.593177,0.521137,0.698867,0.431211,0.778518,0.660101,0.603917,0.398528,0.685094,0.273149,0.776968,0.439393,0.285313,0.30589,0.296024,0.26229,0.282237,0.452993,0,0
0.312886,0.267748,0.38027,0.412149,0.355759,0.521149,0.355766,0.671015,0.328184,0.758217,0.406311,0.303135,0.458388,0.237755,0,0,0.597776,0.463921,0.590123,0.523841,0.695831,0.431199,0.776993,0.660117,0.602376,0.40125,0.69277,0.278626,0.778533,0.447574,0.286803,0.297738,0.296016,0.259545,0.283767,0.444854,0,0
0.314391,0.259527,0.380279,0.420313,0.357296,0.521139,0.358816,0.670989,0.315924,0.750006,0.410911,0.314035,0.459922,0.226849,0,0,0.599307,0.466645,0.591657,0.523867,0.701933,0.428464,0.778518,0.662785,0.603917,0.403956,0.698879,0.28951,0.78007,0.461174,0.286821,0.294971,0.297534,0.254074,0.285305,0.442078,0,0
0.3144,0.25682,0.381807,0.417578,0.357288,0.521127,0.358816,0.670993,0.306735,0.736378,0.4109,0.311317,0.450731,0.22685,0.439999,0.215957,0.600836,0.466626,0.594711,0.523859,0.703449,0.425752,0.778508,0.654657,0.603917,0.401244,0.695819,0.286803,0.778548,0.45301,0.288353,0.292276,0.297546,0.251375,0.288363,0.436672,0,0
0.312857,0.251424,0.384879,0.414859,0.357295,0.521131,0.358817,0.662786,0.296012,0.706371,0.420086,0.314034,0.455324,0.243207,0.426219,0.237747,0.599315,0.466628,0.594724,0.526581,0.698877,0.409415,0.775478,0.651915,0.603908,0.40124,0.691235,0.275914,0.775467,0.439363,0.288378,0.289522,0.292965,0.24868,0.289888,0.428505,0,0
0.312882,0.251336,0.381796,0.417602,0.355757,0.515695,0.360348,0.646482,0.292973,0.68731,0.41397,0.32223,0.441539,0.226852,0,0,0.596256,0.466626,0.593175,0.526566,0.695808,0.404014,0.772404,0.64918,0.600848,0.401234,0.691215,0.273195,0.773926,0.433956,0.28837,0.284085,0.292952,0.248625,0.289913,0.425768,0,0
0.312879,0.24862,0.375667,0.412128,0.348108,0.515664,0.386402,0.646468,0.309806,0.616509,0.400176,0.316787,0.458388,0.278622,0,0,0.594711,0.469353,0.590114,0.526575,0.692731,0.401271,0.767808,0.643774,0.599308,0.403984,0.69123,0.281339,0.766278,0.444819,0.288358,0.278624,0.28835,0.251333,0.289906,0.417611,0,0
0.312876,0.24865,0.375679,0.414867,0.351163,0.521129,0.397122,0.651907,0,0,0.401716,0.319512,0.464516,0.294977,0.432345,0.232304,0.594716,0.472086,0.587059,0.52931,0.69122,0.403953,0.766262,0.646462,0.599316,0.406701,0.69275,0.281334,0.766284,0.453037,0.288375,0.278616,0.289885,0.248666,0.28991,0.417607,0,0
0.312883,0.248608,0.380269,0.42577,0.361882,0.534765,0.495157,0.709127,0.553358,0.673728,0.397115,0.322225,0.417033,0.245929,0,0,0.591644,0.480255,0.583996,0.53749,0.689688,0.406671,0.766261,0.65191,0.59625,0.414866,0.692773,0.28138,0.767808,0.455759,0.289881,0.278619,0.291413,0.248647,0.292943,0.420329,0,0
0.311341,0.248625,0.375684,0.406689,0.351178,0.515681,0.423146,0.58925,0.449199,0.458483,0.398648,0.311321,0.44765,0.213249,0,0,0.579405,0.485705,0.576323,0.548388,0.689668,0.406728,0.76627,0.646495,0.590126,0.417601,0.692744,0.28133,0.766272,0.450313,0.288369,0.278655,0.288378,0.251337,0.294473,0.423039,0,0
0.30982,0.251327,0.372609,0.401206,0.34965,0.510201,0.413976,0.594699,0.464505,0.469377,0.390993,0.300431,0.453783,0.215959,0.404788,0.226883,0.579398,0.477549,0.573278,0.53749,0.682057,0.412119,0.764725,0.646469,0.590122,0.409426,0.689684,0.273183,0.761699,0.442123,0.288379,0.284066,0.289908,0.248629,0.299074,0.425825,0,0
0.309799,0.251351,0.374128,0.403997,0.352706,0.510208,0.479839,0.567459,0.513538,0.491173,0.389455,0.305882,0.452251,0.215965,0.407828,0.232332,0.576343,0.488424,0.568683,0.556556,0.678946,0.414859,0.761669,0.641024,0.58247,0.417602,0.691211,0.275881,0.763219,0.444826,0.288334,0.28679,0.289885,0.251369,0.299065,0.42845,0,0
0.311327,0.251319,0.375656,0.401224,0.355772,0.496627,0.470642,0.621966,0.475238,0.523857,0.384873,0.297704,0.458393,0.218666,0.412434,0.221381,0.579406,0.482982,0.567143,0.561999,0.659061,0.425759,0.746366,0.621984,0.591648,0.41213,0.694305,0.275949,0.763203,0.474809,0.288336,0.284094,0.291424,0.251345,0.299079,0.428506,0,0
0.309808,0.251396,0.375672,0.401237,0.35881,0.504765,0.461463,0.624675,0.524274,0.619192,0.386395,0.297699,0.461461,0.221403,0.421618,0.22413,0.580942,0.466648,0.573275,0.529325,0.648313,0.428481,0.740236,0.619194,0.594717,0.401228,0,0,0,0,0.286842,0.289528,0.291434,0.251368,0.299103,0.433937,0,0
0.308261,0.251417,0.375688,0.401227,0.358828,0.507505,0.456868,0.624704,0.525797,0.621949,0.389461,0.292251,0.464525,0.22415,0.420091,0.232323,0.580935,0.469358,0.565623,0.526599,0.639135,0.455735,0.741774,0.605628,0.594723,0.409402,0.692776,0.281316,0.758596,0.477549,0.283767,0.29222,0.288378,0.25137,0.299071,0.436661,0,0
0.306738,0.251437,0.375673,0.401251,0.358814,0.504789,0.447685,0.624692,0.522734,0.62192,0.389466,0.297709,0.464511,0.224157,0.424675,0.229633,0.584002,0.463895,0.567145,0.521133,0.637615,0.461224,0.741746,0.600127,0.597793,0.403974,0.691241,0.278611,0.757081,0.474803,0.280706,0.292283,0.286841,0.256837,0.299061,0.436655,0,0
0.302148,0.254086,0.375691,0.398536,0.357284,0.510229,0.436938,0.621972,0.507407,0.611087,0.394051,0.294965,0.458408,0.224095,0.418571,0.232291,0.582468,0.461195,0.565608,0.52385,0.634541,0.463926,0.741775,0.581073,0.597779,0.398541,0.691234,0.275863,0.755562,0.469337,0.277663,0.294981,0.285299,0.254136,0.297545,0.436682,0,0
0.302154,0.251441,0.375674,0.401202,0.355763,0.504788,0.418557,0.611037,0.489013,0.61647,0.392531,0.294961,0.45684,0.221406,0.412439,0.235043,0.58094,0.466618,0.564078,0.523877,0.631469,0.469394,0.743316,0.578314,0.596239,0.403968,0.692739,0.275905,0.754031,0.466662,0.277655,0.294972,0.283771,0.256831,0.297548,0.436668,0,0
0.303674,0.251401,0.378746,0.395786,0.355773,0.504793,0.409367,0.608324,0.461453,0.608347,0.397115,0.289523,0.449189,0.215976,0.403255,0.240476,0.590125,0.46936,0.573276,0.529298,0.633008,0.482952,0.743301,0.575589,0.603913,0.403989,0,0,0,0,0.277667,0.292253,0.286809,0.254109,0.297546,0.436636,0,0
0.302148,0.251403,0.378741,0.393053,0.357283,0.504773,0.409378,0.605582,0,0,0.400181,0.286812,0.449189,0.215983,0.403251,0.237781,0.587052,0.47209,0.56867,0.532041,0.628429,0.485707,0.746359,0.572871,0.60238,0.406699,0.701923,0.286781,0.757087,0.472089,0.277641,0.292255,0.285293,0.254117,0.297554,0.433965,0,0
0.302134,0.251413,0.377222,0.390346,0.357302,0.510214,0.459913,0.65465,0.44922,0.575654,0.390992,0.281374,0.447669,0.218646,0.400183,0.232316,0.590115,0.463929,0.574798,0.52113,0.631482,0.488437,0.744829,0.559262,0.603894,0.403944,0.703454,0.286818,0.757097,0.466659,0.277632,0.292286,0.286827,0.251354,0.297539,0.433984,0,0
0.302138,0.251383,0.378734,0.395784,0.358821,0.51296,0.462986,0.657352,0.452246,0.575612,0.389457,0.281341,0.447642,0.213246,0.400205,0.23504,0.588597,0.469336,0.571735,0.52388,0.625334,0.485724,0.747895,0.545676,0.603915,0.40398,0.7004,0.284109,0.7571,0.469344,0.276128,0.292276,0.286821,0.248652,0.29602,0.436696,0,0
0.302139,0.251378,0.37722,0.401239,0.358824,0.515673,0.464518,0.662789,0.452255,0.575603,0.389454,0.286794,0.444613,0.21595,0.400198,0.237756,0.579399,0.4721,0.562553,0.532019,0.619217,0.47755,0.752492,0.534745,0.593185,0.414846,0.695817,0.281324,0.761681,0.466656,0.274605,0.294991,0.286832,0.248652,0.294494,0.442135,0,0
0.302135,0.251382,0.37416,0.409411,0.357303,0.521107,0.461461,0.662797,0.44766,0.575587,0.38793,0.289519,0.444602,0.215978,0.398645,0.243221,0.577873,0.474794,0.561021,0.532055,0.619214,0.469385,0.755548,0.532048,0.591655,0.417593,0.694266,0.281312,0.761693,0.461188,0.27457,0.297727,0.283768,0.251351,0.292971,0.44753,0,0
0.300633,0.251442,0.374131,0.412137,0.357285,0.521125,0.453804,0.649204,0.438489,0.567474,0.38333,0.292232,0.444611,0.218693,0.3971,0.245889,0.577873,0.472119,0.562549,0.532047,0.623822,0.469365,0.758604,0.526604,0.59013,0.417577,0.685103,0.278614,0.758637,0.447572,0.274562,0.300443,0.283767,0.248639,0.292972,0.447581,0,0
0.30064,0.254098,0.374127,0.417588,0.357288,0.523858,0.455327,0.64919,0.436956,0.570162,0.381804,0.292258,0.444618,0.218682,0.395594,0.245886,0.579405,0.474806,0.564081,0.534746,0.625353,0.469394,0.758633,0.523822,0.593171,0.414869,0.688135,0.278616,0.7632,0.44759,0.274557,0.300447,0.283774,0.248638,0.292948,0.447598,0,0
0.30064,0.254156,0.374148,0.414857,0.358818,0.523857,0.455315,0.646498,0.438493,0.56747,0.384858,0.289525,0.446104,0.218651,0.39559,0.243224,0.583997,0.469373,0.568681,0.529299,0.625366,0.472098,0.763216,0.512977,0.596256,0.409404,0.691224,0.281324,0.778519,0.458472,0.274545,0.303149,0.285301,0.248667,0.292944,0.450268,0,0
0.300627,0.256818,0.374158,0.412129,0.358816,0.523854,0.455322,0.649196,0.44,0.572872,0.381799,0.286794,0.444582,0.215962,0.39709,0.243203,0.583989,0.46936,0.56868,0.529308,0.623805,0.47482,0.763203,0.512935,0.596251,0.406678,0.694284,0.281344,0.778518,0.453027,0.273059,0.305882,0.285301,0.251351,0.292947,0.450294,0,0
0.30062,0.259554,0.374141,0.406702,0.35729,0.526566,0.452257,0.646484,0.433883,0.567447,0.380265,0.286808,0.441545,0.215929,0.395575,0.237758,0.587058,0.469379,0.571737,0.532028,0.623822,0.480274,0.764742,0.504783,0.599306,0.403987,0.69277,0.278625,0.780066,0.452997,0.273058,0.308593,0.286817,0.2514,0.291443,0.45299,0,0
0.300625,0.259573,0.374155,0.40671,0.355765,0.523869,0.449213,0.649188,0.432357,0.564709,0.386388,0.289524,0.435438,0.210512,0.395578,0.237737,0.590126,0.469378,0.574801,0.529304,0.62689,0.485677,0.766276,0.493875,0.603897,0.403985,0.692752,0.278614,0.781596,0.455716,0.273061,0.308614,0.286825,0.251405,0.291441,0.452992,0,0
0.300601,0.262259,0.372618,0.423026,0.357297,0.526574,0.447666,0.646471,0.43388,0.57016,0.386395,0.303139,0.433903,0.20509,0.394049,0.237748,0.590114,0.472105,0.573278,0.534739,0.623812,0.491162,0.758622,0.491153,0.600846,0.409414,0.691227,0.278617,0.780069,0.450304,0.273037,0.308599,0.282239,0.251413,0.291425,0.453017,0,0
0.299107,0.262259,0.374136,0.420297,0.357293,0.523875,0.447661,0.646482,0.432352,0.559277,0.386389,0.297711,0.435393,0.207748,0.392529,0.237752,0.590116,0.472087,0.574804,0.53202,0.626872,0.491183,0.760158,0.488445,0.600847,0.409404,0.691216,0.278631,0.780075,0.447573,0.273029,0.308602,0.280708,0.2514,0.291431,0.453028,0,0
0.30062,0.262249,0.374122,0.423054,0.3573,0.529297,0.447654,0.649182,0.430827,0.564735,0.381805,0.297684,0.433894,0.205088,0.392509,0.232337,0.593177,0.472086,0.576331,0.532038,0.625341,0.496612,0.764736,0.488445,0.603909,0.406683,0.68968,0.278648,0.787719,0.444827,0.27302,0.308597,0.283767,0.251393,0.289911,0.45571,0,0
0.300598,0.262247,0.374135,0.420311,0.35729,0.529289,0.447671,0.646472,0.432339,0.57015,0.386394,0.297706,0.432364,0.20236,0.392505,0.22963,0.593184,0.469349,0.577857,0.529303,0.629944,0.499319,0.770872,0.488428,0.603902,0.401261,0.688161,0.278628,0.787718,0.431224,0.271515,0.308615,0.282227,0.251371,0.289901,0.455707,0,0
0.299102,0.26497,0.374131,0.42305,0.355773,0.529316,0.447662,0.651911,0.427771,0.56746,0.38486,0.300422,0.429277,0.202307,0.389462,0.232308,0.59931,0.458476,0.583995,0.521123,0.640674,0.499325,0.783131,0.493885,0.608494,0.398497,0.689687,0.278599,0.780071,0.414846,0.273028,0.308613,0.280709,0.254107,0.289886,0.455728,0,0
0.2991,0.26502,0.374122,0.423022,0.355768,0.532016,0.447658,0.657347,0.427766,0.570177,0.386397,0.303135,0.427758,0.202288,0.386413,0.235035,0.600838,0.458486,0.585522,0.521131,0.642197,0.504784,0.796912,0.496625,0.608502,0.398506,0.692746,0.278608,0.78619,0.412159,0.273032,0.311291,0.280707,0.254114,0.289884,0.458439,0,0
0.300602,0.267735,0.372612,0.417598,0.354233,0.529323,0.447677,0.65193,0.427762,0.575609,0.384863,0.300412,0.424707,0.199573,0.384865,0.23777,0.600846,0.463904,0.584,0.521152,0.654456,0.502052,0.813753,0.512949,0.610027,0.401234,0.700412,0.286793,0.80764,0.406686,0.273049,0.314005,0.280714,0.25409,0.289892,0.458481,0,0
0.300611,0.270413,0.372607,0.420309,0.355763,0.532024,0.447675,0.654633,0.427761,0.575646,0.387929,0.300424,0.424683,0.196911,0.384883,0.235047,0.599313,0.46392,0.582457,0.523862,0.65292,0.504784,0.824472,0.512944,0.606977,0.401245,0.708052,0.292268,0.816823,0.403939,0.274541,0.314023,0.283767,0.254108,0.289909,0.461175,0,0
0.300631,0.273137,0.374123,0.423043,0.357296,0.534738,0.449216,0.646475,0.427762,0.575646,0.387929,0.303158,0.424671,0.196899,0.383344,0.235068,0.596248,0.469355,0.580923,0.526601,0.668245,0.512962,0.835214,0.518434,0.602375,0.401236,0.708075,0.292252,0.830595,0.384904,0.27457,0.314092,0.283757,0.254132,0.291421,0.461215,0,0
0.300625,0.273139,0.37414,0.423033,0.357289,0.532045,0.450735,0.646457,0.427774,0.575607,0.392518,0.30314,0.42468,0.196898,0.384861,0.237757,0.597787,0.47209,0.582456,0.532021,0.668238,0.51569,0.845922,0.523858,0.605444,0.403953,0.708053,0.289552,0.832143,0.365813,0.274574,0.31409,0.283773,0.25681,0.291427,0.46119,0,0
0.300638,0.273189,0.371086,0.417605,0.354225,0.529326,0.449188,0.643767,0.427744,0.575599,0.386398,0.300413,0.423185,0.196872,0.38486,0.232328,0.600846,0.472079,0.587055,0.532015,0.685101,0.523834,0,0,0.608502,0.401237,0.706541,0.286828,0.841343,0.341331,0.274577,0.316736,0.28684,0.256822,0.291407,0.461172,0,0
0.300621,0.273192,0.371075,0.412128,0.352697,0.529296,0.447675,0.643767,0.426198,0.572898,0.386394,0.300419,0.424686,0.194156,0.384858,0.235011,0.602375,0.474811,0.588586,0.534744,0.691218,0.518438,0,0,0.61156,0.40398,0.712645,0.292223,0.852054,0.349466,0.274584,0.316745,0.286828,0.256845,0.291407,0.461191,0,0
0.300599,0.275922,0.369556,0.41488,0.352696,0.529325,0.449189,0.64648,0.424694,0.575598,0.386394,0.303157,0.418565,0.194149,0.383335,0.229586,0.600846,0.480252,0.585526,0.542916,0.695811,0.51567,0,0,0.610034,0.412147,0.727963,0.311289,0.861236,0.390344,0.274604,0.319492,0.286814,0.259534,0.291413,0.463897,0,0
0.300638,0.275941,0.371068,0.420315,0.352701,0.534743,0.449187,0.646487,0.423171,0.575576,0.387933,0.303142,0.415511,0.191438,0.384851,0.229613,0.605433,0.482975,0.588586,0.545637,0.700407,0.51838,0,0,0.614634,0.417591,0.734095,0.322203,0.864314,0.40124,0.276112,0.319482,0.28835,0.259558,0.291427,0.463935,0,0
0.303683,0.28136,0.369548,0.420302,0.354232,0.537478,0.446127,0.643771,0.420099,0.575595,0.387923,0.303133,0.423157,0.191477,0.369543,0.245944,0.606961,0.482986,0.590126,0.54566,0.701947,0.518435,0,0,0.619228,0.417594,0.735629,0.31679,0.870442,0.382161,0.276132,0.322213,0.289914,0.256861,0.291429,0.466668,0,0
0.305214,0.281359,0.368023,0.423042,0.354227,0.540206,0.446124,0.646494,0.417018,0.572894,0.387925,0.305864,0.421612,0.19413,0.368007,0.248614,0.605435,0.482995,0.591651,0.545659,0.706535,0.523834,0.914861,0.570184,0.614631,0.420298,0.731046,0.314041,0.875032,0.363088,0.27614,0.322223,0.291411,0.262272,0.291428,0.469321,0,0
0.302151,0.281381,0.369543,0.406707,0.352696,0.537499,0.444593,0.646489,0.410898,0.570188,0.383331,0.294981,0.424681,0.196906,0.369548,0.232319,0.603904,0.482962,0.591645,0.542924,0.708073,0.523843,0.910258,0.572881,0.611576,0.414875,0.729509,0.311314,0.870444,0.34945,0.276117,0.322205,0.289884,0.262285,0.291421,0.469339,0,0
0.300635,0.281379,0.368018,0.40671,0.352689,0.540215,0.443067,0.643777,0.409384,0.57017,0.380264,0.294979,0.423145,0.196881,0.368025,0.229589,0.603902,0.482965,0.591649,0.542915,0.708062,0.521162,0.911789,0.575586,0.613096,0.414875,0.732581,0.314079,0.878098,0.365791,0.276093,0.322205,0.288358,0.264983,0.289892,0.469345,0,0
0.299105,0.281355,0.36495,0.423048,0.35117,0.540226,0.441542,0.643737,0.409366,0.570187,0.378737,0.29772,0.409369,0.185984,0.360363,0.243179,0.603905,0.480264,0.591656,0.540201,0.708064,0.523845,0.914859,0.578356,0.611565,0.414851,0.741758,0.33853,0.891881,0.393047,0.274581,0.319528,0.286821,0.270428,0.288363,0.469323,0,0
0.300598,0.281328,0.366494,0.423042,0.351163,0.540207,0.443058,0.646474,0.409351,0.570164,0.387931,0.30586,0.410913,0.188706,0.361898,0.243206,0.603899,0.482978,0.593174,0.54022,0.709612,0.523884,0.92711,0.578349,0.610035,0.417577,0.746358,0.341315,0.891881,0.406701,0.274578,0.319519,0.286833,0.2677,0.288349,0.466688,0,0
0.300604,0.281375,0.366497,0.425735,0.351182,0.542938,0.443056,0.646478,0.409399,0.570204,0.387934,0.308588,0.40937,0.188715,0.366481,0.240461,0.606965,0.485722,0.59471,0.545665,0.708083,0.521169,0.925577,0.578358,0.616157,0.423041,0.750955,0.346774,0.893423,0.412153,0.274583,0.319542,0.286843,0.267715,0.28836,0.46935,0,0
0.299108,0.284048,0.366488,0.428473,0.35118,0.545642,0.443056,0.646487,0.410888,0.572902,0.387929,0.308609,0.421615,0.205045,0.366486,0.240475,0.605443,0.48569,0.593196,0.542929,0.709582,0.523837,0.920979,0.578342,0.614632,0.420317,0.75554,0.349483,0.894946,0.406694,0.274583,0.322223,0.286838,0.267723,0.288357,0.469349,0,0
0.300601,0.284058,0.366485,0.423028,0.351175,0.542942,0.441541,0.649189,0.409406,0.572876,0.387925,0.300435,0.406319,0.188691,0.360349,0.245931,0.603915,0.485699,0.591655,0.54566,0.708055,0.518442,0,0,0.613105,0.420307,0.757066,0.354944,0.894959,0.406702,0.274573,0.322204,0.286837,0.27041,0.288346,0.469361,0,0
0.30061,0.284047,0.368017,0.425743,0.351175,0.542921,0.441541,0.64649,0.409362,0.567476,0.389463,0.305878,0.404781,0.186018,0.360362,0.245947,0.605446,0.482999,0.593179,0.542944,0.70654,0.518376,0,0,0.616157,0.420304,0.760138,0.360344,0.897997,0.412164,0.274571,0.319519,0.286844,0.267714,0.286852,0.469342,0,0
0.300603,0.281352,0.369546,0.423027,0.351171,0.542926,0.440002,0.646482,0.407837,0.570137,0.392523,0.305884,0.406317,0.188682,0.361892,0.245926,0.605436,0.483,0.591654,0.540218,0.705009,0.515703,0,0,0.613105,0.423022,0.761696,0.363103,0.901082,0.423062,0.274569,0.319527,0.286841,0.265013,0.288357,0.466679,0,0
0.300616,0.284048,0.369539,0.425737,0.351171,0.540197,0.432355,0.64649,0.407844,0.562026,0.390994,0.311304,0.410899,0.194155,0.361889,0.240484,0.606966,0.482985,0.591657,0.54294,0.706518,0.518383,0,0,0.614634,0.420315,0.763224,0.368503,0.902602,0.423033,0.274566,0.319541,0.28685,0.26773,0.288357,0.466683,0,0
0.299094,0.284068,0.369558,0.420303,0.351164,0.532052,0.421633,0.646479,0.409362,0.556584,0.390996,0.30859,0.406316,0.188747,0.358823,0.245943,0.605434,0.482992,0.590125,0.545643,0.70805,0.518419,0,0,0.614625,0.420302,0.761684,0.368554,0.902604,0.42306,0.274564,0.322254,0.286806,0.26772,0.288366,0.469352,0,0
0.299091,0.286775,0.366495,0.417601,0.34964,0.532053,0.420081,0.646465,0.40938,0.556561,0.387919,0.308588,0.41244,0.199612,0.366481,0.237755,0.603899,0.482992,0.587064,0.545634,0.706544,0.518429,0,0,0.611564,0.417582,0.76167,0.3713,0.902596,0.425774,0.274549,0.327671,0.286803,0.267733,0.288354,0.469379,0,0
