0.447655,0.180529,0.459952,0.30313,0.386402,0.333107,0.371062,0.474824,0.34502,0.46935,0.538042,0.275928,0.577859,0.403984,0.605412,0.363097,0.484436,0.5947,0.435404,0.605617,0.361878,0.668261,0.398649,0.897152,0.533442,0.57838,0.599314,0.608329,0.610037,0.83448,0.418552,0.164174,0.467573,0.139669,0.378728,0.21865,0.499764,0.155989
0.45074,0.188744,0.461479,0.314056,0.390985,0.34127,0.372595,0.480253,0.34656,0.469402,0.538028,0.292206,0.57785,0.414868,0.60546,0.363107,0.484441,0.613761,0.435419,0.619236,0.363428,0.684609,0.398651,0.918951,0.533456,0.60288,0.603912,0.630136,0.60085,0.864466,0.421645,0.172349,0.470658,0.155991,0.383321,0.226819,0.504333,0.164183
0.459941,0.207791,0.470627,0.338527,0.395581,0.35764,0.372617,0.485709,0.345025,0.507529,0.542625,0.314011,0.577857,0.428497,0.608529,0.390325,0.490555,0.624682,0.440007,0.63284,0.368015,0.679163,0.401709,0.891691,0.53957,0.616486,0.606966,0.641051,0.593191,0.867184,0.430807,0.191441,0.479816,0.169655,0.390989,0.248598,0.50891,0.188736
0.467591,0.213211,0.473686,0.338624,0.398655,0.36036,0.374138,0.469345,0.346578,0.51571,0.54419,0.316816,0.579404,0.431218,0.616146,0.401245,0.493601,0.621937,0.444597,0.630127,0.369532,0.665529,0.407829,0.845371,0.54109,0.611051,0.606966,0.621951,0.579391,0.869901,0.435426,0.196863,0.484407,0.18051,0.395587,0.248681,0.510458,0.199612
0.475244,0.226824,0.476762,0.346726,0.404785,0.368533,0.375674,0.469391,0.34812,0.532035,0.547248,0.333103,0.58248,0.436645,0.62076,0.42847,0.495141,0.616515,0.447684,0.621973,0.375688,0.657345,0.461451,0.801778,0.539582,0.611039,0.606974,0.591989,0.534986,0.755476,0.44611,0.207771,0.493613,0.191406,0.400195,0.251431,0.52117,0.207769
0.478309,0.237754,0.47679,0.352222,0.406307,0.373983,0.375697,0.48026,0.349645,0.537505,0.550305,0.335854,0.585527,0.439408,0.623811,0.436653,0.499753,0.624669,0.455317,0.635575,0.404766,0.646478,0.482891,0.793617,0.545693,0.616482,0.597786,0.619225,0,0,0.447667,0.215971,0.495173,0.202296,0.406296,0.259531,0.522719,0.215936
0.476775,0.251354,0.478284,0.360405,0.407824,0.379425,0.380275,0.491197,0.349634,0.534741,0.550284,0.341284,0.580937,0.450287,0.610034,0.450329,0.495162,0.638312,0.449205,0.643755,0.407846,0.690047,0.449199,0.927129,0.541097,0.627395,0.58091,0.673692,0.593195,0.921666,0.447651,0.229618,0.493631,0.213226,0.404788,0.275881,0.521182,0.226832
0.473736,0.26498,0.475242,0.368537,0.404768,0.384893,0.381806,0.510227,0.34656,0.518414,0.547245,0.349451,0.580912,0.46394,0.607001,0.458443,0.492101,0.66829,0.444595,0.66829,0.424706,0.717313,0,0,0.541114,0.668256,0.594711,0.97073,0,0,0.446113,0.248646,0.492098,0.226844,0.40477,0.289537,0.519643,0.235021
0.47372,0.297715,0.47522,0.387649,0.406291,0.403972,0.378747,0.526566,0.335833,0.482993,0.544178,0.371284,0.576346,0.47212,0.606968,0.472114,0.492088,0.695535,0.444595,0.700958,0.41397,0.829042,0.424689,0.99525,0.539576,0.690071,0.594719,0.954373,0,0,0.446114,0.275925,0.492101,0.262251,0.403239,0.311339,0.519645,0.27049
0.473725,0.311327,0.473735,0.401202,0.406318,0.414876,0.380258,0.529322,0.337386,0.488385,0.542649,0.38216,0.57789,0.482957,0.607,0.488429,0.495132,0.681889,0.447653,0.687345,0.409349,0.766368,0.458396,0.995251,0.541103,0.670982,0.585517,0.755453,0.596249,0.993887,0.446154,0.289532,0.4921,0.275865,0.404765,0.316767,0.519642,0.281341
0.472189,0.300404,0.475237,0.401279,0.406319,0.423052,0.384853,0.542908,0.354212,0.534723,0.544185,0.384875,0.580909,0.480239,0.610039,0.493915,0.496702,0.668272,0.456852,0.673738,0.404787,0.706368,0.493611,0.880811,0.541104,0.662794,0.585516,0.706443,0.564087,0.918942,0.444596,0.281387,0.489034,0.265017,0.404762,0.316768,0.519635,0.275947
0.472174,0.295022,0.473726,0.403994,0.404774,0.428462,0.38638,0.540216,0.357294,0.556593,0.544161,0.387618,0.580913,0.485671,0.611578,0.49663,0.495162,0.662848,0.455317,0.665579,0.400183,0.684645,0.504334,0.826309,0.538041,0.660087,0.58553,0.687345,0.554876,0.883526,0.443091,0.281315,0.48902,0.262285,0.403247,0.316808,0.51811,0.278622
0.472174,0.303155,0.475259,0.406684,0.407844,0.425796,0.386398,0.532031,0.367999,0.586527,0.544188,0.390372,0.579411,0.491177,0.606997,0.50477,0.495149,0.660108,0.452267,0.662794,0.387932,0.665537,0.507402,0.782727,0.538037,0.654651,0.599299,0.657369,0.54723,0.842652,0.444585,0.286805,0.487509,0.270471,0.404765,0.327652,0.516605,0.28411
0.472195,0.30859,0.475217,0.412133,0.406302,0.428529,0.384878,0.53203,0.363427,0.581133,0.544166,0.395799,0.579387,0.496623,0.606939,0.502079,0.493611,0.662814,0.449203,0.665546,0.381807,0.668257,0.516589,0.785412,0.534982,0.65466,0.596252,0.651925,0.536515,0.807237,0.444618,0.292191,0.489034,0.273222,0.404786,0.333088,0.518101,0.289513
0.473718,0.314098,0.473684,0.422989,0.404776,0.433953,0.384848,0.534754,0.357298,0.57564,0.542631,0.401186,0.576348,0.493895,0.605462,0.496591,0.495145,0.692794,0.449192,0.700968,0.314401,0.861736,0,0,0.541089,0.673717,0.646795,0.777263,0,0,0.446129,0.297707,0.492065,0.284067,0.407818,0.338542,0.516608,0.295014
0.473725,0.316768,0.473709,0.423009,0.407817,0.433954,0.386367,0.534751,0.357302,0.572941,0.542619,0.401205,0.576347,0.491202,0.606981,0.493914,0.496669,0.69278,0.450718,0.703691,0,0,0,0,0.541109,0.673725,0.649857,0.829033,0,0,0.446142,0.300403,0.492076,0.286765,0.407826,0.33852,0.51812,0.294967
0.475237,0.311332,0.475236,0.414858,0.407856,0.431217,0.386401,0.529334,0.358848,0.575594,0.544162,0.395793,0.579399,0.488424,0.61464,0.491193,0.495155,0.668285,0.452257,0.681895,0.38643,0.665612,0,0,0.538039,0.657379,0.605426,0.649196,0.527335,0.820882,0.44767,0.292291,0.493604,0.278646,0.409359,0.333133,0.519642,0.292257
0.475245,0.305902,0.475264,0.406673,0.407841,0.428448,0.386388,0.526583,0.358829,0.575582,0.544175,0.390331,0.580929,0.482963,0.620744,0.491128,0.49669,0.670976,0.453793,0.684626,0.312873,0.867177,0,0,0.542615,0.657377,0.606973,0.649197,0,0,0.447669,0.289502,0.493618,0.273206,0.409355,0.324971,0.519668,0.289502
0.476756,0.297672,0.475248,0.401244,0.407836,0.420303,0.384838,0.521148,0.354242,0.572907,0.544158,0.382198,0.580925,0.469403,0.625358,0.491108,0.496699,0.665529,0.452256,0.671,0.384885,0.651901,0,0,0.544168,0.651941,0.654451,0.864453,0,0,0.447665,0.278627,0.493619,0.265012,0.407843,0.31402,0.519664,0.275952
0.476756,0.294946,0.475215,0.398548,0.406316,0.414886,0.383332,0.521138,0.352699,0.57285,0.544144,0.379485,0.580934,0.466673,0.626907,0.491151,0.493635,0.646486,0.449197,0.651909,0.383321,0.660084,0.478314,0.758171,0.538043,0.64102,0.596245,0.670997,0,0,0.447663,0.275897,0.493618,0.259572,0.406322,0.311285,0.519653,0.275884
0.475254,0.294953,0.47371,0.398479,0.404776,0.41216,0.380273,0.521138,0.351167,0.564709,0.542647,0.379403,0.580956,0.466636,0.628411,0.496622,0.495139,0.654638,0.450726,0.662803,0.387941,0.706378,0.475237,0.929835,0.538046,0.643771,0.600852,0.665505,0.58859,0.880799,0.447657,0.275886,0.49361,0.259554,0.406319,0.311292,0.52116,0.273167
0.475245,0.295018,0.473706,0.398516,0.404776,0.414866,0.380277,0.521117,0.351172,0.559318,0.542621,0.379461,0.580941,0.466666,0.628416,0.502083,0.496682,0.665514,0.452252,0.671,0.391004,0.760914,0.458382,0.995259,0.542631,0.651934,0.599321,0.698216,0.620757,0.905332,0.447662,0.275907,0.493605,0.264992,0.406294,0.311275,0.519664,0.27587
0.475243,0.311287,0.473692,0.401265,0.404775,0.423,0.381793,0.523871,0.349647,0.559273,0.541097,0.384923,0.57941,0.472093,0.628434,0.507491,0.493602,0.668274,0.447662,0.671031,0.387947,0.755462,0.466053,0.995261,0.538038,0.662842,0.59318,0.769086,0.633012,0.993888,0.44768,0.289476,0.493637,0.275933,0.406321,0.316752,0.519652,0.289543
0.475244,0.311293,0.473685,0.401271,0.404781,0.423001,0.381795,0.521168,0.349638,0.559321,0.541093,0.387612,0.579386,0.47208,0.628395,0.510204,0.495151,0.668278,0.450736,0.673733,0.394061,0.739134,0.469108,0.981632,0.541094,0.665512,0.596246,0.758178,0.631472,0.993888,0.447684,0.289476,0.493637,0.275934,0.407826,0.316766,0.519659,0.292201
0.476782,0.297713,0.475218,0.401224,0.407831,0.417583,0.38332,0.518396,0.348107,0.559286,0.542623,0.384875,0.582452,0.472106,0.629951,0.512928,0.498211,0.66553,0.456844,0.668295,0.398663,0.725481,0.475247,0.97619,0.542624,0.657382,0.591644,0.703704,0.608498,0.927131,0.449189,0.275923,0.495129,0.270394,0.40785,0.311275,0.519663,0.281367
0.479816,0.295024,0.475248,0.401231,0.407848,0.420294,0.383341,0.521138,0.34811,0.559253,0.544152,0.382161,0.582484,0.469382,0.631494,0.512915,0.499735,0.665533,0.458382,0.670991,0.400179,0.714593,0.476773,0.973441,0.542635,0.657371,0.594723,0.692811,0.599319,0.899886,0.45072,0.275877,0.495176,0.265021,0.409356,0.31129,0.521191,0.281378
0.481339,0.300406,0.475257,0.401225,0.407852,0.417582,0.384869,0.521155,0.349655,0.561986,0.544161,0.382203,0.584001,0.472063,0.633005,0.510251,0.496682,0.66283,0.455323,0.6683,0.395579,0.695503,0.475244,0.940743,0.541095,0.654642,0.597791,0.679171,0.587061,0.888971,0.452267,0.278621,0.496691,0.270401,0.41089,0.313993,0.5227,0.284084
0.479846,0.300436,0.47523,0.401205,0.407833,0.412166,0.384845,0.521128,0.349636,0.562016,0.542647,0.382195,0.583992,0.469365,0.633005,0.510228,0.495158,0.668269,0.455318,0.673733,0.392519,0.679139,0.47216,0.905336,0.538032,0.6628,0.605425,0.676442,0.57941,0.883523,0.452268,0.278658,0.496684,0.270447,0.409403,0.311352,0.52121,0.284109
0.47832,0.297681,0.475231,0.398507,0.407841,0.409431,0.384841,0.515726,0.34657,0.56202,0.542638,0.379459,0.584009,0.466639,0.634536,0.510188,0.49363,0.668272,0.455311,0.670997,0.386402,0.64918,0.459936,0.820873,0.534967,0.662844,0.608507,0.684635,0.571733,0.894412,0.450737,0.275903,0.495178,0.267707,0.409366,0.311274,0.521204,0.28136
0.476782,0.292291,0.475258,0.395813,0.409353,0.409419,0.383337,0.515716,0.346566,0.564744,0.544153,0.376749,0.585522,0.466639,0.63455,0.507487,0.495129,0.665551,0.4538,0.665582,0.386402,0.641069,0.476762,0.809973,0.534972,0.662797,0.610025,0.679186,0.56866,0.883551,0.44922,0.273182,0.495146,0.262286,0.409342,0.30859,0.521173,0.275908
0.476792,0.289541,0.478298,0.395774,0.410912,0.409395,0.384879,0.515715,0.346575,0.570152,0.545687,0.376692,0.587066,0.466591,0.63608,0.507473,0.498217,0.662837,0.456862,0.668276,0.386427,0.641013,0.458388,0.834488,0.542643,0.654665,0.611578,0.649226,0.557964,0.891713,0.449187,0.270472,0.495133,0.254121,0.409359,0.308623,0.521188,0.273152
0.47831,0.292232,0.478297,0.395819,0.410894,0.409439,0.386385,0.512923,0.34659,0.570151,0.545687,0.376713,0.590108,0.466613,0.637613,0.502052,0.499761,0.662843,0.461451,0.673714,0.384867,0.641058,0.484437,0.782726,0.544175,0.654653,0.610048,0.6492,0.565617,0.82631,0.44922,0.273178,0.495146,0.256802,0.409378,0.311272,0.521171,0.273146
0.479837,0.295025,0.479844,0.395788,0.410929,0.4094,0.384869,0.504801,0.346587,0.562032,0.547223,0.376739,0.588604,0.455715,0.639143,0.491156,0.495161,0.670987,0.45227,0.68189,0.392553,0.572908,0.487489,0.782711,0.541097,0.660097,0.606976,0.665508,0.557956,0.850839,0.452246,0.275931,0.496673,0.262243,0.41091,0.31131,0.521218,0.273227
0.481341,0.297708,0.478315,0.395792,0.412425,0.406706,0.387916,0.515709,0.346561,0.56198,0.545706,0.37673,0.590131,0.450319,0.642189,0.482982,0.493634,0.654636,0.449191,0.654669,0.392531,0.673746,0.418564,0.938022,0.538046,0.646493,0.597789,0.6656,0.570201,0.910782,0.45227,0.278615,0.496672,0.262265,0.410929,0.311363,0.521209,0.273164
0.48135,0.300436,0.48136,0.39849,0.413982,0.409427,0.387948,0.512969,0.343511,0.55382,0.547237,0.379446,0.593162,0.450315,0.645288,0.453045,0.496679,0.671004,0.450739,0.679182,0.410896,0.771824,0.392523,0.984348,0.544154,0.665552,0.597787,0.777274,0.606964,0.993885,0.452277,0.281363,0.496684,0.267706,0.410913,0.314093,0.522712,0.27861
0.481383,0.305883,0.479847,0.398535,0.413963,0.414848,0.387931,0.51568,0.343505,0.556573,0.545711,0.379483,0.591648,0.450263,0.645283,0.442087,0.49668,0.679178,0.449202,0.690078,0.401711,0.788156,0.397116,0.993893,0.544168,0.668292,0.597786,0.760908,0.60084,0.992521,0.455314,0.286789,0.498209,0.273135,0.410932,0.316778,0.522727,0.27866
0.48138,0.303122,0.481377,0.398485,0.415496,0.412149,0.387923,0.518381,0.343523,0.559314,0.547221,0.379405,0.590131,0.447549,0.642205,0.431206,0.498227,0.662828,0.453803,0.665573,0.403251,0.72277,0.423148,0.891707,0.544172,0.657369,0.591647,0.722768,0.593181,0.943481,0.455316,0.281382,0.498214,0.270407,0.412436,0.314057,0.522732,0.278639
0.482867,0.292242,0.481363,0.39305,0.415493,0.406694,0.387946,0.51566,0.34351,0.556596,0.547225,0.371293,0.591647,0.442082,0.643729,0.428469,0.499747,0.665516,0.456862,0.66828,0.398645,0.703725,0.430813,0.853566,0.544174,0.657357,0.593202,0.703713,0.582469,0.932566,0.453792,0.273194,0.498207,0.254127,0.412426,0.31131,0.522752,0.27316
0.481365,0.289509,0.482903,0.393051,0.41855,0.406683,0.387924,0.515663,0.341981,0.562021,0.550282,0.373971,0.591668,0.442136,0.645289,0.428521,0.4982,0.657384,0.458373,0.660104,0.394067,0.668312,0.501274,0.796345,0.541099,0.654628,0.597789,0.676429,0.565614,0.921678,0.452267,0.270464,0.496695,0.251385,0.412437,0.308611,0.524244,0.262277
0.481351,0.289538,0.48138,0.390349,0.415497,0.406677,0.38792,0.515673,0.343488,0.564736,0.54878,0.371272,0.593168,0.444845,0.646794,0.436635,0.498212,0.651909,0.458368,0.654652,0.392535,0.665541,0.498216,0.790875,0.542616,0.646468,0.602385,0.662852,0.557949,0.880815,0.452258,0.273137,0.496676,0.251406,0.410936,0.308624,0.522746,0.264999
0.478316,0.294938,0.481359,0.395779,0.415496,0.409398,0.387934,0.512978,0.343503,0.559274,0.547228,0.376688,0.591649,0.444835,0.643724,0.447594,0.496694,0.649189,0.453798,0.654644,0.39713,0.68735,0.401712,0.891703,0.542617,0.641049,0.606952,0.662804,0.561024,0.86174,0.45072,0.275907,0.49515,0.254131,0.410908,0.314012,0.522719,0.267746
0.478286,0.297743,0.481359,0.39849,0.413975,0.414876,0.387926,0.51569,0.343494,0.559284,0.547244,0.376701,0.590123,0.44756,0.642182,0.447609,0.50128,0.649219,0.458379,0.657383,0.404785,0.711886,0.387927,0.929851,0.545697,0.643759,0.608508,0.665557,0.56714,0.883525,0.449201,0.281366,0.495122,0.262264,0.409405,0.314066,0.521202,0.270427
0.475255,0.308584,0.479834,0.403958,0.415489,0.425783,0.387917,0.521166,0.343506,0.561992,0.545697,0.384887,0.588589,0.455727,0.642208,0.444832,0.496686,0.668285,0.452263,0.676444,0.39713,0.752701,0.394058,0.993888,0.542639,0.662811,0.605439,0.69009,0.570207,0.935296,0.447681,0.289513,0.493611,0.273146,0.40939,0.32493,0.519684,0.275964
0.475253,0.308575,0.478301,0.403989,0.413957,0.428454,0.386412,0.526569,0.345026,0.567469,0.54418,0.384909,0.587061,0.455712,0.642188,0.444849,0.496673,0.665553,0.452262,0.668301,0.395582,0.728258,0.409376,0.948928,0.542615,0.660104,0.602377,0.687368,0.556432,0.924406,0.447696,0.289488,0.493616,0.273177,0.409395,0.324928,0.519681,0.281338
0.479816,0.297745,0.479844,0.401262,0.415507,0.423048,0.386403,0.521165,0.345035,0.567455,0.545694,0.382187,0.585536,0.455744,0.640667,0.447577,0.496676,0.662805,0.456855,0.665579,0.39254,0.665514,0.462985,0.850819,0.538047,0.651944,0.60237,0.646487,0.547238,0.850844,0.450731,0.281318,0.495163,0.267695,0.410916,0.316752,0.521213,0.278652
0.481349,0.297695,0.48135,0.401187,0.417023,0.417586,0.387918,0.515726,0.345028,0.562028,0.545717,0.379471,0.587048,0.455741,0.642195,0.447588,0.499734,0.643732,0.458387,0.646495,0.395571,0.640995,0.498209,0.782719,0.542619,0.635556,0.594727,0.643762,0.551819,0.829042,0.453789,0.278611,0.496692,0.264972,0.412428,0.314039,0.522725,0.278603
