0.271493,0.425769,0.345047,0.504764,0.328183,0.641005,0.394048,0.752741,0.470636,0.867184,0.360372,0.38216,0.436963,0.297701,0.504357,0.202325,0.577866,0.548393,0.565608,0.635575,0.695815,0.733655,0.870433,0.842644,0.577869,0.45846,0.712667,0.384895,0.862782,0.398511,0.239345,0.466657,0.25773,0.382188,0.237824,0.602847,0.263854,0.3413
0.274589,0.428519,0.34658,0.51292,0.329716,0.641039,0.403236,0.747266,0.482895,0.856288,0.361907,0.393054,0.440017,0.305895,0.510462,0.207827,0.579399,0.551097,0.567143,0.632857,0.657519,0.700979,0.878089,0.807249,0.582458,0.463896,0.72185,0.390325,0.862779,0.428467,0.2409,0.472068,0.260807,0.384931,0.239343,0.605617,0.274574,0.35219
0.274544,0.417588,0.346577,0.510204,0.326671,0.638292,0.409352,0.73094,0.49361,0.799089,0.361897,0.390331,0.44307,0.311347,0.516585,0.21325,0.573268,0.570183,0.551825,0.649195,0.622287,0.714603,0.842858,0.763653,0.577867,0.482983,0.698875,0.37129,0.847467,0.482992,0.24086,0.461186,0.25773,0.376718,0.242409,0.600146,0.262319,0.335854
0.273034,0.412166,0.348117,0.507505,0.326667,0.638286,0.410914,0.730959,0.493608,0.793644,0.368019,0.384914,0.444601,0.314041,0.5212,0.226818,0.557953,0.570179,0.542626,0.65192,0.610033,0.733657,0.813764,0.760934,0.567146,0.485699,0.691235,0.352208,0.832135,0.477548,0.239347,0.458454,0.257728,0.376674,0.239348,0.597433,0,0
0.266916,0.414856,0.345055,0.49661,0.325137,0.632835,0.40939,0.72551,0.493605,0.796329,0.36189,0.382181,0.444607,0.31406,0.522704,0.243199,0.556424,0.553841,0.542634,0.641019,0.580932,0.728206,0.758621,0.728217,0.562552,0.472075,0.660589,0.311338,0.79385,0.472108,0.234761,0.461172,0.251579,0.376689,0.237817,0.597436,0.262318,0.338573
0.260773,0.417606,0.341994,0.493909,0.323596,0.630134,0.409395,0.728186,0.498217,0.796335,0.360356,0.379451,0.444608,0.314012,0.518125,0.245934,0.54723,0.567436,0.530378,0.646468,0.590123,0.706412,0.744823,0.717322,0.554885,0.477548,0.646806,0.300412,0.783123,0.469369,0.225574,0.4666,0.243947,0.376691,0.237813,0.600132,0.257725,0.341297
0.251601,0.420308,0.33737,0.493875,0.317478,0.627402,0.409382,0.72276,0.507414,0.793597,0.35118,0.376742,0.44002,0.316805,0.496694,0.24869,0.533451,0.556562,0.519654,0.635565,0.561014,0.692785,0.732569,0.695534,0.545698,0.472071,0.60852,0.281373,0.757078,0.425743,0.217895,0.469355,0.2378,0.379399,0.227084,0.602875,0.259257,0.341293
0.250064,0.423044,0.334318,0.502039,0.318999,0.635574,0.412424,0.725483,0.507404,0.80453,0.346566,0.382179,0.440003,0.322234,0.484433,0.248673,0.536514,0.553831,0.521188,0.635564,0.545694,0.698239,0.724919,0.668281,0.544174,0.46663,0.591661,0.275889,0.723384,0.393075,0.216381,0.472072,0.236285,0.37943,0.227095,0.608328,0.259261,0.341293
0.25465,0.425797,0.337391,0.510212,0.317479,0.641009,0.407841,0.728233,0.495171,0.818108,0.35117,0.3822,0.443081,0.33313,0.48288,0.25134,0.530385,0.556557,0.516597,0.627401,0.524265,0.714597,0.689684,0.586545,0.536506,0.47752,0.570201,0.275901,0.655985,0.384894,0.220962,0.474795,0.239356,0.382173,0.233211,0.605606,0.245471,0.338562
0.256184,0.428452,0.337389,0.510238,0.319008,0.64102,0.409348,0.733655,0.495151,0.818175,0.349629,0.387598,0.441541,0.335831,0.484419,0.251417,0.53344,0.570168,0.513528,0.638305,0.515067,0.72551,0.660575,0.551102,0.539574,0.48297,0.576331,0.289517,0.660581,0.526578,0.220979,0.474818,0.23936,0.382194,0.233228,0.608297,0.24395,0.338579
0.25619,0.425819,0.337365,0.512964,0.317465,0.641022,0.404771,0.733651,0.49208,0.818161,0.349644,0.390329,0.441532,0.33587,0.484428,0.265006,0.527317,0.556558,0.499757,0.635574,0.512011,0.736385,0.643736,0.523833,0.530386,0.469367,0.557954,0.294976,0,0,0.217916,0.474804,0.239356,0.382174,0.228638,0.605618,0.245474,0.33585
0.254654,0.428449,0.332779,0.512937,0.314411,0.641029,0.40324,0.730972,0.490549,0.81543,0.345033,0.393044,0.435426,0.338551,0.479835,0.267728,0.525788,0.559282,0.505876,0.635563,0.524247,0.717308,0.66365,0.518415,0.528846,0.474817,0.562551,0.284075,0,0,0.217908,0.474841,0.237819,0.384919,0.227084,0.608327,0.245473,0.344021
0.250091,0.425736,0.326673,0.499337,0.311341,0.638301,0.394072,0.728172,0.487486,0.804523,0.340431,0.384878,0.426223,0.33038,0.473715,0.273176,0.521199,0.551117,0.510474,0.621942,0.582464,0.665547,0.789246,0.611051,0.524261,0.466627,0.610023,0.303133,0.783131,0.281357,0.216385,0.474797,0.234755,0.382203,0.220963,0.602887,0.242416,0.338568
0.247011,0.423006,0.325115,0.496615,0.308278,0.635586,0.390984,0.722749,0.482892,0.799051,0.34043,0.37947,0.423168,0.316819,0.470651,0.270421,0.53344,0.545669,0.524253,0.619227,0.671301,0.671003,0.862774,0.698244,0.531918,0.466642,0.651393,0.344005,0.841331,0.333138,0.214844,0.469355,0.233224,0.382122,0.219435,0.600123,0.24241,0.344017
0.248522,0.40123,0.331261,0.493906,0.31288,0.632827,0.39407,0.725517,0.478308,0.79905,0.343517,0.379409,0.423175,0.308588,0.481365,0.254105,0.576328,0.56744,0.55948,0.646479,0.715724,0.717319,0.882689,0.755448,0.577868,0.480268,0.706528,0.439377,0.873489,0.518425,0.213292,0.452997,0.231677,0.365789,0.219432,0.586508,0.242409,0.33312
0.24701,0.39854,0.341988,0.50204,0.3236,0.641036,0.400174,0.730942,0.485962,0.8154,0.358814,0.379441,0.433871,0.311326,0.496677,0.27319,0.576327,0.581072,0.559488,0.662819,0.721848,0.741851,0.879619,0.763648,0.580931,0.491156,0.705,0.45028,0.864315,0.551124,0.214832,0.450316,0.23168,0.363098,0.225564,0.58111,0.247007,0.322221
0.260801,0.423066,0.351164,0.529306,0.337372,0.662837,0.415505,0.755493,0.505879,0.850858,0.364954,0.406709,0.453806,0.341293,0.53192,0.319519,0.58093,0.589252,0.570207,0.676442,0.705003,0.752737,0.878103,0.78815,0.580937,0.496608,0.709594,0.414852,0.865831,0.496611,0.225558,0.472092,0.250082,0.384926,0.239347,0.602873,0.286829,0.3522
0.274548,0.433919,0.349646,0.54019,0.337377,0.679174,0.424683,0.76909,0.512003,0.880772,0.364947,0.417589,0.458371,0.344058,0.531921,0.338569,0.577867,0.583811,0.567148,0.668259,0.706533,0.736395,0.878094,0.763631,0.577872,0.491171,0.708068,0.379426,0.865851,0.455715,0.237816,0.482985,0.260798,0.395762,0.240868,0.613768,0,0
0.277646,0.428531,0.345047,0.540189,0.328181,0.681903,0.417031,0.782725,0.498204,0.899872,0.35881,0.417582,0.443078,0.341261,0.522723,0.292252,0.56408,0.572903,0.553358,0.657385,0.605438,0.703691,0,0,0.565613,0.482999,0.66517,0.338541,0.839801,0.393059,0.239344,0.477546,0.262329,0.390335,0.240874,0.613769,0.262328,0.341307
0.271517,0.425792,0.345023,0.534727,0.326666,0.673729,0.415495,0.790859,0.490562,0.902552,0.355771,0.404002,0.438487,0.333116,0.513524,0.273171,0.554891,0.575614,0.54417,0.654661,0.588589,0.695519,0.810707,0.643732,0.557954,0.485701,0.645266,0.311312,0.809166,0.374007,0.236281,0.469364,0.256188,0.384863,0.237819,0.611049,0,0
0.254671,0.417575,0.337383,0.52658,0.320527,0.665546,0.398649,0.77183,0.467586,0.883535,0.345032,0.401231,0.427753,0.324967,0.496673,0.270456,0.54723,0.562001,0.527327,0.65736,0.585526,0.70096,0.786192,0.646464,0.548763,0.4639,0.599318,0.27318,0.743305,0.34676,0.217913,0.463886,0.240868,0.37943,0.219447,0.600157,0.240881,0.330398
0.251588,0.412152,0.33126,0.521118,0.314401,0.654661,0.389455,0.760916,0.455332,0.883499,0.341989,0.401224,0.424695,0.327651,0.492103,0.270436,0.533447,0.562003,0.524251,0.646464,0.596247,0.692785,0.807638,0.681905,0.538037,0.466628,0.577882,0.262289,0.709595,0.324941,0.214817,0.463886,0.236296,0.379471,0.219432,0.602877,0.24241,0.338562
0.253148,0.414871,0.326663,0.521136,0.311343,0.657361,0.375685,0.77181,0.42317,0.89987,0.34196,0.401259,0.421612,0.33042,0.481373,0.275933,0.5411,0.559279,0.530384,0.646485,0.631483,0.700971,0.815286,0.845366,0.533446,0.461176,0.576348,0.270451,0.691213,0.245928,0.217911,0.463879,0.239353,0.382153,0.227088,0.608309,0,0
0.259262,0.417558,0.326655,0.521164,0.311341,0.651916,0.372594,0.779982,0.398654,0.894424,0.340455,0.401275,0.421619,0.330386,0.489033,0.267741,0.54263,0.564736,0.530388,0.649198,0.645267,0.720042,0.830599,0.891718,0.541102,0.463918,0.600837,0.275906,0.731042,0.188708,0.220962,0.463905,0.24089,0.379424,0.224038,0.605582,0,0
0.26079,0.412146,0.331241,0.521127,0.312881,0.654646,0.36802,0.785453,0.361889,0.932566,0.34199,0.40123,0.424694,0.322234,0.50434,0.267707,0.562547,0.57018,0.551832,0.660108,0.68509,0.752741,0.876562,0.899868,0.557956,0.477538,0.678955,0.344041,0.859717,0.33855,0.220965,0.463888,0.245455,0.379436,0.220971,0.602861,0,0
0.263875,0.420288,0.334316,0.518436,0.314403,0.64921,0.368026,0.78817,0.351164,0.951643,0.348095,0.398547,0.42777,0.327657,0.508918,0.256848,0.574797,0.567451,0.55948,0.651924,0.678961,0.739106,0.867377,0.856286,0.576336,0.477531,0.697347,0.433931,0.873493,0.488436,0.227096,0.466623,0.250055,0.379444,0.227101,0.602895,0,0
0.283766,0.423027,0.346559,0.5266,0.329716,0.657381,0.372588,0.801794,0.360367,0.943493,0.363408,0.406681,0.447658,0.330382,0.522713,0.254118,0.580937,0.583796,0.57174,0.668267,0.718791,0.76909,0.891877,0.837213,0.585523,0.493888,0.720319,0.447551,0.875025,0.521114,0.245482,0.466618,0.263864,0.38215,0.248534,0.611016,0,0
0.297541,0.428472,0.355754,0.534727,0.33585,0.665562,0.375667,0.812693,0.371086,0.9571,0.371077,0.41487,0.455338,0.335875,0.524274,0.270465,0.577863,0.567462,0.562554,0.657359,0.662112,0.752743,0.875027,0.829034,0.579402,0.480264,0.712656,0.398503,0.862782,0.496605,0.260774,0.466648,0.276131,0.387593,0.253137,0.602891,0,0
0.29755,0.414854,0.35576,0.529291,0.331253,0.662813,0.387926,0.818121,0.420084,0.967997,0.374139,0.404002,0.458404,0.338587,0.542619,0.29229,0.58553,0.578356,0.573272,0.670992,0.605436,0.744563,0.845926,0.771811,0.587058,0.485702,0.685085,0.330413,0.827529,0.463936,0.262296,0.46388,0.276142,0.384864,0.257716,0.605612,0,0
0.285301,0.403932,0.352691,0.518425,0.325137,0.654644,0.389461,0.801771,0.441527,0.929857,0.371091,0.398518,0.459925,0.338615,0.54416,0.297689,0.579396,0.570169,0.564077,0.665542,0.605438,0.750023,0.829072,0.747289,0.577874,0.474802,0.657505,0.311284,0.80764,0.455731,0.248523,0.447599,0.265395,0.373978,0.250068,0.586511,0,0
0.265399,0.395789,0.34351,0.518414,0.317465,0.64921,0.391004,0.780003,0.453788,0.84811,0.361905,0.395811,0.450736,0.338621,0.538037,0.297702,0.564079,0.545663,0.545694,0.646462,0.590112,0.769083,0.769341,0.706431,0.562554,0.458451,0.620763,0.286822,0.761681,0.433949,0.225586,0.44485,0.245474,0.365821,0.239333,0.586538,0,0
0.256195,0.39848,0.341959,0.518415,0.315936,0.651908,0.391002,0.779968,0.444605,0.831753,0.360344,0.398497,0.446151,0.338588,0.531897,0.294974,0.54417,0.553824,0.52579,0.643747,0.574792,0.766368,0.757092,0.698262,0.54876,0.461176,0.605444,0.28134,0.752487,0.401217,0.224031,0.44483,0.240886,0.371242,0.230164,0.586514,0,0
0.257733,0.420322,0.331257,0.521131,0.314391,0.649191,0.400181,0.815427,0.41856,0.84265,0.34656,0.401278,0.43542,0.335815,0.512,0.284051,0.533444,0.564724,0.518123,0.646475,0.574807,0.736378,0.780067,0.752744,0.545695,0.466642,0.626883,0.303157,0.781586,0.251401,0.224047,0.463894,0.240855,0.382152,0.230151,0.60018,0,0
0.259247,0.423064,0.332785,0.515673,0.312884,0.643756,0.398664,0.831759,0.390984,0.818141,0.345055,0.398518,0.432347,0.330399,0.508915,0.270467,0.534973,0.556543,0.52426,0.64102,0.610036,0.706412,0.835198,0.796329,0.536507,0.466641,0.655976,0.319508,0.829075,0.270448,0.225544,0.469348,0.24239,0.384874,0.23015,0.602873,0,0
0.256182,0.403956,0.33278,0.51022,0.314394,0.638319,0.390993,0.80724,0.390992,0.799061,0.345038,0.393064,0.432335,0.3113,0.507403,0.232346,0.570209,0.553832,0.551831,0.635574,0.708065,0.728214,0.888817,0.80452,0.574797,0.463913,0.71266,0.43123,0.885748,0.442111,0.222494,0.453046,0.239323,0.374007,0.228625,0.594711,0.242411,0.333125
0.254662,0.390323,0.340427,0.49388,0.32205,0.630114,0.400189,0.790897,0.427751,0.799049,0.349637,0.379408,0.433887,0.311326,0.508918,0.215979,0.5794,0.567445,0.565612,0.646491,0.752486,0.750025,0.888812,0.790909,0.587057,0.482977,0.727979,0.472086,0.867375,0.529301,0.222513,0.442114,0.237792,0.363087,0.227101,0.581077,0.251598,0.335845
0.274581,0.384903,0.357299,0.515696,0.33585,0.654637,0.423165,0.782687,0.499746,0.766352,0.375664,0.387612,0.456836,0.327672,0.508918,0.224113,0.591655,0.589247,0.577863,0.679161,0.717259,0.766367,0.878101,0.801778,0.594717,0.496602,0.709598,0.433955,0.87502,0.491186,0.242408,0.436656,0.256185,0.36041,0.250077,0.575657,0,0
0.289886,0.403983,0.361902,0.518405,0.341984,0.654658,0.423143,0.774566,0.510458,0.758205,0.378741,0.398508,0.459934,0.338613,0.501282,0.254083,0.582467,0.58379,0.571742,0.670997,0.714191,0.763652,0.882687,0.785428,0.591652,0.491148,0.724912,0.423052,0.884214,0.466633,0.259259,0.453028,0.269967,0.379418,0.259262,0.597396,0,0
0.296006,0.414873,0.358835,0.515658,0.337365,0.643726,0.415511,0.769086,0.507399,0.722779,0.375667,0.395806,0.462975,0.344021,0.484424,0.248634,0.577872,0.572902,0.567149,0.660106,0.683559,0.744566,0.839806,0.681887,0.579395,0.485695,0.685094,0.393055,0.87502,0.436687,0.259249,0.45845,0.271507,0.382123,0.262333,0.600171,0,0
0.286839,0.401217,0.351169,0.510238,0.326665,0.632861,0.407835,0.763632,0.496702,0.714611,0.3726,0.393074,0.459904,0.341305,0.475236,0.213243,0.574802,0.570189,0.559478,0.66008,0.668237,0.733654,0.829081,0.638297,0.574805,0.482988,0.691211,0.376715,0.862766,0.431187,0.247008,0.447542,0.262309,0.373987,0.254663,0.589254,0,0
0.260796,0.382159,0.337376,0.491165,0.309801,0.616503,0.383336,0.75277,0.470646,0.706432,0.360369,0.382195,0.44001,0.322206,0.443078,0.180547,0.550299,0.55111,0.544161,0.638287,0.603909,0.709128,0.841322,0.66009,0.547239,0.466648,0.659056,0.365801,0.844394,0.398492,0.227109,0.428531,0.240872,0.360357,0.227094,0.564737,0,0
0.256189,0.390335,0.326655,0.496619,0.30063,0.621948,0.377216,0.758187,0.446147,0.684628,0.349622,0.387642,0.432345,0.316794,0.426209,0.166942,0.547232,0.553836,0.539571,0.641009,0.654451,0.673713,0.855111,0.725473,0.547226,0.46392,0.659052,0.373992,0.847466,0.379461,0.224013,0.436649,0.236269,0.363125,0.220972,0.564742,0.251601,0.338575
0.250058,0.398464,0.323582,0.502059,0.294506,0.627394,0.374129,0.790863,0.389443,0.692784,0.346561,0.390341,0.423155,0.311355,0.409369,0.161398,0.551829,0.562003,0.542639,0.649187,0.65905,0.698236,0.858174,0.807224,0.551825,0.472086,0.660578,0.395798,0.858183,0.401235,0.219427,0.444797,0.233218,0.371268,0.225553,0.578386,0,0
0.248546,0.390347,0.323588,0.504766,0.297562,0.63011,0.369547,0.801779,0.386396,0.700976,0.34349,0.393046,0.421616,0.308576,0.409365,0.145148,0.556424,0.567447,0.548756,0.657372,0.659047,0.709134,0.855109,0.804499,0.557954,0.480247,0.652924,0.423046,0.856639,0.458433,0.219448,0.439408,0.230158,0.365834,0.225556,0.575659,0.24241,0.338565
0.262304,0.395798,0.338897,0.512973,0.311343,0.649193,0.384864,0.799083,0.423147,0.763629,0.358839,0.390364,0.426208,0.311327,0.433873,0.161402,0.57174,0.589245,0.554888,0.681892,0.695811,0.760924,0.861243,0.799052,0.574807,0.493894,0.691225,0.43119,0.848981,0.521164,0.227093,0.444819,0.242425,0.36857,0.230148,0.575619,0,0
0.268456,0.401201,0.343507,0.518432,0.315933,0.65735,0.400172,0.815385,0.424684,0.774553,0.366483,0.395768,0.438481,0.330404,0.458371,0.175099,0.574804,0.597425,0.556424,0.684609,0.634544,0.739115,0,0,0.577867,0.496614,0.69887,0.414852,0.855111,0.502064,0.239334,0.447531,0.251582,0.376667,0.242428,0.597404,0,0
0.276105,0.401187,0.346571,0.515668,0.320542,0.651909,0.401711,0.826312,0.383334,0.790884,0.371063,0.390352,0.449214,0.335804,0.501293,0.218691,0.561018,0.575638,0.547225,0.66011,0.605441,0.736398,0,0,0.565619,0.488415,0.680492,0.352207,0.853576,0.401241,0.243938,0.44755,0.257738,0.371275,0.251589,0.591991,0,0
0.276124,0.393047,0.346566,0.512948,0.322069,0.641039,0.389451,0.815393,0.311337,0.831742,0.368018,0.387647,0.453805,0.33311,0.51352,0.229543,0.570208,0.570177,0.550297,0.662833,0.605435,0.750003,0.822948,0.692779,0.576331,0.474815,0.654458,0.341306,0.841331,0.360376,0.24241,0.442132,0.257721,0.365829,0.248536,0.589234,0,0
0.266913,0.398543,0.33891,0.507517,0.314408,0.632845,0.3481,0.823589,0.240881,0.872642,0.358838,0.395765,0.446113,0.335875,0.507425,0.226875,0.548766,0.551095,0.53804,0.641016,0.606978,0.747284,0.781585,0.635563,0.5503,0.46118,0.633026,0.30859,0.81069,0.289529,0.236279,0.444796,0.248538,0.368549,0.2317,0.578346,0,0
0.262312,0.403949,0.332777,0.51568,0.308275,0.643747,0.334319,0.83992,0.214833,0.87263,0.355769,0.398487,0.443075,0.333142,0.496688,0.221381,0.542638,0.551109,0.527331,0.641019,0.603893,0.739119,0.76167,0.61376,0.545706,0.461186,0.631487,0.316757,0.809153,0.256817,0.227104,0.450286,0.242429,0.373983,0.222507,0.581114,0,0
0.251587,0.409421,0.323591,0.521127,0.297555,0.651916,0.337389,0.829033,0.222494,0.859004,0.34505,0.40128,0.427771,0.333123,0.478288,0.205013,0.524257,0.556549,0.510467,0.643744,0.587054,0.722771,0.750957,0.616519,0.527321,0.466641,0.631478,0.363088,0.82295,0.273174,0.217901,0.461175,0.233219,0.379453,0.220958,0.600169,0,0
0.250055,0.412132,0.323581,0.515684,0.299091,0.643746,0.343516,0.815417,0.237804,0.867198,0.343523,0.395772,0.426215,0.333128,0.475217,0.202355,0.531912,0.559275,0.518129,0.649206,0.582458,0.706402,0.767803,0.665536,0.53651,0.466633,0.657524,0.390345,0.833678,0.314039,0.21638,0.461171,0.23015,0.379414,0.216372,0.594715,0,0
0.251606,0.406713,0.325105,0.512927,0.303675,0.638307,0.3573,0.796357,0.26232,0.869898,0.343521,0.393071,0.427758,0.324944,0.48136,0.205068,0.548763,0.556543,0.536506,0.635585,0.654448,0.695498,0.855114,0.766378,0.553357,0.474801,0.680503,0.42576,0.853594,0.469359,0.220968,0.458462,0.23627,0.376744,0.227107,0.600143,0,0
0.26079,0.409409,0.32819,0.512931,0.30828,0.635575,0.361883,0.796311,0.274592,0.869885,0.349625,0.395767,0.435408,0.324951,0.490555,0.213205,0.567143,0.564719,0.554882,0.643737,0.734108,0.725499,0.8781,0.782714,0.573268,0.48027,0.69429,0.412141,0.845914,0.553836,0.228631,0.458451,0.242396,0.379405,0.239362,0.600171,0,0
0.271511,0.406681,0.34351,0.510245,0.317468,0.635574,0.368012,0.807223,0.314414,0.878105,0.364965,0.395776,0.450745,0.324945,0.513541,0.22139,0.577869,0.572911,0.564082,0.660093,0.714195,0.730957,0.888821,0.763626,0.579402,0.485721,0.706526,0.393069,0.844399,0.537473,0.240859,0.455714,0.256187,0.373998,0.242413,0.594711,0,0
0.282226,0.409412,0.34811,0.512977,0.322067,0.641007,0.361899,0.790904,0.340438,0.897146,0.371084,0.395797,0.459945,0.333141,0.528847,0.232308,0.579396,0.578337,0.567147,0.66282,0.73717,0.744565,0.902605,0.755453,0.579405,0.488419,0.700415,0.37672,0.839804,0.518432,0.248532,0.461155,0.26234,0.379408,0.250063,0.602869,0,0
0.286844,0.412138,0.346585,0.518422,0.320534,0.643769,0.371074,0.807252,0.37108,0.948926,0.371064,0.401209,0.469116,0.341337,0.544168,0.281362,0.576341,0.581072,0.564086,0.665544,0.706537,0.706419,0.878084,0.69006,0.576335,0.493896,0.691205,0.352201,0.835201,0.488408,0.250052,0.463892,0.266911,0.379401,0.251607,0.600144,0,0
0.2746,0.406673,0.345047,0.515711,0.317479,0.643769,0.369552,0.807225,0.392532,0.959835,0.36954,0.39852,0.466054,0.343988,0.545698,0.292248,0.574796,0.57834,0.559489,0.662831,0.663644,0.698234,0.856642,0.660102,0.574796,0.491152,0.680493,0.341259,0.827561,0.469348,0.240879,0.455737,0.254676,0.371256,0.24395,0.589266,0,0
0.25619,0.401207,0.338905,0.515672,0.312866,0.643748,0.364955,0.796343,0.395567,0.943485,0.361895,0.390333,0.456855,0.338578,0.538033,0.275935,0.550294,0.564734,0.536514,0.651911,0.590124,0.698242,0.786184,0.583809,0.554892,0.480268,0.646807,0.31128,0.790791,0.41215,0.225529,0.447596,0.239348,0.371269,0.233221,0.581102,0,0
0.250076,0.401269,0.335832,0.51566,0.309815,0.646458,0.360375,0.796302,0.386378,0.940776,0.355765,0.390333,0.446142,0.338558,0.525774,0.270406,0.54876,0.553822,0.53191,0.65193,0.579391,0.698258,0.772404,0.556574,0.550292,0.463922,0.628398,0.289533,0.769334,0.379429,0.217906,0.453011,0.236265,0.373992,0.23015,0.59198,0.239347,0.324944
0.246996,0.406675,0.325104,0.515704,0.305209,0.649203,0.35424,0.793582,0.371084,0.905323,0.341974,0.395778,0.433888,0.335864,0.50738,0.245942,0.534982,0.548376,0.527315,0.638301,0.580931,0.695513,0.781598,0.578356,0.534976,0.45301,0.596253,0.28134,0.729503,0.308614,0.214857,0.458482,0.230163,0.379424,0.22402,0.594712,0.236284,0.338564
0.250053,0.403989,0.323571,0.515714,0.302144,0.64647,0.351181,0.79089,0.36801,0.905349,0.340432,0.398528,0.427744,0.335871,0.496694,0.235045,0.542634,0.54293,0.533442,0.643751,0.588588,0.670998,0.818355,0.597425,0.541105,0.447558,0.600837,0.281352,0.732583,0.281333,0.216368,0.461189,0.23168,0.379461,0.22401,0.597433,0,0
0.24852,0.403972,0.325105,0.515655,0.305203,0.643755,0.352713,0.790867,0.369546,0.908043,0.341972,0.395772,0.429275,0.327663,0.495145,0.215931,0.556425,0.551104,0.550289,0.641025,0.705002,0.673721,0.859712,0.66827,0.550296,0.461182,0.640676,0.308567,0.810701,0.278623,0.214842,0.45844,0.228637,0.376724,0.225542,0.600136,0,0
0.250052,0.401198,0.325147,0.512925,0.30675,0.638315,0.355767,0.790902,0.374151,0.910787,0.345034,0.393079,0.427773,0.327671,0.495166,0.215939,0.562548,0.553838,0.554889,0.643751,0.69275,0.684623,0.861242,0.69006,0.551833,0.466635,0.677421,0.341303,0.84439,0.335841,0.214828,0.453018,0.230149,0.37397,0.227088,0.597405,0,0
0.250077,0.401203,0.334321,0.504792,0.309822,0.641016,0.369553,0.782719,0.395599,0.899881,0.354229,0.382199,0.438485,0.330376,0.507385,0.210505,0.574806,0.578343,0.56102,0.662839,0.649864,0.71458,0.862783,0.695515,0.574805,0.485693,0.689682,0.425764,0.845932,0.482973,0.217897,0.455731,0.228636,0.368587,0.239339,0.60017,0.231697,0.319508
0.251615,0.403929,0.338926,0.515669,0.312887,0.643758,0.375663,0.788163,0.41091,0.902622,0.360361,0.39851,0.444588,0.327651,0.508917,0.207754,0.582461,0.58108,0.571736,0.673724,0.672837,0.73911,0.856653,0.695517,0.582463,0.488425,0.694281,0.420307,0.852063,0.46117,0.219438,0.463895,0.233224,0.376701,0.237818,0.594684,0.23934,0.330399
0.247018,0.420299,0.340431,0.515701,0.312873,0.651919,0.384851,0.777249,0.435419,0.872617,0.363424,0.398512,0.446119,0.322214,0.504357,0.19961,0.577864,0.578356,0.557952,0.66828,0.651392,0.728215,0.856653,0.698253,0.576331,0.482985,0.669769,0.376718,0.850512,0.346766,0.219428,0.472072,0.230169,0.382177,0.23781,0.600148,0.273042,0.344028
0.239347,0.420291,0.337368,0.512964,0.311329,0.651911,0.384869,0.769109,0.440014,0.856246,0.360362,0.390361,0.435436,0.314092,0.496676,0.188716,0.57021,0.581075,0.55795,0.66554,0.620753,0.703688,0.853585,0.681902,0.568677,0.4857,0.652921,0.341308,0.835193,0.29224,0.208729,0.472124,0.224006,0.382214,0.230148,0.600143,0.266908,0.344047
0.224044,0.414882,0.323585,0.51296,0.302142,0.649203,0.377209,0.763655,0.42929,0.845402,0.343506,0.390345,0.423154,0.292269,0.472198,0.158752,0.567142,0.575614,0.554887,0.657383,0.651392,0.690066,0.836738,0.657378,0.562547,0.461184,0.606979,0.297677,0.786189,0.215957,0.191887,0.472084,0.208689,0.38215,0.217895,0.602866,0.240879,0.341288
0.2225,0.414852,0.322043,0.515662,0.299094,0.651929,0.374142,0.76907,0.413972,0.842669,0.34196,0.393074,0.41245,0.292221,0.455332,0.145134,0.550296,0.572909,0.544167,0.651927,0.608504,0.695511,0.824479,0.632834,0.550295,0.455739,0.593183,0.281337,0.760147,0.19417,0.190328,0.469395,0.204131,0.382174,0.211786,0.602879,0.239346,0.338595
0.219438,0.420319,0.317475,0.51839,0.303673,0.649205,0.368012,0.763652,0.380271,0.831757,0.334312,0.398507,0.404776,0.2922,0.426237,0.136948,0.542636,0.551102,0.530384,0.649195,0.582461,0.681901,0.784655,0.616498,0.538043,0.439383,0.557939,0.267707,0.708068,0.191448,0.188811,0.472109,0.204137,0.38487,0.210251,0.608319,0.240884,0.346756
0.220969,0.42029,0.317458,0.518398,0.303676,0.649211,0.363434,0.766349,0.375682,0.837189,0.331245,0.39853,0.400205,0.289509,0.423148,0.134232,0.541103,0.548381,0.525794,0.651914,0.571737,0.679166,0.767802,0.611055,0.536506,0.444845,0.553375,0.259562,0.689694,0.205031,0.190308,0.474824,0.20565,0.382216,0.211774,0.608308,0.240881,0.349477
0.224011,0.412123,0.319005,0.515661,0.305212,0.643753,0.364958,0.766378,0.37415,0.84537,0.337381,0.390364,0.40325,0.284077,0.424704,0.131487,0.544172,0.537482,0.525787,0.63558,0.547235,0.706429,0.727972,0.586538,0.539569,0.442115,0.547234,0.254096,0.655974,0.248671,0.190345,0.474798,0.205631,0.382157,0.210247,0.602875,0.239343,0.352187
0.224029,0.409435,0.317465,0.512985,0.305215,0.643754,0.368025,0.76362,0.378728,0.839908,0.335853,0.393058,0.407823,0.284045,0.430817,0.131487,0.550297,0.534761,0.548764,0.619217,0.541101,0.72549,0.709591,0.58381,0.541108,0.447556,0.54725,0.254113,0.652927,0.259538,0.190345,0.472104,0.205641,0.382167,0.211768,0.600178,0.237816,0.349461
0.224023,0.414886,0.320523,0.512972,0.303687,0.643744,0.369545,0.75547,0.386401,0.812662,0.337388,0.395758,0.409389,0.297695,0.444614,0.147837,0.53804,0.537479,0.524254,0.619239,0.525782,0.722762,0.6805,0.567451,0.533444,0.436671,0.545716,0.254106,0.655983,0.294957,0.190358,0.4748,0.207168,0.382194,0.211781,0.602861,0.239341,0.34674
0.22402,0.417596,0.319004,0.512969,0.303674,0.643754,0.366485,0.750022,0.387918,0.801773,0.335857,0.395767,0.410905,0.300448,0.449212,0.156028,0.522725,0.548388,0.496681,0.638314,0.528842,0.73093,0.678955,0.551099,0.527315,0.444841,0.545708,0.254081,0.660593,0.314041,0.191846,0.474793,0.207178,0.382177,0.211774,0.60014,0.237823,0.346749
0.224028,0.412127,0.319006,0.512937,0.303678,0.643753,0.368013,0.752729,0.383339,0.804502,0.335835,0.393052,0.410898,0.294969,0.453804,0.153274,0.525793,0.54293,0.498219,0.635559,0.527322,0.730956,0.663643,0.529324,0.528857,0.447566,0.545694,0.254096,0.660587,0.338546,0.191844,0.469385,0.207161,0.379435,0.214845,0.602863,0.243934,0.346749
0.224019,0.409419,0.320524,0.512936,0.303681,0.646467,0.368019,0.755468,0.383327,0.804506,0.33585,0.390361,0.409371,0.292235,0.449222,0.145132,0.541107,0.52658,0.513534,0.624672,0.527326,0.739104,0.659039,0.529303,0.534975,0.439387,0.542646,0.254105,0.65904,0.335843,0.191844,0.469363,0.205659,0.379425,0.214836,0.602855,0.245475,0.344021
0.224009,0.409405,0.318998,0.515669,0.30368,0.654647,0.369548,0.752757,0.378745,0.793627,0.334323,0.395783,0.404789,0.289512,0.441524,0.136927,0.545696,0.515677,0.536509,0.608322,0.50741,0.730965,0.64066,0.521107,0.531911,0.431205,0.536515,0.254096,0.636069,0.297694,0.191849,0.469377,0.207179,0.379447,0.210248,0.597427,0.240877,0.346739
0.224029,0.409408,0.320521,0.518418,0.305205,0.654643,0.371086,0.755469,0.377213,0.801798,0.335834,0.398483,0.404772,0.292207,0.43541,0.131459,0.541105,0.523859,0.531916,0.616496,0.501277,0.741835,0.623813,0.515662,0.530379,0.431224,0.530381,0.254077,0.622289,0.273183,0.191866,0.469342,0.207181,0.379459,0.214837,0.600148,0.237819,0.338567
0.220976,0.404014,0.314413,0.529285,0.302149,0.651926,0.369539,0.755481,0.377206,0.815399,0.326659,0.403973,0.398638,0.28952,0.426219,0.128766,0.530381,0.5511,0.530382,0.638297,0,0,0,0,0.528849,0.453016,0.525786,0.265006,0.571738,0.251372,0.19032,0.466605,0.205653,0.379465,0.216374,0.60289,0.237816,0.3522
0.21944,0.404002,0.314426,0.518413,0.302142,0.646468,0.366493,0.758178,0.377216,0.815424,0.326666,0.401243,0.397121,0.289488,0.4247,0.12875,0.525785,0.556549,0.519659,0.651921,0,0,0,0,0.515069,0.469365,0.524257,0.270457,0,0,0.188789,0.466614,0.204132,0.379446,0.217908,0.605617,0.245469,0.349466
0.216376,0.40401,0.314406,0.52116,0.30215,0.646476,0.366481,0.7609,0.375668,0.815404,0.325118,0.401272,0.395582,0.28954,0.423183,0.128734,0.519659,0.548379,0.510472,0.654644,0.556422,0.425765,0,0,0.512,0.461192,0.513527,0.262275,0.559479,0.289525,0.188776,0.466605,0.202585,0.379459,0.217911,0.605601,0.211774,0.33859
0.210243,0.406707,0.314395,0.521148,0.299094,0.649186,0.363434,0.763649,0.364962,0.845414,0.325135,0.401264,0.394054,0.292271,0.423164,0.13964,0.528852,0.553829,0.515064,0.651912,0.527312,0.755448,0.629941,0.54565,0.525787,0.458474,0.556415,0.259555,0,0,0.179626,0.469325,0.194923,0.382131,0.208705,0.605606,0.237822,0.344029
0.207177,0.406669,0.31287,0.521132,0.297551,0.64648,0.364962,0.769089,0.360369,0.872647,0.323602,0.401211,0.392538,0.295004,0.423162,0.139674,0.533444,0.562004,0.516599,0.657365,0.550292,0.73367,0.69888,0.660104,0.530386,0.447564,0.597776,0.262268,0.711138,0.117845,0.178062,0.466643,0.193385,0.382195,0.207176,0.605602,0.237816,0.349468
0.202577,0.39853,0.31134,0.507506,0.297561,0.635584,0.366491,0.788145,0.35883,0.938032,0.323602,0.382173,0.397106,0.297705,0.421642,0.139638,0.528851,0.559291,0.524257,0.649187,0.64986,0.758204,0.830601,0.878097,0.528855,0.477529,0.620755,0.390346,0.822935,0.251359,0.173471,0.458475,0.188782,0.374003,0.191866,0.583809,0.20871,0.346747
0.207164,0.384876,0.315924,0.499354,0.305211,0.630116,0.371074,0.790895,0.369547,0.962534,0.32667,0.382156,0.398666,0.305871,0.421635,0.136955,0.548763,0.567445,0.542637,0.654651,0.695811,0.793621,0.882687,0.993892,0.551833,0.482971,0.657514,0.42575,0.838258,0.379433,0.176524,0.450316,0.190351,0.371244,0.191861,0.575648,0,0
0.224007,0.374025,0.329715,0.496612,0.319002,0.63558,0.378736,0.801774,0.378732,0.995249,0.341967,0.382146,0.410888,0.311288,0.42467,0.139696,0.568674,0.581083,0.553363,0.670983,0.686629,0.77453,0.884222,0.993887,0.573268,0.488447,0.677436,0.425765,0.845926,0.363081,0.191875,0.450281,0.204136,0.371296,0.227096,0.589236,0.26079,0.330406
0.237814,0.393052,0.3435,0.515706,0.325121,0.646476,0.389468,0.799091,0.390984,0.993891,0.357283,0.393044,0.420107,0.314069,0.43233,0.158719,0.577864,0.578345,0.564083,0.668282,0.665177,0.758199,0.907197,0.993884,0.577865,0.482982,0.701941,0.398528,0.841335,0.322203,0.207162,0.453038,0.217897,0.379397,0.24699,0.600141,0.25007,0.324948
0.225581,0.39308,0.338897,0.5075,0.320535,0.632853,0.380268,0.793602,0.397106,0.965265,0.35269,0.382177,0.430825,0.338613,0.452258,0.196877,0.570209,0.567458,0.554893,0.657377,0.606968,0.730941,0.862779,0.850819,0.571744,0.472089,0.688157,0.387602,0.830618,0.281367,0.201027,0.455745,0.211781,0.379472,0.217904,0.578355,0,0
0.220952,0.368526,0.335855,0.496621,0.319005,0.62468,0.380262,0.790893,0.392538,0.957091,0.346561,0.382184,0.426205,0.335869,0.461467,0.199585,0.579396,0.559282,0.559488,0.657375,0.594718,0.720051,0.845927,0.801783,0.57634,0.46392,0.675895,0.371284,0.830619,0.289499,0.188792,0.447549,0.197987,0.37398,0.224022,0.581102,0,0
0.207191,0.365793,0.323593,0.496631,0.306749,0.632856,0.374127,0.785447,0.375687,0.965258,0.335833,0.382181,0.424688,0.335796,0.467574,0.199616,0.556419,0.559286,0.544168,0.657377,0.596247,0.733668,0.818354,0.758198,0.556421,0.472086,0.66058,0.341317,0.824468,0.360364,0.181136,0.431244,0.191893,0.360374,0.224035,0.578316,0,0
0.208726,0.37128,0.322075,0.502063,0.306734,0.635566,0.372621,0.788135,0.371068,0.967987,0.332781,0.387625,0.42468,0.33855,0.459921,0.194153,0.564078,0.559285,0.545698,0.657365,0.580925,0.730948,0.812228,0.760913,0.562552,0.472076,0.659038,0.333135,0.807621,0.403978,0.179614,0.4394,0.191867,0.365813,0.217894,0.575637,0,0
0.217909,0.376715,0.325109,0.512934,0.309809,0.64101,0.372613,0.793575,0.358811,0.978902,0.335834,0.395777,0.424679,0.338566,0.446149,0.191401,0.556425,0.57019,0.545702,0.665536,0.580924,0.750011,0.803036,0.771816,0.556426,0.480274,0.652911,0.324947,0.78312,0.466619,0.190305,0.450268,0.20105,0.376677,0.22402,0.583796,0,0
0.219439,0.379401,0.325137,0.515654,0.308288,0.64104,0.374122,0.790898,0.358815,0.978899,0.341971,0.39578,0.426235,0.338592,0.441553,0.188684,0.562551,0.581085,0.548768,0.670995,0.590119,0.76909,0.786182,0.766371,0.561025,0.493883,0.645261,0.319531,0.776995,0.472079,0.19185,0.450267,0.202604,0.376697,0.224023,0.581093,0,0
0.21792,0.373983,0.326658,0.512936,0.309821,0.641012,0.374137,0.790863,0.36343,0.970724,0.343512,0.393086,0.427754,0.341259,0.44309,0.185993,0.557947,0.5838,0.542627,0.67645,0.596244,0.796338,0.763211,0.758187,0.55795,0.485717,0.633021,0.308587,0.767805,0.469349,0.190361,0.444807,0.202586,0.37128,0.230156,0.5838,0,0
0.21486,0.373967,0.326667,0.512931,0.309812,0.641026,0.374166,0.790861,0.369535,0.967985,0.345034,0.393089,0.427745,0.341265,0.447653,0.188678,0.556419,0.578349,0.542635,0.670989,0.579397,0.79362,0.75861,0.750019,0.55795,0.485692,0.626882,0.297738,0.764731,0.455737,0.190298,0.44213,0.199521,0.371273,0.227091,0.583805,0,0
0.21484,0.373991,0.325144,0.512983,0.309799,0.643737,0.374142,0.788179,0.368021,0.965246,0.34197,0.395811,0.432346,0.34401,0.456843,0.196867,0.553359,0.572902,0.539573,0.665539,0.571732,0.790868,0.734111,0.706409,0.557951,0.477549,0.606976,0.289501,0.752487,0.433924,0.188777,0.444856,0.196456,0.376685,0.225562,0.583807,0,0
0.214844,0.37671,0.325134,0.515657,0.308271,0.64373,0.374164,0.790906,0.364943,0.967996,0.34197,0.398487,0.429284,0.346735,0.458372,0.199591,0.551824,0.567451,0.533446,0.662805,0.556413,0.788166,0.72798,0.679163,0.550297,0.477538,0.594699,0.289495,0.735641,0.423043,0.188789,0.447576,0.197975,0.376708,0.230151,0.589263,0,0
0.214857,0.379414,0.325116,0.51839,0.308272,0.643746,0.37415,0.790891,0.360359,0.968,0.340447,0.401231,0.429298,0.346719,0.45685,0.205025,0.548764,0.567448,0.53191,0.657361,0.541101,0.788152,0.706545,0.643764,0.547229,0.472095,0.582459,0.281372,0.709598,0.401257,0.188781,0.447572,0.196449,0.37675,0.22404,0.586523,0,0
0.214848,0.376696,0.32511,0.518401,0.308264,0.643743,0.374127,0.790908,0.358832,0.965255,0.34043,0.401245,0.429273,0.344051,0.452267,0.20502,0.548765,0.564732,0.530379,0.657358,0.539576,0.788164,0.700411,0.616492,0.545705,0.466633,0.576323,0.278645,0.700417,0.398514,0.18879,0.44754,0.194933,0.376705,0.225563,0.586541,0,0
0.214859,0.376697,0.325104,0.515713,0.308287,0.643748,0.374139,0.790886,0.358819,0.965259,0.338896,0.401251,0.427757,0.344024,0.447667,0.199631,0.541105,0.572884,0.52578,0.64919,0.53803,0.782711,0.692756,0.578368,0.542635,0.480257,0.570222,0.281325,0.686623,0.390357,0.190305,0.444864,0.197987,0.376705,0.233209,0.591958,0,0
0.214837,0.374012,0.325106,0.518397,0.308285,0.643737,0.37415,0.790861,0.358834,0.965259,0.338904,0.401279,0.426217,0.343995,0.446157,0.196878,0.525791,0.575626,0.512005,0.657372,0.534983,0.779992,0.683558,0.570164,0.536507,0.485718,0.571736,0.278606,0.695809,0.431215,0.188803,0.447587,0.19493,0.376707,0.237805,0.594712,0,0
0.213321,0.376747,0.323607,0.515694,0.309798,0.643746,0.374129,0.79089,0.358843,0.962555,0.338917,0.401234,0.424704,0.341322,0.446108,0.194154,0.534976,0.572914,0.516603,0.657357,0.533441,0.777263,0.675908,0.548395,0.539577,0.485696,0.573278,0.273193,0.685091,0.455729,0.188805,0.450298,0.194929,0.379425,0.236267,0.594701,0.211769,0.357642
0.213306,0.376745,0.323601,0.515669,0.30828,0.641027,0.374126,0.790879,0.360343,0.965274,0.340429,0.401215,0.426207,0.341334,0.444612,0.194162,0.538042,0.572898,0.524251,0.654646,0.533445,0.771803,0.674359,0.556562,0.539571,0.482996,0.574802,0.275922,0.682034,0.472074,0.188786,0.453004,0.194928,0.379439,0.236268,0.594677,0.211775,0.357645
0.211782,0.379419,0.323607,0.515669,0.308283,0.641028,0.372614,0.790905,0.358819,0.970725,0.341957,0.398548,0.426225,0.341341,0.444618,0.194149,0.534981,0.570182,0.522727,0.654636,0.534982,0.782711,0.677422,0.575626,0.536509,0.480259,0.57633,0.281352,0.685093,0.480255,0.188809,0.455735,0.194913,0.376728,0.234753,0.597389,0,0
0.213317,0.382159,0.325113,0.515687,0.30827,0.643754,0.372611,0.796337,0.357294,0.987075,0.341988,0.398547,0.426228,0.341338,0.444618,0.194156,0.527322,0.57563,0.513539,0.657377,0.534978,0.788156,0.680495,0.578362,0.533451,0.488433,0.576342,0.284065,0.689693,0.485703,0.188815,0.461199,0.196448,0.379479,0.225554,0.591972,0,0
0.213297,0.395802,0.325144,0.518403,0.309812,0.643753,0.372597,0.796367,0.354228,0.995248,0.343522,0.403957,0.427743,0.341344,0.446121,0.194145,0.533444,0.575628,0.518132,0.660087,0.539572,0.790888,0.683564,0.583807,0.541102,0.485697,0.57633,0.281366,0.683566,0.482991,0.188817,0.46938,0.194913,0.384906,0.217901,0.600146,0,0
0.213311,0.4012,0.325129,0.5184,0.308283,0.646483,0.37262,0.79635,0.354231,0.993887,0.345023,0.40123,0.426233,0.344011,0.446117,0.194147,0.528854,0.575619,0.518129,0.657371,0.539567,0.790874,0.686617,0.583792,0.538045,0.48572,0.576349,0.28136,0.683562,0.485713,0.190304,0.472093,0.194936,0.390354,0.216369,0.600165,0.24547,0.352188
