0.311319,0.275899,0.378736,0.406717,0.349621,0.526575,0.397102,0.651902,0.42008,0.542934,0.403245,0.292271,0.498225,0.245927,0.467568,0.25685,0.576338,0.496623,0.548766,0.564735,0.553359,0.46663,0.701942,0.488469,0.603913,0.431236,0.648331,0.267749,0.740218,0.420308,0.283776,0.316783,0.292957,0.256849,0.297572,0.466583,0,0
0.309824,0.278672,0.37873,0.406681,0.349643,0.523867,0.392512,0.660081,0.413955,0.556568,0.401721,0.292245,0.505865,0.25132,0.472178,0.259536,0.577871,0.496606,0.550298,0.564731,0.553358,0.466644,0.701945,0.488483,0.605432,0.431232,0.651385,0.267702,0.73411,0.420313,0.283777,0.322222,0.29295,0.267721,0.299057,0.469324,0,0
0.309818,0.286828,0.378732,0.417603,0.349633,0.534778,0.392523,0.668291,0.39709,0.578339,0.406302,0.305882,0.507396,0.248632,0.470663,0.251399,0.579392,0.491158,0.553347,0.559283,0.556417,0.466648,0.703478,0.502049,0.605438,0.431233,0.65443,0.267747,0.73564,0.425742,0.285288,0.333143,0.292952,0.270418,0.297571,0.474817,0,0
0.309794,0.289484,0.377225,0.417592,0.349624,0.534742,0.378737,0.665536,0.392549,0.578381,0.404768,0.303144,0.507386,0.248645,0.466048,0.240478,0.579398,0.499325,0.553366,0.567452,0.55797,0.466658,0.706533,0.5075,0.606977,0.436647,0.654461,0.267725,0.735632,0.431185,0.285287,0.335823,0.294473,0.273165,0.299063,0.480253,0,0
0.308266,0.292276,0.377222,0.409405,0.349631,0.532018,0.387924,0.665546,0.394059,0.572849,0.400185,0.303154,0.507372,0.248668,0.472186,0.243179,0.577864,0.493873,0.551825,0.561994,0.557944,0.466595,0.706528,0.502059,0.606961,0.433913,0.655957,0.267688,0.7387,0.431185,0.283756,0.338579,0.292964,0.275882,0.299059,0.480257,0,0
0.308278,0.292294,0.377216,0.412128,0.349642,0.532037,0.38946,0.665568,0.39407,0.575563,0.403241,0.292264,0.508963,0.251404,0.473724,0.248684,0.579394,0.493887,0.551833,0.567456,0.55641,0.463903,0.705001,0.493909,0.605436,0.43393,0.655951,0.267681,0.7387,0.428462,0.282244,0.341262,0.292951,0.275893,0.299064,0.482987,0,0
0.309793,0.294968,0.375668,0.420294,0.349641,0.526569,0.360368,0.649213,0.392524,0.575596,0.401711,0.322225,0.507397,0.27317,0.470653,0.264971,0.573267,0.491173,0.547233,0.561996,0.557944,0.458449,0.706521,0.48572,0.602375,0.431223,0.655977,0.26497,0.743295,0.42303,0.28529,0.341266,0.294505,0.275904,0.299074,0.485668,0,0
0.309794,0.292295,0.377201,0.420329,0.349646,0.526596,0.366489,0.654621,0.395586,0.570178,0.407854,0.314054,0.508953,0.278581,0.475219,0.284047,0.574804,0.493896,0.551823,0.562013,0.559486,0.458448,0.70655,0.485711,0.600842,0.433949,0.655976,0.264992,0.74176,0.41757,0.285291,0.338592,0.294491,0.275889,0.299083,0.482971,0,0
0.309821,0.294937,0.378736,0.409402,0.351163,0.51567,0.363433,0.641002,0.404765,0.551149,0.404777,0.319485,0.505881,0.286797,0.46912,0.281337,0.580927,0.491177,0.556424,0.559273,0.562558,0.461197,0.708084,0.491121,0.606966,0.431236,0.659045,0.267688,0.747883,0.414863,0.2853,0.338591,0.294506,0.275871,0.29909,0.482971,0,0
0.309823,0.292289,0.378752,0.406697,0.351184,0.518388,0.363423,0.638317,0.407857,0.5538,0.403246,0.311339,0,0,0,0,0.573272,0.491151,0.550297,0.55654,0.564085,0.463922,0.712664,0.491205,0.605434,0.431235,0.663652,0.267746,0.757081,0.431194,0.285297,0.338588,0.294492,0.27321,0.299098,0.480287,0,0
0.311323,0.294975,0.375692,0.403982,0.349633,0.521113,0.372595,0.638267,0.412425,0.537449,0.395588,0.300433,0.461453,0.254111,0,0,0.573267,0.488428,0.544167,0.551096,0.565606,0.474822,0.718791,0.518382,0.603907,0.428485,0.674376,0.275948,0.760169,0.461171,0.286815,0.34126,0.296024,0.275897,0.300599,0.482991,0,0
0.311352,0.29501,0.375656,0.417575,0.346586,0.523835,0.372615,0.635523,0.409402,0.534803,0.398649,0.311339,0,0,0,0,0.571741,0.491143,0.544162,0.553843,0.57479,0.482955,0.720313,0.526606,0.599311,0.428495,0.677442,0.278604,0.761677,0.455734,0.28685,0.34127,0.296025,0.275903,0.299112,0.485671,0,0
0.31287,0.297669,0.375677,0.412134,0.349645,0.521158,0.37261,0.632837,0.407825,0.540205,0.394047,0.308585,0.466044,0.251389,0,0,0.574802,0.485704,0.548761,0.556542,0.576324,0.488435,0,0,0.599315,0.423043,0.678973,0.278601,0.763203,0.463897,0.28837,0.338618,0.297563,0.273203,0.300614,0.482987,0,0
0.312867,0.295009,0.375694,0.412133,0.349617,0.523868,0.375669,0.638323,0.404768,0.540219,0.397119,0.308592,0.473702,0.256831,0,0,0.577871,0.485723,0.551823,0.559266,0.574815,0.488429,0,0,0.605433,0.425749,0.67897,0.275924,0.764751,0.458447,0.288371,0.338615,0.299081,0.275872,0.300599,0.480277,0,0
0.312881,0.294945,0.375665,0.414864,0.346571,0.523854,0.387925,0.641,0.404787,0.534789,0.400179,0.30861,0.467579,0.248646,0,0,0.579402,0.485707,0.550299,0.559275,0.573281,0.488433,0.720327,0.521129,0.605428,0.423048,0.678935,0.27587,0.766285,0.453024,0.288344,0.338541,0.299076,0.273185,0.299076,0.477534,0,0
0.311346,0.294939,0.37567,0.412145,0.34658,0.521155,0.390985,0.638285,0.410884,0.540191,0.401705,0.311335,0.429285,0.139659,0,0,0.580936,0.488435,0.554889,0.559285,0.573265,0.488456,0,0,0.605447,0.425754,0.677428,0.27587,0.764748,0.453019,0.286843,0.338532,0.297547,0.27316,0.29908,0.477527,0,0
0.309818,0.292261,0.374145,0.42302,0.346567,0.526569,0.390982,0.638264,0.423164,0.551078,0.398651,0.316772,0.482883,0.259555,0,0,0.571741,0.488421,0.544174,0.556556,0.567145,0.488467,0.717263,0.518399,0.599304,0.425775,0.677437,0.27586,0.761695,0.447582,0.286807,0.338551,0.296015,0.270482,0.299069,0.477555,0,0
0.309808,0.292259,0.374162,0.417572,0.346588,0.523877,0.3864,0.6301,0.426221,0.551126,0.397114,0.303157,0.482868,0.256839,0,0,0.57327,0.485717,0.545699,0.556539,0.564082,0.488469,0.712665,0.518409,0.602367,0.425736,0.677422,0.273196,0.763211,0.453009,0.286811,0.338571,0.296007,0.27048,0.299089,0.480268,0,0
0.309787,0.292243,0.37569,0.412126,0.349627,0.521111,0.392519,0.624661,0.438462,0.551137,0.398658,0.308587,0.430819,0.207782,0,0,0.579393,0.482995,0.548767,0.556546,0.56408,0.488447,0.71267,0.515718,0.603899,0.423016,0.672847,0.273136,0.761692,0.444841,0.285304,0.338541,0.294496,0.270435,0.299085,0.477553,0,0
0.309789,0.292211,0.375674,0.423059,0.34962,0.526569,0.397126,0.627383,0.441523,0.553811,0.400188,0.322214,0.4538,0.305869,0,0,0.582467,0.482985,0.551825,0.564719,0.570214,0.488421,0.712668,0.512984,0.606964,0.423022,0.671313,0.270458,0.760164,0.439387,0.285305,0.338527,0.294492,0.270435,0.299085,0.477507,0,0
0.309816,0.289508,0.374119,0.42306,0.348107,0.526584,0.39559,0.621971,0.435415,0.551085,0.392517,0.333121,0.375671,0.164189,0,0,0.573268,0.485717,0.547235,0.551102,0.565615,0.488473,0.711147,0.512943,0.597779,0.425754,0.674348,0.273136,0.761672,0.444868,0.28529,0.335805,0.294493,0.270436,0.297572,0.474807,0,0
0.309804,0.286822,0.372624,0.425781,0.348092,0.526585,0.397121,0.613778,0.43387,0.542933,0.392531,0.335837,0.470651,0.29499,0.424692,0.213239,0.571742,0.48572,0.545701,0.559278,0.567138,0.491149,0.711144,0.512939,0.59625,0.423057,0.675898,0.273138,0.76322,0.45572,0.285297,0.333109,0.29448,0.270429,0.297551,0.47212,0,0
0.311328,0.284111,0.372626,0.40942,0.346575,0.518422,0.397121,0.602901,0.433903,0.518407,0.394056,0.308615,0.475242,0.28407,0,0,0.570213,0.482973,0.538045,0.54837,0.561035,0.488443,0.709609,0.512968,0.596252,0.42031,0.67741,0.273176,0.766284,0.46119,0.285294,0.32768,0.294482,0.265002,0.296029,0.469405,0,0
0.311328,0.284045,0.374141,0.417568,0.348087,0.521136,0.400189,0.602895,0.444585,0.512967,0.400172,0.316767,0.464515,0.251384,0,0,0.559486,0.485699,0.528853,0.553814,0.559478,0.488414,0.709607,0.510252,0.597774,0.42302,0.677434,0.273195,0.766285,0.463935,0.283774,0.327653,0.292976,0.26498,0.296023,0.469325,0,0
0.309802,0.281384,0.375682,0.425742,0.349651,0.534769,0.421619,0.627419,0.461479,0.529264,0.398646,0.311329,0.498211,0.275905,0.458397,0.273197,0.565618,0.482973,0.534973,0.545671,0.564093,0.485659,0.708075,0.49931,0.596243,0.423026,0.677415,0.273173,0.764726,0.455715,0.280702,0.330375,0.292968,0.267712,0.296018,0.469352,0,0
0.308279,0.286826,0.377214,0.423034,0.351159,0.540222,0.427743,0.632869,0.473692,0.548389,0.397111,0.300419,0.496704,0.262285,0.456842,0.26499,0.576329,0.485706,0.542636,0.551114,0.559505,0.482995,0.708083,0.491122,0.600849,0.423033,0.671303,0.273132,0.764737,0.444828,0.279172,0.333113,0.294481,0.267707,0.294503,0.472106,0,0
0.306736,0.286825,0.375663,0.423044,0.351168,0.545647,0.435403,0.635566,0.475252,0.545658,0.392528,0.292267,0.498239,0.265004,0.472146,0.267709,0.565618,0.483004,0.533449,0.551114,0.559493,0.485703,0.709605,0.485709,0.599308,0.420326,0.666713,0.270401,0.761676,0.431226,0.276136,0.333097,0.292963,0.270446,0.291444,0.472108,0,0
0.303696,0.286795,0.374162,0.42305,0.349649,0.545643,0.430807,0.632871,0.472164,0.532023,0.390984,0.292255,0.501285,0.267742,0.476764,0.265013,0.556426,0.482986,0.525781,0.548392,0.561035,0.48842,0.706553,0.485708,0.590121,0.417596,0,0,0,0,0.276087,0.330411,0.291407,0.267729,0.291425,0.472121,0,0
0.302162,0.284065,0.375667,0.428483,0.349621,0.542945,0.423172,0.630112,0.467579,0.532057,0.397116,0.330391,0.476767,0.259545,0,0,0.559483,0.482967,0.530386,0.548366,0.55796,0.488402,0.706527,0.488439,0.590124,0.417581,0.663659,0.267699,0.760135,0.436657,0.274583,0.330406,0.288389,0.267728,0.291415,0.472098,0,0
0.303677,0.284101,0.374135,0.43119,0.34811,0.54293,0.423151,0.63286,0.467576,0.540205,0.394067,0.333119,0.473708,0.262275,0,0,0.550294,0.482967,0.524259,0.551109,0.5595,0.488404,0.705013,0.488461,0.58246,0.409416,0.666692,0.267735,0.760136,0.43938,0.274589,0.330419,0.289885,0.267741,0.29142,0.472117,0,0
0.303675,0.281389,0.374133,0.428461,0.348114,0.542936,0.420097,0.632835,0.466056,0.542949,0.395592,0.314057,0.482898,0.235028,0,0,0.557954,0.48297,0.531908,0.551095,0.559494,0.488402,0.708069,0.48846,0.590123,0.417573,0.668264,0.270428,0.764733,0.436654,0.276083,0.327673,0.289907,0.267694,0.291431,0.472061,0,0
0.305211,0.284053,0.375664,0.428504,0.348117,0.545637,0.423162,0.632835,0.464521,0.537486,0.400188,0.330377,0.487496,0.333106,0.496682,0.300412,0.557951,0.485701,0.528856,0.551108,0.56103,0.485707,0.711122,0.488446,0.590118,0.420315,0.672821,0.273134,0.770867,0.436645,0.276086,0.330368,0.291413,0.267677,0.29144,0.472063,0,0
0.305212,0.284088,0.375691,0.431204,0.349635,0.542934,0.423157,0.624699,0.464514,0.534742,0.404767,0.333101,0.489024,0.327659,0.505864,0.308603,0.559489,0.480265,0.533452,0.548387,0.570201,0.485668,0.71419,0.488461,0.588593,0.412147,0.675897,0.273162,0.776989,0.433925,0.276114,0.330377,0.291433,0.267733,0.291436,0.472107,0,0
0.305218,0.28409,0.375687,0.428499,0.349649,0.542909,0.421619,0.621972,0.464512,0.532055,0.400199,0.333105,0.484432,0.303151,0.508943,0.305868,0.561018,0.474828,0.536506,0.540217,0.573269,0.48296,0.712664,0.488468,0.587062,0.406685,0.675905,0.273159,0.776989,0.436639,0.276133,0.327693,0.291438,0.267738,0.292938,0.472112,0,0
0.305226,0.281354,0.375679,0.428476,0.349644,0.537496,0.423159,0.608342,0.467584,0.518388,0.401725,0.330398,0.479839,0.270453,0.516599,0.284083,0.548758,0.482974,0.52272,0.548366,0.565623,0.480279,0.711132,0.491142,0.574805,0.414854,0,0,0,0,0.276107,0.330377,0.291412,0.267732,0.291441,0.469409,0,0
0.305222,0.281324,0.375671,0.42847,0.349646,0.534776,0.423151,0.602894,0.470624,0.512924,0.403249,0.330411,0.499753,0.341306,0.521186,0.289528,0.545704,0.485673,0.521196,0.548359,0.568684,0.482961,0.711139,0.491152,0.571738,0.420303,0,0,0,0,0.276101,0.330373,0.289916,0.267746,0.29144,0.469395,0,0
0.306742,0.281331,0.375683,0.423039,0.349637,0.534741,0.421639,0.600158,0.470653,0.507508,0.404769,0.316796,0.475232,0.278631,0.527331,0.270446,0.556425,0.482986,0.528848,0.548379,0.567142,0.485686,0.711135,0.491176,0.583998,0.417595,0.668238,0.27314,0.773925,0.436673,0.276108,0.327662,0.291424,0.267717,0.29294,0.469382,0,0
0.306742,0.281341,0.37567,0.420307,0.349634,0.534749,0.423142,0.600145,0.470661,0.507487,0.401705,0.316759,0.478299,0.278632,0.539572,0.270437,0.561018,0.480278,0.530383,0.545654,0.570208,0.485704,0.712662,0.491197,0.590121,0.40943,0.671301,0.273163,0.772401,0.442113,0.276115,0.327678,0.291429,0.26772,0.291444,0.469376,0,0
0.305229,0.281353,0.375694,0.423048,0.34965,0.534771,0.423175,0.600122,0.475269,0.504798,0.401725,0.319483,0.475244,0.286798,0.533452,0.284058,0.544173,0.48844,0.515067,0.553821,0.565611,0.485712,0.711125,0.496584,0.574802,0.420301,0.671303,0.273147,0.770881,0.452984,0.276137,0.327654,0.291441,0.26768,0.292938,0.469399,0,0
0.305209,0.281344,0.375687,0.423015,0.351174,0.534762,0.423166,0.60012,0.476758,0.504765,0.400178,0.316779,0.476764,0.281369,0.533447,0.278638,0.542637,0.485714,0.511992,0.55111,0.565607,0.488387,0.711126,0.496599,0.576333,0.41759,0.6713,0.27314,0.767816,0.450284,0.276143,0.327655,0.291434,0.267681,0.292954,0.469389,0,0
0.306759,0.28677,0.375689,0.423027,0.351168,0.532045,0.418565,0.597432,0.473687,0.507507,0.400185,0.322214,0.478299,0.281346,0.536506,0.275895,0.53804,0.482994,0.508946,0.551115,0.56714,0.488397,0.709604,0.496608,0.570209,0.414859,0.668245,0.273145,0.764755,0.44211,0.277661,0.327685,0.294486,0.270401,0.292971,0.469402,0,0
0.306759,0.2868,0.375691,0.414856,0.35116,0.529325,0.413961,0.59471,0.470632,0.507468,0.39866,0.305863,0.476775,0.273157,0.536507,0.26501,0.53345,0.480238,0.507409,0.54836,0.564095,0.485727,0.709592,0.493905,0.56255,0.406685,0.668246,0.270453,0.764753,0.444824,0.277656,0.330369,0.294493,0.27042,0.294473,0.472075,0,0
0.308282,0.289483,0.374157,0.423024,0.349637,0.532048,0.41092,0.597429,0.469095,0.502054,0.398646,0.31678,0.479833,0.286802,0.498217,0.278624,0.530374,0.483012,0.50893,0.548372,0.55948,0.488374,0.70499,0.496622,0.553361,0.414878,0.668271,0.270455,0.766277,0.444832,0.277647,0.333104,0.294499,0.270454,0.292937,0.474802,0,0
0.30829,0.292196,0.375656,0.425733,0.349646,0.537465,0.412428,0.600167,0.469091,0.502072,0.398656,0.322221,0.482901,0.335835,0.496689,0.286796,0.533447,0.480259,0.508939,0.545665,0.559499,0.488398,0.704997,0.499323,0.557959,0.414854,0.674373,0.273214,0.772392,0.455725,0.279173,0.335801,0.296025,0.273134,0.29295,0.474799,0,0
0.308277,0.294969,0.374133,0.414865,0.349628,0.534759,0.410923,0.602866,0.459915,0.493906,0.392517,0.303146,0.450736,0.202337,0.485958,0.202324,0.538038,0.477545,0.512014,0.540198,0.562563,0.488405,0.706547,0.518387,0.564083,0.41485,0.678991,0.275952,0.775447,0.472063,0.280701,0.338556,0.294507,0.275876,0.292938,0.480246,0,0
0.309824,0.295005,0.372626,0.403952,0.349632,0.532051,0.409386,0.602899,0.45226,0.493889,0.386394,0.275878,0.441539,0.20505,0,0,0.534985,0.482973,0.511998,0.548366,0.561032,0.485732,0.708057,0.521109,0.562553,0.40941,0.678972,0.278616,0.767818,0.469378,0.282234,0.338579,0.29756,0.275888,0.292943,0.483008,0,0
0.311329,0.297704,0.375691,0.409431,0.348102,0.526577,0.389465,0.638325,0.417031,0.529272,0.404778,0.314074,0.510471,0.243202,0,0,0.576328,0.482979,0.547232,0.542937,0.561009,0.477504,0.712652,0.515704,0.602368,0.425738,0.675896,0.275865,0.763209,0.439377,0.282239,0.341282,0.297546,0.275912,0.29297,0.485719,0,0
0.31134,0.297744,0.375688,0.417577,0.348091,0.529304,0.383318,0.662816,0.401719,0.556557,0.407837,0.31676,0.531919,0.270429,0,0,0.591652,0.491157,0.56102,0.559287,0.559471,0.472107,0.709601,0.499344,0.61616,0.428472,0.665166,0.273183,0.763206,0.433919,0.283758,0.341311,0.297542,0.275894,0.292943,0.488408,0,0
0.311349,0.308566,0.380269,0.414864,0.349617,0.526595,0.378737,0.643769,0.410928,0.594704,0.412437,0.314064,0.528852,0.273179,0.527322,0.273211,0.582459,0.483,0.551831,0.551114,0.559483,0.469354,0.711132,0.485684,0.608495,0.420325,0.65903,0.270471,0.760159,0.425771,0.282246,0.346736,0.297562,0.278658,0.292941,0.488453,0,0
0.30826,0.305897,0.380277,0.417579,0.349634,0.534758,0.412441,0.651934,0.430809,0.594664,0.413965,0.308608,0.52885,0.27044,0.533436,0.273143,0.583994,0.485723,0.556416,0.562003,0.557968,0.469382,0.711145,0.488402,0.608502,0.420315,0.660586,0.273127,0.760137,0.433956,0.279168,0.346722,0.294499,0.281355,0.291418,0.488462,0,0
0.305218,0.308576,0.378742,0.412145,0.35269,0.534762,0.401715,0.638308,0.438478,0.621936,0.401722,0.311317,0.525786,0.265,0.531913,0.259558,0.5794,0.480281,0.550293,0.545661,0.56867,0.474811,0.717264,0.512988,0.605446,0.417581,0.675896,0.275944,0.76014,0.444811,0.279163,0.346766,0.292953,0.281387,0.291425,0.488469,0,0
0.308286,0.311306,0.381794,0.412142,0.352707,0.534761,0.397116,0.630132,0.433865,0.635551,0.403245,0.300433,0.536504,0.259559,0.531903,0.256815,0.580927,0.48026,0.553355,0.540199,0.570201,0.480239,0,0,0.605438,0.414867,0.677422,0.281336,0.764731,0.458451,0.280693,0.354883,0.294484,0.284064,0.29295,0.491118,0,0
0.309814,0.316766,0.383325,0.403964,0.35576,0.53749,0.436945,0.646477,0.447663,0.61924,0.407846,0.275905,0.504341,0.245933,0.524255,0.251381,0.582466,0.480262,0.554894,0.545651,0.576323,0.485678,0,0,0.608501,0.409409,0.677435,0.281367,0.761691,0.458479,0.285294,0.360358,0.29451,0.289508,0.294506,0.493873,0,0
0.309821,0.322207,0.38332,0.417576,0.357285,0.537496,0.443066,0.641021,0.45226,0.616482,0.404772,0.311314,0.49515,0.243201,0.516597,0.251359,0.577868,0.480264,0.551828,0.54565,0.579411,0.485716,0,0,0.605431,0.409425,0.680487,0.284072,0.761677,0.463911,0.285309,0.363125,0.296011,0.289551,0.296019,0.499312,0,0
0.311329,0.335838,0.381797,0.409418,0.358825,0.53474,0.446129,0.627385,0.464518,0.597419,0.398658,0.281351,0.484433,0.196887,0.496688,0.237749,0.574802,0.474812,0.550294,0.537472,0.60391,0.493884,0.757081,0.570163,0.596245,0.401233,0.689677,0.294958,0.758624,0.469377,0.286833,0.373997,0.294507,0.295001,0.297544,0.507521,0,0
0.311336,0.335871,0.378747,0.406702,0.357291,0.534739,0.444603,0.630142,0.459921,0.597451,0.397124,0.27317,0.473709,0.191425,0.489017,0.23775,0.579395,0.474799,0.553364,0.537471,0.606976,0.510238,0.773933,0.597426,0.599315,0.406689,0.694287,0.297684,0.761696,0.485704,0.28685,0.376731,0.296011,0.295022,0.297563,0.510231,0,0
0.311328,0.33855,0.377201,0.40943,0.35728,0.532036,0.435415,0.638293,0.44919,0.613792,0.392531,0.267731,0.458389,0.194158,0.478303,0.237741,0.57634,0.482983,0.554893,0.545656,0.625358,0.521126,0.795376,0.641017,0.599313,0.420319,0.70347,0.303137,0.770874,0.507515,0.286834,0.379452,0.294497,0.29773,0.297538,0.510256,0,0
0.309808,0.338576,0.375683,0.414856,0.354239,0.534743,0.436943,0.643746,0.446143,0.621988,0.394048,0.278635,0.459916,0.188698,0.479831,0.232308,0.583992,0.485712,0.559489,0.548372,0.639142,0.532034,0.809154,0.654629,0.60543,0.42578,0.705,0.303161,0.776998,0.512946,0.285311,0.382136,0.294486,0.300418,0.297531,0.510264,0,0
0.308288,0.338628,0.37569,0.41215,0.35271,0.53476,0.418566,0.635568,0.443071,0.643778,0.398643,0.284086,0.485965,0.254099,0.492092,0.235029,0.590122,0.48572,0.567139,0.551114,0.64833,0.548374,0.82601,0.657349,0.608507,0.428468,0.711133,0.311325,0.784653,0.515689,0.285284,0.38214,0.294485,0.300453,0.294483,0.512948,0.31287,0.265011
0.308292,0.338611,0.375671,0.409433,0.352705,0.534775,0.420093,0.638274,0.444599,0.643717,0.395585,0.275905,0.470645,0.2105,0.493632,0.248618,0.591653,0.488445,0.568678,0.553849,0.657507,0.551107,0.835201,0.657386,0.608507,0.4285,0.712666,0.31405,0.792299,0.521123,0.283758,0.382158,0.294473,0.300446,0.294473,0.512949,0,0
0.306743,0.338516,0.377198,0.423035,0.3527,0.534741,0.418563,0.638274,0.444604,0.641059,0.397125,0.303146,0.484429,0.254101,0.49055,0.251385,0.590114,0.491149,0.567143,0.553845,0.66058,0.55382,0.842864,0.662842,0.606974,0.431203,0.723374,0.324932,0.804573,0.521155,0.280709,0.376742,0.292974,0.297698,0.291409,0.510274,0,0
0.306739,0.330415,0.378733,0.420323,0.352696,0.532011,0.413968,0.630135,0.444589,0.643744,0.398645,0.308585,0.481364,0.24593,0.492085,0.251391,0.590125,0.491154,0.568669,0.553846,0.662111,0.553823,0.847463,0.66557,0.606975,0.431227,0.727982,0.335817,0.812215,0.526598,0.277664,0.371247,0.292952,0.294933,0.291436,0.504797,0,0
0.302149,0.311269,0.375695,0.425738,0.352688,0.529318,0.410905,0.627406,0.441539,0.643777,0.400189,0.32221,0.489024,0.262271,0,0,0.590114,0.491162,0.564085,0.556547,0.674369,0.559263,0.864307,0.676449,0.606963,0.433925,0.732577,0.341265,0.829066,0.532045,0.276099,0.352207,0.289893,0.284073,0.289901,0.491113,0,0
0.302159,0.297706,0.37722,0.420316,0.352702,0.526595,0.410897,0.627404,0.441536,0.643748,0.400189,0.316773,0.482896,0.262274,0.499743,0.251364,0.591656,0.491162,0.570204,0.553837,0.685082,0.567459,0.870434,0.690051,0.608496,0.43393,0.738691,0.344043,0.836728,0.529308,0.274604,0.341282,0.289901,0.275934,0.289893,0.488396,0,0
0.305225,0.281384,0.377211,0.423017,0.354227,0.523854,0.4109,0.627415,0.441537,0.64379,0.400182,0.324942,0.495153,0.235026,0,0,0.591655,0.49116,0.570209,0.556539,0.695811,0.567449,0.881151,0.690086,0.606975,0.433926,0.744823,0.357652,0.853591,0.532034,0.274588,0.33037,0.28992,0.267749,0.288346,0.474796,0,0
0.306734,0.278591,0.377214,0.42305,0.354232,0.521144,0.409384,0.627392,0.440008,0.643794,0.400184,0.333108,0.50281,0.2541,0,0,0.590123,0.491174,0.570203,0.556549,0.698873,0.567454,0.882689,0.69006,0.605444,0.433928,0.749418,0.36038,0.859706,0.523885,0.276089,0.322225,0.289921,0.264975,0.288362,0.46938,0,0
0.30675,0.275868,0.378733,0.423052,0.35423,0.521132,0.403249,0.621961,0.435402,0.643741,0.403247,0.333135,0.493619,0.292248,0.50434,0.275891,0.588591,0.493879,0.56868,0.556543,0.701944,0.567439,0.885754,0.690057,0.60544,0.433933,0.754028,0.368569,0.875034,0.523835,0.276108,0.316767,0.291416,0.262259,0.288378,0.46662,0,0
0.308255,0.273174,0.378731,0.423063,0.355767,0.51841,0.390996,0.624677,0.432353,0.643725,0.400179,0.338563,0.485961,0.294968,0.501271,0.286788,0.588589,0.4966,0.568679,0.561988,0.703473,0.567448,0.885748,0.687338,0.605435,0.433942,0.755552,0.376696,0.879637,0.52114,0.276104,0.316732,0.289912,0.262276,0.288386,0.463928,0,0
0.306755,0.273131,0.377204,0.425741,0.354233,0.523862,0.436944,0.662823,0.424712,0.613795,0.400192,0.335847,0.499748,0.240478,0,0,0.593186,0.4939,0.571746,0.559294,0.698882,0.570172,0.885755,0.687354,0.608504,0.433924,0.758616,0.382185,0.885747,0.521133,0.276082,0.314059,0.289898,0.259572,0.288361,0.463904,0,0
0.308289,0.270438,0.375688,0.425753,0.352691,0.529292,0.435412,0.660085,0.42316,0.586511,0.401713,0.335839,0.496684,0.275895,0.496681,0.27863,0.593181,0.493888,0.570208,0.561997,0.697355,0.570197,0.888815,0.684625,0.605443,0.431237,0.758619,0.387602,0.890334,0.52383,0.27461,0.314024,0.289909,0.259544,0.28836,0.463896,0,0
0.308289,0.270401,0.37566,0.425765,0.349632,0.526571,0.41703,0.643777,0.42316,0.551068,0.400189,0.335827,0.496683,0.281344,0,0,0.59165,0.496603,0.568679,0.559287,0.695816,0.570182,0.890354,0.687322,0.603909,0.433943,0.760128,0.393056,0.893415,0.523847,0.274603,0.313996,0.291416,0.256853,0.288373,0.463881,0,0
0.30827,0.267728,0.375658,0.423026,0.349619,0.521117,0.409372,0.635562,0.424683,0.534782,0.403241,0.333121,0.485964,0.308591,0.495153,0.284067,0.590119,0.499336,0.565617,0.562015,0.69429,0.572875,0.888815,0.681907,0.605437,0.436651,0.760161,0.390347,0.893424,0.526562,0.276081,0.311333,0.291425,0.256826,0.288371,0.463866,0,0
0.309803,0.270428,0.374132,0.425728,0.349629,0.523857,0.406305,0.616511,0.42776,0.523851,0.397122,0.335861,0.489025,0.240479,0,0,0.580932,0.491163,0.556419,0.556554,0.674374,0.526572,0.861252,0.668253,0.600848,0.433921,0.758597,0.382176,0.894949,0.526573,0.276134,0.314,0.292956,0.259544,0.289903,0.461209,0,0
0.30981,0.270476,0.374158,0.42033,0.34964,0.523874,0.403244,0.611039,0.432331,0.518399,0.400178,0.333111,0.489023,0.245926,0,0,0.580932,0.488417,0.554886,0.553839,0.660592,0.504781,0.83673,0.662826,0.603903,0.42849,0.757077,0.379419,0.894942,0.521123,0.276145,0.314018,0.294481,0.259549,0.289908,0.461194,0,0
0.311322,0.273167,0.374161,0.420298,0.349651,0.515683,0.395591,0.597409,0.447684,0.510221,0.398646,0.335832,0.507406,0.248651,0,0,0.567148,0.491165,0.542641,0.556567,0.629961,0.458449,0.729527,0.619204,0.597781,0.43121,0.74943,0.365794,0.888815,0.499354,0.277629,0.31401,0.294495,0.26499,0.288377,0.463884,0,0
0.309799,0.273136,0.375664,0.423031,0.349647,0.523862,0.406306,0.600138,0.46146,0.523818,0.400177,0.335817,0.501278,0.251383,0,0,0.55949,0.493896,0.538036,0.567436,0.617707,0.455714,0.726457,0.605603,0.582461,0.431224,0.743303,0.352195,0.881147,0.496615,0.276109,0.314011,0.292966,0.262284,0.286848,0.463901,0,0
0.311318,0.273165,0.375677,0.425782,0.351169,0.526579,0.409363,0.605578,0.476759,0.526577,0.400174,0.338577,0.4722,0.319534,0.505882,0.262286,0.570203,0.51024,0.545692,0.570173,0.5978,0.436697,0.741783,0.542957,0.593184,0.444821,0,0,0,0,0.277639,0.311352,0.294482,0.267709,0.288353,0.463884,0,0
0.311364,0.273137,0.37722,0.425777,0.354222,0.532008,0.415504,0.600167,0.476786,0.515697,0.40324,0.335835,0.492081,0.344009,0.499737,0.308587,0.574801,0.515665,0.547226,0.57017,0.593204,0.436665,0.760144,0.561982,0.599313,0.442119,0.712654,0.316735,0.776981,0.55927,0.280703,0.31131,0.297539,0.26229,0.289907,0.461197,0,0
0.315924,0.270459,0.378748,0.423051,0.352698,0.526585,0.407837,0.578388,0.462973,0.488391,0.406312,0.33582,0.490556,0.33585,0.498221,0.3086,0.559496,0.482986,0.538037,0.540223,0.593205,0.450305,0.732572,0.553815,0.585532,0.428473,0.682031,0.278649,0.754041,0.510222,0.286811,0.308604,0.300623,0.259547,0.291445,0.461149,0,0
0.315927,0.270447,0.375682,0.417604,0.349653,0.518408,0.398667,0.581082,0.450725,0.480242,0.401724,0.333103,0.484425,0.303148,0.512005,0.273182,0.565617,0.47754,0.542642,0.540198,0.59624,0.463931,0.727991,0.556555,0.588585,0.420299,0.675899,0.273134,0.752483,0.474819,0.285289,0.308569,0.2991,0.259538,0.291431,0.458464,0,0
0.312852,0.270419,0.375684,0.409423,0.346574,0.510237,0.378751,0.608314,0.435401,0.483004,0.409363,0.322239,0.490555,0.308602,0.508932,0.275913,0.564087,0.48297,0.541111,0.548373,0.591644,0.488462,0.726457,0.575617,0.585521,0.423047,0.67131,0.270479,0.741785,0.480285,0.279191,0.305888,0.297537,0.256858,0.289911,0.455723,0,0
0.311338,0.267747,0.375664,0.409415,0.34657,0.510231,0.378744,0.613785,0.429298,0.491162,0.407833,0.322241,0.479836,0.289527,0.499744,0.289521,0.561018,0.48298,0.538042,0.548382,0.590122,0.491153,0.724906,0.583785,0.58246,0.42576,0.675915,0.278614,0.741781,0.48843,0.277668,0.30588,0.294496,0.259531,0.28988,0.455737,0,0
0.311342,0.270409,0.374157,0.423041,0.346558,0.5184,0.383327,0.635548,0.423175,0.510248,0.406307,0.335847,0.492089,0.267727,0,0,0.562554,0.485726,0.538045,0.553823,0.593184,0.491193,0.727985,0.600148,0.587053,0.4285,0.68356,0.286773,0.747892,0.496609,0.27917,0.308557,0.296006,0.259536,0.289902,0.455734,0,0
0.311361,0.270403,0.374139,0.423035,0.348086,0.521131,0.380279,0.638273,0.420076,0.515694,0.398652,0.338581,0.484431,0.262279,0,0,0.567141,0.485715,0.542641,0.548394,0.594723,0.493911,0.731051,0.600127,0.588589,0.428485,0.685104,0.284062,0.747896,0.491194,0.279192,0.308571,0.296015,0.256833,0.291412,0.45575,0,0
0.312865,0.270432,0.374153,0.417603,0.346566,0.518405,0.378745,0.632826,0.410889,0.50203,0.400179,0.335842,0.485959,0.267726,0,0,0.565615,0.485709,0.541108,0.551111,0.602378,0.49387,0.737165,0.589258,0.590117,0.428475,0.683547,0.281365,0.749423,0.488447,0.28072,0.308597,0.297537,0.256838,0.29143,0.455764,0,0
0.312863,0.270404,0.377208,0.406707,0.346583,0.515679,0.375685,0.621966,0.410897,0.491148,0.407835,0.324935,0.490552,0.284078,0.492081,0.275902,0.570205,0.488433,0.544166,0.553841,0.603899,0.491152,0.738705,0.581067,0.591647,0.428509,0.683566,0.281358,0.746377,0.488404,0.280705,0.308576,0.296016,0.256841,0.291436,0.455768,0,0
0.311356,0.270407,0.377213,0.403991,0.348103,0.51567,0.380267,0.619246,0.4109,0.488396,0.409376,0.316777,0.495153,0.286794,0,0,0.567149,0.491159,0.544164,0.561991,0.602368,0.488424,0.740225,0.578332,0.588594,0.431216,0.683571,0.281349,0.744841,0.485705,0.28071,0.305872,0.297551,0.254139,0.292942,0.453005,0,0
0.311351,0.270407,0.377208,0.40395,0.346584,0.518399,0.378745,0.616473,0.409392,0.48573,0.409364,0.308596,0.484428,0.28408,0,0,0.570215,0.491158,0.545708,0.559273,0.599312,0.488425,0.740225,0.578326,0.591647,0.431222,0.682042,0.281334,0.744839,0.482996,0.283767,0.303132,0.29754,0.254139,0.292937,0.450307,0,0
0.312858,0.267726,0.381796,0.40126,0.345047,0.521138,0.380268,0.619233,0.404781,0.480226,0.41703,0.311318,0.496688,0.292254,0.484431,0.259546,0.573275,0.485722,0.545701,0.553823,0.596243,0.491147,0.73717,0.578379,0.594713,0.425779,0.680511,0.278615,0.747896,0.48025,0.286815,0.30041,0.29907,0.25413,0.292943,0.447539,0,0
0.314393,0.26499,0.375691,0.414854,0.345053,0.521133,0.378749,0.616471,0.407825,0.474788,0.415495,0.314058,0.498218,0.29223,0.485965,0.254113,0.576327,0.485694,0.548762,0.54839,0.596256,0.493892,0.73717,0.581086,0.596244,0.428466,0.680491,0.278599,0.747903,0.477532,0.286824,0.297713,0.297559,0.25412,0.291423,0.447528,0,0
0.315925,0.264981,0.381808,0.409422,0.34964,0.523856,0.386385,0.60288,0.420092,0.466667,0.415501,0.308602,0.498208,0.278618,0.482896,0.248644,0.576333,0.485696,0.548766,0.548389,0.594726,0.499341,0.735635,0.581073,0.599316,0.425773,0.680503,0.278634,0.749427,0.480269,0.288369,0.297721,0.300616,0.254088,0.29144,0.444801,0,0
0.318993,0.264982,0.383322,0.406698,0.351157,0.521143,0.387931,0.600149,0.423139,0.466612,0.412437,0.311315,0.496675,0.284067,0.485965,0.254102,0.574795,0.485709,0.547235,0.548394,0.594714,0.504789,0.737166,0.578346,0.597774,0.428466,0.680521,0.278623,0.747894,0.480258,0.291422,0.294997,0.303679,0.251416,0.292944,0.442113,0,0
0.31748,0.265004,0.380263,0.409433,0.349646,0.518415,0.389464,0.589238,0.424679,0.458463,0.410909,0.314045,0.496679,0.273179,0.495147,0.265007,0.57634,0.488435,0.55029,0.559274,0.590128,0.510221,0.732587,0.575595,0.600846,0.428473,0.680501,0.278614,0.752477,0.47752,0.291412,0.295013,0.30063,0.25142,0.292948,0.442107,0,0
0.319002,0.265022,0.378744,0.40668,0.34965,0.512967,0.386402,0.583804,0.427754,0.458445,0.409376,0.31403,0.502816,0.292252,0.49516,0.259558,0.574807,0.485706,0.547236,0.551117,0.588597,0.51023,0.732587,0.572902,0.599306,0.425768,0.680512,0.278603,0.752482,0.469378,0.289921,0.297709,0.303674,0.254079,0.292965,0.444799,0,0
0.317458,0.270426,0.378738,0.406685,0.351175,0.51023,0.392521,0.581083,0.433883,0.46119,0.407843,0.319497,0.501269,0.292256,0.496676,0.267713,0.574803,0.488422,0.547234,0.553829,0.588581,0.51024,0.732587,0.567465,0.599308,0.425772,0.680482,0.278608,0.752488,0.472068,0.289902,0.300459,0.302138,0.256857,0.294469,0.44757,0,0
0.317467,0.270463,0.377215,0.409405,0.351178,0.515681,0.395586,0.578374,0.435431,0.455713,0.404777,0.322217,0.495147,0.289526,0.496683,0.259562,0.570213,0.485708,0.54417,0.551121,0.587051,0.510236,0.734108,0.564726,0.597773,0.425749,0.680494,0.278618,0.752477,0.472076,0.289894,0.30585,0.30214,0.259548,0.294486,0.450277,0,0
0.312896,0.273122,0.377208,0.406683,0.35118,0.512939,0.394051,0.575636,0.44001,0.447598,0.395597,0.333109,0.505865,0.292232,0.502805,0.264985,0.571734,0.485694,0.545694,0.551111,0.58858,0.507517,0.734116,0.564733,0.594712,0.425743,0.68052,0.281346,0.755569,0.477534,0.288358,0.308587,0.299083,0.259547,0.296014,0.453011,0,0
0.312896,0.27319,0.375684,0.403987,0.351181,0.507515,0.394042,0.572896,0.443078,0.447601,0.394063,0.333105,0.501273,0.286798,0.502801,0.265003,0.570207,0.482979,0.544165,0.548393,0.590123,0.507519,0.735642,0.567461,0.593182,0.423037,0.682028,0.286777,0.760135,0.482992,0.286837,0.311318,0.297545,0.264981,0.296029,0.458437,0,0
0.312854,0.275879,0.375688,0.417564,0.352708,0.512955,0.397117,0.567442,0.449207,0.46119,0.395595,0.335869,0.496683,0.278626,0,0,0.562546,0.482982,0.541106,0.545647,0.591655,0.512947,0.737169,0.572876,0.587059,0.423032,0.686623,0.289506,0.758598,0.485726,0.285283,0.314035,0.294489,0.270425,0.296017,0.461218,0,0
0.311356,0.275929,0.377215,0.414874,0.354224,0.515693,0.400184,0.567456,0.455315,0.463901,0.397119,0.335841,0.489026,0.314048,0.50435,0.286791,0.562546,0.482994,0.541103,0.545651,0.593181,0.512936,0.735646,0.572912,0.585521,0.423051,0.689688,0.289542,0.757076,0.488429,0.283781,0.314092,0.292967,0.270426,0.296018,0.463926,0,0
0.311318,0.275941,0.378727,0.417591,0.355752,0.515684,0.406309,0.570181,0.459929,0.466662,0.398646,0.335849,0.487494,0.308597,0.505877,0.28408,0.559482,0.485687,0.541098,0.548374,0.590125,0.512941,0.738697,0.570187,0.580931,0.42303,0.692736,0.294939,0.758602,0.491156,0.280713,0.316786,0.291433,0.270453,0.296031,0.463917,0,0
0.311318,0.275926,0.377219,0.420299,0.357286,0.518401,0.41243,0.567453,0.461468,0.474791,0.397126,0.335869,0.493619,0.319497,0.508926,0.286791,0.557949,0.482982,0.539569,0.542933,0.591655,0.510249,0.735635,0.564708,0.577872,0.42303,0.692749,0.294963,0.7632,0.493887,0.280703,0.316793,0.291429,0.27046,0.296034,0.463933,0,0
0.311321,0.275912,0.37721,0.420329,0.35576,0.515693,0.40938,0.570172,0.469093,0.488399,0.397105,0.338541,0.489024,0.322218,0.508951,0.284056,0.564079,0.482965,0.541108,0.545661,0.587066,0.507525,0.737174,0.551125,0.587052,0.423023,0.69428,0.292263,0.763216,0.496631,0.279186,0.316791,0.289912,0.270467,0.296027,0.463935,0,0
0.309814,0.275903,0.377218,0.420317,0.355763,0.515699,0.413973,0.572879,0.47066,0.488448,0.397125,0.335872,0.49668,0.330383,0.508954,0.284056,0.570203,0.482982,0.542639,0.548364,0.585531,0.50477,0.737174,0.548391,0.591651,0.423035,0.692762,0.294947,0.764735,0.496611,0.279179,0.316798,0.289908,0.27045,0.296022,0.463938,0,0
0.309823,0.275876,0.37722,0.420326,0.357283,0.518408,0.412443,0.570189,0.473708,0.485687,0.397118,0.335869,0.495156,0.31949,0.508941,0.284069,0.564085,0.482995,0.54111,0.548383,0.583987,0.502056,0.734112,0.548355,0.587054,0.420322,0.691228,0.292255,0.76474,0.493898,0.277664,0.316797,0.291426,0.265013,0.296029,0.463948,0,0
0.309799,0.275886,0.37873,0.420314,0.357284,0.518393,0.412441,0.572881,0.473734,0.485679,0.398639,0.335843,0.498214,0.305872,0.508936,0.281354,0.570206,0.482984,0.544165,0.548374,0.583997,0.499336,0.734106,0.548355,0.590117,0.420317,0.691219,0.292242,0.764748,0.491154,0.277653,0.31681,0.289909,0.265018,0.29601,0.466595,0,0
0.308263,0.275942,0.37722,0.423063,0.357281,0.521115,0.415508,0.572891,0.475241,0.48569,0.397119,0.338569,0.490553,0.29498,0.502808,0.286801,0.570208,0.482962,0.54416,0.545652,0.583998,0.502065,0.732577,0.545667,0.590119,0.420299,0.692738,0.292226,0.766271,0.488433,0.277639,0.322201,0.289888,0.265001,0.296,0.466648,0,0
0.308276,0.278617,0.377205,0.425756,0.357287,0.523837,0.418565,0.570199,0.475242,0.485724,0.395583,0.341286,0.481367,0.294972,0.499743,0.289519,0.570207,0.480265,0.542645,0.545641,0.583998,0.499342,0.732584,0.545654,0.591649,0.417592,0.691234,0.292237,0.769344,0.488447,0.277637,0.322217,0.289903,0.267715,0.294499,0.466682,0,0
0.309793,0.27864,0.375688,0.425775,0.355753,0.521147,0.413973,0.578328,0.473725,0.491192,0.392522,0.346732,0.499748,0.286805,0.495155,0.286799,0.571741,0.482991,0.544176,0.548369,0.582458,0.502064,0.734111,0.542911,0.593186,0.423026,0.692734,0.292236,0.773932,0.482994,0.277649,0.324956,0.29141,0.267723,0.296007,0.466678,0,0
0.309797,0.281329,0.375689,0.423042,0.35423,0.521132,0.412432,0.57837,0.473687,0.493909,0.394058,0.338594,0.496681,0.281351,0,0,0.570211,0.485687,0.544164,0.548383,0.579402,0.507486,0.732589,0.540213,0.594716,0.423023,0.692773,0.292247,0.776996,0.477518,0.277659,0.327656,0.291427,0.267741,0.296013,0.469354,0,0
0.309791,0.278665,0.375675,0.417594,0.352703,0.521136,0.412433,0.578357,0.472182,0.493909,0.395584,0.327665,0.493621,0.286795,0.475233,0.265016,0.571741,0.485718,0.544164,0.551112,0.577854,0.507491,0.732591,0.542916,0.596248,0.425745,0.692769,0.292225,0.778542,0.472084,0.27766,0.327649,0.291437,0.26774,0.296008,0.469338,0,0
0.308288,0.281318,0.375689,0.41485,0.352692,0.521123,0.410906,0.575647,0.47219,0.49661,0.397108,0.319493,0.479829,0.275896,0,0,0.573273,0.488419,0.544163,0.553815,0.576352,0.504786,0.731056,0.540217,0.59931,0.425748,0.692755,0.289528,0.780059,0.466643,0.277655,0.327654,0.29142,0.267751,0.296014,0.469343,0,0
0.309795,0.281321,0.375689,0.423007,0.352707,0.521142,0.413962,0.578344,0.475245,0.493911,0.394061,0.335824,0.481364,0.289523,0.461456,0.259563,0.56561,0.488433,0.539575,0.551094,0.57328,0.499314,0.729519,0.537485,0.593189,0.425772,0.691219,0.289502,0.780048,0.463906,0.277655,0.327658,0.291441,0.270422,0.296001,0.469346,0,0
0.30979,0.281321,0.377208,0.420317,0.352711,0.521146,0.412435,0.581111,0.475239,0.504762,0.398646,0.327677,0.482891,0.286806,0.456856,0.259561,0.556426,0.488466,0.528849,0.548399,0.571739,0.493898,0.729506,0.531996,0.587057,0.428491,0.691186,0.289532,0.778553,0.463903,0.277661,0.327654,0.29144,0.270442,0.296004,0.469328,0,0
0.308283,0.27865,0.377221,0.423015,0.352705,0.526558,0.41397,0.591971,0.472203,0.52654,0.400186,0.327677,0.482886,0.292238,0.459923,0.265003,0.557944,0.485702,0.528861,0.54565,0.573287,0.491163,0.731041,0.515687,0.585522,0.425756,0.691179,0.289523,0.778527,0.461194,0.277663,0.324948,0.291435,0.270434,0.296008,0.469323,0,0
0.309799,0.278654,0.375691,0.423064,0.352699,0.526562,0.41243,0.594693,0.470621,0.532007,0.397117,0.33312,0.481363,0.275903,0.462988,0.26227,0.56561,0.491151,0.538045,0.551114,0.570219,0.488478,0.729516,0.51295,0.594714,0.428474,0.691204,0.28951,0.778538,0.45845,0.277664,0.324948,0.291436,0.270445,0.295998,0.469317,0,0
0.309801,0.281344,0.375695,0.423049,0.35269,0.521126,0.412438,0.608335,0.458412,0.556516,0.395591,0.333119,0.479838,0.27046,0.453798,0.259555,0.57787,0.496614,0.551823,0.564712,0.565622,0.49114,0.729504,0.51296,0.603917,0.428506,0.689683,0.28955,0.780078,0.453027,0.279171,0.324954,0.29145,0.270473,0.296001,0.469316,0,0
0.309804,0.281326,0.375683,0.423058,0.352688,0.521147,0.41243,0.613755,0.458367,0.575567,0.395591,0.330395,0.478306,0.28681,0.459916,0.262283,0.579402,0.496607,0.553351,0.562013,0.564096,0.48847,0.729517,0.51568,0.605441,0.428507,0.689683,0.289546,0.778541,0.458461,0.279173,0.324961,0.291447,0.270458,0.294504,0.46932,0,0
0.309803,0.281354,0.37416,0.420318,0.351165,0.518419,0.40018,0.621972,0.44614,0.600127,0.389456,0.333113,0.47677,0.281358,0,0,0.580932,0.491163,0.553361,0.559278,0.561015,0.491149,0,0,0.603911,0.428474,0.689664,0.289486,0.778533,0.455742,0.280695,0.32495,0.292969,0.273144,0.296005,0.469341,0,0
0.309791,0.281375,0.374165,0.417577,0.351158,0.518403,0.394051,0.632843,0.443059,0.605585,0.390999,0.322223,0.476771,0.281353,0,0,0.58246,0.491155,0.553354,0.559271,0.56103,0.488483,0.726442,0.518411,0.603913,0.428492,0.689658,0.286814,0.778523,0.455724,0.279187,0.327661,0.292953,0.273137,0.294502,0.469341,0,0
0.309805,0.281378,0.375673,0.414855,0.351177,0.518391,0.375685,0.627392,0.424695,0.613737,0.392524,0.32494,0.473709,0.289524,0,0,0.577865,0.485721,0.550299,0.548373,0.568671,0.485693,0,0,0.599312,0.425773,0.689661,0.289486,0.778547,0.46116,0.277657,0.327682,0.292957,0.27315,0.292959,0.469401,0,0
0.309802,0.281376,0.377219,0.414877,0.3527,0.515697,0.368027,0.630132,0.415518,0.602893,0.394061,0.333115,0.473699,0.294987,0,0,0.576341,0.491182,0.550294,0.556545,0.570217,0.482952,0.727989,0.523887,0.600849,0.431216,0.688137,0.289483,0.781589,0.461179,0.277649,0.330371,0.292956,0.27317,0.292959,0.469397,0,0
0.309817,0.284062,0.378726,0.423051,0.357286,0.529312,0.360365,0.654663,0.391009,0.581116,0.395582,0.330385,0,0,0,0,0.579396,0.499349,0.556425,0.564717,0.574798,0.472069,0.727998,0.526606,0.605439,0.436655,0.688137,0.286838,0.786201,0.461177,0.277647,0.330391,0.292977,0.273198,0.292967,0.46941,0,0
0.311316,0.284051,0.377213,0.428465,0.355768,0.534769,0.361886,0.665547,0.383344,0.581051,0.398643,0.327669,0,0,0,0,0.582467,0.496608,0.567148,0.570163,0.574802,0.466657,0.729525,0.523893,0.608502,0.43394,0.688131,0.289495,0.786194,0.455748,0.277656,0.330399,0.294485,0.273183,0.292969,0.469406,0,0
0.311321,0.281364,0.37874,0.431208,0.354238,0.53748,0.371078,0.665554,0.37263,0.575583,0.392524,0.335847,0.473704,0.278625,0,0,0.59472,0.502053,0.573276,0.572907,0.574806,0.469373,0.729514,0.518443,0.616161,0.431225,0.683571,0.289482,0.786179,0.450266,0.279174,0.327685,0.292953,0.273167,0.292971,0.469396,0,0
0.311332,0.281347,0.37873,0.428496,0.352702,0.532047,0.369551,0.668272,0.36954,0.572866,0.392526,0.335835,0.472176,0.270448,0,0,0.59625,0.496615,0.576334,0.57018,0.576326,0.472085,0,0,0.616164,0.428503,0.68205,0.286787,0.786197,0.442113,0.279183,0.327688,0.292948,0.273155,0.292978,0.469387,0,0
0.311329,0.281352,0.378738,0.428493,0.354226,0.532038,0.374154,0.66555,0.358813,0.564719,0.390995,0.341285,0,0,0,0,0.594711,0.499327,0.571735,0.567457,0.576333,0.474793,0.734107,0.534757,0.61463,0.433925,0.682046,0.286779,0.78925,0.439396,0.279181,0.327686,0.292956,0.273152,0.292973,0.469387,0,0
0.311329,0.281363,0.381802,0.425773,0.354236,0.532027,0.375673,0.665542,0.351151,0.567448,0.398645,0.330387,0.46758,0.262273,0,0,0.588593,0.491159,0.570205,0.561995,0.579387,0.474784,0.737177,0.553852,0.61003,0.431214,0.685091,0.286806,0.79078,0.447569,0.27918,0.327688,0.292976,0.27314,0.292958,0.472075,0,0
0.311332,0.281378,0.381798,0.420309,0.360366,0.518399,0.377203,0.665525,0.340443,0.55106,0.392523,0.324946,0.436943,0.232302,0,0,0.579397,0.488436,0.55795,0.548377,0.597771,0.482994,0.741768,0.578364,0.597781,0.431205,0.68969,0.289503,0.784667,0.442122,0.279188,0.327675,0.294486,0.270468,0.292947,0.472076,0,0
0.311327,0.284057,0.37568,0.420307,0.3573,0.521128,0.381803,0.665523,0.340425,0.545666,0.390992,0.324939,0.459919,0.267723,0,0,0.576339,0.488446,0.553355,0.553832,0.600846,0.488453,0,0,0.596243,0.4312,0.692731,0.289541,0.784657,0.444826,0.279189,0.327665,0.294474,0.273152,0.29297,0.469402,0,0
0.31134,0.281366,0.377196,0.42306,0.343522,0.53203,0.371073,0.668259,0.357288,0.532073,0.41856,0.333099,0.493625,0.349467,0,0,0.577862,0.491159,0.556424,0.553832,0.605423,0.491177,0.74483,0.57019,0.594724,0.43123,0.700412,0.294975,0.801499,0.461193,0.27918,0.324954,0.292971,0.273162,0.291443,0.469367,0,0
0.311336,0.281354,0.377196,0.423048,0.343504,0.532039,0.371081,0.668279,0.363409,0.532062,0.417027,0.330394,0.49668,0.360345,0,0,0.579394,0.493894,0.556417,0.559279,0.605418,0.488409,0.74637,0.56472,0.597781,0.433936,0.703458,0.294994,0.803038,0.463888,0.27919,0.324943,0.294479,0.273158,0.292957,0.469356,0,0
0.311323,0.281324,0.374153,0.428486,0.343516,0.53205,0.366484,0.66554,0.366482,0.532033,0.407836,0.333106,0.492087,0.354922,0,0,0.579398,0.491161,0.556421,0.556543,0.603903,0.482993,0.741779,0.567435,0.597775,0.433929,0.70194,0.294997,0.803037,0.455755,0.279177,0.322235,0.294478,0.273153,0.292941,0.46933,0,0
0.311328,0.278658,0.375684,0.417587,0.346553,0.523862,0.361878,0.662829,0.368006,0.529305,0.403243,0.314058,0.421625,0.0224925,0,0,0.579406,0.491155,0.557957,0.553832,0.603898,0.482987,0.743302,0.570186,0.599306,0.433925,0.700397,0.294976,0.806105,0.4639,0.279171,0.324927,0.291446,0.273152,0.294478,0.466679,0,0
0.311343,0.278653,0.375662,0.414861,0.348092,0.518415,0.361869,0.654662,0.381804,0.529336,0.397116,0.319498,0.444606,0.265001,0,0,0.580925,0.491179,0.557951,0.556541,0.602384,0.485747,0.740238,0.575616,0.600843,0.431199,0.695809,0.294933,0.799978,0.447542,0.280692,0.322218,0.292962,0.273171,0.294505,0.466662,0,0
0.311356,0.278624,0.375686,0.428506,0.348112,0.534748,0.371077,0.649176,0.392531,0.537471,0.401711,0.32766,0.443071,0.235026,0,0,0.580927,0.491149,0.559483,0.553837,0.602365,0.488406,0,0,0.599308,0.428489,0.695811,0.294939,0.801487,0.444839,0.280698,0.319519,0.292972,0.27315,0.292962,0.466675,0,0
0.311343,0.278603,0.375686,0.42033,0.349636,0.52114,0.378737,0.665516,0.413963,0.567467,0.406311,0.327666,0.492094,0.341293,0,0,0.580932,0.496599,0.557958,0.556563,0.597791,0.491149,0.799966,0.469356,0.599316,0.433925,0.703451,0.294998,0.804583,0.458466,0.280714,0.316814,0.29448,0.27046,0.292969,0.466635,0,0
0.312858,0.278613,0.37568,0.423027,0.34962,0.52384,0.380256,0.66559,0.415514,0.575649,0.407837,0.324939,0.495153,0.349469,0,0,0.577872,0.493882,0.554891,0.556552,0.594712,0.488452,0.798436,0.474815,0.597775,0.431228,0.703474,0.294979,0.803048,0.463892,0.282245,0.319493,0.296021,0.270472,0.292966,0.466631,0,0
0.312866,0.281361,0.375664,0.420306,0.349639,0.521122,0.380266,0.665523,0.409384,0.583793,0.398654,0.327666,0.493622,0.338571,0,0,0.5794,0.493896,0.556426,0.556562,0.593174,0.49115,0.735637,0.572921,0.600839,0.43121,0.703444,0.294969,0.789229,0.472107,0.285295,0.324946,0.294501,0.270465,0.294474,0.469351,0,0
0.312872,0.284055,0.375669,0.414883,0.348121,0.518406,0.378744,0.660111,0.407835,0.59195,0.406305,0.319513,0.492087,0.344023,0,0,0.577872,0.493883,0.55489,0.556557,0.591639,0.491134,0.735633,0.570191,0.599306,0.431207,0.697356,0.294954,0.780076,0.480247,0.2853,0.324973,0.296008,0.273165,0.294472,0.469344,0,0
0.311358,0.281336,0.375664,0.423016,0.348119,0.523841,0.378742,0.660081,0.41093,0.605583,0.40477,0.322217,0.450734,0.248655,0,0,0.576328,0.488438,0.551828,0.551111,0.590122,0.491138,0,0,0.594718,0.428485,0.694271,0.292217,0.770862,0.469367,0.283755,0.324929,0.294487,0.270462,0.292973,0.469331,0,0
0.311343,0.281349,0.37567,0.42304,0.349637,0.523846,0.378736,0.649206,0.420095,0.605621,0.403248,0.322225,0.452257,0.251376,0,0,0.576338,0.485726,0.553365,0.548379,0.591647,0.491155,0,0,0.593186,0.428471,0.692768,0.292229,0.77088,0.466638,0.282225,0.324928,0.292966,0.270448,0.292966,0.466677,0,0
0.311359,0.278668,0.37568,0.425761,0.348115,0.526598,0.391002,0.651931,0.424697,0.594721,0.406309,0.324935,0.447667,0.243195,0,0,0.576337,0.488444,0.553362,0.551112,0.591659,0.491129,0,0,0.596241,0.428491,0.695806,0.292232,0.773923,0.469369,0.282236,0.324939,0.292964,0.270462,0.292959,0.469336,0,0
0.312866,0.281347,0.375684,0.425735,0.348119,0.529289,0.394052,0.646454,0.426235,0.589259,0.403251,0.31678,0.449191,0.245914,0,0,0.577866,0.49116,0.554884,0.553824,0.59319,0.488473,0,0,0.597775,0.431215,0.691238,0.292215,0.770861,0.469366,0.283757,0.324937,0.29449,0.273154,0.292967,0.469338,0,0
0.312854,0.278644,0.375694,0.425747,0.351173,0.532017,0.40172,0.62741,0.453786,0.578366,0.401718,0.311316,0.452258,0.24593,0,0,0.577861,0.488444,0.550302,0.551101,0.593178,0.48841,0.740238,0.556546,0.599308,0.428506,0.688145,0.286812,0.766273,0.469342,0.282243,0.322228,0.294482,0.273154,0.294472,0.466672,0,0
0.311328,0.278629,0.375682,0.425748,0.352691,0.534734,0.409382,0.61923,0.472176,0.578398,0.398643,0.305865,0.45839,0.243201,0,0,0.571739,0.488432,0.544173,0.556547,0.585527,0.485729,0.740226,0.551127,0.596252,0.428507,0.685094,0.289491,0.76934,0.469378,0.280695,0.322212,0.292966,0.270456,0.292975,0.46667,0,0
0.308272,0.273219,0.375683,0.423038,0.351184,0.537472,0.423162,0.627394,0.472192,0.583784,0.398642,0.30314,0.469114,0.262282,0.438471,0.256823,0.587057,0.488433,0.561016,0.559285,0.577851,0.482995,0,0,0.610033,0.428504,0.682035,0.28411,0.767796,0.46389,0.27763,0.319504,0.289892,0.267704,0.291428,0.466615,0,0
0.308259,0.273206,0.375677,0.423032,0.351178,0.534745,0.418564,0.64102,0.438471,0.602885,0.39712,0.311312,0.446136,0.264986,0,0,0.579395,0.485691,0.554887,0.551098,0.579398,0.482961,0,0,0.6039,0.428477,0.682017,0.284091,0.767794,0.463931,0.277627,0.319504,0.289891,0.264999,0.292945,0.466636,0,0
0.308268,0.270453,0.3772,0.428486,0.358829,0.54293,0.501278,0.736395,0,0,0.383338,0.338554,0,0,0,0,0.593184,0.485713,0.577866,0.551105,0.597785,0.485692,0,0,0.60697,0.428477,0.685103,0.284095,0.772393,0.455754,0.276092,0.314085,0.289901,0.265013,0.292955,0.463935,0,0
0.306734,0.267698,0.37416,0.428522,0.354237,0.540213,0.498215,0.728212,0.654454,0.739112,0.386394,0.335821,0.421625,0.0960635,0.392522,0.0333881,0.59165,0.493875,0.573269,0.559274,0.606977,0.485686,0,0,0.603911,0.431227,0.689676,0.286809,0.773944,0.447567,0.274582,0.314033,0.288341,0.256851,0.291441,0.461205,0,0
0.308263,0.262276,0.377216,0.412125,0.354221,0.523838,0.394053,0.68461,0.37412,0.605588,0.401709,0.305862,0.418564,0.0224956,0,0,0.591651,0.491156,0.568677,0.559276,0.596255,0.485696,0,0,0.61003,0.431216,0.697346,0.294966,0.783119,0.488434,0.274594,0.311329,0.289893,0.256815,0.291446,0.458451,0,0
0.309801,0.265,0.386391,0.433938,0.368022,0.534761,0.403243,0.649195,0.374138,0.62195,0.387935,0.338573,0,0,0,0,0.587061,0.48843,0.568677,0.559274,0.583987,0.488421,0,0,0.608501,0.431206,0.700403,0.295002,0.777002,0.493893,0.276114,0.311354,0.291433,0.256846,0.294473,0.461218,0,0
0.309808,0.267744,0.380279,0.409412,0.361884,0.507504,0.389468,0.662826,0.337382,0.605602,0.394055,0.319501,0.421626,0.0279406,0,0,0.59165,0.504776,0.556424,0.56746,0.564082,0.496603,0.715727,0.570193,0.61003,0.43395,0.695821,0.292256,0.764752,0.496622,0.277643,0.314052,0.29144,0.262256,0.296021,0.461195,0,0
0.308285,0.267728,0.37721,0.409416,0.360357,0.510223,0.386396,0.660087,0.335857,0.6056,0.392523,0.314045,0.446134,0.177807,0,0,0.582464,0.493883,0.55183,0.561998,0.561026,0.493885,0.715725,0.567471,0.603909,0.433927,0.692733,0.289502,0.763202,0.480268,0.276109,0.31404,0.29141,0.262251,0.29448,0.458459,0,0
0.306739,0.267687,0.3818,0.431227,0.361887,0.537488,0.387926,0.673718,0.374142,0.60832,0.386396,0.338568,0.440007,0.156009,0,0,0.583991,0.488434,0.551826,0.559285,0.571744,0.491162,0.714192,0.559288,0.603905,0.431209,0.678969,0.281382,0.75707,0.472096,0.274603,0.311312,0.28991,0.256848,0.291405,0.45849,0,0
0.30675,0.267688,0.377219,0.428505,0.360353,0.548379,0.499742,0.725478,0,0,0.381803,0.341309,0,0,0,0,0.593179,0.491153,0.568674,0.559268,0.568681,0.488453,0,0,0.608505,0.431207,0.677433,0.281355,0.755549,0.472068,0.274601,0.311304,0.289896,0.25684,0.29142,0.458481,0,0
0.306751,0.270403,0.375679,0.425778,0.357295,0.529321,0.456859,0.638304,0.49516,0.61922,0.389466,0.333118,0.436943,0.188707,0,0,0.582463,0.482981,0.554891,0.54565,0.56867,0.482984,0.709586,0.556543,0.606976,0.425776,0.682024,0.281346,0.758628,0.472089,0.276112,0.314017,0.291416,0.259569,0.291429,0.461177,0,0
0.308271,0.270463,0.375687,0.428472,0.358832,0.532027,0.473712,0.638277,0.501296,0.621923,0.390991,0.330404,0.464515,0.237749,0,0,0.579403,0.482997,0.554892,0.551104,0.571744,0.477551,0.711126,0.553802,0.60544,0.428473,0.682035,0.281378,0.760152,0.474808,0.277642,0.314078,0.29295,0.262269,0.292963,0.461217,0,0
0.309802,0.275948,0.380264,0.423023,0.361876,0.521141,0.472182,0.632847,0.511997,0.621966,0.400178,0.316775,0.472174,0.202328,0,0,0.593183,0.485722,0.567148,0.551097,0.576316,0.477552,0.720316,0.551087,0.613094,0.428479,0.68202,0.281377,0.757075,0.469383,0.282236,0.3168,0.292959,0.259547,0.294501,0.463902,0,0
0.30827,0.275885,0.378734,0.423045,0.361887,0.523838,0.476769,0.635566,0.510479,0.624712,0.401717,0.311324,0.482898,0.194159,0,0,0.59931,0.488434,0.576336,0.55656,0.574816,0.477538,0.72186,0.545656,0.617697,0.428481,0.680475,0.278655,0.757061,0.46662,0.280701,0.314078,0.291416,0.254141,0.294471,0.463895,0,0
0.308293,0.275924,0.380268,0.420312,0.360363,0.521116,0.473698,0.635568,0.50897,0.624671,0.406309,0.314033,0.478301,0.314043,0.522707,0.297687,0.588595,0.482979,0.564083,0.548388,0.574797,0.482988,0.724922,0.540219,0.614624,0.423033,0.674348,0.275872,0.750965,0.447551,0.280698,0.316806,0.292971,0.259528,0.292976,0.46387,0,0
0.308287,0.278619,0.378751,0.425781,0.360364,0.532016,0.472181,0.641,0.50894,0.624697,0.39864,0.32494,0.473715,0.300444,0.528845,0.286762,0.58859,0.480268,0.564077,0.540215,0.574802,0.482988,0.727976,0.537491,0.610039,0.420311,0.672843,0.275865,0.75095,0.442104,0.280717,0.316821,0.294494,0.264981,0.292967,0.466588,0,0
0.309788,0.281317,0.378748,0.423034,0.358834,0.529329,0.461452,0.643741,0.49977,0.621933,0.403249,0.314034,0.496679,0.28406,0.550288,0.267719,0.59319,0.474805,0.564083,0.537477,0.574802,0.485729,0.729513,0.54563,0.616153,0.412138,0.674372,0.273176,0.75404,0.439395,0.279177,0.319531,0.294503,0.270443,0.292959,0.466628,0,0
0.308289,0.278654,0.37875,0.420319,0.358812,0.534748,0.459933,0.649197,0.495152,0.616528,0.400179,0.311334,0.493617,0.284073,0.550299,0.27315,0.593189,0.480254,0.570203,0.545643,0.574807,0.488442,0,0,0.613097,0.420299,0.677407,0.275871,0.758614,0.439376,0.279164,0.319527,0.292974,0.270464,0.29294,0.466655,0,0
0.308284,0.281367,0.378746,0.42574,0.355757,0.53477,0.438477,0.646465,0.463003,0.619186,0.400185,0.316769,0.484434,0.28407,0.553371,0.270485,0.579401,0.482993,0.55489,0.551099,0.579389,0.491187,0.744835,0.545657,0.605437,0.425752,0.67898,0.281381,0.76781,0.42848,0.279175,0.3222,0.294484,0.270435,0.291434,0.469346,0,0
0.308271,0.281366,0.375696,0.423013,0.354233,0.534768,0.432354,0.654648,0.444609,0.630138,0.397122,0.311326,0.476775,0.28135,0.550285,0.270417,0.580934,0.480253,0.557954,0.545648,0.597787,0.496613,0.764739,0.545649,0.602382,0.423027,0.683557,0.286785,0.784661,0.417605,0.279183,0.319535,0.292979,0.270431,0.29295,0.469333,0,0
0.30826,0.281333,0.375683,0.417578,0.354236,0.532032,0.426226,0.657356,0.440005,0.635585,0.395587,0.311286,0.476766,0.273162,0.54724,0.248668,0.582459,0.477536,0.557962,0.542937,0.619227,0.496612,0.813758,0.545666,0.599315,0.417584,0.705018,0.311285,0.841317,0.403962,0.277661,0.319486,0.291453,0.265019,0.291415,0.466677,0,0
0.308263,0.281321,0.377218,0.42033,0.355755,0.532039,0.427748,0.657363,0.443083,0.627389,0.398652,0.314028,0.478298,0.267699,0.542636,0.235013,0.590125,0.477538,0.570207,0.5402,0.654454,0.518399,0.84439,0.553823,0.606972,0.41215,0.729506,0.327674,0.870439,0.42575,0.277662,0.319497,0.292948,0.265018,0.291431,0.469337,0,0
0.309808,0.28132,0.377199,0.41488,0.354242,0.534761,0.424689,0.651928,0.444587,0.621981,0.395592,0.305852,0.476775,0.262248,0.544141,0.215943,0.591648,0.488428,0.5748,0.548392,0.698873,0.529292,0.881159,0.581076,0.60238,0.428499,0.757092,0.390361,0.910262,0.491171,0.282226,0.316815,0.294494,0.270421,0.292958,0.469335,0,0
0.311325,0.281318,0.378748,0.417605,0.355769,0.532032,0.426215,0.6628,0.440019,0.635534,0.400178,0.314007,0.479844,0.256859,0.545689,0.215962,0.596251,0.49387,0.577877,0.556568,0.708081,0.537472,0.901065,0.6056,0.608499,0.431214,0.757083,0.406698,0.913315,0.510207,0.283773,0.316806,0.296009,0.270404,0.294478,0.469321,0,0
0.311355,0.27864,0.38181,0.414847,0.357296,0.532011,0.397116,0.6492,0.43694,0.632832,0.400196,0.311282,0.487488,0.270429,0.542655,0.254093,0.597778,0.488416,0.579407,0.551122,0.708069,0.529302,0.90719,0.5947,0.610026,0.423051,0.76013,0.403992,0.913325,0.491154,0.286809,0.316792,0.296027,0.270415,0.294501,0.469327,0,0
0.311347,0.278627,0.380275,0.42577,0.358814,0.534774,0.409372,0.662845,0,0,0.403253,0.319507,0.530385,0.278632,0,0,0.606976,0.482971,0.59318,0.542918,0.709609,0.523856,0.901078,0.59197,0.613098,0.423038,0.75707,0.4067,0.908736,0.482987,0.285287,0.316796,0.29603,0.270423,0.294493,0.466635,0,0
0.306757,0.27592,0.37722,0.423041,0.352705,0.529325,0.498221,0.728228,0.655984,0.752736,0.403244,0.319507,0.489023,0.286815,0.553373,0.292281,0.603903,0.480256,0.591653,0.534752,0.708074,0.521142,0.902604,0.578341,0.608503,0.425748,0.754017,0.425772,0.916382,0.477536,0.277632,0.319471,0.291432,0.264973,0.291441,0.466611,0,0
0.30674,0.278617,0.375664,0.417601,0.34963,0.523881,0.413964,0.63287,0,0,0.400185,0.316764,0.485955,0.289512,0.5549,0.286777,0.599312,0.474815,0.582469,0.52932,0.703462,0.518435,0.9026,0.575642,0.605439,0.412152,0.749419,0.420291,0.907188,0.442128,0.276139,0.319534,0.291423,0.2677,0.29295,0.463939,0,0
0.302169,0.275919,0.375659,0.412152,0.346587,0.515668,0.406318,0.635547,0.355765,0.58926,0.404778,0.311329,0.484414,0.281341,0.557978,0.275925,0.602376,0.469379,0.582461,0.526581,0.700405,0.515637,0.908717,0.570188,0.611568,0.412142,0.754008,0.401292,0.925582,0.433962,0.276103,0.322201,0.288377,0.267706,0.292969,0.463937,0,0
0.302142,0.275921,0.374163,0.406716,0.343512,0.515694,0.401728,0.627387,0.368011,0.586499,0.406298,0.308588,0.484416,0.273211,0.564077,0.270493,0.600839,0.474812,0.580937,0.529313,0.695823,0.518391,0.910271,0.567474,0.610038,0.409419,0.754029,0.406694,0.913318,0.431228,0.276079,0.322218,0.288374,0.265009,0.29294,0.463933,0,0
0.302158,0.281321,0.374137,0.409404,0.341992,0.52385,0.407843,0.654636,0.395577,0.586527,0.403248,0.311308,0.476783,0.273151,0.568686,0.259569,0.600844,0.48298,0.582462,0.542928,0.695814,0.526584,0.920983,0.572906,0.606971,0.423047,0.755541,0.423056,0.913322,0.431202,0.274577,0.327658,0.288364,0.26499,0.289915,0.469344,0,0
0.302151,0.281362,0.372595,0.414856,0.340443,0.532025,0.400192,0.635541,0.407835,0.56745,0.400183,0.308583,0.479844,0.270417,0.571739,0.254097,0.599315,0.485685,0.582457,0.542919,0.698874,0.529309,0.907191,0.575629,0.6085,0.428478,0.754024,0.428483,0.914849,0.431219,0.27457,0.327691,0.28836,0.265009,0.289896,0.469331,0,0
0.300639,0.284059,0.372606,0.403999,0.340456,0.532015,0.426222,0.638274,0.462995,0.613742,0.395596,0.289534,0.484426,0.256851,0.570202,0.248673,0.603904,0.48297,0.580934,0.545635,0.694298,0.529312,0.908728,0.575646,0.616156,0.420305,0.754011,0.428472,0.913326,0.433916,0.274545,0.327669,0.288347,0.262284,0.28988,0.469318,0,0
0.300639,0.284085,0.372627,0.406683,0.34352,0.529324,0.436942,0.643762,0.470651,0.62192,0.395578,0.289528,0.478297,0.256825,0.570206,0.245902,0.59625,0.485686,0.576339,0.542939,0.692758,0.526604,0.901065,0.578335,0.611565,0.423036,0.752487,0.428478,0.916386,0.436646,0.274554,0.327695,0.286842,0.264974,0.289895,0.466687,0,0
0.302161,0.278639,0.374142,0.403959,0.348106,0.532019,0.447663,0.654633,0.473734,0.62466,0.390995,0.284088,0.478304,0.254136,0.571738,0.232345,0.596246,0.485681,0.576336,0.54294,0.692757,0.521129,0.888821,0.586539,0.610035,0.423041,0.747889,0.428497,0.922517,0.444846,0.274581,0.324963,0.288349,0.265021,0.291417,0.469347,0,0
0.30215,0.275937,0.374144,0.403949,0.349628,0.53203,0.447656,0.649203,0.473707,0.624664,0.392522,0.281345,0.482891,0.254138,0.573255,0.235028,0.594722,0.482977,0.573272,0.540205,0.68968,0.51841,0.884226,0.591966,0.611566,0.420317,0.744828,0.428495,0.928643,0.444843,0.274583,0.322202,0.288339,0.265011,0.291416,0.466638,0,0
0.302163,0.273208,0.374163,0.406679,0.349647,0.532011,0.444593,0.649192,0.473711,0.627387,0.394053,0.289537,0.481364,0.25682,0.574791,0.240458,0.591649,0.47754,0.567148,0.537471,0.682023,0.491175,0.855115,0.589254,0.608506,0.41486,0.749425,0.431197,0.94089,0.444838,0.274588,0.316821,0.288352,0.262277,0.291407,0.466605,0,0
0.303673,0.273227,0.374156,0.409397,0.351158,0.534761,0.444607,0.649216,0.473711,0.624703,0.390993,0.28952,0.481364,0.256833,0.574788,0.240487,0.594712,0.480259,0.570203,0.540205,0.680489,0.485689,0.838273,0.581081,0.608507,0.414861,0.746363,0.428493,0.936306,0.447568,0.274583,0.316823,0.288356,0.264974,0.289907,0.463947,0,0
0.303668,0.275936,0.37568,0.406707,0.351171,0.537471,0.43695,0.651913,0.473692,0.630118,0.394055,0.289519,0.481373,0.259561,0.574807,0.248675,0.594718,0.48298,0.570208,0.548367,0.652921,0.472093,0.804571,0.572901,0.614632,0.420313,0.746363,0.431199,0.911791,0.447548,0.274583,0.3195,0.288343,0.26769,0.289909,0.466599,0,0
0.30217,0.278597,0.37569,0.409414,0.351165,0.534762,0.42775,0.649201,0.472167,0.632833,0.394062,0.292234,0.487493,0.262296,0.576321,0.251343,0.588595,0.485697,0.561019,0.548385,0.634545,0.47209,0.784651,0.572914,0.608506,0.431206,0.738706,0.431202,0.913319,0.453017,0.274582,0.319515,0.28834,0.265022,0.289911,0.4666,0,0
0.305202,0.275944,0.375688,0.420309,0.35117,0.537472,0.429291,0.646482,0.469099,0.632843,0.395596,0.311342,0.482898,0.27862,0.573268,0.256826,0.582456,0.480255,0.556417,0.534754,0.611579,0.488451,0.749424,0.608304,0.603899,0.423026,0.741771,0.439401,0.928642,0.461207,0.274608,0.319476,0.289877,0.265016,0.291423,0.463942,0,0
0.305218,0.275929,0.375688,0.420298,0.349653,0.534754,0.424698,0.646454,0.466048,0.635536,0.397107,0.314048,0.484438,0.281329,0.573258,0.270413,0.571733,0.474829,0.545704,0.532046,0.605439,0.499332,0.747901,0.616504,0.593176,0.423015,0.735643,0.4394,0.924048,0.46392,0.276084,0.316796,0.289889,0.262295,0.291432,0.463935,0,0
0.306758,0.273211,0.375685,0.414853,0.349647,0.532032,0.421622,0.643736,0.459922,0.635544,0.395578,0.308574,0.490559,0.284084,0.57176,0.284059,0.565608,0.48572,0.541109,0.54838,0.597791,0.515653,0.743303,0.641027,0.588586,0.431187,0.657519,0.431206,0.924045,0.474806,0.276109,0.31673,0.289911,0.262269,0.292945,0.461197,0,0
0.308259,0.2732,0.375695,0.412152,0.351159,0.532035,0.42315,0.643765,0.459937,0.63555,0.395593,0.30587,0.484427,0.284091,0.567139,0.289475,0.568672,0.488414,0.541105,0.553819,0.603907,0.515687,0.749419,0.641046,0.591651,0.431188,0.752492,0.439374,0.925579,0.47751,0.276129,0.314062,0.289912,0.25957,0.292948,0.461203,0,0
0.311323,0.273165,0.378727,0.420295,0.351164,0.532013,0.421629,0.641041,0.461448,0.635558,0.401709,0.314042,0.484424,0.2868,0.556434,0.284042,0.571735,0.488457,0.544168,0.553835,0.608514,0.518394,0.754018,0.635562,0.594718,0.431219,0.757087,0.439374,0.925583,0.482959,0.277658,0.314045,0.292955,0.262261,0.292958,0.461189,0,0
0.311318,0.273223,0.377196,0.414878,0.351163,0.529328,0.420094,0.641042,0.461445,0.63558,0.397113,0.308607,0.479828,0.281342,0.554895,0.275889,0.574798,0.488433,0.547229,0.553819,0.613107,0.521119,0.761671,0.632836,0.597781,0.431206,0.761675,0.436647,0.925594,0.482961,0.279167,0.314062,0.292965,0.262289,0.292963,0.46121,0,0
0.311319,0.273192,0.377212,0.425744,0.351164,0.532047,0.423156,0.643752,0.461462,0.635594,0.403237,0.322224,0.478297,0.281321,0.545682,0.270455,0.580925,0.485719,0.554891,0.548373,0.617688,0.521152,0.775464,0.643737,0.602376,0.431194,0.764745,0.431244,0.925564,0.482963,0.277664,0.314069,0.291439,0.262284,0.292937,0.463892,0,0
0.311318,0.273198,0.375688,0.423051,0.351169,0.534738,0.424697,0.643762,0.46147,0.63559,0.398652,0.319499,0.476778,0.281356,0.54264,0.270477,0.579405,0.485718,0.554897,0.548376,0.625347,0.521153,0.780059,0.66011,0.599316,0.431208,0.761675,0.431208,0.925572,0.482996,0.277666,0.314056,0.291443,0.262279,0.29294,0.463894,0,0
0.311316,0.273188,0.377192,0.425759,0.35118,0.532043,0.426226,0.643769,0.46298,0.63557,0.398656,0.327674,0.47524,0.284065,0.538046,0.273194,0.588587,0.488423,0.561014,0.54838,0.634537,0.537487,0.789255,0.695533,0.606973,0.431228,0.761683,0.431228,0.924042,0.485702,0.279162,0.314005,0.291438,0.262292,0.292942,0.463878,0,0
0.309818,0.273158,0.375696,0.425765,0.351168,0.532028,0.426221,0.643765,0.462985,0.635571,0.398652,0.327661,0.476782,0.284076,0.539588,0.275916,0.585528,0.488445,0.559482,0.551099,0.64221,0.548384,0.801509,0.714587,0.60697,0.433923,0.760134,0.431224,0.924035,0.488431,0.279167,0.313997,0.29144,0.262276,0.292949,0.461223,0,0
0.311319,0.273169,0.37722,0.42846,0.351168,0.532016,0.424686,0.643759,0.462984,0.635565,0.401712,0.333112,0.481364,0.292232,0.539568,0.281335,0.580936,0.491186,0.55795,0.553827,0.655997,0.561993,0.821418,0.728233,0.602375,0.436648,0.763212,0.433927,0.924049,0.496632,0.280715,0.313997,0.29295,0.262285,0.292977,0.463875,0,0
0.311322,0.273179,0.377203,0.428493,0.351168,0.532033,0.426227,0.646469,0.462983,0.635587,0.40018,0.338538,0.478298,0.29768,0.538034,0.281364,0.583999,0.49115,0.561012,0.5484,0.665178,0.570195,0.836739,0.730933,0.603907,0.433934,0.763223,0.43392,0.924052,0.51024,0.280715,0.314011,0.292958,0.264979,0.294474,0.461214,0,0
0.311339,0.273198,0.375694,0.428479,0.35117,0.532037,0.424696,0.643766,0.462993,0.635584,0.398641,0.338558,0.476785,0.311283,0.530386,0.284066,0.590126,0.493872,0.567145,0.55384,0.677419,0.57562,0.861236,0.725489,0.608497,0.431225,0.767808,0.433953,0.924049,0.51838,0.279188,0.314037,0.292955,0.265012,0.292947,0.461215,0,0
0.311351,0.273204,0.377201,0.428485,0.351173,0.534747,0.427759,0.646464,0.464518,0.635599,0.398657,0.338553,0.478311,0.314012,0.522729,0.28952,0.593179,0.493879,0.570205,0.553848,0.678957,0.572929,0,0,0.610039,0.431234,0.76628,0.43391,0.924055,0.515709,0.279189,0.314035,0.29296,0.264981,0.292945,0.4612,0,0
0.311339,0.273171,0.377211,0.431199,0.351158,0.532056,0.43082,0.649185,0.470623,0.635565,0.40937,0.33313,0.501275,0.294989,0.530385,0.262266,0.590123,0.499322,0.568677,0.559264,0.680501,0.575625,0.870435,0.722749,0.608502,0.433958,0.773931,0.428498,0.922506,0.515689,0.280714,0.314021,0.292943,0.262289,0.292964,0.461161,0,0
0.31136,0.273167,0.381796,0.42852,0.351181,0.534752,0.441538,0.657362,0.470651,0.63559,0.406314,0.335867,0.496689,0.292257,0.528839,0.248642,0.591652,0.4966,0.570209,0.556561,0.680506,0.575625,0,0,0.610029,0.433955,0.772399,0.428495,0.919452,0.515702,0.282235,0.314003,0.294472,0.264981,0.29448,0.46117,0,0
0.312889,0.273143,0.378749,0.428495,0.352708,0.53204,0.44613,0.660078,0.472173,0.638294,0.406307,0.335859,0.476768,0.286817,0.513533,0.232307,0.593179,0.496604,0.571738,0.556567,0.680507,0.575646,0,0,0.611561,0.43666,0.77087,0.428505,0.91792,0.518431,0.285288,0.311342,0.294496,0.262293,0.294505,0.458466,0,0
0.314389,0.273145,0.37721,0.428478,0.352703,0.532043,0.443074,0.657373,0.47219,0.638248,0.403251,0.335835,0.473702,0.292254,0.505858,0.226836,0.59318,0.496596,0.57174,0.556544,0.683568,0.57564,0.875033,0.711849,0.611567,0.433958,0.770871,0.428497,0.917916,0.521103,0.285312,0.31133,0.296014,0.264991,0.294507,0.458465,0,0
0.312894,0.273143,0.377205,0.428471,0.351184,0.532042,0.441544,0.657372,0.472182,0.638265,0.403246,0.333116,0.484435,0.278631,0.513538,0.237768,0.593177,0.493886,0.570211,0.556542,0.683569,0.5756,0.875034,0.706428,0.610028,0.433948,0.763214,0.425781,0.916397,0.518408,0.285312,0.311309,0.297545,0.259573,0.294499,0.458441,0,0
0.314409,0.270481,0.377209,0.428471,0.352689,0.532037,0.441538,0.660071,0.472183,0.638262,0.401716,0.333099,0.493619,0.275893,0.507407,0.251388,0.591654,0.49389,0.570209,0.556553,0.68815,0.575616,0.87503,0.706432,0.608501,0.433941,0.766265,0.425782,0.916387,0.515696,0.286802,0.311295,0.29756,0.262261,0.294492,0.458443,0,0
0.314403,0.273144,0.375697,0.425793,0.351177,0.53202,0.438472,0.657367,0.472157,0.638268,0.39866,0.33313,0.499748,0.286794,0.508932,0.264984,0.588592,0.493888,0.568676,0.556566,0.68662,0.578321,0.876553,0.709127,0.603905,0.433929,0.767802,0.428504,0.91792,0.518412,0.285311,0.31131,0.297554,0.262264,0.294487,0.458472,0,0
0.314397,0.273188,0.375694,0.42579,0.35117,0.534755,0.440013,0.657375,0.472153,0.638304,0.39864,0.33311,0.501279,0.284075,0.507415,0.270451,0.588593,0.493893,0.565613,0.559276,0.688147,0.578363,0.876559,0.709137,0.605443,0.433925,0.769344,0.428506,0.917921,0.521109,0.285301,0.311331,0.297545,0.262285,0.294476,0.458483,0,0
0.314391,0.273145,0.377204,0.428462,0.351177,0.534738,0.440007,0.657384,0.472166,0.638323,0.400178,0.330377,0.498216,0.294979,0.507397,0.259556,0.590117,0.499323,0.567149,0.561993,0.689678,0.581065,0.879631,0.711885,0.606971,0.433941,0.769336,0.428498,0.917914,0.518421,0.285287,0.311325,0.296019,0.26498,0.292977,0.461152,0,0
0.314411,0.270468,0.377202,0.428473,0.35117,0.534737,0.438471,0.657385,0.472166,0.638312,0.398656,0.333108,0.489027,0.289511,0.504335,0.262278,0.590121,0.499333,0.570201,0.559293,0.689691,0.578387,0.881155,0.711891,0.608501,0.433945,0.772391,0.428499,0.917928,0.518409,0.285299,0.31131,0.29603,0.264985,0.29448,0.458453,0,0
0.314391,0.270475,0.377215,0.4285,0.351184,0.534752,0.443067,0.657381,0.472194,0.638299,0.401713,0.333101,0.493622,0.294977,0.499754,0.267732,0.59165,0.496599,0.57174,0.556558,0.691213,0.578356,0.875026,0.709127,0.608496,0.433934,0.769335,0.428471,0.917925,0.518415,0.285308,0.311283,0.297531,0.259564,0.294494,0.458425,0,0
0.314402,0.270443,0.377212,0.428478,0.352691,0.532036,0.443074,0.657365,0.473686,0.638291,0.400187,0.333117,0.501276,0.292258,0.499739,0.259549,0.591654,0.493888,0.57174,0.556563,0.691222,0.578364,0.876558,0.709123,0.608498,0.431237,0.767811,0.428467,0.917927,0.518381,0.285311,0.308609,0.296007,0.25957,0.294503,0.455716,0,0
0.314398,0.270433,0.377222,0.425793,0.352697,0.532037,0.447669,0.660086,0.472202,0.640975,0.403242,0.327669,0.495151,0.292252,0.496692,0.267736,0.591654,0.493893,0.571742,0.556552,0.691216,0.578369,0.875028,0.709142,0.606972,0.433931,0.770877,0.428485,0.917931,0.518416,0.285314,0.308589,0.296007,0.262265,0.294502,0.453037,0,0
0.312894,0.270461,0.37721,0.425764,0.352694,0.532011,0.44613,0.66009,0.473686,0.640998,0.403243,0.319505,0.493617,0.29497,0.496684,0.256851,0.593186,0.493893,0.571743,0.559263,0.689691,0.578365,0.876561,0.711861,0.610033,0.431236,0.770869,0.428507,0.917926,0.518378,0.286812,0.308583,0.297538,0.259542,0.296001,0.453046,0,0
0.314397,0.270487,0.377206,0.428462,0.351182,0.532046,0.444605,0.657385,0.473703,0.640971,0.40172,0.327681,0.496682,0.289529,0.496674,0.267695,0.591656,0.499337,0.57021,0.562003,0.689693,0.581058,0.882686,0.720052,0.608505,0.43667,0.770859,0.428503,0.919449,0.518405,0.286818,0.308602,0.297538,0.264982,0.2945,0.455722,0,0
0.31289,0.270482,0.375697,0.428463,0.352688,0.532049,0.446129,0.66008,0.473709,0.640967,0.40019,0.327665,0.496683,0.292254,0.49668,0.267742,0.591652,0.499334,0.570204,0.561988,0.689683,0.581064,0.884219,0.72547,0.608503,0.436678,0.770865,0.428477,0.919446,0.518425,0.28681,0.308605,0.296023,0.264993,0.294499,0.455725,0,0
0.314395,0.270455,0.377214,0.425755,0.352701,0.532022,0.446134,0.66009,0.473709,0.640975,0.401717,0.319491,0.492085,0.294967,0.495171,0.270465,0.593184,0.499328,0.571738,0.55928,0.689686,0.578387,0.878085,0.722764,0.611564,0.436667,0.769342,0.428487,0.919458,0.521107,0.286814,0.308591,0.296034,0.262272,0.295999,0.455733,0,0
0.314402,0.270442,0.37722,0.425754,0.352701,0.532015,0.446135,0.660081,0.473716,0.638334,0.401709,0.31677,0.490553,0.294975,0.495172,0.26228,0.593185,0.499331,0.571734,0.559286,0.689693,0.578377,0.876568,0.722768,0.613093,0.436657,0.766283,0.428471,0.917911,0.518423,0.286819,0.308583,0.297538,0.262258,0.296007,0.45573,0,0
0.312896,0.270423,0.377204,0.42577,0.352702,0.529325,0.446138,0.660093,0.473707,0.638327,0.401712,0.322224,0.495152,0.292241,0.493606,0.262264,0.59319,0.493894,0.571743,0.559278,0.688151,0.578361,0.875032,0.722774,0.611562,0.43393,0.770873,0.428494,0.917919,0.518414,0.28682,0.308564,0.296013,0.262291,0.296006,0.453033,0,0
0.314409,0.270426,0.377204,0.425776,0.352698,0.529322,0.446132,0.660086,0.473698,0.638332,0.401713,0.324943,0.495146,0.286806,0.493625,0.262257,0.593185,0.4939,0.571741,0.559273,0.68968,0.578367,0.876563,0.725493,0.610032,0.433936,0.770865,0.428487,0.916393,0.518419,0.286832,0.3059,0.29602,0.264994,0.294504,0.453043,0,0
0.314413,0.270424,0.377209,0.428461,0.352696,0.532013,0.44307,0.657383,0.473709,0.638297,0.401714,0.330396,0.495145,0.294961,0.493613,0.270459,0.593177,0.499327,0.571737,0.559285,0.688164,0.578352,0.875022,0.728195,0.610032,0.436672,0.772389,0.428489,0.917925,0.518405,0.28684,0.308559,0.296032,0.264986,0.294496,0.455734,0,0
0.315931,0.270424,0.377214,0.428464,0.352694,0.532006,0.444595,0.66008,0.473718,0.638313,0.403246,0.330391,0.496687,0.297689,0.495138,0.264995,0.591658,0.49933,0.570213,0.559294,0.689674,0.578359,0.875025,0.728213,0.610031,0.439371,0.77087,0.428467,0.9164,0.518413,0.286845,0.308564,0.297542,0.262264,0.294499,0.455728,0,0
0.317456,0.270418,0.377218,0.428501,0.352697,0.532026,0.446128,0.660095,0.473699,0.64098,0.401717,0.335832,0.495155,0.29225,0.493611,0.26499,0.59319,0.499344,0.571744,0.561991,0.689682,0.57833,0.881163,0.72549,0.613094,0.43938,0.770876,0.428472,0.91639,0.518427,0.288344,0.305886,0.299066,0.259569,0.296009,0.455715,0,0
0.317465,0.270418,0.378731,0.428479,0.3527,0.529325,0.444605,0.660094,0.473701,0.640989,0.403247,0.33311,0.493623,0.284066,0.492077,0.262288,0.593191,0.499342,0.574796,0.559285,0.692753,0.575615,0.879633,0.71186,0.611563,0.439372,0.772391,0.425804,0.917915,0.518412,0.288352,0.305883,0.297552,0.262276,0.296013,0.453048,0,0
0.317477,0.270431,0.383328,0.425784,0.3527,0.532027,0.447658,0.660099,0.473687,0.641004,0.412437,0.330407,0.495157,0.294967,0.493601,0.262283,0.593188,0.499324,0.573266,0.559272,0.68816,0.572907,0.878086,0.700947,0.611562,0.436649,0.772396,0.425794,0.916399,0.518404,0.28836,0.305894,0.296021,0.267731,0.29753,0.450331,0,0
0.318987,0.270421,0.381803,0.425788,0.352697,0.532022,0.449191,0.662798,0.473687,0.641018,0.409373,0.330403,0.492086,0.278617,0.49055,0.264977,0.593189,0.499321,0.571746,0.561988,0.688162,0.572884,0.878087,0.698247,0.611565,0.433956,0.772403,0.428467,0.917923,0.518422,0.288364,0.305885,0.296019,0.26772,0.297532,0.450326,0,0
0.318984,0.270451,0.380272,0.425774,0.352697,0.532024,0.446136,0.660075,0.473699,0.641012,0.407841,0.327675,0.495151,0.292254,0.489025,0.264984,0.593185,0.502047,0.571742,0.562006,0.691221,0.570169,0.876559,0.692775,0.611563,0.43666,0.770871,0.428476,0.91793,0.521107,0.288363,0.308574,0.297538,0.265015,0.297537,0.452988,0,0
0.317474,0.270443,0.380273,0.425783,0.352699,0.532017,0.44614,0.660081,0.4737,0.641012,0.406311,0.330395,0.496681,0.292258,0.489026,0.262293,0.593185,0.502047,0.571739,0.562003,0.69121,0.567469,0.87503,0.687336,0.611565,0.436656,0.772397,0.428471,0.919448,0.521107,0.288364,0.308575,0.296035,0.265019,0.296039,0.452999,0,0
0.317475,0.270441,0.380277,0.42579,0.352696,0.532028,0.444606,0.65738,0.473701,0.640996,0.404777,0.33039,0.481366,0.275901,0.485959,0.267733,0.593186,0.499336,0.571737,0.564716,0.69121,0.567453,0.8735,0.68462,0.611564,0.433949,0.77393,0.428465,0.917929,0.518423,0.288367,0.308582,0.297534,0.265001,0.296037,0.452989,0,0
0.318989,0.270444,0.38027,0.425792,0.352694,0.532013,0.444596,0.657376,0.4737,0.640992,0.403253,0.333113,0.487492,0.278622,0.490544,0.27046,0.593189,0.499328,0.571739,0.564714,0.691208,0.567433,0.87503,0.68461,0.611562,0.433942,0.772396,0.425795,0.919456,0.518422,0.288369,0.308586,0.296035,0.26502,0.29753,0.452995,0,0
0.318997,0.27044,0.38027,0.425777,0.352694,0.532019,0.444608,0.660079,0.473698,0.641014,0.40325,0.333103,0.487489,0.278625,0.490545,0.265011,0.593187,0.496611,0.571736,0.561987,0.691221,0.567452,0.876561,0.684614,0.611562,0.433944,0.7724,0.425789,0.917931,0.518432,0.288379,0.308584,0.297547,0.265003,0.296037,0.452988,0,0
0.317475,0.270442,0.378749,0.425779,0.352693,0.532023,0.444603,0.660079,0.473701,0.641016,0.404774,0.330394,0.490559,0.273169,0.490558,0.262272,0.593187,0.499322,0.571742,0.561991,0.692742,0.567457,0.876567,0.681902,0.610035,0.433959,0.77392,0.428452,0.919453,0.521105,0.288386,0.308577,0.297553,0.265008,0.296036,0.45033,0,0
