0.325106,0.308618,0.386413,0.423017,0.364961,0.548376,0.391011,0.668297,0.423188,0.526556,0.400188,0.316782,0.478293,0.237775,0.440012,0.207781,0.60238,0.488441,0.583997,0.551094,0.62841,0.532051,0.763212,0.575649,0.622284,0.431233,0.747897,0.333102,0.790791,0.564736,0.300596,0.346732,0.308278,0.297737,0.309817,0.49664,0,0
0.323605,0.308606,0.387944,0.420326,0.364963,0.548395,0.390986,0.668282,0.423183,0.531997,0.40172,0.316779,0.475234,0.23505,0.436943,0.205054,0.603901,0.491154,0.58706,0.551114,0.633016,0.534771,0.763217,0.581079,0.623814,0.433934,0.752478,0.335832,0.793842,0.56746,0.299093,0.346736,0.308261,0.300407,0.309809,0.499334,0,0
0.323618,0.308573,0.387923,0.423014,0.364954,0.540216,0.389469,0.665566,0.424714,0.534725,0.401716,0.319507,0.470651,0.232314,0.429281,0.205069,0.603901,0.491172,0.587053,0.553836,0.648332,0.56746,0.761683,0.589245,0.623818,0.433958,0.754032,0.338559,0.79537,0.575629,0.29908,0.346738,0.308271,0.30043,0.3098,0.499317,0,0
0.325107,0.308596,0.387917,0.420321,0.364952,0.545654,0.394056,0.665518,0.427764,0.526606,0.400187,0.314035,0.46911,0.2296,0.426237,0.207774,0.602369,0.491177,0.585525,0.55656,0.6468,0.570169,0.763218,0.589255,0.622287,0.433945,0.754035,0.338574,0.795383,0.578371,0.299105,0.346746,0.309785,0.297723,0.309801,0.502033,0,0
0.325133,0.308588,0.386404,0.428492,0.366488,0.553822,0.406313,0.662819,0.433891,0.521128,0.395596,0.324944,0.469109,0.229575,0.42623,0.207782,0.603909,0.491174,0.590123,0.553822,0.640672,0.562003,0.767813,0.597427,0.625349,0.436651,0.755567,0.338563,0.796914,0.578348,0.300637,0.346751,0.309789,0.30043,0.311324,0.499353,0,0
0.325147,0.308614,0.386403,0.425736,0.36648,0.551118,0.412431,0.662811,0.436942,0.515695,0.395579,0.311322,0.470635,0.232294,0.424685,0.207776,0.603912,0.491174,0.591655,0.553821,0.655985,0.575627,0.772401,0.605592,0.625351,0.436657,0.757069,0.338594,0.795383,0.581072,0.302159,0.346741,0.309826,0.297732,0.311358,0.499319,0,0
0.326675,0.311276,0.383332,0.425767,0.366479,0.551118,0.418563,0.657379,0.440014,0.518433,0.389463,0.300435,0.47062,0.235023,0.424714,0.210495,0.603916,0.496621,0.587062,0.559277,0.631483,0.553837,0.773925,0.624662,0.625345,0.439387,0.7586,0.341345,0.809146,0.602867,0.303675,0.344053,0.31136,0.297736,0.312857,0.496633,0,0
0.325137,0.308618,0.384877,0.425738,0.36801,0.553823,0.412441,0.657378,0.440013,0.518416,0.390999,0.30588,0.470651,0.23505,0.42623,0.210489,0.603917,0.496626,0.585526,0.559284,0.633013,0.556541,0.775452,0.630126,0.625344,0.439393,0.75861,0.341339,0.809161,0.600148,0.302172,0.346736,0.311324,0.297751,0.312871,0.496598,0,0
0.325117,0.303178,0.386407,0.42848,0.364966,0.548402,0.400187,0.662781,0.441516,0.523828,0.397114,0.319516,0.472143,0.229561,0.424698,0.221403,0.603905,0.49933,0.583993,0.561988,0.629956,0.556538,0.776983,0.632854,0.625352,0.439373,0.760144,0.341339,0.807644,0.605598,0.302168,0.344048,0.30829,0.300455,0.312867,0.493914,0,0
0.325125,0.305886,0.38641,0.428493,0.364966,0.54839,0.400187,0.662844,0.441524,0.529276,0.397112,0.32766,0.470662,0.226883,0.42468,0.226889,0.603912,0.49935,0.585524,0.559295,0.629961,0.556547,0.778542,0.63012,0.625356,0.4421,0.760149,0.34133,0.809185,0.605612,0.302169,0.344043,0.308285,0.303161,0.312864,0.493912,0,0
0.323612,0.305894,0.384852,0.431207,0.363431,0.553817,0.4109,0.662812,0.440018,0.532072,0.395579,0.32222,0.46606,0.226838,0.417038,0.235009,0.603906,0.496612,0.585527,0.559265,0.631478,0.556557,0.777004,0.619237,0.625352,0.439387,0.760134,0.341274,0.807644,0.600141,0.300635,0.346739,0.308288,0.297726,0.311338,0.496624,0,0
0.325114,0.308572,0.384849,0.431207,0.364943,0.553831,0.406313,0.662795,0.441538,0.534751,0.394068,0.311331,0.46757,0.226876,0.415504,0.235029,0.605439,0.499329,0.585524,0.561991,0.628405,0.548384,0.775463,0.619215,0.626882,0.442105,0.758624,0.341278,0.807617,0.5947,0.300639,0.346757,0.309785,0.297734,0.311336,0.496628,0,0
0.32511,0.31127,0.386395,0.442086,0.363436,0.556564,0.41703,0.660109,0.443073,0.532066,0.39866,0.333104,0.462994,0.226839,0.418569,0.248602,0.60391,0.496599,0.587056,0.559264,0.645263,0.551099,0.780053,0.619215,0.626878,0.436681,0.758622,0.341272,0.804557,0.597429,0.300612,0.349455,0.30829,0.303136,0.31135,0.502038,0,0
0.32361,0.311284,0.387916,0.44484,0.363433,0.559263,0.41856,0.657371,0.444582,0.532002,0.404777,0.335824,0.466043,0.22689,0.417032,0.243208,0.605435,0.499323,0.588589,0.559271,0.643728,0.548399,0.780069,0.619227,0.625354,0.439401,0.757102,0.338615,0.801506,0.605602,0.299098,0.352169,0.306723,0.308609,0.311349,0.502058,0,0
0.323591,0.308625,0.389475,0.439388,0.364959,0.556554,0.420096,0.65465,0.446138,0.531979,0.409364,0.333113,0.46759,0.224158,0.432334,0.248647,0.606967,0.502055,0.58859,0.562002,0.652923,0.540216,0.784659,0.616478,0.625357,0.442104,0.755544,0.338584,0.790789,0.613763,0.299069,0.352215,0.303691,0.311335,0.311362,0.504772,0,0
0.323596,0.308598,0.390978,0.439405,0.366475,0.559298,0.421631,0.654634,0.446132,0.529326,0.409361,0.333102,0.466062,0.224115,0.427761,0.251366,0.608497,0.502047,0.591648,0.559286,0.652919,0.540221,0.79384,0.611063,0.626876,0.442104,0.754029,0.338569,0.790797,0.613768,0.299074,0.352214,0.305207,0.311311,0.312873,0.502062,0,0
0.323603,0.308613,0.389459,0.439383,0.364944,0.559295,0.423151,0.649202,0.447651,0.529339,0.407842,0.333114,0.462984,0.224156,0.427766,0.251338,0.606971,0.502055,0.58859,0.562015,0.649857,0.540189,0.790783,0.613773,0.625354,0.442101,0.754022,0.338533,0.790792,0.613761,0.299064,0.354903,0.305212,0.311297,0.312866,0.502058,0,0
0.323602,0.311273,0.389452,0.439391,0.363437,0.556572,0.417038,0.651913,0.447664,0.529341,0.404781,0.333133,0.461459,0.224063,0.424689,0.251402,0.606969,0.502053,0.590122,0.561992,0.649865,0.540194,0.792317,0.613772,0.625347,0.442115,0.75402,0.338554,0.790779,0.616484,0.299059,0.354913,0.303681,0.31404,0.31287,0.502038,0,0
0.323585,0.311308,0.389456,0.439396,0.363422,0.556562,0.413969,0.651934,0.44616,0.529331,0.404779,0.338564,0.459953,0.218706,0.432325,0.251349,0.605445,0.502058,0.590117,0.559286,0.648335,0.540201,0.783129,0.61921,0.625345,0.442103,0.752487,0.338554,0.790792,0.616487,0.297556,0.357597,0.302157,0.314073,0.312867,0.502053,0,0
0.323586,0.311315,0.389453,0.442124,0.36343,0.556567,0.415501,0.651926,0.44614,0.529299,0.404782,0.338556,0.46144,0.221435,0.429296,0.248698,0.606963,0.502051,0.590118,0.559285,0.649855,0.542908,0.78313,0.619238,0.625355,0.439386,0.752473,0.33853,0.792304,0.611041,0.297551,0.357627,0.303669,0.314048,0.312874,0.502074,0,0
0.323574,0.311345,0.389448,0.444814,0.363433,0.556559,0.415503,0.657354,0.446121,0.529264,0.406311,0.344007,0.459938,0.221434,0.426229,0.251355,0.605442,0.502071,0.587063,0.559293,0.654445,0.537476,0.787715,0.621957,0.625342,0.442123,0.746375,0.335833,0.792324,0.608323,0.297558,0.357635,0.303687,0.314037,0.312873,0.504764,0,0
0.323569,0.31135,0.390977,0.436686,0.364949,0.556561,0.415498,0.657376,0.446121,0.529282,0.40478,0.338547,0.459926,0.218696,0.42775,0.25413,0.60697,0.504786,0.588585,0.562005,0.654457,0.532027,0.786193,0.624667,0.62535,0.444825,0.746374,0.335817,0.793836,0.600149,0.297548,0.357622,0.303666,0.314022,0.312876,0.50206,0,0
0.32357,0.311301,0.387927,0.447567,0.363433,0.556578,0.417036,0.654634,0.446113,0.531982,0.401714,0.34403,0.459918,0.218684,0.427756,0.254104,0.60697,0.49934,0.59012,0.559282,0.657508,0.534739,0.783124,0.6274,0.625358,0.439394,0.744836,0.333097,0.798431,0.5729,0.297548,0.354912,0.302141,0.314025,0.312866,0.502034,0,0
0.323573,0.308622,0.38792,0.447536,0.363431,0.556567,0.418562,0.654653,0.446114,0.531996,0.401717,0.346743,0.45991,0.221365,0.42774,0.251387,0.608496,0.499345,0.590123,0.559284,0.656,0.529306,0.783127,0.62739,0.626886,0.442098,0.744843,0.330399,0.798439,0.570183,0.297544,0.354899,0.300631,0.311323,0.312852,0.499336,0,0
0.323562,0.308609,0.387939,0.450281,0.364955,0.559279,0.421627,0.651912,0.446111,0.529316,0.401714,0.352203,0.458376,0.21597,0.427768,0.251389,0.606962,0.504787,0.588583,0.562019,0.657529,0.526603,0.783133,0.63011,0.626872,0.444839,0.747903,0.333112,0.796913,0.575619,0.297547,0.354893,0.300634,0.311303,0.311366,0.499344,0,0
0.322076,0.308616,0.389458,0.447585,0.364949,0.559279,0.420091,0.651917,0.446113,0.529332,0.406306,0.346758,0.458389,0.218687,0.43082,0.251378,0.608497,0.507499,0.588588,0.562022,0.657529,0.526557,0.786186,0.630117,0.626889,0.444854,0.747891,0.333085,0.79845,0.567465,0.297543,0.354904,0.300634,0.311333,0.31285,0.499342,0,0
0.322062,0.308614,0.389448,0.444843,0.363438,0.556561,0.420088,0.654636,0.446113,0.531976,0.404774,0.344026,0.458361,0.218653,0.430799,0.251367,0.608493,0.510223,0.58858,0.567434,0.657517,0.526599,0.784649,0.638278,0.626887,0.450279,0.744845,0.33037,0.799958,0.559259,0.29754,0.354915,0.302155,0.308616,0.311363,0.499355,0,0
0.322061,0.308608,0.387927,0.447568,0.364955,0.556572,0.418569,0.654644,0.446116,0.532047,0.400186,0.352179,0.45687,0.218642,0.432332,0.251371,0.608496,0.507495,0.588595,0.564718,0.657522,0.529298,0.781586,0.638279,0.628408,0.44756,0.741788,0.322246,0.793851,0.545656,0.297538,0.354926,0.302138,0.311332,0.312864,0.502042,0,0
0.323566,0.3086,0.389454,0.444834,0.364965,0.556544,0.421623,0.651915,0.446138,0.534739,0.401716,0.341311,0.458377,0.21864,0.433888,0.248698,0.608499,0.510217,0.587064,0.567456,0.655977,0.526577,0.783121,0.635571,0.628417,0.44758,0.740218,0.316764,0.79386,0.537502,0.297547,0.354876,0.303689,0.30317,0.311362,0.499312,0,0
0.322071,0.308568,0.389456,0.447536,0.364962,0.556549,0.421622,0.651912,0.44616,0.534764,0.40325,0.344013,0.458379,0.215968,0.433887,0.25135,0.608502,0.510209,0.588584,0.564745,0.655989,0.526581,0.787714,0.635575,0.628404,0.447568,0.740219,0.316735,0.793868,0.534765,0.296032,0.354885,0.302164,0.305861,0.311363,0.496619,0,0
0.322045,0.303137,0.389453,0.450272,0.364951,0.556548,0.423165,0.657377,0.446111,0.537504,0.403246,0.357625,0.452258,0.207774,0.432337,0.251355,0.608497,0.50207,0.590115,0.559296,0.655979,0.529311,0.784664,0.632846,0.626884,0.444836,0.740221,0.316785,0.793845,0.534786,0.296023,0.352178,0.300607,0.305878,0.311348,0.49663,0,0
0.320538,0.300445,0.389453,0.447573,0.364962,0.556546,0.423153,0.654638,0.446127,0.542951,0.406308,0.352188,0.447675,0.207778,0,0,0.605438,0.502071,0.585528,0.561991,0.657504,0.534746,0.784652,0.635579,0.626874,0.444836,0.740246,0.319504,0.793849,0.537503,0.296028,0.352162,0.300634,0.300437,0.311353,0.496629,0,0
0.320526,0.300435,0.389452,0.447568,0.364958,0.55653,0.418563,0.665523,0.447688,0.551141,0.401723,0.349473,0.44922,0.218672,0.423174,0.248677,0.605447,0.510238,0.587061,0.564734,0.656001,0.53205,0.783136,0.641015,0.625348,0.450284,0.741767,0.319521,0.793851,0.540202,0.297531,0.349438,0.302162,0.295001,0.312861,0.496612,0,0
0.322049,0.297738,0.387929,0.444865,0.364967,0.553821,0.401722,0.662802,0.447681,0.553875,0.398651,0.338576,0.450722,0.218701,0.417022,0.25138,0.606973,0.507504,0.588586,0.567447,0.657506,0.534736,0.784653,0.638308,0.626871,0.44757,0.741762,0.32221,0.795364,0.537507,0.297535,0.346764,0.303687,0.294949,0.312873,0.496605,0,0
0.320534,0.303137,0.387934,0.442114,0.366483,0.551105,0.39711,0.665531,0.452243,0.559301,0.398643,0.33311,0.449191,0.22406,0.407844,0.251419,0.606971,0.507492,0.585531,0.564732,0.655984,0.534759,0.78312,0.638305,0.626881,0.447544,0,0,0,0,0.296034,0.352183,0.30217,0.294968,0.312882,0.49931,0,0
0.317473,0.30316,0.387935,0.444821,0.366487,0.551098,0.394052,0.662818,0.452244,0.564752,0.400184,0.341302,0.447689,0.22143,0.41091,0.254102,0.610025,0.504789,0.588586,0.564717,0.655991,0.537483,0.783114,0.638296,0.628405,0.444848,0,0,0,0,0.296015,0.352195,0.300632,0.297692,0.312874,0.496609,0,0
0.31594,0.303136,0.386403,0.442126,0.366475,0.551123,0.392536,0.665519,0.452259,0.567424,0.397108,0.33312,0.447672,0.224089,0.410902,0.254075,0.606968,0.502062,0.588587,0.564738,0.654446,0.540184,0.780069,0.638273,0.625349,0.439374,0.738703,0.316803,0.796902,0.532022,0.294485,0.349452,0.300627,0.294972,0.312886,0.496595,0,0
0.315942,0.300425,0.387923,0.433968,0.366483,0.548387,0.392538,0.66284,0.453793,0.567436,0.395586,0.324944,0.44767,0.224076,0.410906,0.251442,0.608495,0.502071,0.590118,0.564738,0.651395,0.540188,0.778538,0.638312,0.625354,0.439396,0.737179,0.3195,0.793848,0.532039,0.294484,0.346756,0.300603,0.292276,0.312881,0.493929,0,0
0.315933,0.297706,0.387924,0.433922,0.364966,0.545645,0.39098,0.662792,0.455313,0.570196,0.397108,0.324944,0.447684,0.224106,0.409373,0.251433,0.608503,0.499325,0.591647,0.561994,0.652911,0.542927,0.778529,0.641004,0.626884,0.439377,0.738702,0.3168,0.792322,0.53473,0.292955,0.346754,0.300618,0.292265,0.312857,0.493893,0,0
0.314413,0.297719,0.387929,0.433933,0.366484,0.542937,0.390985,0.662795,0.456867,0.570162,0.397125,0.324944,0.447675,0.224084,0.404765,0.248688,0.608496,0.493888,0.590126,0.562005,0.652913,0.542915,0.778522,0.638306,0.628408,0.433949,0.738711,0.316804,0.792318,0.529315,0.292952,0.346738,0.299088,0.294974,0.312861,0.493894,0,0
0.312866,0.29774,0.387928,0.431234,0.364969,0.542947,0.39099,0.660068,0.458415,0.572867,0.397119,0.327673,0.447654,0.224139,0.400184,0.251424,0.608494,0.502045,0.590129,0.562006,0.649848,0.537498,0.778539,0.63829,0.625356,0.439379,0.738717,0.314092,0.792332,0.526569,0.291436,0.346775,0.297545,0.294991,0.311366,0.496603,0,0
0.31287,0.300449,0.387913,0.431231,0.364956,0.542943,0.391009,0.660061,0.458419,0.572894,0.394063,0.319484,0.446154,0.226791,0.397129,0.254124,0.606975,0.499334,0.590116,0.561992,0.652923,0.532028,0.783121,0.635562,0.625349,0.439398,0.738716,0.314078,0.790807,0.521161,0.291416,0.346762,0.297552,0.294979,0.311369,0.49931,0,0
0.309816,0.297715,0.387915,0.433953,0.364949,0.54566,0.392532,0.657394,0.458388,0.570206,0.398661,0.330406,0.446139,0.229548,0.397112,0.254144,0.606979,0.4966,0.588593,0.559265,0.65598,0.518447,0.783135,0.616472,0.626876,0.436664,0.740217,0.314095,0.792297,0.521095,0.289875,0.349442,0.292954,0.297692,0.311364,0.496586,0,0
0.308265,0.294992,0.387936,0.433973,0.36497,0.54294,0.392521,0.657392,0.458378,0.570184,0.403242,0.338562,0.446137,0.226911,0.394041,0.259564,0.606971,0.496605,0.590118,0.559287,0.655997,0.51567,0.783117,0.605617,0.626868,0.436652,0.740234,0.316758,0.793848,0.521173,0.288372,0.346773,0.292941,0.300406,0.311352,0.4939,0,0
0.309792,0.294989,0.387919,0.433963,0.364955,0.545635,0.394063,0.657362,0.458414,0.564746,0.400184,0.335838,0.44764,0.229607,0.397102,0.254099,0.602386,0.499336,0.583999,0.562005,0.657515,0.507503,0.784667,0.597407,0.623816,0.439368,0.738703,0.316728,0.793856,0.518423,0.288356,0.344057,0.292962,0.294997,0.31134,0.491213,0,0
0.3098,0.294998,0.386414,0.43392,0.366469,0.540213,0.394062,0.65735,0.459901,0.564707,0.397124,0.330385,0.447664,0.229634,0.397118,0.251436,0.602378,0.496619,0.582462,0.561986,0.657497,0.499338,0.787717,0.591965,0.622291,0.436666,0.737181,0.314056,0.793863,0.515704,0.288351,0.344036,0.292957,0.297717,0.311328,0.491199,0,0
0.309792,0.294986,0.386399,0.431233,0.36495,0.542942,0.395583,0.654658,0.459899,0.561994,0.400181,0.333118,0.447648,0.229641,0.394048,0.25139,0.60085,0.496616,0.580932,0.561996,0.655963,0.496601,0.783133,0.586541,0.622287,0.436654,0.735648,0.313988,0.793845,0.512976,0.288358,0.344026,0.291452,0.295014,0.311335,0.491216,0,0
0.309792,0.295,0.386382,0.428541,0.364968,0.540213,0.392539,0.654652,0.458422,0.561978,0.395583,0.322232,0.447645,0.232324,0.395581,0.251315,0.602372,0.496608,0.582456,0.559299,0.654449,0.499346,0.781585,0.586543,0.62228,0.436678,0.734121,0.31136,0.793844,0.512965,0.28836,0.344033,0.291445,0.294952,0.311342,0.491226,0,0
0.308261,0.29499,0.386395,0.425816,0.364967,0.540182,0.395586,0.657369,0.458402,0.556579,0.395592,0.316753,0.447655,0.232338,0.395592,0.251341,0.602374,0.502054,0.582453,0.564728,0.652926,0.49388,0.783131,0.583809,0.622294,0.439396,0.735622,0.311364,0.795377,0.512985,0.288327,0.344033,0.291426,0.294959,0.311347,0.491195,0,0
0.308286,0.294944,0.386421,0.425811,0.364968,0.540214,0.397101,0.654642,0.458382,0.556544,0.39866,0.311329,0.446166,0.232285,0.397126,0.251341,0.603894,0.499329,0.582461,0.562024,0.651393,0.493898,0.781592,0.583791,0.623816,0.436689,0.734123,0.311354,0.79691,0.515678,0.286828,0.341333,0.28991,0.294968,0.311338,0.491177,0,0
0.308294,0.292224,0.387921,0.42846,0.363444,0.542921,0.398653,0.646509,0.458391,0.553797,0.400193,0.316773,0.447683,0.232323,0.392509,0.251318,0.602377,0.499354,0.582458,0.564722,0.645274,0.491175,0.778526,0.57832,0.622293,0.442102,0.731063,0.311292,0.801519,0.518417,0.285308,0.341276,0.291443,0.292245,0.311332,0.49114,0,0
0.308272,0.292212,0.386399,0.425755,0.363431,0.542911,0.400197,0.64647,0.45686,0.551053,0.398645,0.311344,0.447696,0.232319,0.392513,0.248695,0.600832,0.49932,0.579388,0.564714,0.643748,0.491149,0.775457,0.575645,0.620754,0.439397,0.731047,0.308612,0.801521,0.518424,0.285296,0.338598,0.291421,0.292227,0.311335,0.491116,0,0
0.306747,0.292216,0.386378,0.425757,0.36343,0.542944,0.403258,0.643769,0.45684,0.542896,0.395596,0.311307,0.44611,0.226911,0.387922,0.251385,0.60237,0.496604,0.580943,0.564721,0.643739,0.488399,0.770884,0.575617,0.622296,0.439387,0,0,0,0,0.285296,0.338598,0.291412,0.292252,0.311324,0.491114,0,0
0.308269,0.289542,0.384871,0.425773,0.363422,0.542925,0.398653,0.643774,0.453799,0.542894,0.398649,0.316766,0.444604,0.229574,0.384871,0.251411,0.602371,0.496593,0.582458,0.564713,0.643722,0.488458,0.772415,0.572929,0.623812,0.436659,0.728006,0.305883,0.799982,0.518431,0.285296,0.338589,0.29143,0.289519,0.311322,0.491112,0,0
0.306754,0.292207,0.38333,0.425768,0.361887,0.545637,0.398646,0.641048,0.452246,0.532084,0.397118,0.314061,0.446118,0.229627,0.39253,0.251367,0.602382,0.493887,0.582462,0.559266,0.643737,0.485708,0.775457,0.572869,0.623821,0.433964,0.728011,0.305886,0.799965,0.51839,0.285294,0.338595,0.291431,0.289546,0.31132,0.488479,0,0
0.30521,0.292191,0.383324,0.425803,0.361887,0.545634,0.400173,0.64102,0.450747,0.532045,0.397115,0.316756,0.446126,0.232294,0.392514,0.251364,0.60238,0.491178,0.583987,0.556546,0.642205,0.48839,0.773931,0.570154,0.623813,0.433936,0.727988,0.305871,0.796919,0.512952,0.285288,0.338623,0.289901,0.294979,0.311328,0.488474,0,0
0.305209,0.289473,0.378747,0.425777,0.361891,0.540216,0.398642,0.64101,0.450726,0.532068,0.392519,0.322232,0.447638,0.23232,0.392536,0.251316,0.600853,0.488456,0.58399,0.551102,0.64067,0.488448,0.773932,0.567452,0.620758,0.431244,0.727994,0.305845,0.798446,0.518404,0.285314,0.338562,0.292951,0.292257,0.311341,0.488439,0,0
0.303706,0.28955,0.377216,0.42579,0.361892,0.542955,0.403238,0.638281,0.450725,0.532002,0.392518,0.327661,0.447659,0.229622,0.392519,0.248685,0.599317,0.49114,0.580927,0.551112,0.640647,0.488467,0.773935,0.56744,0.619219,0.433924,0.728009,0.305841,0.796904,0.518408,0.286811,0.338527,0.291446,0.289538,0.311342,0.488431,0,0
0.303694,0.289545,0.377197,0.428451,0.361881,0.542917,0.40477,0.641013,0.449189,0.526561,0.389452,0.327653,0.446133,0.224117,0.390989,0.245941,0.60237,0.493892,0.585524,0.556555,0.637608,0.491187,0.773929,0.567464,0.61769,0.433941,0.727981,0.305833,0.796917,0.51568,0.286838,0.338559,0.292949,0.286792,0.311308,0.488408,0,0
0.303699,0.289484,0.377199,0.425801,0.360374,0.540205,0.400199,0.638328,0.447687,0.523851,0.389455,0.319491,0.447644,0.224158,0.391003,0.245912,0.600853,0.496598,0.580939,0.559267,0.634557,0.49119,0.773931,0.567434,0.617694,0.436656,0.726426,0.303163,0.796918,0.512969,0.286832,0.338554,0.291433,0.289509,0.311306,0.488421,0,0
0.306735,0.286788,0.377228,0.423035,0.360361,0.540194,0.400202,0.641041,0.44766,0.518446,0.390993,0.311335,0.446119,0.229619,0.389465,0.251322,0.603907,0.499319,0.583995,0.559276,0.634536,0.491199,0.767815,0.567448,0.623811,0.436664,0.726429,0.303165,0.79538,0.51021,0.28531,0.338573,0.291445,0.289532,0.309831,0.488362,0,0
0.306761,0.286818,0.378759,0.423027,0.361877,0.540207,0.403235,0.638295,0.447646,0.521091,0.392534,0.31677,0.446145,0.237744,0.389444,0.251384,0.602367,0.499331,0.580936,0.559287,0.631495,0.491189,0.767815,0.567445,0.61923,0.436674,0.726432,0.305828,0.796903,0.512936,0.285308,0.338576,0.291427,0.289525,0.311306,0.488398,0,0
0.305221,0.286811,0.383338,0.425785,0.361905,0.542927,0.401707,0.627408,0.450752,0.510212,0.395591,0.319487,0.447643,0.235019,0.389448,0.25681,0.603914,0.499323,0.583995,0.559291,0.631496,0.49389,0.769341,0.567448,0.622284,0.436671,0.726424,0.303174,0.79691,0.507522,0.28377,0.338601,0.288364,0.286791,0.311326,0.48843,0,0
0.305223,0.286805,0.383336,0.425746,0.361905,0.54019,0.400171,0.621946,0.452282,0.507496,0.39405,0.316783,0.44765,0.235034,0.387929,0.256806,0.603907,0.502047,0.58399,0.561995,0.631478,0.493859,0.767805,0.567458,0.622282,0.436676,0.726421,0.303174,0.796914,0.510231,0.283762,0.33862,0.288343,0.284077,0.311335,0.488444,0,0
0.306734,0.2868,0.386385,0.42578,0.363418,0.537463,0.398646,0.619193,0.453779,0.507511,0.398646,0.324939,0.449204,0.240454,0.392528,0.25411,0.603913,0.499339,0.583999,0.56199,0.62842,0.496587,0.766265,0.56745,0.62382,0.436659,0.724932,0.305854,0.796907,0.510209,0.283774,0.341268,0.28835,0.284085,0.311347,0.488405,0,0
0.306732,0.284092,0.386385,0.425742,0.363422,0.532045,0.39863,0.616514,0.453785,0.504802,0.400182,0.322222,0.450749,0.243182,0.394068,0.254136,0.602384,0.493884,0.582461,0.556551,0.628418,0.496626,0.764744,0.567454,0.62229,0.433922,0.723396,0.303157,0.798435,0.504797,0.285296,0.338614,0.289888,0.284083,0.311359,0.488397,0,0
0.305229,0.286772,0.381811,0.425743,0.363414,0.534757,0.398654,0.616515,0.452245,0.504758,0.397123,0.319505,0.453779,0.243218,0.392522,0.254115,0.603905,0.493876,0.582465,0.55383,0.62688,0.507491,0.764748,0.570157,0.623816,0.433934,0.72032,0.30046,0.798444,0.491188,0.285312,0.338591,0.288367,0.286803,0.312854,0.485702,0,0
0.306736,0.286794,0.38333,0.42575,0.361911,0.532052,0.398663,0.619226,0.450723,0.507521,0.397116,0.324943,0.453784,0.243199,0.392517,0.254081,0.6039,0.493896,0.584001,0.553823,0.628404,0.512941,0.773927,0.570192,0.622287,0.433958,0.720325,0.300446,0.798442,0.485712,0.286817,0.338604,0.289873,0.289521,0.312856,0.485694,0,0
0.306736,0.286804,0.381809,0.42302,0.361905,0.534739,0.398641,0.621931,0.449179,0.510219,0.397115,0.316769,0.450737,0.240459,0.39404,0.251444,0.611572,0.491161,0.594712,0.55382,0.643732,0.529329,0,0,0.629942,0.431232,0,0,0,0,0.28682,0.338595,0.289887,0.284085,0.312855,0.485731,0,0
0.306746,0.289496,0.380267,0.425726,0.363417,0.537486,0.400191,0.621932,0.450724,0.504794,0.392532,0.314045,0.450717,0.237762,0.392534,0.251377,0.603911,0.493874,0.588594,0.559284,0.642196,0.534756,0.795371,0.600141,0.628414,0.431236,0.723381,0.305851,0.809143,0.488416,0.286823,0.338597,0.289885,0.286812,0.311355,0.485722,0,0
0.306761,0.289536,0.381797,0.425731,0.363411,0.53748,0.406305,0.619225,0.45074,0.499316,0.39405,0.316773,0.452249,0.243221,0.395581,0.251353,0.605444,0.493891,0.588593,0.559289,0.654453,0.548384,0.810703,0.641014,0.626888,0.433935,0.721861,0.305889,0.81223,0.48845,0.288341,0.338594,0.289897,0.294983,0.312862,0.485704,0,0
0.308277,0.289493,0.384855,0.425751,0.363428,0.537482,0.404776,0.616525,0.450747,0.499334,0.395585,0.316757,0.450742,0.237746,0.395569,0.251351,0.610033,0.499337,0.593179,0.564716,0.654455,0.553838,0.821419,0.649197,0.631473,0.433947,0.71266,0.30313,0.807648,0.472071,0.288357,0.341263,0.289894,0.303128,0.312891,0.485694,0,0
0.308293,0.289519,0.381792,0.425774,0.363432,0.537469,0.403254,0.619207,0.452263,0.504783,0.392524,0.319494,0.455324,0.237738,0.390984,0.251397,0.605443,0.507518,0.584,0.567468,0.655982,0.559291,0.832147,0.654638,0.628423,0.442098,0.703454,0.292222,0.793867,0.431216,0.289888,0.338549,0.292963,0.29224,0.312899,0.485692,0,0
0.308294,0.289536,0.380271,0.425782,0.36342,0.53747,0.403238,0.621961,0.450729,0.512916,0.394055,0.319499,0.455321,0.237765,0.390998,0.25141,0.608501,0.504793,0.587055,0.570173,0.651388,0.548385,0.83368,0.649207,0.631477,0.436664,0.697333,0.289489,0.792296,0.41215,0.289874,0.338564,0.292958,0.289531,0.312892,0.485697,0,0
0.308276,0.292245,0.377223,0.425738,0.361883,0.53748,0.403243,0.624676,0.447683,0.512983,0.39252,0.316758,0.450741,0.237769,0.391005,0.251376,0.603913,0.499339,0.584,0.564735,0.648321,0.551105,0.833681,0.643744,0.628406,0.433961,0.695814,0.286787,0.80304,0.390355,0.288336,0.338591,0.291407,0.292247,0.311359,0.485683,0,0
0.306758,0.292223,0.377216,0.425772,0.361873,0.540213,0.398654,0.63013,0.446145,0.512926,0.394052,0.316771,0.449193,0.232297,0.386396,0.251415,0.603907,0.499333,0.582464,0.564735,0.64373,0.548397,0.835207,0.65193,0.626883,0.433952,0.701925,0.289522,0.812239,0.37942,0.286828,0.338593,0.289879,0.292278,0.311341,0.485701,0,0
0.306762,0.292228,0.378735,0.42574,0.36188,0.540214,0.400182,0.630102,0.444579,0.504799,0.392518,0.314046,0.450736,0.235015,0.389455,0.251391,0.603909,0.502054,0.585524,0.562015,0.652917,0.559274,0.845922,0.687335,0.629943,0.433954,0.706532,0.297683,0.838277,0.373979,0.288345,0.338596,0.291426,0.292256,0.311354,0.485692,0,0
0.308273,0.29228,0.378736,0.425787,0.36189,0.540208,0.400189,0.627392,0.444603,0.502037,0.392534,0.319498,0.453791,0.237771,0.390986,0.251435,0.600845,0.504788,0.582462,0.564736,0.659053,0.567434,0.856644,0.706401,0.628419,0.433935,0.709583,0.300418,0.842869,0.360377,0.289886,0.338585,0.291432,0.297679,0.312865,0.485701,0,0
0.314405,0.295015,0.381798,0.431198,0.363423,0.545633,0.403243,0.619234,0.447671,0.499316,0.392525,0.324939,0.458394,0.237773,0.398644,0.251412,0.603907,0.510225,0.587055,0.567468,0.685085,0.581077,0.861247,0.711876,0.629953,0.436655,0.708067,0.294988,0.844394,0.319485,0.29449,0.338553,0.299091,0.294966,0.314424,0.488391,0,0
0.314413,0.303147,0.383332,0.431191,0.364949,0.545642,0.403243,0.619216,0.45073,0.496596,0.389471,0.316763,0.458384,0.240468,0.397109,0.251417,0.602379,0.510232,0.585529,0.570159,0.689682,0.581069,0.865844,0.709157,0.63301,0.433941,0.70652,0.292222,0.847449,0.308593,0.294501,0.344031,0.300601,0.305879,0.315926,0.488425,0,0
0.314399,0.303148,0.381804,0.42849,0.364946,0.537494,0.403242,0.61647,0.455327,0.493906,0.392516,0.322215,0.458384,0.243182,0.397112,0.25144,0.600848,0.507501,0.582458,0.567452,0.695817,0.57834,0.878091,0.728203,0.633015,0.431214,0.704998,0.292243,0.844398,0.294969,0.294494,0.344008,0.300634,0.303136,0.314416,0.488417,0,0
0.312877,0.300407,0.378735,0.428505,0.363423,0.537464,0.401727,0.616481,0.452264,0.493893,0.389464,0.32494,0.458381,0.245934,0.395588,0.254089,0.602375,0.504778,0.58247,0.564722,0.698884,0.586539,0.876557,0.739104,0.62688,0.433934,0.705005,0.292232,0.842864,0.305866,0.29449,0.341324,0.299076,0.305844,0.312891,0.488389,0,0
0.311341,0.303141,0.377208,0.428516,0.361887,0.540206,0.401707,0.619241,0.446122,0.488451,0.390991,0.324941,0.453804,0.245901,0.392523,0.254118,0.602377,0.51296,0.587053,0.572896,0.706527,0.608308,0.881163,0.749992,0.628409,0.436669,0.704993,0.294983,0.847459,0.31677,0.29141,0.344025,0.296028,0.303143,0.311312,0.488414,0,0
0.309818,0.308569,0.377216,0.428528,0.361879,0.54294,0.403242,0.624656,0.443074,0.485734,0.392513,0.327669,0.455339,0.245932,0.394052,0.254098,0.602375,0.515681,0.585526,0.572917,0.706536,0.605602,0.885748,0.749997,0.629944,0.436667,0.703479,0.294978,0.845925,0.308604,0.291406,0.344044,0.294474,0.30588,0.309815,0.488432,0,0
0.311342,0.305874,0.378735,0.428471,0.361891,0.542919,0.401727,0.619226,0.444588,0.477512,0.387936,0.31133,0.45837,0.243196,0.3956,0.251372,0.605439,0.510228,0.588592,0.572888,0.708057,0.605582,0.885743,0.73641,0.628409,0.433935,0.70652,0.294956,0.847459,0.297696,0.291408,0.344037,0.296015,0.303123,0.311323,0.488452,0,0
0.311356,0.303177,0.383332,0.431195,0.363432,0.54564,0.401707,0.619241,0.446145,0.480232,0.394062,0.327672,0.456862,0.240468,0.397108,0.251395,0.603911,0.50751,0.588589,0.567455,0.704992,0.58925,0.882686,0.720053,0.628414,0.433938,0.705008,0.29226,0.842861,0.292235,0.29142,0.344043,0.296029,0.300413,0.311357,0.488464,0,0
0.315937,0.305856,0.383332,0.433925,0.363415,0.548384,0.400199,0.632861,0.453784,0.485738,0.390989,0.322223,0.461446,0.24864,0.397102,0.254093,0.610038,0.496606,0.593186,0.559294,0.692758,0.572877,0.87963,0.643739,0.628421,0.431205,0.70655,0.289513,0.841326,0.292227,0.292966,0.344058,0.299072,0.294989,0.3144,0.49113,0,0
0.314394,0.311284,0.383341,0.433965,0.363435,0.551105,0.403237,0.638327,0.455337,0.488463,0.39252,0.322217,0.459903,0.245916,0.397126,0.254083,0.611565,0.491174,0.596246,0.562015,0.688156,0.55383,0.868897,0.600146,0.628418,0.428476,0.706531,0.289516,0.841326,0.29227,0.292966,0.349488,0.299063,0.308602,0.315928,0.491173,0,0
0.314417,0.308612,0.383333,0.431237,0.36342,0.551102,0.400193,0.641025,0.456871,0.488443,0.390985,0.319497,0.458388,0.243212,0.394053,0.251423,0.608507,0.488422,0.59165,0.556544,0.659057,0.502064,0.839794,0.521148,0.626888,0.425768,0.708049,0.284088,0.838262,0.286811,0.294475,0.349488,0.299064,0.311297,0.315929,0.493889,0,0
0.315923,0.305849,0.384876,0.436685,0.363428,0.553816,0.404784,0.643736,0.453779,0.488427,0.398652,0.338548,0.458398,0.243226,0.394039,0.254074,0.605448,0.485692,0.585521,0.548384,0.651394,0.488466,0.827528,0.496626,0.62382,0.425786,0.705008,0.278631,0.833662,0.28679,0.294472,0.349456,0.299055,0.31128,0.315934,0.493923,0,0
0.314409,0.305894,0.380265,0.431235,0.361898,0.55382,0.403261,0.643756,0.449202,0.485689,0.390987,0.327666,0.456843,0.240462,0.392529,0.254082,0.600844,0.48025,0.579405,0.545644,0.649859,0.49388,0.821416,0.502045,0.616167,0.423019,0.694285,0.273196,0.819878,0.281331,0.291451,0.349472,0.294487,0.297714,0.315929,0.491191,0,0
0.312854,0.305852,0.377211,0.431244,0.36188,0.551088,0.403259,0.646454,0.446155,0.482988,0.387927,0.324953,0.455322,0.240486,0.397104,0.251356,0.599317,0.480273,0.579402,0.548371,0.646801,0.504784,0.826013,0.521137,0.61769,0.420314,0.691227,0.273183,0.815289,0.275909,0.291414,0.349467,0.291448,0.303162,0.314415,0.491154,0,0
0.311345,0.30317,0.37873,0.431237,0.361872,0.553844,0.407837,0.643758,0.444597,0.474793,0.387921,0.319486,0.452281,0.232283,0.392513,0.251372,0.597781,0.488414,0.582456,0.556538,0.655993,0.537487,0.850523,0.564743,0.614625,0.42574,0.691228,0.275895,0.816814,0.286779,0.289914,0.349456,0.292952,0.305896,0.312879,0.491157,0,0
0.312848,0.305865,0.378746,0.431224,0.361877,0.553817,0.407831,0.643747,0.441555,0.472109,0.389456,0.319484,0.45381,0.235051,0.394052,0.251372,0.596252,0.493873,0.579394,0.559283,0.669767,0.548401,0.862776,0.578361,0.611572,0.428502,0.694283,0.275914,0.821425,0.294951,0.289924,0.349495,0.294477,0.308566,0.312892,0.491149,0,0
0.314409,0.308618,0.381796,0.431195,0.3619,0.55384,0.407855,0.649212,0.441534,0.474816,0.390984,0.316785,0.45686,0.237758,0.394065,0.254068,0.597776,0.496615,0.577877,0.559297,0.678962,0.570193,0.878089,0.591975,0.6131,0.433913,0.706513,0.289538,0.83214,0.319504,0.292978,0.352166,0.297546,0.308576,0.315936,0.493875,0,0
0.315939,0.311355,0.384853,0.431195,0.361899,0.553844,0.406304,0.651915,0.443068,0.480282,0.392519,0.316755,0.456843,0.2323,0.392517,0.256822,0.602369,0.499323,0.583988,0.562003,0.686616,0.567436,0.881158,0.589253,0.617693,0.433929,0.712662,0.294957,0.844394,0.33039,0.294483,0.35492,0.299062,0.303134,0.315945,0.496597,0,0
0.315944,0.311332,0.384857,0.431218,0.361905,0.559274,0.407847,0.654645,0.446111,0.480238,0.394057,0.319493,0.456855,0.232295,0.394059,0.25135,0.597787,0.502049,0.580927,0.567446,0.680505,0.570181,0.882687,0.578371,0.617694,0.431221,0.724908,0.300398,0.855122,0.371254,0.296023,0.35492,0.300629,0.305863,0.31595,0.499348,0,0
0.314419,0.311329,0.380269,0.433957,0.361907,0.556546,0.407841,0.651924,0.446119,0.480277,0.394057,0.327679,0.449215,0.224102,0.389448,0.254118,0.602374,0.504769,0.585527,0.564744,0.682031,0.567462,0.885758,0.575647,0.619227,0.433949,0.724902,0.300445,0.856654,0.376712,0.29451,0.354924,0.300602,0.30588,0.315936,0.499356,0,0
0.314414,0.3086,0.383327,0.428507,0.361906,0.55382,0.406298,0.64378,0.443086,0.480249,0.395587,0.319503,0.449195,0.224137,0.381807,0.254138,0.602381,0.499328,0.585528,0.564725,0.683559,0.556558,0.884222,0.575602,0.620759,0.431224,0.723386,0.303131,0.852063,0.376739,0.29601,0.349474,0.300635,0.303146,0.317453,0.496588,0,0
0.312862,0.308589,0.383334,0.431195,0.36189,0.553818,0.406298,0.643745,0.441539,0.477556,0.397117,0.322215,0.447671,0.224142,0.381796,0.25685,0.600851,0.502065,0.583997,0.564732,0.686622,0.556564,0.88576,0.575603,0.619229,0.43394,0.721859,0.305846,0.853583,0.379447,0.294477,0.346776,0.299077,0.305851,0.315921,0.493915,0,0
0.311323,0.311294,0.383329,0.43121,0.361902,0.553841,0.407835,0.641006,0.443054,0.47479,0.397115,0.330394,0.444599,0.224111,0.384868,0.254111,0.602378,0.5075,0.585528,0.570167,0.69274,0.556544,0.887291,0.567439,0.620756,0.43396,0.72493,0.311304,0.861235,0.39305,0.292947,0.346752,0.297539,0.30857,0.314393,0.493856,0,0
0.309817,0.311286,0.384869,0.428487,0.361901,0.55384,0.407845,0.641026,0.441554,0.474797,0.400181,0.324941,0.443086,0.221404,0.383326,0.254153,0.600838,0.507515,0.580933,0.567446,0.691214,0.562002,0.884216,0.567454,0.619223,0.436649,0.72798,0.316818,0.862768,0.401257,0.291451,0.34677,0.294506,0.311292,0.312899,0.491209,0,0
0.30981,0.311302,0.384849,0.428471,0.361901,0.551117,0.406295,0.641048,0.443062,0.474782,0.395577,0.319501,0.449189,0.224099,0.384866,0.254124,0.600842,0.507495,0.580936,0.570159,0.691224,0.559286,0.887281,0.564716,0.622287,0.433952,0.73868,0.335811,0.868903,0.428517,0.292945,0.346754,0.294477,0.311317,0.31439,0.491192,0,0
0.309814,0.311303,0.381801,0.428522,0.361905,0.551099,0.404789,0.643728,0.441561,0.474808,0.39253,0.330385,0.447667,0.221412,0.384854,0.254106,0.600844,0.50478,0.582467,0.567454,0.695811,0.562013,0.896472,0.562005,0.620754,0.433935,0.740254,0.338616,0.871961,0.442107,0.292943,0.346768,0.294474,0.313995,0.314414,0.491213,0,0
0.311328,0.305875,0.384872,0.428509,0.361892,0.551118,0.406314,0.643744,0.441543,0.474808,0.397122,0.322239,0.452273,0.224141,0.386396,0.254089,0.603905,0.507518,0.587053,0.567454,0.698879,0.559289,0.904137,0.556549,0.622283,0.433966,0.741777,0.34407,0.876553,0.450273,0.291441,0.346766,0.292947,0.308571,0.315922,0.491196,0,0
0.30981,0.305893,0.386381,0.431224,0.361906,0.553834,0.407814,0.64372,0.438478,0.474836,0.397122,0.324944,0.450742,0.221424,0.386391,0.251436,0.6085,0.504792,0.591659,0.564734,0.698874,0.559296,0.899542,0.556542,0.623824,0.436655,0.743288,0.346782,0.875036,0.450296,0.291432,0.346774,0.291436,0.305889,0.31442,0.491176,0,0
0.308274,0.305859,0.381811,0.428525,0.360364,0.55112,0.406292,0.638286,0.429299,0.463906,0.398647,0.324946,0.450728,0.22144,0.38333,0.254094,0.613095,0.507519,0.594721,0.567455,0.697344,0.55111,0.89954,0.551109,0.626886,0.439383,0.738712,0.354893,0.876562,0.447572,0.291412,0.346771,0.291433,0.308585,0.312891,0.493861,0,0
0.306734,0.308579,0.377222,0.431187,0.36035,0.553846,0.404771,0.638306,0.427758,0.461221,0.392516,0.322217,0.456842,0.235004,0.377219,0.256811,0.611561,0.510241,0.59472,0.570161,0.695804,0.551112,0.893414,0.548399,0.625351,0.439399,0.738697,0.354907,0.87502,0.447546,0.289919,0.346766,0.292953,0.311302,0.312879,0.496598,0,0
0.305211,0.308559,0.377232,0.428506,0.360344,0.553831,0.406295,0.638295,0.427742,0.46121,0.395598,0.32494,0.456841,0.229555,0.38332,0.251359,0.613092,0.512967,0.597784,0.572903,0.695811,0.545668,0.894946,0.545662,0.625339,0.442116,0.735634,0.354935,0.875024,0.439406,0.289874,0.34945,0.291426,0.311351,0.312874,0.496643,0,0
0.305199,0.311294,0.377216,0.431194,0.360349,0.553836,0.403242,0.638299,0.427764,0.461174,0.392526,0.32223,0.455304,0.224148,0.383332,0.251395,0.610035,0.510244,0.594718,0.57016,0.698874,0.540226,0.904138,0.545646,0.623813,0.439388,0.734108,0.357669,0.870445,0.433965,0.288387,0.349481,0.291414,0.314021,0.31287,0.499328,0,0
0.302155,0.308604,0.377203,0.431211,0.360356,0.553829,0.400195,0.638269,0.424725,0.461152,0.390991,0.319491,0.458395,0.226809,0.380279,0.251346,0.603904,0.512959,0.593176,0.572908,0.697358,0.542909,0.901078,0.551136,0.613103,0.442101,0.738707,0.363087,0.882682,0.43667,0.286846,0.34677,0.288369,0.314002,0.311365,0.496628,0,0
0.302159,0.308594,0.375699,0.428523,0.360334,0.553813,0.401712,0.63558,0.426198,0.455765,0.390993,0.319518,0.455313,0.221407,0.380277,0.251373,0.605437,0.512965,0.593181,0.572894,0.698886,0.542927,0.908729,0.556536,0.616161,0.442117,0.740234,0.365845,0.885753,0.436659,0.286824,0.346755,0.288351,0.314026,0.311351,0.496611,0,0
0.302154,0.30315,0.375706,0.428542,0.360338,0.553824,0.401716,0.630126,0.42318,0.455702,0.392517,0.31949,0.444627,0.207819,0.378747,0.25135,0.606968,0.507517,0.593181,0.567449,0.703462,0.548369,0.908729,0.564748,0.62075,0.436657,0.744824,0.373991,0.891894,0.439398,0.286814,0.344021,0.286832,0.305881,0.311337,0.493921,0,0
0.302138,0.303144,0.377198,0.428542,0.360336,0.551124,0.401712,0.630126,0.424674,0.452995,0.392532,0.319495,0.443091,0.207801,0.378747,0.251419,0.606974,0.5075,0.593191,0.56474,0.703475,0.545633,0.91025,0.567461,0.620761,0.436661,0.744833,0.376707,0.896471,0.444839,0.285291,0.344017,0.286798,0.305881,0.31132,0.493887,0,0
0.302157,0.303125,0.378741,0.428473,0.360345,0.551105,0.401703,0.627408,0.426234,0.447553,0.394053,0.32495,0.455321,0.224114,0.378747,0.251404,0.600839,0.51022,0.588588,0.56746,0.703456,0.545664,0.911792,0.570157,0.6131,0.439386,0.744831,0.379445,0.899542,0.442116,0.285293,0.34401,0.286853,0.305884,0.311319,0.493936,0,0
0.302154,0.300444,0.377229,0.428454,0.360367,0.551118,0.401714,0.621946,0.426234,0.447539,0.394059,0.322238,0.450738,0.221398,0.381796,0.251414,0.596244,0.512938,0.582456,0.567473,0.700401,0.545679,0.908731,0.567479,0.611567,0.439379,0.744832,0.384875,0.901058,0.442087,0.285278,0.344004,0.286792,0.311288,0.311331,0.493944,0,0
0.302157,0.303152,0.377201,0.428452,0.360369,0.551103,0.403235,0.616534,0.427754,0.442125,0.394046,0.319493,0.441535,0.207832,0.380268,0.254138,0.594717,0.512976,0.582466,0.570168,0.701941,0.545639,0.910266,0.570166,0.61922,0.439376,0.747903,0.387624,0.904137,0.444826,0.283781,0.344045,0.286839,0.308624,0.311321,0.493879,0,0
0.302163,0.30584,0.375702,0.428483,0.360365,0.55112,0.400187,0.61648,0.427742,0.442131,0.392513,0.319498,0.440024,0.2105,0.383318,0.254091,0.596243,0.510244,0.58246,0.567437,0.70499,0.5402,0.911796,0.567454,0.616164,0.436691,0.749416,0.390347,0.904132,0.447557,0.285284,0.344057,0.288323,0.311271,0.311315,0.496583,0,0
0.302162,0.308608,0.377222,0.428449,0.360364,0.553801,0.403251,0.616463,0.427747,0.436645,0.395582,0.31676,0.441533,0.213212,0.384844,0.251407,0.596253,0.512967,0.582461,0.570169,0.704992,0.542937,0.913316,0.570175,0.617693,0.442094,0.754017,0.395753,0.902595,0.458467,0.285274,0.346763,0.288388,0.305886,0.309826,0.493951,0,0
0.302179,0.311257,0.377198,0.428543,0.360337,0.551133,0.40785,0.616486,0.42624,0.433969,0.394045,0.316785,0.438486,0.210491,0.384853,0.254082,0.599322,0.512961,0.587056,0.57017,0.704999,0.537483,0.913325,0.572866,0.622283,0.439402,0.757079,0.39578,0.901073,0.463915,0.283778,0.352165,0.289893,0.305868,0.309833,0.502048,0,0
0.30368,0.314021,0.375693,0.431268,0.360338,0.551129,0.404781,0.616482,0.429274,0.433968,0.397127,0.333108,0.439997,0.213243,0.386403,0.251433,0.60238,0.510212,0.591641,0.567438,0.706523,0.545646,0.91485,0.578305,0.620759,0.439375,0.760131,0.393094,0.907185,0.469345,0.283776,0.357603,0.289867,0.308554,0.309789,0.507513,0,0
0.303703,0.31401,0.375666,0.431268,0.360343,0.553806,0.406317,0.616532,0.430804,0.439384,0.394055,0.330388,0.440006,0.213238,0.386392,0.25138,0.602376,0.507501,0.591653,0.564724,0.708058,0.545626,0.911795,0.578404,0.625343,0.436675,0.761674,0.395797,0.910244,0.472092,0.285278,0.357608,0.289884,0.305862,0.309783,0.5075,0,0
0.305213,0.314024,0.375671,0.442109,0.36188,0.55655,0.407842,0.616466,0.433865,0.436659,0.392525,0.338548,0.440003,0.215936,0.38641,0.251397,0.610034,0.502071,0.594707,0.564709,0.708059,0.548385,0.908738,0.586507,0.62688,0.436654,0.763205,0.398485,0.914853,0.480258,0.285301,0.357627,0.289873,0.311286,0.309783,0.510221,0,0
0.303701,0.314035,0.375671,0.439391,0.361878,0.55384,0.409376,0.616461,0.4339,0.433969,0.395591,0.33856,0.439998,0.21593,0.389453,0.251398,0.605444,0.504785,0.593182,0.564717,0.705008,0.545672,0.905665,0.591986,0.625345,0.436661,0.766273,0.401206,0.925567,0.49114,0.285292,0.357629,0.289869,0.311305,0.30978,0.510193,0,0
0.305227,0.314005,0.375656,0.44213,0.361888,0.553844,0.412435,0.613774,0.436956,0.433921,0.392528,0.335825,0.4385,0.215956,0.38487,0.251397,0.606967,0.502062,0.593188,0.562005,0.705001,0.545643,0.901081,0.6083,0.625352,0.436656,0.764753,0.401285,0.920979,0.496617,0.285293,0.357595,0.291407,0.311315,0.308288,0.507529,0,0
0.30523,0.311366,0.37417,0.436658,0.360374,0.553825,0.410926,0.613757,0.43696,0.439395,0.378749,0.324934,0.441528,0.221407,0.386384,0.251356,0.610031,0.504782,0.594712,0.562019,0.704994,0.53746,0.897995,0.611062,0.626874,0.436682,0.766266,0.401272,0.920986,0.499361,0.285299,0.35761,0.289905,0.311306,0.308275,0.507483,0,0
0.305196,0.314021,0.374156,0.4394,0.360345,0.553838,0.410903,0.616488,0.444596,0.444856,0.386395,0.324953,0.441547,0.221416,0.387927,0.251365,0.603915,0.504787,0.587061,0.564714,0.695809,0.534771,0.893418,0.619221,0.626873,0.436677,0.766264,0.40395,0.914852,0.49391,0.285293,0.357674,0.289887,0.311304,0.308247,0.507519,0,0
0.306729,0.314056,0.374175,0.444813,0.360373,0.556549,0.412441,0.61379,0.446152,0.442085,0.386386,0.327673,0.441564,0.224099,0.38945,0.251363,0.613094,0.499353,0.594706,0.562005,0.700408,0.534733,0.887268,0.627396,0.629941,0.436662,0.767807,0.401268,0.914855,0.499364,0.285296,0.360354,0.291403,0.311323,0.306749,0.51024,0,0
0.30829,0.316765,0.374129,0.444849,0.361873,0.556567,0.40939,0.61378,0.446153,0.44208,0.37722,0.330404,0.44156,0.224092,0.387927,0.251393,0.606968,0.499343,0.585522,0.567432,0.683549,0.542921,0.835199,0.651922,0.62841,0.436684,0.766284,0.404007,0.91334,0.502046,0.286849,0.36311,0.292949,0.311297,0.308261,0.512915,0,0
0.309801,0.316797,0.374132,0.44754,0.361902,0.56202,0.413966,0.608362,0.44457,0.431193,0.377196,0.335823,0.443082,0.224105,0.389449,0.251432,0.599317,0.502066,0.580936,0.564737,0.666704,0.532028,0.793848,0.657346,0.625353,0.43667,0.769334,0.403943,0.914856,0.512955,0.288357,0.365832,0.294505,0.311345,0.309798,0.51298,0,0
0.309805,0.319542,0.374124,0.444824,0.363412,0.561989,0.413962,0.608299,0.43847,0.420317,0.371071,0.327661,0.441548,0.226812,0.387939,0.25134,0.585524,0.48845,0.573268,0.54838,0.639144,0.515694,0.755561,0.640998,0.599311,0.431236,0.760157,0.395785,0.914856,0.521113,0.288389,0.368532,0.294493,0.311358,0.309786,0.515633,0,0
0.309813,0.322223,0.372596,0.444842,0.361901,0.559272,0.412459,0.602875,0.444573,0.422998,0.369533,0.330408,0.441534,0.224128,0.387935,0.251375,0.580934,0.48569,0.573278,0.534764,0.626878,0.510209,0.758607,0.600123,0.583991,0.428488,0.770861,0.398536,0.910272,0.521147,0.28837,0.371234,0.294481,0.314006,0.308285,0.518361,0,0
0.309797,0.330387,0.372618,0.450258,0.364943,0.562003,0.410895,0.60018,0.459932,0.43664,0.371074,0.341286,0.45073,0.237738,0.384858,0.251389,0.562554,0.477528,0.548766,0.526605,0.577866,0.480271,0.718796,0.52931,0.561015,0.409429,0.76169,0.384884,0.893409,0.532052,0.289874,0.371303,0.294481,0.31679,0.309783,0.515703,0,0
0.30979,0.32767,0.372602,0.442114,0.364962,0.559286,0.410908,0.600171,0.470634,0.439393,0.372608,0.333131,0.4385,0.226822,0.384866,0.251367,0.542639,0.469364,0.527321,0.52114,0.55948,0.482987,0.708074,0.515694,0.545691,0.401222,0,0,0,0,0.289881,0.373969,0.294492,0.316774,0.309801,0.515686,0,0
0.311313,0.319534,0.374112,0.447532,0.366487,0.562007,0.42316,0.586532,0.473721,0.433978,0.374151,0.33583,0.440031,0.226799,0.387919,0.251345,0.565612,0.477556,0.534981,0.532028,0.55947,0.488471,0.708086,0.515691,0.610034,0.428464,0.77544,0.379459,0.855127,0.616484,0.289911,0.371241,0.295998,0.314004,0.30979,0.515718,0,0
0.309813,0.319544,0.374134,0.444815,0.366482,0.559269,0.423172,0.586532,0.475214,0.433939,0.374139,0.333131,0.440034,0.226808,0.387917,0.251327,0.54417,0.469371,0.531921,0.523865,0.570214,0.493864,0.715721,0.523847,0.545711,0.401236,0,0,0,0,0.289918,0.368553,0.292988,0.311346,0.309803,0.515724,0,0
0.311319,0.319513,0.374152,0.442106,0.368001,0.55387,0.423149,0.589272,0.473677,0.425739,0.374153,0.333115,0.441535,0.229534,0.390976,0.248703,0.565616,0.485691,0.551824,0.542916,0.587065,0.496615,0.732571,0.548375,0.576332,0.428488,0.778534,0.401236,0.856651,0.624652,0.291415,0.368551,0.296031,0.316778,0.309812,0.515641,0,0
0.311357,0.322253,0.375687,0.44481,0.369534,0.553856,0.423169,0.591958,0.473728,0.425782,0.377215,0.335828,0.446124,0.232296,0.392508,0.251378,0.594716,0.488455,0.57633,0.540215,0.60391,0.504772,0.741766,0.561984,0.62688,0.43393,0.781581,0.395807,0.856636,0.630106,0.292936,0.368525,0.297551,0.3168,0.309832,0.515688,0,0
0.311347,0.319498,0.377217,0.444807,0.371068,0.559294,0.429288,0.578399,0.478288,0.425797,0.387926,0.335853,0.450724,0.232346,0.394071,0.251312,0.594722,0.48844,0.576329,0.542932,0.62688,0.523843,0.760136,0.570151,0.617692,0.436652,0.781593,0.387614,0.85973,0.619222,0.292939,0.365848,0.299099,0.314035,0.311319,0.515665,0,0
0.311353,0.322219,0.374162,0.43938,0.369547,0.564712,0.423179,0.586531,0.479846,0.43393,0.37108,0.324967,0.449196,0.23502,0.395556,0.248672,0.593184,0.491136,0.576335,0.545665,0.629958,0.529321,0.777,0.581113,0.608501,0.436654,0.780069,0.390331,0.859726,0.616488,0.291435,0.368538,0.299079,0.314017,0.309816,0.515726,0,0
0.311352,0.322223,0.374121,0.436648,0.3665,0.564718,0.421643,0.591993,0.475241,0.433967,0.369556,0.327682,0.447655,0.232309,0.394052,0.248675,0.59319,0.499328,0.576333,0.559261,0.652914,0.564712,0.819889,0.651906,0.603913,0.439373,0.777008,0.390326,0.85972,0.605607,0.289914,0.371288,0.297541,0.308582,0.306746,0.515737,0,0
0.311339,0.324927,0.374161,0.442096,0.368004,0.56742,0.418561,0.600154,0.473717,0.444795,0.374143,0.335847,0.455322,0.245934,0.392532,0.251324,0.599305,0.502043,0.577861,0.559282,0.672842,0.575612,0.842859,0.706396,0.620756,0.444828,0.775434,0.387599,0.859725,0.608303,0.289878,0.373962,0.296033,0.308611,0.308273,0.515699,0,0
0.312851,0.330423,0.374131,0.447546,0.366498,0.564711,0.420105,0.600128,0.475213,0.431189,0.371088,0.338539,0.449191,0.237781,0.392525,0.251351,0.608498,0.515692,0.587056,0.570174,0.711147,0.624675,0.876573,0.799089,0.629953,0.45575,0.76934,0.3713,0.870425,0.581103,0.289917,0.37672,0.297557,0.311351,0.30676,0.518411,0,0
0.312879,0.335809,0.375661,0.444805,0.368,0.562002,0.421635,0.602895,0.473736,0.436652,0.378735,0.338588,0.464506,0.25411,0.394066,0.251368,0.606959,0.52112,0.587055,0.578343,0.724923,0.627398,0.896468,0.790867,0.626879,0.461196,0.770868,0.371271,0.878091,0.570192,0.291439,0.379419,0.299061,0.314031,0.309778,0.521131,0,0
0.312873,0.338567,0.377193,0.44753,0.369559,0.572883,0.426235,0.600159,0.476765,0.444844,0.375664,0.333111,0.462991,0.251385,0.394043,0.254153,0.606962,0.521141,0.588592,0.575642,0.721847,0.611086,0.893418,0.779985,0.625355,0.461193,0.776983,0.373973,0.899541,0.54837,0.292936,0.384902,0.299104,0.314083,0.309787,0.523901,0,0
0.312864,0.341252,0.377198,0.450269,0.37107,0.575655,0.430814,0.591961,0.475262,0.444847,0.375686,0.335824,0.46912,0.254136,0.395577,0.254078,0.60697,0.518404,0.587058,0.572916,0.721851,0.611038,0.890347,0.788132,0.626881,0.458456,0.784643,0.384882,0.913317,0.53748,0.292935,0.39033,0.29908,0.316814,0.309799,0.52927,0,0
0.309822,0.346731,0.375654,0.458441,0.369561,0.575632,0.432351,0.59196,0.476794,0.442095,0.372613,0.335845,0.462975,0.25133,0.39406,0.256818,0.599307,0.518419,0.579406,0.575618,0.714186,0.605622,0.888806,0.777269,0.616165,0.458443,0.789239,0.4013,0.919461,0.52661,0.289926,0.398545,0.296033,0.32498,0.309819,0.531966,0,0
0.309818,0.352185,0.374164,0.463948,0.369563,0.57564,0.435412,0.589246,0.478283,0.439354,0.374144,0.338591,0.459936,0.248696,0.394055,0.26775,0.600835,0.521106,0.580934,0.575636,0.715716,0.608318,0.890334,0.779984,0.617694,0.458446,0.789264,0.412148,0.924049,0.526599,0.289917,0.401223,0.296006,0.330369,0.309816,0.532028,0,0
0.309802,0.352168,0.374168,0.463908,0.369547,0.575652,0.42928,0.589242,0.476783,0.444824,0.37416,0.341281,0.458371,0.248606,0.395575,0.273179,0.602377,0.521129,0.582468,0.575641,0.712656,0.608318,0.890336,0.782708,0.622288,0.458478,0.790772,0.420322,0.927103,0.526563,0.289868,0.401215,0.294488,0.32765,0.309787,0.532036,0,0
0.308268,0.352172,0.374165,0.461206,0.369536,0.575609,0.427745,0.597392,0.476759,0.44479,0.3772,0.338585,0.458385,0.248602,0.395592,0.273195,0.59625,0.518427,0.576352,0.575629,0.711147,0.608327,0.890335,0.77999,0.614634,0.458443,0.790761,0.423054,0.925598,0.526581,0.288382,0.401241,0.292983,0.324976,0.308285,0.532028,0,0
0.309795,0.352227,0.374157,0.463891,0.369544,0.575666,0.430827,0.597404,0.476795,0.442075,0.375663,0.341272,0.456865,0.248586,0.395568,0.275933,0.600837,0.51842,0.577881,0.57563,0.711137,0.60836,0.891877,0.779997,0.617698,0.458448,0.79079,0.428437,0.928649,0.529308,0.28836,0.403994,0.292948,0.3331,0.308253,0.532073,0,0
0.309805,0.352173,0.374165,0.46394,0.369532,0.575654,0.430827,0.594688,0.478302,0.436659,0.378746,0.341312,0.459925,0.248657,0.397103,0.275867,0.596257,0.518434,0.577857,0.575633,0.709624,0.608369,0.888826,0.777258,0.616165,0.458446,0.790785,0.42844,0.928653,0.529292,0.288351,0.404006,0.291438,0.33309,0.30825,0.532062,0,0
0.308285,0.354928,0.374164,0.463942,0.371056,0.575623,0.440023,0.578366,0.489028,0.433972,0.377204,0.344036,0.453786,0.245939,0.394061,0.278623,0.600836,0.518396,0.579405,0.575598,0.709617,0.608363,0.890343,0.771825,0.620754,0.458471,0.790797,0.428446,0.931713,0.529302,0.286828,0.406694,0.289926,0.335821,0.306736,0.537488,0,0
0.308268,0.357587,0.375658,0.461175,0.369544,0.572914,0.435421,0.581069,0.492085,0.442106,0.380268,0.341328,0.452255,0.245946,0.395571,0.278592,0.602382,0.521101,0.580942,0.575642,0.708061,0.608342,0.888803,0.76909,0.622292,0.461169,0.792294,0.42847,0.936291,0.534754,0.286814,0.409404,0.289908,0.335868,0.306741,0.537479,0,0
0.308257,0.357674,0.375692,0.466659,0.371071,0.575642,0.443075,0.575619,0.496662,0.447538,0.380277,0.35218,0.447692,0.24594,0.39407,0.278617,0.602379,0.518387,0.582456,0.575617,0.708064,0.608347,0.890337,0.769095,0.623821,0.455721,0.790806,0.428508,0.933247,0.529311,0.286804,0.412149,0.289876,0.338548,0.303683,0.540185,0,0
0.30674,0.357667,0.375691,0.469327,0.371074,0.578349,0.461453,0.553852,0.498221,0.447566,0.378739,0.346749,0.450729,0.248614,0.394068,0.278613,0.603905,0.51841,0.583995,0.575632,0.708045,0.608276,0.891871,0.771788,0.623821,0.455721,0.790795,0.42851,0.933227,0.532025,0.285294,0.414857,0.288389,0.338541,0.303667,0.540214,0,0
0.303684,0.360342,0.375681,0.472068,0.371094,0.578376,0.466046,0.551119,0.499741,0.450268,0.375669,0.34402,0.455322,0.248668,0.397128,0.275923,0.605434,0.518375,0.587059,0.575588,0.708071,0.605606,0.888824,0.769081,0.623825,0.453015,0.79079,0.431164,0.933229,0.537489,0.282233,0.420325,0.286848,0.338562,0.300633,0.542912,0,0
0.303687,0.360372,0.375671,0.469376,0.372591,0.578368,0.464525,0.553817,0.499761,0.45028,0.374141,0.344039,0.455319,0.248659,0.39407,0.278641,0.603903,0.515697,0.585519,0.572912,0.708062,0.605575,0.890339,0.76908,0.622293,0.453018,0.790789,0.431181,0.93324,0.537476,0.282224,0.423025,0.286848,0.338591,0.300616,0.545655,0,0
0.303675,0.360349,0.375666,0.466651,0.371075,0.578363,0.464516,0.553828,0.501272,0.453003,0.37414,0.34128,0.45836,0.248671,0.394058,0.275925,0.602376,0.515704,0.582456,0.5756,0.708062,0.605579,0.890336,0.763666,0.625352,0.453017,0.790783,0.431177,0.93018,0.540195,0.280722,0.42574,0.286849,0.338619,0.30061,0.548322,0,0
0.303691,0.363107,0.37416,0.466634,0.371069,0.57837,0.462994,0.556536,0.49974,0.447595,0.372624,0.341322,0.458397,0.251311,0.394064,0.275904,0.597771,0.518378,0.57787,0.5756,0.706539,0.602854,0.890342,0.763648,0.619226,0.450301,0.790785,0.431166,0.93019,0.537481,0.283756,0.425734,0.288369,0.341246,0.300619,0.548353,0,0
0.306751,0.360409,0.374123,0.461176,0.371055,0.575655,0.467579,0.551122,0.499767,0.44758,0.372597,0.338586,0.452268,0.248613,0.39253,0.2759,0.599314,0.512974,0.579398,0.570186,0.705003,0.591997,0.884212,0.758172,0.622288,0.450264,0.792303,0.428502,0.931711,0.540208,0.286801,0.423032,0.291405,0.338625,0.30063,0.548332,0,0
0.306751,0.357667,0.374159,0.458453,0.371073,0.575654,0.472179,0.545673,0.501296,0.447605,0.372619,0.34128,0.450754,0.248611,0.394056,0.27318,0.599307,0.512965,0.579395,0.570181,0.700418,0.583791,0.884213,0.755489,0.625342,0.447548,0.792304,0.428482,0.931716,0.540208,0.286816,0.422989,0.291444,0.338591,0.30062,0.542916,0,0
0.308253,0.360398,0.374119,0.458441,0.371075,0.578315,0.469105,0.545647,0.508938,0.442096,0.369554,0.338552,0.450751,0.248602,0.394067,0.273171,0.600849,0.510228,0.580929,0.567449,0.697358,0.578377,0.88422,0.755439,0.625345,0.444861,0.790791,0.425773,0.931694,0.540191,0.288329,0.417602,0.292951,0.338584,0.300603,0.542926,0,0
0.308277,0.363066,0.372614,0.461149,0.371073,0.575668,0.469111,0.542935,0.502823,0.436673,0.366484,0.338588,0.452256,0.248627,0.395578,0.270453,0.602371,0.510233,0.580931,0.564735,0.698886,0.578377,0.882691,0.755426,0.625348,0.447548,0.790775,0.425758,0.930188,0.537487,0.286848,0.420279,0.292962,0.338579,0.299109,0.54294,0,0
0.309781,0.36037,0.374115,0.46117,0.372591,0.575663,0.469107,0.542932,0.507387,0.433977,0.368016,0.338521,0.450731,0.248668,0.3971,0.273151,0.603902,0.510249,0.580943,0.567459,0.700402,0.578385,0.882699,0.755433,0.625351,0.447562,0.79232,0.42579,0.931709,0.537466,0.288331,0.420269,0.29297,0.338606,0.300623,0.542942,0,0
0.3098,0.36036,0.37412,0.46387,0.37258,0.575657,0.467583,0.545663,0.508932,0.439386,0.37107,0.341263,0.450719,0.248665,0.395592,0.273185,0.605443,0.512953,0.583987,0.570174,0.700409,0.578403,0.884214,0.755434,0.626882,0.450283,0.7923,0.425794,0.931697,0.537462,0.288327,0.420288,0.292957,0.338582,0.300611,0.542934,0,0
0.308279,0.360363,0.375654,0.46665,0.372629,0.578334,0.473706,0.537495,0.508945,0.442076,0.372595,0.338595,0.449208,0.248655,0.392531,0.278602,0.606963,0.512936,0.58552,0.567438,0.700411,0.578399,0.882688,0.755427,0.628409,0.450268,0.790798,0.425784,0.93018,0.537463,0.286822,0.422997,0.291428,0.341245,0.300596,0.545611,0,0
0.308276,0.365798,0.374145,0.469353,0.372614,0.578313,0.475238,0.540195,0.50742,0.439359,0.372621,0.344003,0.449195,0.248651,0.392527,0.278628,0.602386,0.510242,0.582472,0.564746,0.698877,0.578365,0.882696,0.752764,0.625356,0.447541,0.790786,0.425752,0.9317,0.534776,0.286809,0.42303,0.291429,0.341265,0.300608,0.545603,0,0
0.305202,0.368554,0.374121,0.46665,0.372596,0.578358,0.475237,0.542913,0.50435,0.436653,0.371086,0.341275,0.446129,0.237745,0.39253,0.27588,0.606971,0.510237,0.588581,0.564745,0.703451,0.575668,0.88268,0.752766,0.628406,0.447561,0.790771,0.423072,0.931714,0.542901,0.283765,0.425783,0.289896,0.341256,0.299113,0.548334,0,0
0.305209,0.365812,0.374129,0.463879,0.372581,0.578358,0.475237,0.537479,0.49974,0.436688,0.372609,0.341292,0.44308,0.229589,0.389475,0.278615,0.608494,0.512964,0.587052,0.570158,0.705007,0.578313,0.882692,0.752769,0.628414,0.450274,0.790755,0.423067,0.930177,0.540207,0.283769,0.425805,0.289869,0.341282,0.299103,0.548395,0,0
0.302148,0.371225,0.374156,0.472067,0.37109,0.578375,0.479834,0.521137,0.495166,0.433951,0.37413,0.346744,0.440017,0.226894,0.389441,0.275884,0.60237,0.510245,0.582462,0.567431,0.704997,0.575664,0.884214,0.752749,0.625342,0.444852,0.790794,0.423053,0.931705,0.54294,0.283775,0.428464,0.288386,0.344024,0.299108,0.545657,0,0
0.302167,0.36037,0.375666,0.469373,0.372592,0.578376,0.479833,0.523839,0.495169,0.433953,0.374147,0.344031,0.440025,0.226906,0.387938,0.275928,0.60237,0.512931,0.582466,0.570155,0.705008,0.578328,0.881148,0.752715,0.623818,0.444848,0.790781,0.42303,0.934758,0.548357,0.283773,0.428464,0.288364,0.344008,0.299109,0.548328,0,0
0.302151,0.365785,0.375688,0.474817,0.37263,0.578382,0.482883,0.526581,0.50129,0.436653,0.374136,0.346737,0.440002,0.226854,0.389472,0.278638,0.605447,0.51294,0.588589,0.567472,0.705015,0.57564,0.882678,0.752718,0.626879,0.447557,0.790758,0.423015,0.931709,0.542955,0.283767,0.428494,0.288354,0.344035,0.300598,0.551092,0,0
0.302151,0.36581,0.377229,0.480241,0.372626,0.578358,0.498204,0.515662,0.510478,0.447557,0.378737,0.352187,0.440005,0.226844,0.386392,0.281356,0.603908,0.512979,0.588583,0.570152,0.703473,0.572932,0.879617,0.750029,0.626888,0.447571,0.790756,0.423003,0.933235,0.548356,0.285273,0.428508,0.288356,0.344041,0.300627,0.551114,0,0
0.302151,0.371234,0.374156,0.469353,0.374156,0.578352,0.510471,0.53204,0.527326,0.472078,0.372602,0.341286,0.436935,0.226819,0.384864,0.275918,0.614622,0.512928,0.594714,0.57015,0.703465,0.572929,0.876573,0.749997,0.634541,0.444859,0.789265,0.417605,0.931698,0.545635,0.285282,0.428525,0.288358,0.346719,0.302138,0.553789,0,0
0.300635,0.365819,0.375667,0.47483,0.374135,0.575642,0.510463,0.545653,0.547238,0.488471,0.372619,0.352176,0.436968,0.224153,0.387934,0.275887,0.614624,0.50207,0.596241,0.56199,0.701934,0.572937,0.876583,0.74999,0.634541,0.439365,0.79078,0.42029,0.928659,0.540229,0.283773,0.431193,0.288351,0.346748,0.300624,0.553771,0,0
0.303692,0.363082,0.375666,0.461184,0.372592,0.570156,0.466044,0.578347,0.544162,0.559265,0.37262,0.346746,0.435432,0.224081,0.387931,0.267738,0.603912,0.504777,0.591653,0.562003,0.705009,0.5729,0.879626,0.75003,0.626888,0.444815,0.789273,0.417574,0.928637,0.54023,0.285279,0.431247,0.288345,0.344052,0.302146,0.553801,0,0
0.303682,0.371281,0.377204,0.461162,0.37263,0.570169,0.466046,0.575582,0.542653,0.551116,0.37567,0.346726,0.435442,0.224083,0.387936,0.270427,0.599309,0.499338,0.583988,0.556546,0.705001,0.572938,0.879623,0.750032,0.619227,0.439394,0.78927,0.417573,0.927114,0.540198,0.285286,0.433957,0.288372,0.346727,0.302157,0.55382,0,0
0.303682,0.373986,0.37568,0.461159,0.37262,0.567463,0.469101,0.570197,0.54265,0.55112,0.372611,0.341327,0.435411,0.22144,0.389448,0.275875,0.597776,0.507507,0.582466,0.559299,0.705006,0.575589,0.876577,0.750021,0.611568,0.444829,0.792328,0.417601,0.927123,0.540205,0.285292,0.431237,0.288354,0.346766,0.302155,0.553797,0,0
0.305207,0.365819,0.375659,0.46119,0.372622,0.567447,0.469116,0.57293,0.542631,0.556539,0.374132,0.344042,0.435398,0.221428,0.387936,0.273205,0.597773,0.50478,0.583992,0.559281,0.705,0.572937,0.876567,0.750031,0.614629,0.4421,0.790788,0.414856,0.927106,0.540236,0.28378,0.431247,0.288334,0.346735,0.300643,0.553778,0,0
0.303685,0.365818,0.37566,0.461169,0.372616,0.567444,0.464527,0.572866,0.542632,0.556596,0.374134,0.344021,0.433858,0.221357,0.387933,0.273172,0.596255,0.499331,0.582464,0.561983,0.704993,0.572912,0.876566,0.752712,0.620757,0.442093,0.793858,0.414835,0.924046,0.540208,0.283753,0.43665,0.28684,0.349441,0.302162,0.553785,0,0
0.305202,0.360373,0.375661,0.458487,0.374142,0.567438,0.472161,0.570179,0.541106,0.559304,0.374125,0.34402,0.433891,0.22409,0.389454,0.267692,0.59318,0.496628,0.577874,0.559271,0.705005,0.575575,0.876561,0.75271,0.611564,0.436677,0.790761,0.40668,0.92556,0.540202,0.282251,0.439414,0.28684,0.34945,0.300631,0.553838,0,0
0.303685,0.374003,0.375691,0.458483,0.375675,0.564731,0.52732,0.578363,0.55029,0.570202,0.372615,0.341283,0.433891,0.224099,0.389446,0.270421,0.594716,0.504781,0.57634,0.55928,0.705002,0.575623,0.87503,0.752745,0.616162,0.439407,0.789243,0.403968,0.924052,0.545625,0.2853,0.444834,0.286824,0.354928,0.302146,0.553869,0,0
0.302153,0.376709,0.375687,0.453037,0.375659,0.564745,0.499745,0.581087,0.528849,0.581056,0.374142,0.338573,0.433883,0.221398,0.389441,0.273161,0.59471,0.496624,0.574808,0.556551,0.705012,0.575667,0.875033,0.755423,0.611565,0.439371,0.789268,0.401266,0.924023,0.545632,0.285308,0.447548,0.286816,0.357618,0.300639,0.556548,0,0
0.302161,0.384864,0.375671,0.466657,0.375666,0.567448,0.484421,0.589274,0.508958,0.591966,0.366482,0.34403,0.436954,0.224104,0.391009,0.270445,0.599304,0.50206,0.579397,0.559291,0.704986,0.575647,0.87658,0.752768,0.619228,0.442121,0.789248,0.398521,0.914862,0.545664,0.286797,0.444877,0.28833,0.357632,0.303665,0.559292,0,0
0.303687,0.384881,0.375693,0.461195,0.375687,0.567439,0.492075,0.597436,0.505886,0.58925,0.369539,0.338598,0.436969,0.224076,0.392506,0.273145,0.608496,0.507509,0.58859,0.564708,0.703474,0.575628,0.878087,0.755452,0.626871,0.444835,0.789266,0.398521,0.91638,0.545673,0.286801,0.444844,0.288355,0.357619,0.302142,0.559264,0,0
0.303675,0.382139,0.375663,0.463894,0.375661,0.564724,0.485958,0.602851,0.496682,0.591993,0.371081,0.341261,0.440019,0.224093,0.392509,0.270407,0.606967,0.510237,0.585521,0.567475,0.701936,0.575607,0.875021,0.755432,0.626869,0.444862,0.789265,0.398521,0.913344,0.542957,0.285307,0.442102,0.288373,0.354876,0.302168,0.556554,0,0
0.303668,0.38217,0.374163,0.463894,0.374161,0.561987,0.479826,0.602863,0.498204,0.597395,0.371071,0.341292,0.441526,0.224132,0.39251,0.267747,0.606968,0.510238,0.585521,0.570153,0.701936,0.572939,0.873507,0.752786,0.62535,0.444858,0.790763,0.398541,0.913321,0.540232,0.285309,0.439415,0.28837,0.354873,0.302141,0.553874,0,0
0.303695,0.376689,0.374159,0.458428,0.374159,0.562003,0.481362,0.600134,0.496681,0.589259,0.368024,0.338605,0.438495,0.224064,0.392518,0.267693,0.60543,0.512926,0.582463,0.57016,0.701934,0.57557,0.875028,0.752705,0.625347,0.447544,0.790775,0.398536,0.913327,0.542907,0.285298,0.442068,0.288361,0.35216,0.302146,0.556522,0,0
0.3037,0.376727,0.374166,0.458477,0.374149,0.562001,0.475242,0.597413,0.493616,0.591958,0.36954,0.338593,0.436954,0.221421,0.391008,0.26772,0.603913,0.51023,0.582462,0.567467,0.698874,0.572864,0.873506,0.752694,0.625345,0.444823,0.789227,0.39582,0.911816,0.545634,0.285313,0.442077,0.28838,0.349486,0.302171,0.556556,0,0
0.305213,0.379389,0.375663,0.46118,0.374138,0.562007,0.473698,0.594703,0.493619,0.589233,0.371077,0.338555,0.436928,0.221419,0.390988,0.273143,0.603909,0.507523,0.58399,0.567473,0.694282,0.57016,0.873487,0.750017,0.62535,0.442106,0.789228,0.395739,0.911782,0.548369,0.286842,0.439401,0.289879,0.349463,0.303678,0.553878,0,0
0.305199,0.379439,0.374165,0.463905,0.374134,0.56471,0.461451,0.589258,0.487503,0.591951,0.369544,0.338567,0.436971,0.224104,0.394054,0.270439,0.603898,0.507495,0.582459,0.564747,0.6943,0.567426,0.871971,0.750006,0.625356,0.44211,0.787709,0.393057,0.908723,0.553828,0.286852,0.43938,0.289903,0.352171,0.302162,0.553868,0,0
0.303669,0.379406,0.375656,0.463914,0.374135,0.564706,0.470647,0.597425,0.479842,0.586523,0.368018,0.338587,0.43694,0.224106,0.392514,0.275891,0.605447,0.510205,0.582473,0.567433,0.694276,0.567433,0.87196,0.750019,0.626889,0.444813,0.786163,0.39032,0.901078,0.572868,0.286835,0.436661,0.289901,0.349478,0.302157,0.553886,0,0
0.303686,0.376689,0.375654,0.466632,0.374146,0.562008,0.482908,0.589229,0,0,0.369544,0.341294,0.436947,0.224086,0.392522,0.275877,0.602381,0.507512,0.580933,0.562024,0.694271,0.564702,0.867362,0.750041,0.623824,0.442118,0.780074,0.387631,0.893431,0.57561,0.2868,0.436655,0.289887,0.349463,0.30214,0.55384,0,0
0.300644,0.373976,0.375672,0.466676,0.37567,0.564708,0.490552,0.564708,0.47983,0.551114,0.371079,0.343998,0.436937,0.224122,0.392522,0.275925,0.600842,0.507501,0.580921,0.564736,0.689668,0.572932,0.861245,0.758219,0.622285,0.43941,0.778538,0.387649,0.890336,0.583799,0.282237,0.428515,0.288363,0.344075,0.299098,0.548374,0,0
0.303672,0.363113,0.375673,0.466621,0.374121,0.564706,0.489022,0.564715,0.467586,0.532025,0.369556,0.341301,0.43693,0.224093,0.392523,0.275926,0.597782,0.507508,0.579401,0.564737,0.682041,0.578347,0.864312,0.771805,0.620756,0.439372,0.780044,0.390364,0.890326,0.58927,0.282223,0.425789,0.288366,0.341296,0.297545,0.542932,0,0
0.305216,0.35219,0.374162,0.463922,0.372597,0.556557,0.430824,0.521145,0.440003,0.485719,0.371076,0.344005,0.438502,0.224096,0.392518,0.27317,0.596248,0.512953,0.576336,0.570185,0.67896,0.621928,0.836733,0.84539,0.623814,0.442107,0.780068,0.393095,0.891877,0.581093,0.283767,0.414864,0.2884,0.335842,0.300613,0.53751,0,0
0.306748,0.352191,0.375676,0.458416,0.371077,0.551118,0.409376,0.556561,0.43387,0.507471,0.37567,0.341263,0.436968,0.224068,0.39099,0.264998,0.600842,0.51294,0.577865,0.572869,0.668251,0.643732,0.827552,0.850827,0.628408,0.442129,0.783131,0.395816,0.893416,0.581114,0.285295,0.406684,0.289897,0.335779,0.302172,0.534792,0,0
0.311342,0.338578,0.387937,0.44759,0.372606,0.551094,0.423149,0.542932,0.440011,0.515652,0.392535,0.333122,0.424719,0.207749,0.375685,0.254095,0.602376,0.515667,0.577873,0.572891,0.646807,0.635566,0.809154,0.848131,0.626884,0.450276,0.789263,0.401216,0.901065,0.578366,0.288355,0.395793,0.292971,0.316744,0.309798,0.532031,0,0
0.312863,0.335772,0.392523,0.452999,0.374132,0.551091,0.43082,0.545661,0.441544,0.526555,0.398658,0.352195,0.412433,0.205048,0.372625,0.251403,0.606977,0.515672,0.580933,0.572905,0.639143,0.62468,0.796903,0.845371,0.631478,0.447578,0.789256,0.401218,0.904146,0.578361,0.289887,0.382165,0.294512,0.311326,0.309833,0.529293,0,0
0.31289,0.313995,0.394064,0.439395,0.374118,0.545669,0.429287,0.562007,0.44921,0.548405,0.410897,0.335859,0.456855,0.202338,0.397117,0.213239,0.608492,0.512983,0.580932,0.570178,0.628412,0.616517,0.786186,0.845362,0.631484,0.450292,0.790787,0.403983,0.908733,0.578312,0.289899,0.365783,0.296034,0.29771,0.309832,0.515647,0,0
0.311361,0.311342,0.392507,0.442099,0.372611,0.548387,0.430825,0.559298,0.44921,0.545672,0.406314,0.33854,0.426218,0.207788,0.395582,0.218686,0.606964,0.512924,0.580933,0.567456,0.628423,0.619222,0.786183,0.842696,0.62842,0.447556,0.790763,0.406699,0.908734,0.578323,0.289881,0.357669,0.29755,0.303119,0.309819,0.510279,0,0
0.309785,0.300419,0.391007,0.425787,0.371082,0.540226,0.423145,0.542951,0.443057,0.526544,0.403237,0.3195,0.412461,0.207744,0.377205,0.248677,0.603898,0.512978,0.577882,0.57287,0.628436,0.613782,0.789249,0.842653,0.626883,0.447578,0.789227,0.412125,0.91025,0.578366,0.286824,0.34673,0.292962,0.28953,0.309804,0.493866,0,0
0.305231,0.292271,0.390992,0.425725,0.371092,0.537475,0.423152,0.534741,0.438466,0.515712,0.401707,0.314059,0.417023,0.205052,0.374154,0.251388,0.605442,0.512957,0.579393,0.572872,0.63147,0.611072,0.790778,0.839921,0.629948,0.447578,0.790765,0.417609,0.910266,0.578373,0.286809,0.341288,0.289895,0.284098,0.309818,0.491112,0,0
0.305232,0.289483,0.392515,0.425767,0.371078,0.532048,0.389453,0.600162,0,0,0.401719,0.314071,0.421609,0.205063,0.377199,0.251367,0.6039,0.515678,0.577874,0.572912,0.636081,0.613768,0.792299,0.834492,0.628406,0.450274,0.790801,0.42578,0.911809,0.58379,0.285288,0.338519,0.288365,0.28409,0.311333,0.485742,0,0
0.306735,0.286793,0.392504,0.425788,0.371074,0.52933,0.390987,0.594682,0,0,0.40324,0.314072,0.42316,0.205078,0.383328,0.24865,0.603901,0.515678,0.579396,0.572913,0.639131,0.611088,0.792321,0.831749,0.626881,0.450287,0.792305,0.428495,0.914853,0.583802,0.28529,0.335839,0.289891,0.281368,0.311361,0.485693,0,0
0.305208,0.286747,0.389456,0.425743,0.369558,0.529298,0.391004,0.589231,0.43233,0.507469,0.398657,0.314048,0.424702,0.207827,0.378731,0.248626,0.602382,0.515676,0.579397,0.572892,0.643743,0.613805,0.798443,0.831745,0.62688,0.450282,0.790793,0.428525,0.916396,0.581068,0.2853,0.3331,0.288345,0.289527,0.311351,0.477557,0,0
0.306731,0.284049,0.391005,0.423062,0.369544,0.529323,0.392529,0.589234,0.432332,0.507506,0.409366,0.314042,0.427761,0.205102,0.372609,0.24868,0.602384,0.515671,0.579409,0.572883,0.646794,0.619242,0.798442,0.831779,0.626884,0.447578,0.792301,0.431225,0.916385,0.578383,0.28681,0.330373,0.288347,0.292242,0.311373,0.474849,0,0
0.306751,0.281317,0.38794,0.423001,0.369535,0.526589,0.39252,0.589252,0.426252,0.512938,0.39713,0.319486,0.43385,0.207821,0.38487,0.229585,0.596245,0.512967,0.574809,0.567453,0.657534,0.611041,0.804563,0.831776,0.620757,0.444844,0.793857,0.433905,0.922506,0.578377,0.288361,0.324931,0.291401,0.289535,0.312847,0.472075,0,0
0.306743,0.27864,0.387915,0.417594,0.369535,0.523869,0.400185,0.55383,0.426229,0.515691,0.398647,0.319493,0.433899,0.210479,0.386409,0.229606,0.596247,0.512962,0.574803,0.570174,0.663648,0.611039,0.803047,0.829024,0.622285,0.444849,0.795389,0.433917,0.920977,0.578378,0.288376,0.319538,0.291404,0.289496,0.311354,0.469302,0,0
0.309798,0.275888,0.3864,0.406728,0.364969,0.52111,0.383328,0.575605,0.430809,0.518383,0.39864,0.316766,0.435432,0.213243,0.387937,0.226897,0.597785,0.515698,0.576322,0.570198,0.672835,0.602885,0.806111,0.826318,0.623817,0.458441,0.778536,0.395767,0.907182,0.561994,0.289899,0.316761,0.291431,0.292224,0.312858,0.46119,0,0
0.311357,0.273241,0.387936,0.404,0.364971,0.521108,0.381804,0.570167,0.433886,0.515696,0.400182,0.308627,0.438461,0.213259,0.394069,0.224139,0.602384,0.518392,0.579403,0.572901,0.67895,0.600141,0.809171,0.826315,0.626893,0.458472,0.752482,0.344027,0.870431,0.507517,0.291443,0.316742,0.294487,0.286766,0.314413,0.461148,0,0
0.31899,0.273233,0.394056,0.406665,0.369541,0.523848,0.387921,0.570183,0.443067,0.507505,0.406307,0.303165,0.444593,0.2241,0.398646,0.226823,0.59931,0.502055,0.57787,0.564739,0.680493,0.586547,0.809152,0.820846,0.617691,0.43397,0.691197,0.275925,0.810697,0.398505,0.297574,0.314074,0.305194,0.273161,0.320541,0.455753,0,0
0.319011,0.275859,0.395579,0.412124,0.371056,0.526596,0.386404,0.570155,0.447677,0.496585,0.4109,0.31133,0.446144,0.2296,0.401709,0.232295,0.600847,0.499321,0.582473,0.559286,0.67743,0.594695,0.806089,0.818115,0.62076,0.431197,0.66363,0.265025,0.780051,0.34131,0.299053,0.31403,0.303682,0.270415,0.319006,0.455709,0,0
0.312871,0.273169,0.389478,0.401264,0.364956,0.521153,0.386383,0.572867,0.44769,0.474826,0.406314,0.300425,0.446143,0.232307,0.387921,0.232345,0.597788,0.49118,0.577875,0.553837,0.66977,0.600131,0.79998,0.812659,0.613105,0.431244,0.65597,0.265007,0.760154,0.343991,0.292952,0.311268,0.291426,0.278609,0.312874,0.450312,0,0
0.309814,0.273129,0.38793,0.412154,0.361904,0.523884,0.384861,0.572905,0.444623,0.466647,0.403255,0.319489,0.438475,0.245926,0.392514,0.232301,0.596245,0.496619,0.576319,0.55384,0.660591,0.591982,0.79845,0.807245,0.613095,0.436693,0.677414,0.270432,0.787727,0.398484,0.289909,0.30587,0.286842,0.278588,0.309769,0.450262,0,0
0.308277,0.273173,0.377229,0.401275,0.358812,0.518439,0.380259,0.586529,0.438491,0.45298,0.398638,0.305882,0.435422,0.229572,0.383324,0.226839,0.593183,0.504792,0.574788,0.564734,0.66365,0.58382,0.793845,0.807233,0.60851,0.444826,0.737174,0.322207,0.858186,0.515657,0.289876,0.303169,0.286856,0.278633,0.305218,0.444845,0,0
0.309815,0.273178,0.380264,0.401265,0.358836,0.521127,0.381789,0.57837,0.444579,0.450269,0.398647,0.303134,0.436964,0.229594,0.387928,0.226828,0.599312,0.502061,0.574804,0.564732,0.669777,0.581082,0.795388,0.804526,0.622283,0.439398,0.781578,0.393036,0.910254,0.575631,0.291417,0.303176,0.28837,0.286761,0.30827,0.444821,0,0
0.320528,0.273118,0.390982,0.395779,0.366473,0.512925,0.413974,0.545639,0.478296,0.455722,0.406316,0.294974,0.449203,0.235059,0.395589,0.226852,0.605445,0.512952,0.582471,0.570189,0.691213,0.564743,0.807631,0.812674,0.629954,0.45029,0.810675,0.44754,0.928654,0.589239,0.299079,0.30317,0.312872,0.24865,0.314416,0.444811,0,0
0.323582,0.273235,0.395597,0.39852,0.372632,0.515672,0.433876,0.553845,0.496681,0.458497,0.409365,0.292242,0.456854,0.248605,0.403251,0.22957,0.619221,0.512966,0.596246,0.572899,0.705001,0.556535,0.809154,0.804522,0.640667,0.447552,0.812227,0.431237,0.927095,0.570154,0.302178,0.308582,0.308248,0.267683,0.320512,0.444841,0,0
0.323578,0.275874,0.401723,0.403994,0.380261,0.529322,0.462985,0.540218,0.521171,0.44754,0.410906,0.294971,0.452251,0.240501,0.40017,0.229567,0.620757,0.50206,0.596256,0.564737,0.71113,0.540186,0.810707,0.804511,0.643724,0.439389,0.810708,0.417609,0.927097,0.556535,0.303678,0.308579,0.306726,0.270459,0.320522,0.44487,0,0
0.322049,0.273142,0.401706,0.406701,0.383331,0.532038,0.458394,0.542944,0.52118,0.428457,0.40937,0.294994,0.4446,0.232314,0.39406,0.226882,0.611573,0.507496,0.591642,0.567454,0.708067,0.542955,0.810677,0.804535,0.634545,0.439408,0.807615,0.42572,0.925591,0.556525,0.302146,0.305891,0.306726,0.270423,0.320519,0.444808,0,0
0.311333,0.27588,0.395584,0.420296,0.375697,0.526569,0.443073,0.526576,0.498199,0.379429,0.401722,0.319485,0.436952,0.226836,0.383335,0.248666,0.606969,0.512973,0.580933,0.572921,0.69583,0.540212,0.804588,0.804487,0.631479,0.444843,0.79845,0.425757,0.928637,0.548386,0.29298,0.311268,0.289917,0.284065,0.314408,0.447545,0,0
0.309816,0.273214,0.39253,0.425729,0.37413,0.521136,0.421615,0.54838,0.482906,0.36584,0.401722,0.32768,0.438459,0.229563,0.384868,0.251403,0.600837,0.51023,0.57786,0.570187,0.694267,0.545658,0.80457,0.80178,0.626884,0.442122,0.792295,0.409411,0.927109,0.515673,0.292961,0.308571,0.291421,0.275903,0.314403,0.444868,0,0
0.309795,0.273206,0.390994,0.412146,0.372606,0.51568,0.400204,0.572908,0,0,0.401708,0.314056,0.441542,0.22686,0.394063,0.251413,0.597784,0.507519,0.576336,0.567453,0.692725,0.551112,0.803045,0.801772,0.626885,0.442105,0.778536,0.376728,0.933234,0.439398,0.292957,0.30855,0.289893,0.275905,0.314388,0.442138,0,0
0.311337,0.273216,0.391017,0.414854,0.372617,0.518425,0.401712,0.575658,0,0,0.401715,0.311308,0.443066,0.224097,0.39559,0.25408,0.610025,0.507519,0.582464,0.567468,0.688157,0.553815,0.803038,0.801783,0.631476,0.442102,0.770855,0.354894,0.917911,0.40396,0.294475,0.308601,0.291421,0.281341,0.314397,0.444834,0,0
0.311346,0.273178,0.394054,0.414885,0.372623,0.523837,0.421618,0.556552,0.475213,0.363127,0.407834,0.314058,0.444585,0.224132,0.398654,0.248657,0.600851,0.499323,0.579396,0.564715,0.683546,0.55654,0.798436,0.796365,0.625354,0.433961,0.760155,0.354914,0.911774,0.393091,0.29296,0.311356,0.289884,0.284037,0.312891,0.450297,0,0
0.311312,0.278592,0.389475,0.423011,0.374123,0.526604,0.423167,0.553847,0.478304,0.371258,0.39559,0.311319,0.446102,0.22141,0.395582,0.24049,0.602378,0.499331,0.579391,0.567446,0.68202,0.559304,0.79845,0.799076,0.628405,0.433971,0.763214,0.368544,0.920981,0.423042,0.291446,0.31402,0.291443,0.270456,0.312875,0.450328,0,0
0.308268,0.284063,0.389453,0.417569,0.37259,0.523843,0.40936,0.570155,0.475245,0.371273,0.394064,0.308605,0.443096,0.210548,0.395572,0.23773,0.597774,0.510236,0.57479,0.5702,0.682019,0.567433,0.799966,0.807217,0.628418,0.439398,0.78771,0.414857,0.934762,0.485725,0.289908,0.316794,0.28833,0.289533,0.311343,0.45573,0,0
0.308289,0.28408,0.389461,0.414874,0.372598,0.521148,0.407841,0.575602,0.475211,0.365824,0.392538,0.305883,0.443048,0.210544,0.395598,0.23505,0.59931,0.515697,0.573269,0.575614,0.680515,0.564739,0.799967,0.807217,0.629954,0.444838,0.786185,0.431181,0.936292,0.510249,0.289909,0.316799,0.289883,0.286798,0.311336,0.455713,0,0
0.308287,0.284088,0.390993,0.425733,0.374125,0.518431,0.407838,0.57287,0.485952,0.346751,0.398655,0.322228,0.444574,0.213249,0.392517,0.248596,0.59931,0.515694,0.576332,0.578353,0.691229,0.553857,0.803053,0.799091,0.625349,0.444842,0.784665,0.417601,0.933241,0.499334,0.289905,0.319494,0.288339,0.292203,0.311309,0.458462,0,0
0.306728,0.28136,0.390999,0.425735,0.374165,0.521153,0.424692,0.534781,0.49057,0.344057,0.395584,0.322224,0.444608,0.213233,0.395593,0.248602,0.608498,0.510224,0.582458,0.570201,0.692772,0.54841,0.804583,0.799054,0.633015,0.439404,0.789238,0.412159,0.931702,0.493895,0.286818,0.324946,0.285309,0.292238,0.309785,0.461174,0,0
0.302146,0.284048,0.390983,0.428445,0.377195,0.521152,0.456854,0.485702,0.495179,0.32223,0.395575,0.330386,0.44307,0.210509,0.389462,0.248612,0.60544,0.515695,0.580935,0.575622,0.695814,0.548378,0.801522,0.799097,0.628427,0.44484,0.789262,0.423026,0.930182,0.496628,0.280716,0.330372,0.279157,0.300415,0.309771,0.463852,0,0
0.302154,0.284066,0.390999,0.42845,0.375699,0.523833,0.466044,0.450276,0.493604,0.314109,0.398649,0.327685,0.441558,0.210504,0.389463,0.251332,0.606972,0.518405,0.580929,0.575637,0.694276,0.548358,0.79998,0.799077,0.631483,0.447572,0.789247,0.417603,0.928655,0.499328,0.28224,0.330363,0.280703,0.300384,0.30979,0.463888,0,0
0.305202,0.278626,0.392515,0.425746,0.374147,0.518418,0.409372,0.542912,0,0,0.403244,0.335857,0.443051,0.221355,0.387917,0.248626,0.606969,0.515685,0.580935,0.572926,0.692738,0.551108,0.798433,0.796346,0.636071,0.439409,0.786189,0.417598,0.931705,0.499317,0.286834,0.316764,0.286816,0.292202,0.309795,0.461139,0,0
0.305196,0.275947,0.389457,0.428448,0.372612,0.515714,0.409364,0.548392,0,0,0.395594,0.341269,0.443062,0.221364,0.384864,0.251341,0.600836,0.518414,0.576343,0.578358,0.691203,0.551079,0.798455,0.79631,0.628409,0.447549,0.787719,0.414877,0.930172,0.502067,0.285309,0.316754,0.27918,0.297666,0.309783,0.455753,0,0
0.302175,0.275892,0.390983,0.420328,0.372613,0.515699,0.409378,0.556551,0.493617,0.349499,0.397122,0.330389,0.446108,0.221448,0.392528,0.251338,0.603909,0.515678,0.579399,0.575602,0.678942,0.55654,0.792326,0.78818,0.629951,0.447552,0.787703,0.417579,0.934764,0.512978,0.2853,0.314041,0.283765,0.281328,0.309785,0.450338,0,0
0.303688,0.275897,0.390981,0.423018,0.372619,0.51569,0.410891,0.556532,0.490573,0.357631,0.394066,0.322211,0.44461,0.221402,0.387932,0.251381,0.602372,0.512941,0.576348,0.572926,0.668243,0.556532,0.784665,0.780009,0.629944,0.442108,0.789238,0.417596,0.933239,0.515703,0.286827,0.314053,0.286839,0.281367,0.309788,0.453055,0,0
0.300641,0.281359,0.390994,0.423016,0.374118,0.518392,0.409366,0.55929,0.485955,0.346749,0.398647,0.319492,0.443051,0.215929,0.383332,0.254123,0.602381,0.512944,0.576335,0.575626,0.65445,0.548404,0.77851,0.755512,0.62842,0.442101,0.789265,0.417573,0.927101,0.529301,0.286804,0.316831,0.282208,0.294946,0.309783,0.461154,0,0
0.300636,0.284062,0.390981,0.42576,0.372623,0.52115,0.413972,0.551123,0,0,0.401711,0.33311,0.440001,0.215929,0.387916,0.248641,0.603908,0.51297,0.577868,0.575621,0.648333,0.551086,0.76934,0.739114,0.62689,0.4421,0.78618,0.414878,0.92559,0.542937,0.283779,0.319544,0.280703,0.289509,0.309777,0.461223,0,0
0.300643,0.284108,0.387944,0.423009,0.372601,0.521106,0.421617,0.540233,0.484452,0.344014,0.394056,0.30858,0.43694,0.210504,0.381805,0.24592,0.599306,0.515669,0.573277,0.581085,0.631475,0.540206,0.761678,0.71733,0.623817,0.444827,0.787727,0.417572,0.91944,0.572901,0.283774,0.324938,0.280703,0.29222,0.308275,0.461224,0,0
0.302151,0.284075,0.389445,0.417597,0.372604,0.515699,0.424683,0.531999,0.492097,0.346753,0.394052,0.308592,0.436929,0.207787,0.383333,0.243207,0.597771,0.515694,0.571736,0.581089,0.626883,0.542911,0.761677,0.711851,0.617698,0.444843,0.787735,0.420272,0.913333,0.575611,0.285292,0.322212,0.282214,0.292232,0.308279,0.463851,0,0
0.30367,0.284097,0.389453,0.423008,0.374165,0.518382,0.43541,0.510206,0.496713,0.341299,0.397115,0.311337,0.43697,0.207802,0.386401,0.240465,0.597787,0.515658,0.573269,0.575645,0.622279,0.542948,0.757098,0.698247,0.619232,0.447559,0.786199,0.412158,0.91179,0.57561,0.286824,0.322208,0.280699,0.294951,0.30978,0.463869,0,0
0.302179,0.286803,0.387932,0.417603,0.375655,0.515658,0.435414,0.510211,0.495167,0.338564,0.394049,0.308602,0.44001,0.207761,0.389455,0.232299,0.587055,0.515668,0.562558,0.578345,0.617699,0.545677,0.757106,0.690094,0.608496,0.444843,0.786197,0.406713,0.910271,0.575589,0.286846,0.319525,0.280695,0.292219,0.309792,0.463848,0,0
0.306754,0.28404,0.387938,0.420333,0.374155,0.512927,0.427766,0.510233,0.493621,0.330386,0.394055,0.316775,0.44152,0.210506,0.392513,0.232297,0.594709,0.504774,0.568678,0.570196,0.611574,0.548373,0.754029,0.676447,0.614628,0.43669,0.787733,0.403936,0.910271,0.57017,0.289886,0.316815,0.286815,0.289484,0.309819,0.461219,0,0
0.306733,0.284101,0.386406,0.425763,0.374121,0.512984,0.439999,0.488435,0.495141,0.322249,0.394041,0.333103,0.438458,0.207774,0.390976,0.243177,0.599311,0.496602,0.576332,0.564745,0.608493,0.551104,0.75249,0.668308,0.622284,0.436644,0.787732,0.401282,0.908736,0.567423,0.289872,0.319471,0.288339,0.286808,0.309813,0.461208,0,0
0.308281,0.286785,0.387926,0.423031,0.37415,0.51567,0.43695,0.502064,0.495128,0.32496,0.39253,0.324944,0.436925,0.207771,0.392515,0.240498,0.596255,0.493905,0.573265,0.567433,0.603896,0.548393,0.750943,0.662832,0.61922,0.43394,0.784636,0.398522,0.905666,0.561978,0.289923,0.316817,0.289904,0.284085,0.309797,0.463885,0,0
0.308282,0.286798,0.387942,0.423058,0.374162,0.51838,0.426225,0.521114,0.493597,0.327677,0.395579,0.322224,0.435437,0.207779,0.386405,0.248626,0.59165,0.496601,0.568678,0.561998,0.6039,0.548374,0.750948,0.660081,0.611567,0.433947,0.783106,0.395796,0.905671,0.559262,0.28991,0.319485,0.286835,0.289531,0.309787,0.463893,0,0
0.308259,0.286815,0.387945,0.428477,0.374142,0.518437,0.426245,0.518393,0.490544,0.324969,0.398647,0.335835,0.43541,0.207778,0.39251,0.248628,0.591646,0.499338,0.571736,0.564745,0.599326,0.55106,0.752495,0.651924,0.610036,0.436668,0.781586,0.393076,0.90261,0.559265,0.289886,0.319535,0.286835,0.289517,0.309769,0.466586,0,0
0.308298,0.286833,0.387914,0.425803,0.374146,0.51841,0.430817,0.512938,0.489018,0.319536,0.394053,0.330404,0.435416,0.207734,0.383329,0.251398,0.593178,0.499325,0.571741,0.564745,0.597799,0.553797,0.750962,0.646502,0.610042,0.436661,0.78005,0.390343,0.904119,0.559267,0.289908,0.322248,0.289889,0.28951,0.308293,0.466574,0,0
0.309791,0.289562,0.387943,0.425803,0.374164,0.521148,0.432342,0.515664,0,0,0.39559,0.330404,0.433892,0.21049,0.386399,0.251389,0.591658,0.499339,0.573261,0.56474,0.600839,0.551077,0.754028,0.646497,0.61004,0.433967,0.77855,0.384896,0.902593,0.556541,0.289898,0.32768,0.28839,0.292251,0.308289,0.469351,0,0
0.308291,0.292226,0.387938,0.428484,0.37416,0.521124,0.426237,0.52114,0,0,0.395576,0.335844,0.433874,0.207791,0.384865,0.254077,0.59319,0.502059,0.573271,0.567452,0.596263,0.551143,0.754032,0.646456,0.613093,0.436648,0.778557,0.384906,0.904132,0.559263,0.289903,0.327696,0.288387,0.294941,0.308277,0.469351,0,0
0.305216,0.292297,0.389447,0.431213,0.374167,0.523846,0.432353,0.507507,0,0,0.395576,0.338544,0.433902,0.210521,0.381794,0.256839,0.594717,0.499329,0.574797,0.564714,0.597798,0.553838,0.749436,0.638312,0.611575,0.433969,0.780044,0.384881,0.901063,0.556591,0.288396,0.33309,0.286798,0.297666,0.308271,0.469401,0,0
0.30521,0.294947,0.389457,0.431218,0.37567,0.523869,0.433877,0.507497,0.484423,0.316799,0.394064,0.338587,0.433885,0.213223,0.381793,0.256834,0.59319,0.502046,0.573271,0.567458,0.594727,0.556545,0.746377,0.635593,0.61157,0.436665,0.778535,0.382208,0.90108,0.559254,0.288391,0.333105,0.286795,0.29767,0.30827,0.472072,0,0
0.302178,0.295015,0.389461,0.433936,0.374146,0.523861,0.42777,0.510225,0,0,0.397119,0.3413,0.432358,0.215947,0.387925,0.254136,0.593178,0.499336,0.568676,0.567439,0.591643,0.55383,0.749431,0.630141,0.613098,0.436642,0.778557,0.384902,0.899537,0.559257,0.288347,0.335793,0.28528,0.297664,0.305227,0.474797,0,0
0.303694,0.294993,0.389474,0.431249,0.374142,0.52387,0.435424,0.491176,0.48289,0.314024,0.400181,0.341323,0.432327,0.215945,0.387928,0.256829,0.596247,0.502052,0.565614,0.575621,0.577882,0.548354,0.743315,0.613775,0.619226,0.43395,0.777027,0.382166,0.894948,0.559309,0.288357,0.333149,0.28682,0.292291,0.305203,0.474822,0,0
0.302165,0.300434,0.387938,0.431209,0.375689,0.523881,0.433882,0.49933,0,0,0.392521,0.341289,0.429291,0.215952,0.386381,0.254137,0.596249,0.496615,0.564087,0.56745,0,0,0,0,0.617696,0.433953,0.775467,0.379468,0.891886,0.567442,0.288373,0.335839,0.285287,0.300421,0.305194,0.480235,0,0
0.303679,0.303142,0.38793,0.428533,0.377222,0.526611,0.441527,0.48569,0,0,0.392507,0.338562,0.429296,0.218647,0.384862,0.256804,0.576332,0.482993,0.551828,0.542916,0.778548,0.382189,0.891892,0.572871,0.59778,0.428483,0.775454,0.382166,0.891867,0.570161,0.289875,0.335876,0.286838,0.300424,0.305197,0.482994,0,0
0.303687,0.308571,0.387923,0.431179,0.377226,0.52659,0.449203,0.447573,0.484431,0.311269,0.394055,0.33856,0.4293,0.218656,0.38333,0.254103,0.564084,0.477544,0.539574,0.537491,0.551817,0.518401,0.712668,0.512934,0.602372,0.417578,0.776988,0.37948,0.88882,0.572925,0.288394,0.338598,0.285281,0.305882,0.303698,0.483002,0,0
0.306742,0.305851,0.387936,0.431205,0.377221,0.526565,0.446154,0.453027,0,0,0.392532,0.341289,0.429286,0.218692,0.381808,0.254125,0.56408,0.477519,0.539569,0.529321,0.550291,0.515708,0.709585,0.496597,0.600841,0.414874,0.77703,0.38213,0.887291,0.57561,0.289909,0.338551,0.286822,0.303164,0.303694,0.485662,0,0
0.305231,0.305839,0.386395,0.428502,0.377198,0.523832,0.447681,0.44757,0.482885,0.303131,0.392515,0.341287,0.429287,0.218689,0.384856,0.254159,0.551831,0.474801,0.530379,0.526595,0.550295,0.510246,0.706547,0.482965,0.559485,0.401227,0.776969,0.379481,0.884237,0.578317,0.291398,0.338525,0.286831,0.303145,0.305208,0.480283,0,0
0.303685,0.300434,0.38639,0.428484,0.377207,0.523851,0.446121,0.469346,0.481362,0.303116,0.389455,0.333115,0.430828,0.215966,0.387918,0.251438,0.55336,0.472093,0.527323,0.532028,0.545683,0.507498,0.708074,0.48301,0.56255,0.401226,0.776969,0.379458,0.884227,0.575658,0.289879,0.335801,0.283743,0.300428,0.305192,0.48295,0,0
0.30676,0.297742,0.386384,0.428442,0.375693,0.518418,0.44308,0.455752,0.478316,0.297659,0.38486,0.324954,0.430824,0.218647,0.387917,0.251428,0.548763,0.472087,0.525781,0.534754,0.544179,0.507527,0.708063,0.482964,0.551831,0.395793,0.776993,0.382141,0.881168,0.57834,0.291417,0.333129,0.288335,0.297667,0.30368,0.480266,0,0
0.305232,0.300393,0.386401,0.428454,0.375699,0.518438,0.427751,0.518418,0,0,0.38793,0.33313,0.430802,0.218692,0.386404,0.254101,0.548764,0.46936,0.522729,0.529311,0.542658,0.51023,0.708051,0.477531,0.550296,0.393065,0.778511,0.382144,0.882676,0.578345,0.289906,0.333147,0.285297,0.292295,0.303673,0.480252,0,0
0.311327,0.300465,0.390975,0.43122,0.372609,0.521128,0.41857,0.529265,0,0,0.398656,0.352192,0.443075,0.232293,0,0,0.585524,0.499334,0.553364,0.56746,0.646809,0.632864,0,0,0.616162,0.420322,0.780076,0.387621,0.878093,0.581052,0.291412,0.341328,0.288366,0.311312,0.309781,0.488424,0,0
0.311348,0.30044,0.39099,0.431241,0.372612,0.521165,0.413968,0.53749,0,0,0.395594,0.357638,0.443068,0.254092,0,0,0.582462,0.496618,0.557951,0.570167,0.648334,0.641001,0,0,0.610031,0.428493,0.786195,0.401205,0.878084,0.578394,0.291419,0.344005,0.291419,0.30863,0.309786,0.488398,0,0
0.311354,0.300422,0.389478,0.436676,0.37412,0.523868,0.412433,0.556536,0,0,0.398655,0.368532,0.39558,0.311333,0.389449,0.297687,0.588585,0.482998,0.564076,0.564725,0.680495,0.632856,0,0,0.608502,0.425758,0.783108,0.39579,0.878095,0.581058,0.291415,0.344,0.291436,0.311256,0.308288,0.488404,0,0
0.311361,0.300455,0.384874,0.447585,0.369555,0.529312,0.410918,0.570196,0,0,0.389474,0.373989,0.398658,0.338599,0.392533,0.303128,0.599313,0.485711,0.568671,0.556552,0.654457,0.654648,0.732579,0.602881,0.623817,0.425757,0.784652,0.395781,0.881145,0.583801,0.291447,0.344063,0.294502,0.30588,0.308295,0.4911,0,0
0.311361,0.300424,0.384878,0.450306,0.369548,0.532041,0.410911,0.572878,0,0,0.390981,0.374016,0.394063,0.341303,0.386405,0.303167,0.599309,0.482998,0.565613,0.551104,0.787718,0.406698,0.876568,0.591973,0.629949,0.428475,0.777005,0.395767,0.879615,0.583805,0.291435,0.346716,0.296003,0.303146,0.309774,0.488501,0,0
0.311307,0.300419,0.381793,0.453002,0.364966,0.542905,0.410873,0.581108,0.403264,0.485722,0.377201,0.374012,0.38334,0.333107,0.377198,0.308569,0.574801,0.485686,0.557959,0.534763,0.640672,0.651907,0,0,0.585526,0.43394,0.786185,0.403989,0.878107,0.58654,0.289918,0.344041,0.294488,0.305876,0.306759,0.491126,0,0
0.311324,0.297718,0.383336,0.444847,0.363443,0.542903,0.409379,0.58111,0.397139,0.485697,0.374139,0.365826,0,0,0,0,0.571745,0.488453,0.556418,0.548361,0.633012,0.643745,0.703481,0.638301,0.597779,0.436644,0.778532,0.395793,0.879634,0.589263,0.289889,0.343989,0.294501,0.303145,0.306739,0.491125,0,0
0.308264,0.295017,0.389463,0.461168,0.371079,0.534773,0.400185,0.39852,0.403263,0.28679,0.403244,0.398511,0,0,0,0,0.579399,0.493897,0.562545,0.556542,0.593187,0.559271,0.770876,0.537502,0.605443,0.439371,0.77241,0.387614,0.879634,0.597445,0.288345,0.341291,0.291434,0.297718,0.306759,0.488449,0,0
0.306727,0.29498,0.384854,0.447566,0.368023,0.542945,0.401716,0.393081,0.401708,0.284053,0.389458,0.379439,0,0,0,0,0.582466,0.4939,0.565612,0.553823,0.590118,0.556563,0.766275,0.55112,0.606978,0.439374,0.775468,0.387599,0.881143,0.597428,0.28681,0.338605,0.289883,0.300403,0.3037,0.488394,0,0
0.306722,0.294966,0.383336,0.447557,0.364963,0.542941,0.40632,0.583788,0.39556,0.488476,0.378741,0.379422,0,0,0,0,0.58553,0.493881,0.567141,0.551114,0.582459,0.564733,0.781584,0.57563,0.608502,0.436677,0.776981,0.387607,0.881155,0.594713,0.285303,0.338598,0.289867,0.297699,0.305207,0.488353,0,0
0.305223,0.292302,0.380268,0.447589,0.364962,0.54022,0.407852,0.583813,0.392527,0.488408,0.380268,0.379436,0,0,0,0,0.582457,0.496624,0.567145,0.556549,0.705003,0.586532,0.809163,0.608307,0.602368,0.439376,0.775454,0.387645,0.87197,0.591961,0.285302,0.338579,0.289885,0.297725,0.305217,0.485733,0,0
0.303703,0.294989,0.380279,0.447578,0.364958,0.540214,0.409327,0.581051,0,0,0.380279,0.379433,0,0,0,0,0.596252,0.502071,0.57481,0.564709,0.680496,0.616517,0.806099,0.687348,0.614632,0.442101,0.776998,0.38764,0.881154,0.589271,0.285298,0.338545,0.288373,0.295037,0.306753,0.485694,0,0
0.305212,0.29499,0.375662,0.450311,0.363423,0.540215,0.409338,0.581092,0.395584,0.480235,0.374149,0.376717,0,0,0,0,0.597776,0.499324,0.576324,0.559283,0.610027,0.575624,0.784665,0.749991,0.616163,0.439373,0.778507,0.387611,0.881147,0.591969,0.286798,0.338528,0.289898,0.295033,0.308266,0.483009,0,0
0.305235,0.292202,0.378734,0.44752,0.364941,0.540197,0.409333,0.578405,0.400169,0.469315,0.378755,0.371249,0,0,0,0,0.608504,0.512946,0.584,0.567461,0.625341,0.594687,0.79844,0.869902,0.631471,0.444827,0.780057,0.393046,0.885766,0.591961,0.288342,0.335826,0.291428,0.292262,0.308264,0.482984,0,0
0.30524,0.289517,0.38028,0.444847,0.36496,0.537502,0.4078,0.581073,0.39099,0.480253,0.375684,0.371298,0,0,0,0,0.608503,0.521124,0.580931,0.58106,0.629952,0.608336,0.806105,0.883555,0.628413,0.458434,0.780074,0.395806,0.887294,0.600127,0.288333,0.335804,0.291413,0.292215,0.308247,0.482962,0,0
0.305201,0.286807,0.381803,0.439359,0.363409,0.53479,0.406311,0.583787,0.392507,0.474837,0.392527,0.354934,0,0,0,0,0.605439,0.518377,0.580938,0.575628,0.655997,0.616472,0.827552,0.864463,0.62688,0.452994,0.778553,0.39853,0.888815,0.602869,0.285286,0.333134,0.286791,0.300407,0.305221,0.474833,0,0
0.305195,0.286761,0.375695,0.44487,0.36342,0.534732,0.403243,0.58921,0.387915,0.485723,0.375679,0.37672,0,0,0,0,0.602386,0.515656,0.580931,0.57289,0.672838,0.619226,0.833659,0.842637,0.623815,0.444853,0.778542,0.398503,0.888809,0.597445,0.282241,0.333148,0.279188,0.308565,0.305203,0.474786,0,0
0.30218,0.286803,0.375685,0.442137,0.361901,0.534734,0.392537,0.390314,0.389468,0.278588,0.378748,0.360352,0,0,0,0,0.603912,0.515667,0.583989,0.572868,0.689689,0.613763,0.859724,0.804496,0.625345,0.447548,0.778522,0.398511,0.888812,0.600144,0.280726,0.333131,0.285275,0.292264,0.303695,0.474812,0,0
0.303688,0.284092,0.381806,0.433937,0.361895,0.532061,0.391002,0.387615,0.38795,0.273191,0,0,0,0,0,0,0,0,0,0,0,0,0,0,0,0,0,0,0,0,0.28375,0.333099,0.28072,0.305882,0.305219,0.472104,0,0
0.303698,0.284098,0.375694,0.433932,0.363408,0.532034,0.40479,0.57569,0.394032,0.466688,0.392523,0.357631,0.426226,0.259562,0.387922,0.243187,0.606976,0.51295,0.583991,0.567473,0.700414,0.613745,0.876563,0.823582,0.626891,0.444833,0.780073,0.401202,0.89034,0.597437,0.283767,0.330419,0.283765,0.300433,0.308249,0.472098,0,0
0.30368,0.284112,0.38485,0.428523,0.361909,0.531995,0.403237,0.572917,0,0,0.392527,0.360365,0.42623,0.25954,0.3864,0.237758,0.606964,0.512942,0.583986,0.567467,0.698871,0.611027,0.86891,0.818133,0.626878,0.44482,0.780074,0.4012,0.888827,0.597428,0.283767,0.330416,0,0,0.308245,0.472048,0,0
0.300615,0.284107,0.375662,0.425791,0.361874,0.526602,0.403249,0.575629,0.387949,0.455733,0.38947,0.338591,0.426229,0.254091,0.389453,0.240466,0.605437,0.510226,0.583989,0.567473,0.698876,0.61102,0.868909,0.812672,0.625339,0.442097,0.780047,0.401209,0.890353,0.600129,0.279198,0.330368,0.277675,0.303137,0.305209,0.469327,0,0
0.303672,0.281387,0.377223,0.425805,0.361897,0.529311,0.390988,0.387594,0.389459,0.256819,0.415495,0.341311,0.429293,0.2514,0.401712,0.218675,0.606969,0.512936,0.584003,0.570149,0.698877,0.611064,0.873494,0.815391,0.626875,0.444819,0.778533,0.401212,0.888831,0.600129,0.283768,0.322242,0.28375,0.292295,0.303687,0.466673,0,0
0.302136,0.284069,0.375666,0.425794,0.361866,0.526597,0.412445,0.581062,0.384818,0.450313,0.417026,0.344031,0.421633,0.224124,0.389456,0.240461,0.605446,0.51297,0.583989,0.570201,0.697351,0.613773,0.865844,0.807233,0.625355,0.442133,0.778539,0.401227,0.891877,0.600125,0.28224,0.322263,0.282225,0.295013,0.302175,0.466692,0,0
0.302137,0.284096,0.37875,0.428488,0.360369,0.5293,0.380268,0.390358,0.378736,0.256829,0.418563,0.346754,0.423145,0.229572,0.387923,0.221418,0.603907,0.515656,0.582464,0.5729,0.695827,0.611056,0.865832,0.80994,0.622286,0.444842,0.780045,0.40123,0.891888,0.597437,0.282236,0.322256,0.280706,0.295004,0.302138,0.466695,0,0
