0.341962,0.207786,0.380265,0.363107,0.297545,0.384885,0.276107,0.548367,0.259255,0.352191,0.464517,0.349456,0.542639,0.425756,0.577883,0.409426,0.504342,0.74457,0.44307,0.758185,0.355759,0.700962,0.524259,0.899875,0.571735,0.698235,0.657534,0.605616,0.767814,0.875372,0.312894,0.194192,0.372609,0.164185,0.283755,0.264985,0.42774,0.25136
0.338912,0.210507,0.374146,0.363087,0.296021,0.38214,0.274565,0.556531,0.262302,0.344021,0.459916,0.349462,0.539571,0.428492,0.57327,0.406684,0.502813,0.730944,0.446133,0.758182,0.346561,0.698244,0.513535,0.88899,0.570209,0.668264,0.642188,0.556529,0.743288,0.823577,0.311321,0.199578,0.366484,0.166889,0.277657,0.267697,0.423183,0.251433
0.335846,0.221365,0.369538,0.376703,0.294495,0.395787,0.273022,0.572855,0.2761,0.384877,0.446142,0.354913,0.533451,0.425775,0.567139,0.390324,0.498218,0.725488,0.436942,0.752743,0.332783,0.698249,0.502807,0.848114,0.55489,0.665551,0.593161,0.480262,0.692752,0.72003,0.308279,0.205093,0.361888,0.177822,0.276107,0.254139,0.421605,0.259571
0.334322,0.221384,0.368019,0.376703,0.280703,0.401246,0.274554,0.570185,0.288359,0.395755,0.444598,0.352202,0.547231,0.395804,0.570205,0.38214,0.482894,0.692797,0.424687,0.730938,0.329718,0.690069,0.49975,0.818138,0.547234,0.660089,0.576344,0.463918,0.680487,0.687335,0.308261,0.207744,0.361871,0.183256,0.274552,0.256857,0.420102,0.265003
0.329716,0.221371,0.364949,0.376723,0.279175,0.403963,0.274549,0.572895,0.288377,0.390326,0.441541,0.354904,0.545701,0.412139,0.570217,0.387637,0.485961,0.679166,0.429285,0.733667,0.323601,0.67099,0.51047,0.788167,0.545699,0.641021,0.57175,0.466648,0.697346,0.63558,0.305201,0.207796,0.358836,0.180491,0.27306,0.25954,0.418549,0.267727
0.326665,0.221376,0.369552,0.384877,0.292953,0.414866,0.273025,0.575672,0.274582,0.393061,0.446143,0.360347,0.545701,0.436649,0.57787,0.387621,0.501272,0.720043,0.450727,0.771811,0.325129,0.68189,0.508935,0.788164,0.551829,0.660103,0.579389,0.482996,0.723373,0.632841,0.302147,0.210513,0.360331,0.185948,0.276095,0.273154,0.413978,0.27045
0.323566,0.224164,0.363423,0.376731,0.286837,0.395813,0.266916,0.578308,0.26081,0.379448,0.443063,0.360356,0.548762,0.493881,0.56255,0.436664,0.438477,0.665548,0.37108,0.679166,0.33891,0.714595,0.484431,0.859,0.545696,0.619223,0.61922,0.559286,0.778533,0.717311,0.296036,0.218667,0.351159,0.19141,0.266904,0.278611,0.409342,0.273191
0.32356,0.237769,0.358826,0.382155,0.286832,0.401227,0.266909,0.57832,0.260777,0.379446,0.441533,0.365815,0.553361,0.480256,0.562546,0.433951,0.449197,0.649196,0.378735,0.662829,0.360356,0.766359,0.492084,0.99525,0.513532,0.619226,0.62688,0.662828,0.786191,0.823581,0.296034,0.22688,0.351169,0.207759,0.269985,0.2841,0.407811,0.284043
0.348126,0.286761,0.387944,0.431221,0.317459,0.463905,0.292962,0.641015,0.27612,0.477552,0.464514,0.403944,0.542641,0.534766,0.590129,0.491179,0.489021,0.796331,0.432347,0.815412,0.346574,0.706411,0.50281,0.948926,0.545696,0.760918,0.640674,0.728214,0.758616,0.995255,0.320518,0.273156,0.375667,0.259534,0.288329,0.335857,0.423175,0.316792
0.349644,0.278649,0.39251,0.431187,0.317466,0.461189,0.299087,0.63827,0.289911,0.51294,0.470641,0.401256,0.545696,0.523874,0.596245,0.502071,0.489018,0.785443,0.433881,0.812687,0.341984,0.662852,0.49056,0.872631,0.5457,0.747294,0.62995,0.662785,0.741756,0.910766,0.322046,0.270435,0.378754,0.254084,0.288375,0.333117,0.424721,0.311322
0.351148,0.27318,0.384871,0.428501,0.292955,0.458452,0.299096,0.619203,0.302147,0.57016,0.472182,0.401288,0.542637,0.499323,0.596256,0.480246,0.504346,0.788162,0.456851,0.839932,0.335834,0.646492,0.48443,0.700963,0.553368,0.720041,0.594697,0.54839,0.724918,0.72822,0.323619,0.254084,0.37417,0.226901,0.291413,0.31412,0.429293,0.297691
0.351149,0.265019,0.375694,0.420304,0.294498,0.439386,0.297548,0.611022,0.325145,0.518404,0.469119,0.401222,0.548764,0.482989,0.611548,0.488476,0.478299,0.722774,0.368017,0.676446,0.3435,0.68461,0,0,0.545696,0.67917,0.590105,0.529266,0.714186,0.679169,0.325123,0.248687,0.377201,0.224129,0.29144,0.30586,0.430808,0.292232
0.348099,0.243198,0.375674,0.406697,0.29448,0.431189,0.288351,0.553816,0.358806,0.404013,0.464512,0.376705,0.544167,0.551111,0.585534,0.433953,0.475245,0.706415,0.42009,0.728222,0.38486,0.728212,0.487491,0.993889,0.534975,0.660089,0.634545,0.57291,0.761674,0.796336,0.322031,0.229628,0.37721,0.20229,0.288345,0.294971,0.423184,0.284032
0.341976,0.226848,0.378726,0.376736,0.291434,0.395797,0.273057,0.526582,0.355773,0.379435,0.462986,0.349449,0.531915,0.463911,0.571734,0.401267,0.478296,0.687345,0.42315,0.714597,0.387933,0.829033,0.384863,0.978897,0.53191,0.651919,0.651383,0.69007,0.777,0.924401,0.314408,0.22136,0.372611,0.183261,0.28531,0.275905,0.421641,0.262263
0.346562,0.218685,0.381798,0.365833,0.294482,0.382137,0.268455,0.521146,0.311359,0.333111,0.459933,0.360377,0.530385,0.482996,0.574795,0.382168,0.473699,0.711861,0.415501,0.739111,0.403247,0.856279,0,0,0.527324,0.67644,0.655998,0.801778,0,0,0.319001,0.207792,0.375666,0.196872,0.286842,0.262264,0.426228,0.2677
0.354221,0.229627,0.378747,0.382155,0.315941,0.398485,0.273037,0.52659,0.292985,0.316805,0.462987,0.371289,0.527321,0.529297,0.574803,0.417599,0.47218,0.714591,0.413963,0.74457,0.417033,0.88354,0,0,0.527328,0.676452,0.668239,0.793597,0,0,0.326662,0.224072,0.384842,0.213258,0.299106,0.264984,0.43233,0.281366
0.372602,0.237736,0.387928,0.382179,0.311328,0.39308,0.276115,0.537471,0.274583,0.333122,0.469118,0.379431,0.548758,0.5402,0.596236,0.469352,0.475241,0.728214,0.417031,0.750019,0.409368,0.878089,0,0,0.533446,0.703681,0.674378,0.760935,0,0,0.343491,0.218696,0.400174,0.22137,0.297544,0.270431,0.441559,0.275868
0.375681,0.226838,0.397104,0.382149,0.319002,0.393075,0.276122,0.542952,0.276117,0.333091,0.475251,0.373993,0.544169,0.556558,0.594707,0.472086,0.492091,0.752743,0.427756,0.769083,0.389454,0.872627,0,0,0.550289,0.717313,0.671304,0.722763,0.772401,0.995258,0.346585,0.207827,0.406305,0.2105,0.299102,0.270437,0.444578,0.267733
0.383316,0.218675,0.400176,0.382206,0.323589,0.401226,0.276095,0.570146,0.292953,0.40123,0.478316,0.373982,0.544163,0.526602,0.596259,0.482972,0.492085,0.782706,0.432352,0.818139,0.345026,0.790899,0,0,0.544165,0.736392,0.637605,0.57292,0.724925,0.856271,0.351182,0.202284,0.409396,0.202304,0.302165,0.273153,0.446106,0.265019
0.378727,0.21865,0.391005,0.379452,0.309804,0.395777,0.276123,0.583822,0.29754,0.450302,0.47372,0.371287,0.541098,0.499335,0.591651,0.46119,0.484429,0.741844,0.424692,0.760917,0.325112,0.750023,0.450727,0.99525,0.541103,0.703692,0.608524,0.521107,0.709594,0.750023,0.349622,0.199568,0.409351,0.202312,0.299092,0.278644,0.443073,0.26775
0.372586,0.224151,0.389449,0.379435,0.308275,0.382188,0.27611,0.581096,0.292941,0.423049,0.467589,0.374006,0.530378,0.472087,0.580944,0.433923,0.478304,0.70914,0.418562,0.736391,0.306731,0.662804,0.450731,0.856279,0.534978,0.676442,0.577858,0.488431,0.689694,0.621954,0.340445,0.185959,0.398631,0.205061,0.291421,0.273179,0.433875,0.270477
0.371071,0.199596,0.383328,0.379447,0.309807,0.406683,0.274562,0.572885,0.288369,0.384907,0.462986,0.360366,0.525785,0.458463,0.574808,0.442125,0.46911,0.67917,0.406307,0.706415,0.296033,0.651938,0.427747,0.831763,0.525783,0.657363,0.587061,0.526581,0.726441,0.621963,0.329726,0.185972,0.374148,0.156001,0.286817,0.278632,0.424684,0.226858
0.361887,0.188738,0.37566,0.368525,0.297552,0.39307,0.271493,0.556555,0.274584,0.349474,0.456868,0.344027,0.525784,0.409408,0.580911,0.409438,0.470641,0.725494,0.412439,0.75001,0.312875,0.649208,0.438469,0.910798,0.525785,0.692788,0.613095,0.695512,0.766278,0.91623,0.326646,0.177793,0.381804,0.147821,0.27613,0.256826,0.42163,0.194162
0.363409,0.177811,0.380273,0.365818,0.302149,0.387614,0.26998,0.542934,0.262321,0.327673,0.46145,0.344039,0.567145,0.433939,0.60391,0.4203,0.453793,0.676445,0.401711,0.714593,0.334321,0.687336,0.446135,0.993888,0.519659,0.65737,0.605434,0.796324,0.734106,0.993887,0.326652,0.166898,0.386398,0.134211,0.282243,0.26227,0.424707,0.177812
0.375677,0.183244,0.3864,0.382176,0.311343,0.40126,0.273035,0.532057,0.250056,0.316809,0.453794,0.349476,0.542644,0.384875,0.613096,0.338535,0.490555,0.766362,0.424688,0.774538,0.366485,0.717312,0.470642,0.993891,0.548761,0.720043,0.62535,0.807232,0,0,0.335843,0.180504,0.378743,0.136911,0.297529,0.292225,0.423176,0.164187
0.409381,0.191414,0.398659,0.382165,0.323587,0.406693,0.286843,0.562011,0.266904,0.371281,0.472157,0.35761,0.542638,0.431206,0.602377,0.480241,0.495153,0.755463,0.441538,0.763641,0.352697,0.649209,0.470644,0.924408,0.548764,0.725487,0.642203,0.703707,0.715728,0.995255,0.372576,0.183263,0.410917,0.1669,0.31136,0.294937,0,0
0.412433,0.180541,0.403242,0.393072,0.326657,0.401262,0.289878,0.564707,0.276107,0.401244,0.47216,0.357632,0.538041,0.442117,0.57941,0.485696,0.504344,0.747292,0.449195,0.77181,0.332792,0.638291,0.469105,0.875366,0.556421,0.698237,0.623832,0.624684,0.714182,0.89988,0.372624,0.169612,0.409383,0.15869,0.312899,0.289548,0,0
0.410917,0.172379,0.3956,0.376735,0.32053,0.398492,0.285306,0.562024,0.273059,0.431209,0.470628,0.349473,0.530372,0.458466,0.556409,0.463902,0.482898,0.706417,0.429289,0.782719,0.305212,0.616518,0.464513,0.728233,0.533444,0.660092,0.594711,0.523854,0.683566,0.750017,0.372615,0.166898,0.403242,0.142374,0.312878,0.286816,0,0
0.40781,0.177784,0.387929,0.376731,0.311341,0.398492,0.277635,0.559291,0.268448,0.390328,0.459916,0.346769,0.528857,0.447572,0.559479,0.44755,0.492088,0.747283,0.44001,0.793614,0.311337,0.619219,0.459923,0.624672,0.539575,0.681896,0.582475,0.518411,0.666703,0.71459,0.368001,0.166938,0.398647,0.150537,0.30827,0.286803,0,0
0.386404,0.180502,0.374127,0.371269,0.294501,0.38491,0.259257,0.518417,0.242416,0.300443,0.446141,0.344026,0.524255,0.472082,0.545706,0.406684,0.498213,0.668269,0.473708,0.741836,0.576334,0.581067,0.709604,0.706413,0.525788,0.602874,0.583993,0.570175,0.704999,0.681896,0.337377,0.166915,0.38332,0.15327,0.294467,0.294995,0,0
0.392522,0.19417,0.358831,0.349472,0.286826,0.376735,0.243945,0.450278,0.219428,0.401244,0.43235,0.316798,0.531903,0.341275,0.547238,0.16148,0.449203,0.679172,0.39099,0.70642,0.397121,0.790885,0.440007,0.993885,0.510472,0.654643,0.600839,0.75002,0.711127,0.995251,0.355757,0.166948,0.394049,0.161457,0.291437,0.281375,0,0
0.406297,0.229579,0.371073,0.371278,0.297561,0.395808,0.251609,0.466639,0.257731,0.300418,0.447659,0.346732,0.513524,0.303149,0.556426,0.161423,0.462981,0.709141,0.401716,0.73367,0.404781,0.829036,0,0,0.524252,0.665552,0.62535,0.750025,0,0,0.369546,0.205086,0.409406,0.194159,0.300624,0.292206,0,0
0.407844,0.232342,0.363439,0.379445,0.283772,0.395791,0.280708,0.512926,0.337388,0.35763,0.446125,0.349488,0.51506,0.338603,0.570221,0.262277,0.475244,0.747287,0.413967,0.790887,0.386394,0.81542,0,0,0.531911,0.698242,0.625356,0.711859,0.720324,0.995258,0.37258,0.210512,0.410909,0.202293,0.303681,0.297732,0,0
0.407845,0.218677,0.386381,0.371284,0.29602,0.401242,0.292969,0.559268,0.337377,0.616513,0.466053,0.344009,0.539576,0.439369,0.603909,0.502072,0.484432,0.681888,0.432347,0.722759,0.368022,0.736396,0.501276,0.995251,0.53957,0.657362,0.61923,0.578349,0.714191,0.848116,0.371063,0.20229,0.409404,0.186031,0.305196,0.295007,0,0
0.407823,0.210544,0.394037,0.382161,0.300619,0.409408,0.279175,0.540207,0.294489,0.600156,0.473688,0.363093,0.553361,0.512964,0.574807,0.48299,0.482894,0.706421,0.429291,0.728214,0.363428,0.695533,0.493606,0.981632,0.538045,0.660104,0.605435,0.54292,0.708086,0.771799,0.366486,0.199637,0.407851,0.183285,0.305198,0.300426,0,0
0.392521,0.232283,0.384865,0.382204,0.300627,0.412143,0.280699,0.55928,0.262338,0.523861,0.45993,0.360381,0.551835,0.472099,0.62229,0.493864,0.478301,0.706419,0.426221,0.733667,0.341986,0.638324,0.473707,0.902604,0.528855,0.660095,0.590116,0.499341,0.689679,0.684624,0.355772,0.215945,0.398675,0.199581,0.296007,0.308617,0,0
0.386383,0.229562,0.386382,0.379476,0.311328,0.406714,0.274597,0.553856,0.265388,0.458457,0.455334,0.357638,0.534987,0.436669,0.608524,0.442116,0.498213,0.709149,0.449201,0.750008,0.325141,0.61924,0.458402,0.878078,0.534972,0.662823,0.5886,0.493888,0.683553,0.687333,0.351182,0.210545,0.395591,0.196904,0.289918,0.303146,0,0
0.374136,0.221409,0.383326,0.36853,0.314401,0.390357,0.269987,0.526565,0.263859,0.395786,0.449205,0.344052,0.577859,0.444835,0.59472,0.349461,0.478305,0.668276,0.423157,0.700964,0.306751,0.616509,0.43848,0.845394,0.53038,0.635579,0.602384,0.518399,0.734102,0.703705,0.345044,0.205053,0.37567,0.177809,0.292949,0.284085,0,0
0.372615,0.207788,0.372618,0.357625,0.303692,0.384892,0.265387,0.523848,0.259269,0.398527,0.440019,0.338555,0.515064,0.393052,0.582458,0.335847,0.476766,0.665541,0.420094,0.698244,0.305206,0.621966,0.440006,0.850845,0.527313,0.638302,0.603911,0.567444,0.764744,0.736398,0.329714,0.186025,0.368018,0.153269,0.283771,0.28408,0,0
0.371072,0.196887,0.369538,0.357622,0.299086,0.395783,0.263846,0.545665,0.262322,0.42847,0.433887,0.327665,0.510484,0.37673,0.582478,0.341332,0.449197,0.630125,0.395588,0.662821,0.322052,0.651911,0.473711,0.935302,0.502807,0.586531,0.617689,0.703698,0.755548,0.929849,0.323614,0.180549,0.36495,0.147833,0.276091,0.28409,0,0
0.363415,0.185995,0.361874,0.360377,0.276114,0.401243,0.26385,0.556565,0.276117,0.450259,0.430818,0.333103,0.515066,0.379402,0.583995,0.349492,0.427753,0.619216,0.368013,0.657371,0.345036,0.720026,0.473704,0.995249,0.490555,0.57836,0.605435,0.709151,0.735641,0.948931,0.317477,0.180547,0.357299,0.139666,0.276129,0.289535,0,0
0.369537,0.188713,0.369539,0.368538,0.280702,0.403939,0.273045,0.578376,0.306755,0.504796,0.447663,0.341317,0.525797,0.406715,0.590112,0.403998,0.455332,0.67099,0.39559,0.700978,0.351172,0.766356,0.472165,0.995256,0.518125,0.649199,0.626884,0.643735,0.695815,0.932586,0.32818,0.185975,0.381811,0.164152,0.283777,0.297675,0,0
0.372619,0.188713,0.372607,0.373964,0.285299,0.403948,0.274571,0.597431,0.306737,0.526613,0.450738,0.344031,0.528846,0.433952,0.590119,0.45847,0.453794,0.665554,0.397119,0.698243,0.34809,0.739116,0.479835,0.995256,0.513538,0.643748,0.614635,0.581072,0.648337,0.878097,0.334307,0.183292,0.383331,0.164156,0.286841,0.297685,0,0
0.375693,0.188702,0.381794,0.379409,0.291424,0.40941,0.274579,0.59198,0.317475,0.542922,0.46145,0.349495,0.542627,0.504783,0.588595,0.461193,0.475244,0.673717,0.426218,0.709148,0.323592,0.627394,0.450736,0.867173,0.525779,0.638293,0.588591,0.499334,0.577872,0.760907,0.338912,0.185969,0.386402,0.161507,0.292963,0.305857,0,0
0.374169,0.18872,0.377222,0.376689,0.291422,0.412137,0.273028,0.589249,0.314405,0.515671,0.458377,0.344037,0.531911,0.480257,0.571755,0.453016,0.472178,0.635567,0.407846,0.654647,0.314415,0.608349,0.449195,0.829036,0.525782,0.597431,0.576334,0.496599,0.551822,0.722763,0.335863,0.188699,0.38487,0.164137,0.291447,0.30857,0,0
0.36342,0.191419,0.375688,0.376688,0.288356,0.406682,0.273062,0.589235,0.297552,0.439409,0.455335,0.344004,0.525786,0.485719,0.554883,0.436664,0.466048,0.752738,0.417027,0.788164,0.306748,0.613774,0.475239,0.730934,0.518128,0.632843,0.580928,0.504785,0.544172,0.752729,0.323618,0.19415,0.375652,0.164153,0.286837,0.311297,0,0
0.349627,0.194191,0.360353,0.335843,0.289894,0.363107,0.259249,0.488381,0.259243,0.273191,0.432338,0.30587,0.522735,0.368554,0.52885,0.210501,0.440011,0.627396,0.372608,0.651927,0.392517,0.818141,0.426219,0.992524,0.502809,0.5838,0.596244,0.624668,0.747893,0.668267,0.311328,0.185985,0.357305,0.142394,0.269985,0.251373,0.395577,0.15874
0.348114,0.194191,0.363414,0.344006,0.286835,0.390327,0.260805,0.482984,0.269989,0.26774,0.435414,0.305868,0.524241,0.365803,0.541096,0.202337,0.443069,0.649196,0.375677,0.665547,0.389457,0.804514,0,0,0.50281,0.616506,0.623819,0.758189,0.769339,0.929856,0.309817,0.18871,0.354232,0.142366,0.274581,0.275888,0.392518,0.158729
0.358835,0.196875,0.375682,0.344013,0.309805,0.379453,0.269978,0.504764,0.276098,0.286799,0.446139,0.314008,0.527329,0.349493,0.57019,0.240487,0.464514,0.698246,0.401716,0.722765,0.395584,0.790888,0.476772,0.993885,0.525781,0.662826,0.631474,0.771819,0.790783,0.99525,0.323617,0.19144,0.375654,0.16962,0.289881,0.267714,0.407838,0.207815
0.366476,0.202317,0.37721,0.357631,0.309804,0.398538,0.274568,0.529298,0.274555,0.316794,0.447676,0.316791,0.53343,0.368551,0.574807,0.286782,0.45533,0.662815,0.397112,0.69551,0.390998,0.790893,0.498215,0.993886,0.5166,0.632845,0.639134,0.779995,0.781594,0.995252,0.32819,0.199583,0.38026,0.180535,0.28224,0.284057,0.412428,0.2105
0.368026,0.188733,0.378729,0.363077,0.305225,0.403954,0.27611,0.567456,0.271498,0.404,0.455329,0.322229,0.53039,0.406699,0.582453,0.401213,0.472178,0.665541,0.42009,0.698239,0.348099,0.720043,0.52733,0.943492,0.525795,0.643752,0.637607,0.714584,0.746366,0.968009,0.326681,0.188721,0.380257,0.164209,0.28529,0.292239,0.420058,0.226895
0.36649,0.185978,0.380268,0.365846,0.306744,0.403965,0.274594,0.572866,0.271526,0.423025,0.458366,0.335827,0.531924,0.428509,0.576334,0.442123,0.476765,0.717321,0.421624,0.728218,0.335838,0.665545,0.496678,0.88081,0.538043,0.676447,0.62995,0.662832,0.743297,0.932581,0.326654,0.185998,0.377207,0.161496,0.279183,0.289547,0.420078,0.22678
0.357295,0.188725,0.384846,0.368552,0.31286,0.40126,0.26539,0.553804,0.276087,0.403944,0.45532,0.338549,0.531905,0.439385,0.577868,0.403941,0.487494,0.706413,0.426217,0.730941,0.300617,0.635593,0.44767,0.831752,0.542635,0.651927,0.593196,0.548362,0.708061,0.766364,0.32205,0.191403,0.372634,0.16421,0.285286,0.289524,0.4094,0.22408
0.35269,0.191466,0.378731,0.363092,0.311323,0.401211,0.263859,0.551058,0.274578,0.398476,0.44767,0.330417,0.530372,0.431254,0.574804,0.341308,0.453793,0.621955,0.398653,0.65464,0.296013,0.662844,0.462984,0.820873,0.50894,0.589255,0.573279,0.518392,0.682018,0.709128,0.300626,0.185986,0.372624,0.169643,0.282233,0.292267,0.407816,0.218645
0.341981,0.210492,0.369546,0.34676,0.299086,0.384897,0.253122,0.521114,0.263872,0.360387,0.440003,0.319501,0.534981,0.482984,0.524258,0.414851,0.444603,0.632855,0.378734,0.662826,0.368021,0.769086,0.462985,0.993886,0.501279,0.597429,0.599313,0.570171,0.741761,0.706433,0.30215,0.202324,0.345037,0.16143,0.27613,0.286802,0.387936,0.169625
0.348089,0.210541,0.358822,0.335855,0.291433,0.368552,0.240887,0.488419,0.247006,0.30862,0.426238,0.305876,0.476782,0.360374,0.505876,0.363079,0.43235,0.583805,0.371081,0.630125,0.400184,0.834477,0,0,0.498209,0.553824,0.60697,0.665556,0.755555,0.858998,0.309804,0.194174,0.348115,0.155983,0.268466,0.259543,0.381797,0.161457
0.346552,0.205065,0.345049,0.341341,0.274559,0.374,0.227091,0.436628,0.222486,0.240482,0.418564,0.314021,0.49667,0.349479,0.557963,0.357655,0.430821,0.662819,0.372617,0.698238,0.406306,0.839942,0,0,0.496677,0.62467,0.620753,0.758201,0.767806,0.99525,0.311333,0.194182,0.355753,0.161437,0.263841,0.294988,0,0
0.351178,0.207821,0.349621,0.349475,0.277633,0.382144,0.239329,0.444872,0.233211,0.256859,0.421615,0.32223,0.499738,0.349448,0.577883,0.338563,0.440008,0.657375,0.378737,0.706413,0.397124,0.837213,0,0,0.501281,0.632846,0.616159,0.766359,0.76934,0.995251,0.31289,0.205087,0.351163,0.161464,0.266924,0.305886,0,0
0.358824,0.218655,0.372584,0.368524,0.299085,0.403981,0.256197,0.537461,0.274558,0.406684,0.441531,0.33856,0.515065,0.363093,0.594731,0.34402,0.450737,0.676446,0.390994,0.717318,0.384857,0.826317,0,0,0.513536,0.646476,0.631485,0.739112,0.744845,0.995265,0.322073,0.210502,0.372629,0.188668,0.277644,0.308552,0.406281,0.224128
0.36036,0.213232,0.361901,0.379425,0.277633,0.417595,0.271508,0.583785,0.291411,0.496599,0.443054,0.341324,0.518138,0.379397,0.594715,0.382147,0.453792,0.670992,0.392527,0.709144,0.368012,0.766368,0.481367,0.995249,0.515065,0.643743,0.629957,0.692802,0.737175,0.948919,0.32357,0.207818,0.374143,0.188691,0.280702,0.32496,0.406322,0.229592
0.360362,0.205007,0.366483,0.376729,0.279184,0.423034,0.276097,0.61105,0.311348,0.561995,0.444611,0.338602,0.528854,0.406721,0.590107,0.450268,0.493617,0.700974,0.440005,0.739111,0.340448,0.651912,0.482892,0.859015,0.544162,0.654643,0.610048,0.570173,0.718784,0.812684,0.32356,0.202294,0.374127,0.183203,0.277661,0.316779,0.404773,0.221377
0.358843,0.205034,0.368016,0.379465,0.276116,0.425771,0.269979,0.602871,0.308258,0.496591,0.446118,0.341346,0.524247,0.420285,0.574788,0.461154,0.478299,0.711865,0.424687,0.826307,0.335845,0.619245,0.493616,0.79089,0.530376,0.624683,0.596248,0.521133,0.711124,0.739122,0.32205,0.202338,0.374117,0.183235,0.277663,0.319493,0.404778,0.22139
0.349659,0.207815,0.375662,0.365849,0.308279,0.398506,0.254672,0.551098,0.286836,0.379435,0.443075,0.341311,0.489023,0.395773,0.522732,0.4067,0.43235,0.562011,0.371081,0.602875,0.371081,0.739117,0.515065,0.763635,0.495155,0.523855,0.597773,0.542937,0.729515,0.67373,0.314423,0.205026,0.369529,0.185937,0.266905,0.305872,0.403246,0.226873
0.349654,0.205042,0.372616,0.354936,0.300609,0.382152,0.246999,0.529326,0.274567,0.365824,0.440013,0.338583,0.504346,0.450291,0.521204,0.401233,0.444604,0.613773,0.377204,0.649199,0.386399,0.760904,0.533445,0.995249,0.505872,0.57018,0.614633,0.611048,0.769341,0.747299,0.308289,0.18327,0.36956,0.183196,0.279167,0.281377,0.395586,0.210484
0.346581,0.166927,0.346559,0.341285,0.271519,0.373983,0.237826,0.512993,0.230145,0.335861,0.417036,0.314023,0.490556,0.401231,0.533456,0.314052,0.440009,0.65192,0.374142,0.654653,0.426222,0.859005,0.432352,0.993885,0.521191,0.651923,0.611566,0.774541,0.784654,0.993892,0.306753,0.183214,0.338927,0.139644,0.268449,0.289517,0,0
0.349638,0.185995,0.357288,0.349465,0.283772,0.393054,0.237831,0.507474,0.23936,0.314074,0.427755,0.311306,0.508952,0.357678,0.557952,0.251343,0.447667,0.668275,0.39099,0.71186,0.426227,0.880812,0.440006,0.993884,0.508939,0.641017,0.629949,0.766362,0.780058,0.99525,0.309821,0.188677,0.348096,0.142364,0.271516,0.286773,0.389458,0.15328
0.36647,0.207771,0.364953,0.373996,0.280697,0.409432,0.26845,0.5511,0.329725,0.379426,0.4446,0.341274,0.518128,0.395769,0.562551,0.346722,0.466051,0.709134,0.406305,0.741844,0.395593,0.845379,0,0,0.525785,0.665537,0.646795,0.760927,0.776999,0.99525,0.323607,0.202304,0.380278,0.183201,0.279184,0.314054,0.409378,0.224132
0.36648,0.202308,0.371062,0.376717,0.288351,0.420296,0.277633,0.57563,0.343502,0.526572,0.444589,0.341264,0.5166,0.406689,0.565618,0.431202,0.456858,0.676441,0.398653,0.714595,0.378732,0.79907,0,0,0.519661,0.649195,0.642209,0.720023,0.757083,0.970711,0.326641,0.199611,0.3772,0.180522,0.285295,0.316748,0,0
0.369546,0.196869,0.378731,0.382199,0.291424,0.425773,0.274556,0.611035,0.315944,0.556586,0.459908,0.349495,0.53039,0.447578,0.574812,0.480246,0.495152,0.698247,0.44614,0.73639,0.352697,0.641028,0.492079,0.894418,0.550295,0.66281,0.626892,0.600178,0.741751,0.842667,0.326658,0.202286,0.383319,0.17778,0.288377,0.319516,0.413979,0.224111
0.36953,0.194155,0.383321,0.390329,0.299079,0.431202,0.268458,0.6056,0.296006,0.510205,0.458373,0.349486,0.530393,0.439394,0.571741,0.463885,0.493616,0.73912,0.430815,0.774532,0.341958,0.597425,0.46605,0.82086,0.550289,0.673716,0.605422,0.53205,0.721845,0.750018,0.325153,0.199608,0.383342,0.175066,0.288366,0.31948,0.417024,0.224077
0.361875,0.194173,0.383323,0.384901,0.311337,0.420321,0.268443,0.594711,0.273043,0.423036,0.447681,0.341348,0.524263,0.428483,0.557953,0.40125,0.481365,0.747288,0.436947,0.790892,0.325126,0.581073,0.464521,0.703681,0.53651,0.673721,0.56408,0.474821,0.675905,0.616502,0.311328,0.180545,0.378726,0.172352,0.282221,0.311323,0.4109,0.207798
0.360322,0.205011,0.377201,0.371273,0.299073,0.403975,0.26538,0.581098,0.254677,0.390368,0.446148,0.341268,0.524242,0.425752,0.557935,0.365841,0.487489,0.747278,0.443076,0.796321,0.312881,0.589267,0.459922,0.668271,0.539567,0.651919,0.557949,0.46934,0.680497,0.591973,0.319013,0.19688,0.375679,0.183242,0.279185,0.303158,0.407856,0.221396
0.352705,0.185983,0.358835,0.357632,0.279183,0.390326,0.262323,0.540199,0.231683,0.311333,0.430818,0.330378,0.50588,0.420306,0.547235,0.316787,0.453794,0.572908,0.38027,0.627401,0.38027,0.750018,0.510468,0.83721,0.519661,0.548377,0.613101,0.561998,0.775464,0.671007,0.308267,0.188728,0.348098,0.136943,0.273019,0.303151,0,0
0.35424,0.188706,0.352703,0.344034,0.277638,0.384913,0.256198,0.515651,0.234745,0.303152,0.427745,0.311296,0.505876,0.382181,0.545708,0.308577,0.450736,0.613765,0.386397,0.643746,0.383332,0.76908,0,0,0.519659,0.570186,0.645261,0.703686,0.783128,0.848117,0.3098,0.185951,0.352694,0.139671,0.269987,0.292212,0,0
0.358826,0.183271,0.36955,0.349456,0.296015,0.3849,0.256196,0.491173,0.242391,0.292226,0.433886,0.311336,0.521211,0.368558,0.571741,0.286807,0.466046,0.660091,0.401711,0.681892,0.423158,0.886258,0.426222,0.989797,0.528853,0.632853,0.65292,0.799054,0.812227,0.993887,0.312892,0.183289,0.346577,0.139676,0.276115,0.300399,0,0
0.369558,0.202297,0.374125,0.352206,0.296029,0.390331,0.263834,0.523864,0.253121,0.311297,0.446122,0.322232,0.524269,0.393045,0.577851,0.316792,0.470645,0.662822,0.403242,0.695521,0.424685,0.918953,0,0,0.531917,0.635568,0.659049,0.826309,0.810694,0.993888,0.32666,0.19141,0.383334,0.169618,0.285276,0.29499,0.413966,0.199626
0.375669,0.210494,0.380277,0.379428,0.303671,0.409432,0.276101,0.594698,0.259248,0.423057,0.458404,0.346761,0.528846,0.431194,0.559475,0.444858,0.475246,0.714588,0.417033,0.755463,0.421632,0.932573,0,0,0.536507,0.670994,0.675896,0.815418,0,0,0.340426,0.205035,0.390996,0.186013,0.292976,0.314005,0,0
0.374161,0.218658,0.386378,0.384927,0.30216,0.425736,0.276104,0.602893,0.259256,0.433934,0.462996,0.357648,0.534979,0.444808,0.576332,0.469392,0.476777,0.700969,0.418563,0.739109,0.407847,0.878089,0,0,0.536505,0.662814,0.665183,0.785435,0,0,0.337403,0.2105,0.390988,0.194139,0.292967,0.32223,0.421605,0.232289
0.37263,0.207793,0.386403,0.3849,0.309799,0.425737,0.282237,0.602888,0.274577,0.401255,0.461444,0.354902,0.536506,0.439367,0.593197,0.433909,0.489024,0.684617,0.426225,0.714595,0.383326,0.744546,0.531913,0.99525,0.550299,0.660102,0.655994,0.673723,0.770864,0.935313,0.335829,0.20509,0.389461,0.186033,0.289913,0.31135,0.423163,0.243219
0.371088,0.196911,0.381791,0.376734,0.291442,0.420309,0.276128,0.600148,0.306753,0.42576,0.458394,0.344052,0.53344,0.431196,0.590118,0.401263,0.492084,0.665539,0.430817,0.67372,0.369549,0.657388,0.530382,0.888974,0.553364,0.649199,0.642214,0.613775,0.752476,0.856295,0.332769,0.196883,0.386385,0.180497,0.288381,0.314004,0.420102,0.22686
0.361906,0.194144,0.37567,0.373987,0.291413,0.412132,0.271527,0.572892,0.337388,0.474833,0.452269,0.341284,0.534969,0.420316,0.576337,0.393047,0.481364,0.758191,0.430814,0.807231,0.346561,0.556552,0.525785,0.733664,0.53345,0.72004,0,0,0,0,0.32054,0.188683,0.384836,0.17782,0.286854,0.314005,0.415485,0.226823
0.368008,0.229578,0.361882,0.382169,0.282247,0.406727,0.2715,0.575611,0.340436,0.384919,0.4446,0.338605,0.522745,0.406684,0.571763,0.395794,0.49515,0.741841,0.446136,0.793604,0.335839,0.545651,0.50587,0.643753,0.536506,0.671001,0.561017,0.463908,0.674372,0.570166,0.32666,0.191463,0.375685,0.175072,0.286843,0.311362,0.410943,0.210529
0.364949,0.20776,0.371088,0.360365,0.279166,0.393057,0.273043,0.556591,0.312895,0.398504,0.452257,0.335849,0.536506,0.442106,0.571739,0.401217,0.473709,0.706415,0.420096,0.744569,0.34352,0.532019,0.530389,0.556565,0.522727,0.662817,0,0,0,0,0.323607,0.185943,0.37566,0.155999,0.285271,0.292282,0.421602,0.164218
0.360379,0.186028,0.372592,0.344043,0.280718,0.376733,0.266934,0.529318,0.320531,0.365827,0.447656,0.322216,0.505864,0.406702,0,0,0.438477,0.619227,0.390989,0.64375,0.372612,0.581075,0.599313,0.526576,0.487495,0.564732,0,0,0,0,0.32511,0.17505,0.374132,0.145118,0.285306,0.28676,0.417036,0.194154
0.360373,0.191457,0.364942,0.338548,0.277645,0.374013,0.262334,0.515703,0.289913,0.33313,0.444592,0.308603,0.521195,0.403956,0.559483,0.33858,0.455322,0.55655,0.397116,0.605594,0.423165,0.747288,0.597781,0.837202,0.511998,0.52113,0.594715,0.56473,0.698874,0.671001,0.323567,0.169612,0.371084,0.131496,0.28071,0.229571,0.415501,0.139659
0.352687,0.186005,0.364961,0.338562,0.291423,0.371275,0.2608,0.515679,0.277654,0.327657,0.443068,0.305877,0.522726,0.390325,0.561016,0.314018,0.475236,0.643744,0.409372,0.679168,0.420102,0.807239,0.533446,0.995254,0.53191,0.591982,0.620757,0.71459,0.718791,0.864453,0.311322,0.17238,0.363416,0.123313,0.277646,0.237752,0.403239,0.14511
0.361875,0.183273,0.38026,0.34131,0.302151,0.37673,0.268438,0.529318,0.296011,0.344039,0.456865,0.314043,0.528854,0.398515,0.557945,0.30859,0.473711,0.681889,0.418565,0.72549,0.464517,0.921679,0,0,0.53191,0.646467,0.645264,0.850837,0,0,0.326658,0.183232,0.383311,0.161461,0.294503,0.251359,0.418559,0.207792
0.37412,0.183213,0.390989,0.341346,0.308278,0.376724,0.279165,0.553797,0.302142,0.382134,0.470636,0.316801,0.547247,0.420306,0.571745,0.343997,0.482901,0.668277,0.423161,0.711862,0.462986,0.878082,0,0,0.545702,0.63558,0.655995,0.804515,0,0,0.3389,0.169659,0.392519,0.158729,0.297536,0.251404,0.424686,0.205019
0.377202,0.172343,0.401712,0.360352,0.322057,0.39852,0.292964,0.583828,0.315934,0.444811,0.479826,0.327653,0.548757,0.420317,0.590127,0.442091,0.496683,0.66827,0.435414,0.709136,0.46451,0.848092,0.588589,0.993887,0.554894,0.630134,0.645275,0.64919,0.706527,0.938006,0.343489,0.169616,0.397125,0.153299,0.30367,0.281371,0.433893,0.202324
0.374159,0.180552,0.398663,0.36312,0.320534,0.40123,0.291426,0.583785,0.312863,0.436653,0.475255,0.333139,0.550296,0.428519,0.588587,0.431191,0.493618,0.660093,0.427756,0.698251,0.452264,0.809965,0.580931,0.995251,0.551832,0.616498,0.629933,0.602863,0.675891,0.880814,0.338911,0.180505,0.395576,0.158762,0.300616,0.286773,0.432347,0.207772
0.358827,0.185962,0.377212,0.354917,0.302148,0.387625,0.274569,0.572893,0.279167,0.398512,0.456853,0.327683,0.534988,0.428498,0.5748,0.360382,0.475235,0.62467,0.40937,0.662826,0.41856,0.739108,0.559481,0.995251,0.533444,0.57836,0.606975,0.537464,0.626879,0.820867,0.323571,0.180538,0.377216,0.158717,0.276087,0.270442,0.417023,0.202318
0.348113,0.175081,0.37107,0.346772,0.29448,0.384883,0.265387,0.562015,0.263854,0.382192,0.444608,0.316761,0.524254,0.420325,0.562541,0.346763,0.467582,0.619219,0.415503,0.651926,0.392521,0.673727,0.544171,0.951661,0.522726,0.575637,0.596268,0.515667,0.613096,0.790893,0.303676,0.155984,0.371084,0.150547,0.26387,0.26224,0.406289,0.185971
0.34962,0.169647,0.360362,0.338588,0.286835,0.376727,0.260805,0.54291,0.257716,0.341287,0.435417,0.305852,0.525788,0.401277,0.545684,0.338584,0.456858,0.602878,0.403248,0.630131,0.357295,0.600168,0.492086,0.858994,0.513528,0.556562,0.594724,0.482996,0.619221,0.750019,0.305215,0.161459,0.351157,0.120569,0.260793,0.254112,0,0
0.343514,0.166927,0.360345,0.333107,0.282229,0.368541,0.259268,0.529283,0.250045,0.311329,0.436941,0.297727,0.527309,0.398531,0.542635,0.341304,0.459918,0.583807,0.406312,0.616499,0.343518,0.572882,0.473717,0.831756,0.518133,0.551107,0.594721,0.477546,0.643745,0.720048,0.305208,0.15329,0.358821,0.115165,0.259272,0.232302,0.397116,0.139641
0.340437,0.150576,0.357289,0.322239,0.277635,0.363084,0.259275,0.510205,0.242411,0.294955,0.433891,0.292212,0.527317,0.395791,0.544188,0.341294,0.476771,0.575622,0.418562,0.616499,0.325135,0.567434,0.462997,0.79087,0.53651,0.529305,0.628412,0.526593,0.777003,0.703689,0.305212,0.145108,0.351166,0.109694,0.260806,0.243219,0.395585,0.166898
0.338909,0.161431,0.349644,0.316814,0.273051,0.363101,0.257721,0.504794,0.236275,0.294972,0.426238,0.284072,0.521201,0.390344,0.534975,0.335849,0.470641,0.561994,0.40937,0.589251,0.325135,0.600142,0.479839,0.796344,0.531915,0.523856,0.634543,0.619218,0.787727,0.766355,0.300605,0.145131,0.349636,0.10696,0.259242,0.248648,0.392538,0.123311
0.32358,0.150567,0.337388,0.314047,0.257729,0.357635,0.245486,0.496609,0.208698,0.322218,0.417036,0.278621,0.508932,0.363108,0.528863,0.311338,0.450735,0.57563,0.394048,0.621955,0.384858,0.730937,0.524254,0.995256,0.510468,0.534766,0.642199,0.671006,0.789259,0.829028,0.282228,0.142351,0.34351,0.0797069,0.250046,0.256846,0.381784,0.12332
0.311361,0.139628,0.326653,0.303173,0.245469,0.344038,0.231682,0.485702,0.197984,0.297708,0.409376,0.273182,0.495143,0.349451,0.525799,0.305874,0.444601,0.597423,0.378739,0.64919,0.395594,0.78271,0.536507,0.993886,0.502807,0.545653,0.634539,0.668274,0.789254,0.839931,0.274576,0.136882,0.331247,0.117812,0.239357,0.259567,0.364942,0.158741
0.312886,0.136938,0.326648,0.297737,0.2516,0.341318,0.231694,0.482942,0.213303,0.254123,0.404778,0.267721,0.484439,0.346738,0.51506,0.316776,0.430814,0.578345,0.374142,0.621953,0.395582,0.760911,0.524259,0.995254,0.490554,0.542925,0.633004,0.657371,0.781593,0.850814,0.276122,0.131461,0.331237,0.115127,0.2271,0.215981,0.361913,0.158763
0.322062,0.131497,0.337391,0.29496,0.259264,0.335851,0.242426,0.488395,0.248524,0.294981,0.410923,0.265023,0.479842,0.341264,0.515071,0.34676,0.443075,0.575624,0.383331,0.619225,0.375676,0.728194,0.538042,0.995253,0.501274,0.537486,0.629952,0.611079,0.776994,0.845387,0.28682,0.123334,0.338895,0.106945,0.242395,0.207809,0.375664,0.16423
0.345054,0.126051,0.361891,0.300428,0.271511,0.341325,0.273027,0.507521,0.296028,0.384887,0.441536,0.270443,0.51813,0.357642,0.562545,0.365839,0.47677,0.586531,0.42316,0.616507,0.357285,0.616495,0.50894,0.886238,0.536508,0.562003,0.642207,0.523866,0.734106,0.809955,0.308269,0.12063,0.361898,0.104222,0.262321,0.245898,0.397099,0.15868
0.355756,0.120635,0.374127,0.300431,0.279166,0.344031,0.285281,0.512948,0.309787,0.401279,0.447677,0.267727,0.525786,0.352203,0.571746,0.360386,0.495157,0.616501,0.443068,0.643751,0.343503,0.564718,0.476773,0.820855,0.547227,0.567445,0.629927,0.483004,0.708061,0.777256,0.317473,0.117867,0.372605,0.0988055,0.274579,0.245893,0.406285,0.150562
0.366488,0.117856,0.386398,0.289538,0.296033,0.327677,0.29144,0.493867,0.317452,0.395776,0.462977,0.256856,0.545715,0.349464,0.583986,0.300428,0.489027,0.570178,0.429289,0.613774,0.329711,0.523865,0.482895,0.728222,0.544172,0.523852,0.59778,0.425808,0.674377,0.662833,0.317467,0.0987859,0.38639,0.0933415,0.286846,0.237747,0.420111,0.134177
0.358831,0.115125,0.387941,0.284086,0.315937,0.319501,0.285307,0.488474,0.296022,0.363086,0.459906,0.251426,0.544156,0.34676,0.583983,0.25412,0.485963,0.608326,0.441541,0.692798,0.325117,0.562012,0.492085,0.638307,0.541104,0.551101,0.588594,0.423021,0.680494,0.594708,0.322071,0.109679,0.378734,0.0770161,0.282248,0.229579,0.415497,0.112429
0.35269,0.134205,0.374156,0.284052,0.305207,0.322212,0.274553,0.463872,0.274597,0.297719,0.446142,0.245937,0.534977,0.319504,0.574819,0.18874,0.449198,0.515681,0.386397,0.556548,0.577868,0.469356,0.732575,0.523854,0.518127,0.472082,0.600843,0.461187,0.72645,0.51568,0.317476,0.120594,0.366477,0.0769793,0.274554,0.207804,0.409375,0.0960621
0.348114,0.120578,0.371079,0.259565,0.289902,0.303163,0.263846,0.431186,0.253134,0.221429,0.444596,0.226888,0.538035,0.2841,0.570229,0.128762,0.446137,0.540209,0.389462,0.578349,0.418563,0.752747,0.516597,0.993887,0.502815,0.496609,0.625348,0.673728,0.754019,0.916219,0.314412,0.1124,0.361888,0.0661038,0.268453,0.185995,0.403244,0.0906118
0.371083,0.131475,0.386398,0.28951,0.314404,0.327677,0.286807,0.491154,0.289898,0.333101,0.459927,0.254087,0.547226,0.327686,0.596258,0.210529,0.476765,0.602875,0.418568,0.643744,0.435411,0.788159,0.542636,0.993886,0.533443,0.559277,0.655986,0.671003,0.772402,0.935285,0.33431,0.123298,0.387939,0.104215,0.288382,0.226847,0.423171,0.153275
0.374142,0.131455,0.390998,0.303147,0.31441,0.344022,0.289882,0.518423,0.302155,0.379464,0.467584,0.270422,0.556417,0.365811,0.60392,0.30587,0.4783,0.58652,0.421618,0.627408,0.426229,0.771811,0.554892,0.99389,0.541105,0.553822,0.657515,0.638289,0.761688,0.932588,0.337398,0.123305,0.392534,0.104233,0.291429,0.232312,0.42471,0.147821
0.375682,0.134223,0.398654,0.316768,0.320531,0.352179,0.289892,0.529315,0.297569,0.401261,0.473722,0.284097,0.556423,0.371275,0.616171,0.376721,0.479829,0.597427,0.418568,0.632852,0.42623,0.75547,0.576333,0.995253,0.545697,0.570177,0.668232,0.608334,0.761674,0.902612,0.340445,0.126067,0.394071,0.106946,0.296039,0.245945,0.427763,0.147839
0.375683,0.13424,0.397111,0.311292,0.318989,0.341322,0.289894,0.518421,0.288375,0.371264,0.473703,0.281325,0.556415,0.368541,0.613112,0.349477,0.481363,0.602881,0.41856,0.63013,0.423159,0.752721,0.5794,0.995253,0.547231,0.575636,0.666691,0.597416,0.764726,0.886259,0.340429,0.126056,0.395567,0.109684,0.296009,0.235041,0.427747,0.155973
0.374136,0.128783,0.387921,0.292232,0.315934,0.324932,0.283752,0.499352,0.286834,0.335843,0.459921,0.262284,0.550288,0.346722,0.606958,0.270465,0.478303,0.581073,0.420093,0.616489,0.394068,0.703684,0.570208,0.97617,0.542638,0.55927,0.652921,0.537511,0.729517,0.842652,0.337397,0.120605,0.392502,0.104217,0.286823,0.218679,0.42318,0.145095
0.372615,0.126035,0.387931,0.286823,0.314407,0.319522,0.282224,0.502062,0.294474,0.346754,0.459934,0.254131,0.547232,0.341303,0.602371,0.270471,0.481364,0.570181,0.423158,0.600158,0.378748,0.668283,0.550292,0.938029,0.54417,0.542928,0.643736,0.504779,0.71113,0.796346,0.337373,0.117854,0.389476,0.101487,0.288343,0.2214,0.423174,0.139688
0.368014,0.123322,0.386386,0.289513,0.292961,0.330392,0.276118,0.499318,0.308283,0.360363,0.458395,0.256817,0.542637,0.338596,0.594704,0.314084,0.479832,0.556556,0.421621,0.578358,0.361891,0.594716,0.510461,0.845399,0.541101,0.521128,0.611582,0.436639,0.672837,0.690059,0.323577,0.11512,0.3772,0.0660797,0.288389,0.22955,0.417019,0.106981
0.372628,0.131466,0.380269,0.292259,0.289905,0.335848,0.276133,0.493912,0.309829,0.34946,0.45839,0.264977,0.53344,0.33853,0.583991,0.335878,0.464515,0.523855,0.406307,0.553827,0.351155,0.567455,0.489022,0.799047,0.525784,0.480254,0.596244,0.401271,0.662119,0.60014,0.328184,0.120603,0.386394,0.049754,0.288357,0.226892,0.424683,0.0660942
0.372602,0.134243,0.384863,0.289545,0.315934,0.330399,0.277652,0.496597,0.296012,0.346742,0.456866,0.25683,0.534969,0.338583,0.579397,0.314004,0.476772,0.526587,0.420097,0.556556,0.329721,0.534771,0.485958,0.730943,0.53804,0.474813,0.574796,0.374004,0.626883,0.447581,0.331261,0.123328,0.380265,0.0797107,0.288354,0.226823,0.421637,0.104226
0.372629,0.134221,0.380271,0.294971,0.315934,0.338569,0.279166,0.504779,0.294483,0.357627,0.453801,0.256822,0.53345,0.330385,0.582467,0.30314,0.473702,0.521135,0.421623,0.562,0.331252,0.545652,0.507406,0.681898,0.528853,0.469362,0.55336,0.390345,0.544168,0.679167,0.329731,0.123354,0.37874,0.0769667,0.286836,0.226855,0.423164,0.0824355
0.363412,0.134201,0.381797,0.300414,0.302144,0.341307,0.27918,0.512943,0.300627,0.360366,0.456859,0.259565,0.534989,0.335851,0.590119,0.256816,0.452268,0.526586,0.395582,0.553836,0.348104,0.570187,0.553362,0.624662,0.531912,0.499334,0,0,0,0,0.32204,0.120622,0.375665,0.0769978,0.286844,0.232325,0.420087,0.115135
0.369543,0.13145,0.387914,0.292262,0.309811,0.330398,0.280695,0.510228,0.30216,0.360339,0.459925,0.256857,0.542655,0.330373,0.587061,0.251403,0.447665,0.512958,0.37721,0.548386,0.374151,0.613789,0,0,0.522723,0.482976,0.570253,0.390327,0.675906,0.335884,0.331237,0.115111,0.387916,0.104195,0.288364,0.229618,0.421652,0.142358
0.368013,0.12332,0.389449,0.292214,0.317469,0.327663,0.277663,0.504781,0.292941,0.34676,0.459912,0.256828,0.54417,0.338571,0.591644,0.27862,0.473707,0.529304,0.409376,0.564735,0.397127,0.692798,0.522723,0.760913,0.538034,0.485701,0.597778,0.414875,0.746365,0.365799,0.32665,0.117882,0.387925,0.101497,0.289921,0.232327,0.421655,0.142392
0.368006,0.126035,0.387925,0.289536,0.315932,0.319516,0.277646,0.49932,0.283763,0.333137,0.458391,0.262296,0.544162,0.33586,0.591653,0.292228,0.473709,0.548382,0.410902,0.581075,0.410901,0.700969,0.564084,0.89715,0.530382,0.499337,0.623816,0.472076,0.784655,0.458452,0.328181,0.123281,0.38641,0.104207,0.289907,0.226843,0.421636,0.145129
0.368021,0.126046,0.378741,0.278595,0.300633,0.308605,0.262304,0.447543,0.259256,0.248623,0.455334,0.251332,0.541103,0.333107,0.580945,0.254105,0.4829,0.597422,0.423154,0.641026,0.42929,0.785451,0.588588,0.993886,0.547233,0.55383,0.672833,0.673726,0.818352,0.826312,0.331246,0.120574,0.384887,0.104264,0.286842,0.224087,0.418572,0.142399
0.36648,0.134195,0.374139,0.281342,0.291419,0.314055,0.248536,0.433958,0.243946,0.232308,0.4538,0.248667,0.542618,0.316781,0.585524,0.210502,0.473712,0.572905,0.417033,0.616502,0.42622,0.801791,0,0,0.530388,0.529312,0.646795,0.703681,0.815294,0.932575,0.329723,0.126054,0.38638,0.112405,0.285305,0.235046,0.418579,0.15055
0.363426,0.134241,0.374161,0.281373,0.29142,0.327674,0.251596,0.442111,0.23627,0.390322,0.456864,0.243212,0.548759,0.31132,0.593182,0.188735,0.475245,0.608326,0.415499,0.651922,0.415495,0.85628,0,0,0.536508,0.559275,0.675899,0.728215,0.833665,0.954372,0.328186,0.131472,0.384855,0.112372,0.286835,0.245911,0.418562,0.147833
0.366475,0.136916,0.372616,0.286789,0.289909,0.335816,0.263855,0.463942,0.236283,0.34132,0.456855,0.245938,0.547236,0.314089,0.593175,0.20503,0.476778,0.630123,0.420088,0.665552,0.40785,0.878091,0.579397,0.993886,0.539576,0.583805,0.683557,0.739124,0.838266,0.993885,0.328186,0.131509,0.38638,0.112423,0.286836,0.248596,0.420071,0.147831
0.374177,0.150548,0.38334,0.303153,0.303691,0.344052,0.274567,0.507473,0.262305,0.286822,0.459925,0.262291,0.554877,0.335832,0.580927,0.25139,0.479835,0.627403,0.418564,0.668268,0.395586,0.820863,0.574802,0.993892,0.544169,0.578354,0.682029,0.720038,0.83214,0.993888,0.335861,0.131463,0.39557,0.126013,0.289883,0.248635,0.426228,0.164225
0.375696,0.156034,0.395578,0.316757,0.317462,0.360378,0.277663,0.526552,0.276097,0.33858,0.472168,0.278649,0.556418,0.368523,0.577858,0.281359,0.475245,0.613765,0.413969,0.646464,0.386399,0.774525,0.56408,0.995251,0.534983,0.572907,0.68203,0.698241,0.813758,0.957088,0.340429,0.142416,0.397128,0.13419,0.296022,0.248645,0.427756,0.164214
0.384865,0.153259,0.401703,0.316793,0.325134,0.357623,0.291447,0.529306,0.28838,0.341315,0.475243,0.284089,0.553361,0.398526,0.587053,0.352172,0.493617,0.575627,0.429282,0.613775,0.368017,0.641017,0.54876,0.891704,0.557954,0.556555,0.675903,0.619234,0.812227,0.869893,0.34196,0.13692,0.401728,0.123316,0.303692,0.248665,0.432332,0.158743
0.386417,0.145149,0.404766,0.314037,0.323594,0.346751,0.296011,0.521148,0.286833,0.338606,0.479827,0.286777,0.561016,0.376737,0.606962,0.354893,0.505872,0.616497,0.443071,0.621953,0.360345,0.591969,0.525797,0.837208,0.568679,0.58108,0.677423,0.570177,0.812235,0.790878,0.343519,0.12876,0.406321,0.115148,0.299098,0.240468,0.433868,0.145118
0.392534,0.136928,0.404789,0.308581,0.325133,0.341318,0.300623,0.510259,0.280715,0.316772,0.481367,0.28132,0.576354,0.368569,0.625365,0.254109,0.522724,0.575621,0.455328,0.608325,0.360351,0.583823,0.525792,0.807242,0.579396,0.545656,0.659061,0.482996,0.812229,0.657385,0.357281,0.120614,0.409373,0.109693,0.309826,0.248604,0.444576,0.15325
0.3956,0.139682,0.407825,0.305855,0.32665,0.341291,0.302143,0.499317,0.280698,0.311333,0.482891,0.27587,0.577882,0.357617,0.611562,0.213243,0.493617,0.559283,0.426221,0.578346,0.375672,0.651923,0.553366,0.880804,0.556422,0.532027,0.665181,0.488436,0.815292,0.654638,0.360342,0.12603,0.412425,0.115144,0.312859,0.248623,0.444591,0.153264
0.395593,0.134175,0.401705,0.292251,0.317469,0.330395,0.296019,0.485712,0.268464,0.284086,0.481359,0.25686,0.571752,0.31409,0.584016,0.142367,0.507409,0.600148,0.446129,0.643749,0.407851,0.837193,0.597779,0.993887,0.573268,0.556554,0.688155,0.613776,0.835205,0.834479,0.355755,0.117868,0.410937,0.1178,0.311314,0.248639,0.443046,0.161434
0.395564,0.136947,0.398668,0.295004,0.312885,0.338546,0.297539,0.482993,0.263869,0.289524,0.479844,0.26229,0.573273,0.308573,0.579411,0.128749,0.499747,0.608323,0.429286,0.638295,0.420094,0.790875,0.585526,0.993886,0.565614,0.564728,0.67896,0.665539,0.821415,0.938033,0.357283,0.128757,0.410933,0.117877,0.311337,0.248618,0.444601,0.164153
0.404768,0.139681,0.404785,0.300435,0.319005,0.338583,0.297545,0.480234,0.256201,0.338542,0.487499,0.270449,0.580943,0.338587,0.579413,0.164168,0.501273,0.621954,0.435413,0.649201,0.444598,0.831756,0,0,0.561018,0.572895,0.689687,0.700975,0.81836,0.948928,0.366485,0.134222,0.420095,0.120638,0.31441,0.248606,0.447695,0.169617
0.409351,0.142343,0.406305,0.311299,0.320537,0.341303,0.299085,0.477558,0.265376,0.387601,0.481374,0.284072,0.580932,0.382156,0.602371,0.215968,0.504344,0.616507,0.446138,0.651925,0.450736,0.834476,0,0,0.562546,0.572899,0.706524,0.711877,0.829069,0.943477,0.371088,0.134214,0.421626,0.123281,0.31748,0.248622,0,0
0.409377,0.14236,0.40938,0.327667,0.325134,0.34949,0.299069,0.485704,0.26079,0.34676,0.493609,0.30042,0.57174,0.420321,0.642185,0.376694,0.505873,0.64375,0.449196,0.676445,0.444603,0.842642,0,0,0.570208,0.613776,0.70654,0.711877,0.833675,0.948915,0.371089,0.139622,0.423145,0.123288,0.323571,0.251428,0,0
0.409348,0.142342,0.412433,0.330406,0.32667,0.354909,0.299082,0.488427,0.263856,0.32768,0.495135,0.297715,0.577865,0.401223,0.666698,0.428517,0.505878,0.654653,0.4492,0.692792,0.438472,0.845387,0,0,0.571736,0.619224,0.708077,0.717307,0.835209,0.965276,0.369552,0.13965,0.423136,0.120638,0.323572,0.254075,0,0
0.403258,0.145104,0.409352,0.327675,0.323585,0.352175,0.296029,0.499339,0.262318,0.292258,0.489031,0.300422,0.580941,0.401215,0.67897,0.423011,0.496682,0.657366,0.432355,0.690065,0.426234,0.867189,0,0,0.556423,0.61649,0.703464,0.72275,0.827545,0.967987,0.363436,0.142352,0.421624,0.123322,0.320516,0.256826,0.450738,0.166928
0.400197,0.145093,0.404784,0.322217,0.319005,0.349449,0.297534,0.507477,0.265383,0.314039,0.484434,0.295002,0.576334,0.387633,0.665171,0.36034,0.495153,0.654646,0.430816,0.687341,0.427757,0.861722,0,0,0.554896,0.613779,0.701938,0.722749,0.826003,0.965278,0.358831,0.136928,0.420095,0.123281,0.315945,0.25953,0.447666,0.161473
0.398629,0.142363,0.400191,0.322218,0.31441,0.35221,0.296014,0.510239,0.265371,0.322204,0.47831,0.294999,0.56714,0.37944,0.608517,0.259535,0.492089,0.643743,0.429289,0.670996,0.435409,0.845383,0,0,0.551826,0.605602,0.703473,0.714594,0.826013,0.959825,0.358812,0.126071,0.417024,0.11511,0.311335,0.254149,0.446139,0.155993
0.389463,0.139654,0.401714,0.31951,0.317461,0.357649,0.294493,0.507518,0.262348,0.316777,0.47983,0.292236,0.577874,0.398529,0.562541,0.248656,0.492088,0.635576,0.430815,0.668267,0.440008,0.842663,0,0,0.551826,0.589253,0.705002,0.711869,0.826017,0.957109,0.349624,0.139661,0.389457,0.0770006,0.311331,0.256802,0.43847,0.0797142
0.387939,0.147848,0.400179,0.316768,0.315946,0.354917,0.289911,0.504768,0.256191,0.338584,0.48136,0.28409,0.593182,0.360366,0.559499,0.341318,0.49209,0.624679,0.43082,0.657369,0.438473,0.837211,0,0,0.551825,0.578358,0.701936,0.711874,0.82295,0.954389,0.345028,0.139689,0.386401,0.0906102,0.30829,0.254149,0.432354,0.0878892
0.381789,0.134196,0.400178,0.324935,0.314405,0.354924,0.289894,0.507487,0.253127,0.341296,0.482898,0.294982,0.591655,0.485703,0.577869,0.373984,0.48596,0.624681,0.424698,0.660101,0.436946,0.83992,0,0,0.548764,0.581082,0.698872,0.703696,0.818358,0.948936,0.34044,0.136964,0.378746,0.074286,0.306753,0.254086,0.427749,0.101506
0.390981,0.134196,0.401704,0.324934,0.3144,0.357622,0.289889,0.515663,0.257722,0.349457,0.485965,0.297692,0.629928,0.551099,0.579396,0.354914,0.501278,0.651925,0.440006,0.690067,0.443068,0.83993,0,0,0.567144,0.627404,0.695812,0.703689,0.815291,0.959822,0.343509,0.10966,0.40934,0.112362,0.305223,0.248674,0.439997,0.158737
0.389445,0.126064,0.406304,0.319509,0.318998,0.360361,0.294502,0.529318,0.260803,0.357645,0.492097,0.292273,0.63607,0.551116,0.580949,0.363097,0.504338,0.643751,0.441538,0.676447,0.441539,0.839936,0,0,0.574802,0.613774,0.700413,0.706413,0.816824,0.965269,0.340439,0.11238,0.40934,0.10969,0.306745,0.248626,0.440002,0.156013
0.384838,0.120584,0.406315,0.324934,0.318994,0.379424,0.311319,0.559282,0.265393,0.382196,0.493607,0.2841,0.582467,0.455739,0.587053,0.371262,0.485959,0.597424,0.424683,0.635577,0.400185,0.747289,0.582459,0.992523,0.553357,0.567454,0.701935,0.709134,0,0,0.341979,0.117893,0.404784,0.0988116,0.30369,0.243197,0.440007,0.153268
0.380261,0.117886,0.403242,0.322228,0.314405,0.37671,0.308284,0.567467,0.268449,0.390343,0.489027,0.281378,0.567144,0.412152,0.587062,0.344032,0.484432,0.548379,0.424686,0.578357,0.371077,0.665534,0.547229,0.834483,0.550291,0.537482,0.697348,0.706419,0.812225,0.993886,0.340454,0.117825,0.400181,0.098793,0.300634,0.240499,0.435409,0.150563
0.375675,0.112417,0.398645,0.31952,0.314396,0.376714,0.303676,0.561996,0.273033,0.428492,0.476779,0.278629,0.561025,0.398515,0.602368,0.303128,0.507407,0.673721,0.458388,0.741841,0.341964,0.556544,0.505879,0.698251,0.574804,0.611046,0.686626,0.660105,0.78312,0.967998,0.33891,0.115094,0.397095,0.0960635,0.29757,0.235038,0.427768,0.142387
0.37416,0.109698,0.397106,0.3195,0.314415,0.373995,0.296036,0.562011,0.271512,0.423019,0.475229,0.278638,0.567151,0.365848,0.60699,0.25681,0.508939,0.665547,0.45686,0.733666,0.325126,0.548382,0.495158,0.676455,0.579396,0.608325,0.677446,0.619214,0.755544,0.935304,0.335853,0.109702,0.39709,0.0933113,0.297528,0.232305,0.427759,0.136931
0.377202,0.104253,0.397131,0.303171,0.315932,0.354904,0.296016,0.534759,0.26386,0.36308,0.475236,0.264978,0.565623,0.344054,0.60543,0.224123,0.490558,0.583804,0.429288,0.632846,0.314397,0.581083,0.447666,0.755477,0,0,0,0,0,0,0.337395,0.101559,0.397128,0.0851816,0.299078,0.226832,0.429281,0.126021
0.3772,0.106951,0.397117,0.308585,0.317469,0.354924,0.312863,0.523872,0.260799,0.344036,0.473716,0.26229,0.562548,0.346748,0.603892,0.221397,0.49362,0.578355,0.427754,0.6274,0.326663,0.632844,0.412434,0.864459,0.562549,0.553825,0.642206,0.46392,0.648334,0.77999,0.341958,0.101513,0.394039,0.0688349,0.300596,0.226856,0.426219,0.106978
0.374155,0.0987972,0.400185,0.311317,0.326664,0.352209,0.29755,0.488451,0.276128,0.270441,0.47065,0.259564,0.571743,0.33311,0.579398,0.265015,0.490555,0.597429,0.421623,0.654645,0.349629,0.769101,0,0,0.550295,0.534763,0.602384,0.393077,0.639136,0.668267,0.329736,0.104264,0.372615,0.0470166,0.296034,0.218662,0,0
0.371079,0.0797148,0.394047,0.289533,0.315931,0.354916,0.286842,0.491154,0.315927,0.27863,0.476771,0.256834,0.533446,0.322219,0,0,0.49362,0.624671,0.42775,0.668266,0.345044,0.755442,0,0,0.551825,0.559282,0.582465,0.382192,0.651386,0.621949,0.329723,0.104256,0.363423,0.0688011,0.317468,0.229594,0.418564,0.0633669
0.378741,0.109669,0.392513,0.308592,0.300625,0.3658,0.296024,0.551114,0.345047,0.47209,0.478292,0.264977,0.580932,0.382163,0.574796,0.352174,0.495158,0.583798,0.436945,0.635576,0.325107,0.621949,0.45685,0.867192,0.547226,0.534752,0.599312,0.384878,0.648336,0.553846,0.34045,0.0878959,0.398658,0.0687917,0.299057,0.22409,0.430816,0.106938
0.383334,0.106969,0.394068,0.311315,0.303681,0.371261,0.29142,0.548353,0.33737,0.463903,0.478311,0.262292,0.561016,0.354923,0.56869,0.335839,0.508936,0.586523,0.444604,0.6383,0.323577,0.572918,0.461448,0.788171,0.562547,0.534752,0.602363,0.384889,0.671308,0.545652,0.343508,0.0851535,0.403244,0.0878921,0.299074,0.224156,0.433892,0.136919
0.386383,0.115139,0.409362,0.314052,0.323601,0.374002,0.309798,0.581068,0.31595,0.379426,0.482892,0.267701,0.580927,0.417595,0.587049,0.349481,0.554886,0.572909,0.534976,0.641022,0.642214,0.450289,0.789252,0.523859,0.579402,0.523857,0.642209,0.433956,0.781598,0.515687,0.346561,0.109705,0.406296,0.0959968,0.305211,0.232283,0.43696,0.139602
0.389465,0.117862,0.410901,0.311292,0.337373,0.354906,0.308272,0.564721,0.306724,0.338519,0.484436,0.267702,0.577871,0.403954,0.580929,0.335843,0.501275,0.542934,0.424693,0.562003,0.309803,0.570183,0.476768,0.730947,0.565612,0.515677,0.657528,0.499336,0.829076,0.572917,0.351158,0.11243,0.409343,0.0960902,0.30827,0.221381,0.439991,0.139675
0.394035,0.11786,0.407856,0.29496,0.337389,0.338584,0.305198,0.499323,0.294496,0.292235,0.478306,0.256846,0.57174,0.346759,0.582462,0.25137,0.479832,0.5293,0.417031,0.562002,0.335844,0.63558,0.464517,0.801792,0.544167,0.496609,0.669774,0.638292,0.822952,0.850833,0.35424,0.112417,0.410893,0.0987576,0.308277,0.202328,0.441523,0.139615
0.394047,0.115123,0.410896,0.286808,0.338903,0.335827,0.309803,0.49113,0.291436,0.275914,0.481362,0.251392,0.571732,0.319491,0.591656,0.213229,0.487489,0.551114,0.424695,0.578349,0.363413,0.657382,0.458384,0.938035,0.548769,0.523859,0.680489,0.665551,0.813751,0.899876,0.354235,0.109676,0.410914,0.0960196,0.308275,0.202321,0.441541,0.134169
0.397124,0.123293,0.418558,0.28955,0.341973,0.335837,0.312877,0.474802,0.288384,0.256819,0.485969,0.254147,0.576324,0.327671,0.596244,0.210528,0.504346,0.600153,0.441543,0.641022,0.424682,0.796338,0,0,0.57327,0.556549,0.691208,0.572911,0.783128,0.872632,0.358842,0.120549,0.417028,0.0987695,0.314392,0.218685,0.446133,0.131493
0.401705,0.126045,0.423174,0.292284,0.346567,0.338542,0.311333,0.483001,0.296019,0.25685,0.495151,0.26226,0.577875,0.341316,0.60696,0.254108,0.508935,0.597432,0.449198,0.635579,0.413961,0.760924,0,0,0.573272,0.562003,0.680512,0.52116,0.775463,0.818125,0.36342,0.123286,0.421611,0.101533,0.319006,0.221425,0.450718,0.142371
0.401718,0.128748,0.424703,0.308582,0.343516,0.349473,0.312869,0.512991,0.29602,0.297702,0.502799,0.275874,0.576328,0.363076,0.613094,0.357643,0.522717,0.657362,0.458385,0.695516,0.374125,0.752745,0,0,0.577866,0.591981,0.651393,0.42852,0.740236,0.700959,0.363414,0.123334,0.421645,0.101541,0.315943,0.22142,0.45381,0.142378
0.400197,0.123326,0.423169,0.311354,0.34197,0.354907,0.314395,0.515684,0.289898,0.297719,0.501285,0.275893,0.576336,0.360347,0.622292,0.354881,0.533444,0.654641,0.46911,0.681891,0.366486,0.703694,0.476766,0.995258,0.59012,0.583803,0.631468,0.403991,0.727984,0.657373,0.357274,0.11786,0.421642,0.0988095,0.322059,0.245926,0.452277,0.142378
0.39711,0.136914,0.420088,0.311309,0.341978,0.349477,0.314414,0.510262,0.29449,0.292283,0.493622,0.273172,0.576335,0.349478,0.622303,0.281325,0.534979,0.613776,0.476767,0.665546,0.351171,0.619202,0.482902,0.935318,0.585528,0.553829,0.626898,0.393087,0.729516,0.608319,0.354217,0.123317,0.413968,0.101511,0.309798,0.218672,0.446131,0.134182
0.395591,0.136944,0.420101,0.308578,0.349632,0.34675,0.312875,0.502072,0.306754,0.28409,0.487493,0.267706,0.573272,0.352179,0.614639,0.243204,0.542637,0.572899,0.45992,0.63557,0.348092,0.589267,0.476758,0.872625,0.582463,0.518412,0.640673,0.401257,0.764741,0.578354,0.357295,0.109685,0.413956,0.0960367,0.311346,0.205028,0.444582,0.117864
0.387927,0.112432,0.421619,0.294971,0.349634,0.338592,0.31136,0.491189,0.299067,0.284066,0.485955,0.254086,0.567144,0.333132,0.614627,0.251399,0.538042,0.613771,0.479837,0.654651,0.33279,0.575655,0.464521,0.807223,0.587057,0.542928,0.68049,0.496605,0.856649,0.61924,0.3435,0.120559,0.389459,0.0579345,0.309791,0.205059,0.433891,0.0960686
0.391001,0.112392,0.420089,0.292226,0.343506,0.338562,0.315929,0.491186,0.291436,0.286817,0.487494,0.254077,0.570197,0.344035,0.614621,0.284056,0.531913,0.581081,0.47524,0.638295,0.33738,0.581067,0.470645,0.818134,0.585528,0.540202,0.686627,0.578353,0.864304,0.725494,0.345035,0.115159,0.392521,0.052474,0.308273,0.210523,0.440001,0.112383
0.397114,0.120569,0.421629,0.289542,0.343503,0.335823,0.315925,0.507493,0.300635,0.286819,0.493618,0.254133,0.576326,0.341289,0.622276,0.273157,0.501273,0.570179,0.441537,0.619222,0.361896,0.61924,0.490558,0.99389,0.565613,0.545651,0.675902,0.673717,0.82755,0.921677,0.357283,0.101483,0.413971,0.0961006,0.311322,0.207756,0.446122,0.134215
0.400182,0.126067,0.42468,0.292268,0.351161,0.338535,0.314401,0.510202,0.309788,0.284067,0.49516,0.25685,0.579399,0.338574,0.625353,0.259568,0.502806,0.613776,0.440009,0.651919,0.374148,0.73913,0.4783,0.99389,0.565609,0.570173,0.688161,0.670989,0.833662,0.929853,0.361897,0.120594,0.418575,0.0988327,0.314424,0.210519,0.449219,0.139674
0.409346,0.134176,0.424676,0.300429,0.349623,0.343997,0.318999,0.512993,0.306734,0.292237,0.495165,0.267703,0.582471,0.341324,0.63914,0.281349,0.512001,0.649199,0.449198,0.684615,0.36802,0.74457,0.478301,0.993886,0.576334,0.605597,0.708056,0.638292,0.826005,0.92713,0.372593,0.123319,0.423179,0.106965,0.318996,0.213235,0.453806,0.142417
