0.397143,0.433923,0.43082,0.556545,0.407846,0.649212,0.519646,0.654645,0.530397,0.444824,0.459934,0.455726,0.533446,0.267725,0.534977,0.101511,0.617693,0.660088,0.603909,0.733667,0.669767,0.763649,0.815285,0.77454,0.628419,0.578361,0.705014,0.48844,0.812233,0.499323,0.364961,0.458474,0.387911,0.3985,0.325149,0.591967,0,0
0.400181,0.433958,0.433875,0.562008,0.410919,0.649222,0.524258,0.621957,0.544178,0.450269,0.459933,0.466625,0.530385,0.294972,0.534978,0.120582,0.631473,0.66283,0.616163,0.728219,0.671302,0.763635,0.815291,0.774535,0.636074,0.581072,0.732569,0.521108,0.832138,0.523863,0.369542,0.458449,0.389463,0.398508,0.328176,0.591976,0,0
0.407838,0.43667,0.435408,0.562024,0.423164,0.657366,0.527323,0.624655,0.551808,0.447568,0.458396,0.45848,0.55489,0.335848,0.565611,0.136934,0.629941,0.660103,0.608501,0.733668,0.683551,0.755452,0.827546,0.779988,0.633015,0.572894,0.747893,0.567467,0.855109,0.553814,0.374136,0.458471,0.3956,0.398535,0.33431,0.591949,0,0
0.409367,0.43668,0.435419,0.56746,0.423147,0.654663,0.527333,0.619243,0.548763,0.447592,0.459918,0.472083,0.703457,0.556583,0.850501,0.556527,0.629941,0.662834,0.617692,0.741838,0.694283,0.750005,0.833676,0.78542,0.634545,0.575638,0.738703,0.567453,0.858177,0.556554,0.374162,0.461164,0.397131,0.398545,0.335826,0.591958,0,0
0.410884,0.436672,0.438474,0.564743,0.427749,0.662805,0.533439,0.627407,0.554876,0.453,0.456853,0.466627,0.545698,0.458463,0.573271,0.164184,0.610035,0.654652,0.602372,0.728206,0.701937,0.736405,0.850524,0.777266,0.616163,0.570174,0.73104,0.545658,0.852053,0.553817,0.375673,0.461159,0.398631,0.398528,0.337354,0.591968,0,0
0.410892,0.439363,0.438476,0.567474,0.429279,0.662825,0.531928,0.613798,0.559472,0.444811,0.458386,0.461202,0.542637,0.453007,0.562547,0.145111,0.608504,0.662826,0.599312,0.733663,0.704999,0.725473,0.83367,0.769076,0.619223,0.578359,0.735638,0.532023,0.850527,0.553868,0.375679,0.461175,0.398649,0.401187,0.335863,0.591993,0,0
0.40784,0.433961,0.435404,0.564741,0.421629,0.657388,0.528856,0.621955,0.556429,0.447574,0.455329,0.463919,0.548762,0.463909,0.564081,0.346744,0.614631,0.66556,0.608501,0.736398,0.706526,0.706439,0.806109,0.747268,0.628407,0.591976,0.721851,0.496606,0.833667,0.575631,0.374129,0.455745,0.397086,0.398487,0.334315,0.589244,0,0
0.404779,0.428542,0.433878,0.56473,0.420098,0.654656,0.52885,0.624663,0.556385,0.447527,0.455316,0.469344,0.522722,0.431207,0.528856,0.273187,0.610029,0.668275,0.605439,0.733668,0.705011,0.706436,0.83367,0.70914,0.617698,0.60286,0.697361,0.485694,0.812238,0.575641,0.372594,0.45031,0.394037,0.395749,0.33278,0.586539,0,0
0.400168,0.420329,0.430817,0.553839,0.418558,0.651907,0.527333,0.624685,0.542599,0.428496,0.449205,0.45575,0.525789,0.442125,0.548755,0.346761,0.583988,0.638294,0.582464,0.709144,0.698865,0.700946,0.781603,0.720039,0.582459,0.551122,0.659034,0.463875,0.776974,0.548376,0.366483,0.442105,0.38792,0.382146,0.334299,0.581071,0,0
0.395597,0.406708,0.427765,0.553845,0.410913,0.646458,0.524245,0.621956,0.527337,0.436678,0.449198,0.458464,0.521175,0.433954,0.541108,0.344026,0.588589,0.638302,0.58859,0.70915,0.683571,0.698238,0.775457,0.703669,0.579398,0.545661,0.643765,0.458491,0.763206,0.512949,0.363404,0.433941,0.384834,0.376724,0.329727,0.578306,0,0
0.389469,0.401219,0.42622,0.548385,0.41091,0.649205,0.521194,0.638289,0.518138,0.447549,0.438484,0.455743,0.527323,0.444833,0.539565,0.338548,0.599309,0.651933,0.603911,0.714599,0.652935,0.671005,0.7816,0.589257,0.593185,0.572904,0.645289,0.45848,0.7724,0.417585,0.357296,0.425785,0.375689,0.371252,0.325121,0.572865,0,0
0.389471,0.401207,0.426239,0.553843,0.415505,0.657365,0.515053,0.635583,0.515062,0.455741,0.441532,0.461194,0.519665,0.444843,0.530376,0.341301,0.593186,0.613788,0.603911,0.695521,0.640661,0.679171,0.76321,0.52658,0.58859,0.529321,0.675911,0.458451,0.795375,0.379439,0.355768,0.425779,0.375653,0.371238,0.323596,0.572882,0,0
0.386403,0.406677,0.423168,0.570173,0.426222,0.679163,0.508958,0.624678,0.504348,0.44485,0.430815,0.4748,0.508955,0.453015,0.534962,0.344041,0.580932,0.605592,0.605439,0.687345,0.652933,0.662826,0.743297,0.401229,0.573272,0.529305,0,0,0,0,0.351168,0.433946,0.372623,0.376737,0.322042,0.578305,0,0
0.384864,0.414855,0.423172,0.578339,0.420093,0.703701,0.479834,0.872632,0.499737,0.63557,0.433879,0.472106,0.507404,0.447575,0.528853,0.34676,0.625352,0.65465,0.622285,0.722766,0.659047,0.662826,0.75708,0.523846,0.610032,0.570174,0.655984,0.681885,0.746365,0.515668,0.349628,0.439372,0.371089,0.379464,0.317481,0.578361,0,0
0.3757,0.423036,0.418559,0.586537,0.390992,0.709145,0.473706,0.89715,0,0,0.440004,0.474804,0.502805,0.39578,0.50434,0.142384,0.662112,0.660096,0.651392,0.717319,0.761678,0.692794,0.875021,0.627394,0.668241,0.589251,0.769338,0.597438,0.873495,0.616473,0.345025,0.444833,0.36343,0.384886,0.311333,0.583798,0,0
0.381783,0.425746,0.42163,0.581099,0.375672,0.698252,0.481363,0.88899,0.479834,0.66282,0.453795,0.472079,0.508937,0.360366,0.53191,0.188715,0.652924,0.665545,0.642199,0.736397,0.770868,0.752752,0.931704,0.77453,0.654457,0.586526,0.775461,0.616507,0.87502,0.591966,0.348112,0.447544,0.371061,0.387606,0.312873,0.583816,0,0
0.40937,0.425786,0.41703,0.562008,0.394053,0.643721,0.446156,0.706451,0.441559,0.529305,0.478301,0.472082,0.508966,0.442086,0,0,0.705004,0.673721,0.695812,0.750011,0.79231,0.755444,0.953156,0.77456,0.711128,0.608325,0.764746,0.616485,0.885745,0.611067,0.371084,0.444874,0.391005,0.38764,0.328187,0.581055,0,0
0.410933,0.431184,0.424697,0.559274,0.409382,0.649185,0.458398,0.700953,0.462978,0.529287,0.44461,0.466627,0.51353,0.439379,0.52274,0.409424,0.737168,0.70369,0.718787,0.758194,0.807621,0.758215,0.956212,0.774571,0.752484,0.643754,0.894935,0.643698,0,0,0.377219,0.452984,0.398657,0.395803,0.337369,0.583829,0,0
0.421605,0.431232,0.444601,0.581084,0.438479,0.703695,0.593185,0.864452,0,0,0.45379,0.477543,0.533453,0.480244,0.567148,0.390326,0.715725,0.709145,0.706531,0.777252,0.796912,0.769078,0.945502,0.769077,0.726445,0.641024,0.79997,0.611051,0.879614,0.621958,0.386401,0.453016,0.406319,0.398516,0.345028,0.589269,0,0
0.423138,0.431204,0.449208,0.597436,0.436943,0.711861,0.5074,0.888978,0,0,0.458392,0.491174,0.542638,0.474794,0.579407,0.376743,0.703468,0.703695,0.688154,0.777259,0.784662,0.758192,0,0,0.705003,0.621942,0.787716,0.594707,0.873488,0.616515,0.387938,0.453025,0.407839,0.398532,0.346568,0.591986,0,0
0.413975,0.425706,0.446144,0.578366,0.446131,0.690069,0.525783,0.788163,0,0,0.450742,0.482985,0.536513,0.466653,0.585529,0.401232,0.662111,0.670988,0.665178,0.750009,0.776988,0.736399,0.910271,0.722752,0.659047,0.59198,0.72949,0.515651,0.845934,0.572901,0.380266,0.444804,0.398669,0.387631,0.343524,0.581079,0,0
0.410903,0.414863,0.441531,0.575637,0.43388,0.679171,0.505876,0.850836,0,0,0.44613,0.480266,0.547229,0.480256,0.582469,0.393069,0.651392,0.670995,0.655985,0.741833,0.763208,0.725478,0.891882,0.703698,0.64833,0.60015,0.718807,0.499314,0.838279,0.553854,0.374169,0.433961,0.395582,0.38216,0.340439,0.578308,0,0
0.398655,0.403938,0.432341,0.572899,0.421628,0.662822,0.508938,0.804512,0,0,0.441537,0.477527,0.52885,0.458475,0.567125,0.371257,0.628415,0.654654,0.634542,0.725484,0.750957,0.676445,0.826015,0.692808,0.625352,0.567451,0.721856,0.512971,0.845921,0.556555,0.363435,0.425796,0.384849,0.376674,0.3282,0.570164,0,0
0.395566,0.403991,0.430808,0.57562,0.427756,0.676456,0.518126,0.638258,0.545697,0.477539,0.436945,0.474807,0.524263,0.461201,0.561026,0.376713,0.629947,0.654649,0.633011,0.720038,0.731047,0.676447,0.855123,0.586541,0.623821,0.572889,0.731045,0.553823,0.858171,0.581072,0.36034,0.428489,0.377212,0.376737,0.323607,0.572917,0,0
0.384861,0.414866,0.423169,0.578333,0.409373,0.692795,0.484425,0.880805,0,0,0.433884,0.46935,0.499751,0.439384,0.510468,0.120587,0.616161,0.665549,0.600842,0.744568,0.685097,0.706397,0.864311,0.62195,0.631481,0.581081,0.680505,0.709131,0.870435,0.621923,0.349623,0.433929,0.372578,0.382162,0.315928,0.578348,0,0
0.387923,0.41213,0.426225,0.581064,0.420095,0.684625,0.507388,0.635586,0.512024,0.461189,0.438474,0.472086,0.499751,0.442122,0.545677,0.338598,0.613098,0.660102,0.605435,0.741844,0.677425,0.730947,0.87349,0.621953,0.645264,0.578348,0.754021,0.600143,0.876551,0.61921,0.351181,0.433922,0.374112,0.379476,0.317469,0.578302,0,0
0.389449,0.406705,0.424685,0.583799,0.413967,0.690072,0.485964,0.867181,0.501287,0.660085,0.435411,0.480276,0.501285,0.433966,0.556421,0.346752,0.603908,0.660104,0.600842,0.741839,0.65293,0.763648,0.876545,0.630143,0.610035,0.567452,0.65752,0.760919,0.876568,0.630106,0.354228,0.431185,0.374141,0.379403,0.318986,0.575624,0,0
0.390993,0.403971,0.432344,0.581064,0.426222,0.698233,0.548771,0.771823,0.564087,0.581112,0.443075,0.466656,0.510472,0.428493,0.570194,0.360336,0.602376,0.64648,0.594718,0.725491,0.649856,0.763654,0.78159,0.61924,0.617695,0.556562,0.752489,0.578367,0.87349,0.62469,0.357295,0.428468,0.375672,0.376686,0.322057,0.572934,0,0
0.397104,0.401254,0.438475,0.591985,0.433885,0.703692,0.55183,0.788161,0.567155,0.597449,0.435416,0.488451,0.512011,0.447568,0.577881,0.376683,0.61003,0.649195,0.602376,0.72821,0.643738,0.77453,0.758613,0.594707,0.625349,0.564733,0.744826,0.545666,0.858187,0.624684,0.360373,0.425775,0.378747,0.371301,0.325137,0.572893,0,0
0.398664,0.401192,0.438471,0.589246,0.432351,0.695516,0.544167,0.796342,0.568674,0.594676,0.440009,0.485702,0.515058,0.458455,0.57634,0.376726,0.593187,0.676449,0.593184,0.755468,0.642194,0.76365,0.75861,0.591982,0.606976,0.583811,0.726454,0.512948,0.832136,0.630121,0.363405,0.423041,0.38333,0.371253,0.328176,0.567474,0,0
0.401708,0.398468,0.435415,0.589249,0.430822,0.695526,0.542635,0.785427,0.576322,0.583795,0.440013,0.488418,0.519653,0.447551,0.57478,0.376729,0.585526,0.673723,0.591654,0.744563,0.639129,0.752736,0.74023,0.55656,0.599314,0.60559,0.689681,0.472111,0.741746,0.529323,0.364971,0.417579,0.384858,0.368529,0.331256,0.559318,0,0
0.39867,0.390351,0.435414,0.5811,0.43388,0.690058,0.547234,0.790893,0.57787,0.597401,0.440012,0.480282,0.524246,0.447578,0.574777,0.374022,0.577866,0.681897,0.594718,0.741844,0.637602,0.744553,0.738696,0.540219,0.565618,0.616495,0.669798,0.463864,0.738701,0.537503,0.363438,0.409402,0.383308,0.363139,0.329717,0.556563,0,0
0.397108,0.387602,0.427746,0.575628,0.413967,0.668257,0.548763,0.782715,0.568663,0.63011,0.433886,0.480258,0.522721,0.444835,0.565609,0.374013,0.602374,0.654637,0.610041,0.73094,0.645258,0.722773,0.767814,0.502066,0.577872,0.553841,0.642218,0.450301,0.760143,0.507512,0.361879,0.404026,0.378721,0.363109,0.32515,0.553811,0,0
0.395575,0.384931,0.423175,0.570173,0.401714,0.660089,0.530383,0.774531,0.564075,0.61925,0.444607,0.474797,0.519662,0.444857,0.559476,0.373997,0.611564,0.649191,0.619226,0.736392,0.659046,0.70641,0.793843,0.562,0.579402,0.537492,0.634549,0.450276,0.757091,0.504759,0.360322,0.403991,0.375665,0.365818,0.323609,0.5511,0,0
0.387918,0.387631,0.417036,0.57018,0.392519,0.654636,0.521189,0.78543,0.545706,0.602867,0.430822,0.480267,0.498216,0.461161,0.54875,0.390338,0.608502,0.651918,0.602373,0.72004,0.727976,0.70641,0.888826,0.611057,0.616159,0.567456,0.666695,0.463911,0.807631,0.425804,0.349655,0.40392,0.371093,0.363131,0.315952,0.548392,0,0
0.384884,0.390326,0.412438,0.564726,0.392529,0.641023,0.525786,0.779994,0.545702,0.597443,0.424695,0.485715,0.504339,0.453024,0.54415,0.376753,0.655984,0.651924,0.633011,0.725495,0.760148,0.728226,0.911792,0.687337,0.654454,0.564725,0.769337,0.562002,0,0,0.348098,0.40396,0.369532,0.365807,0.312877,0.551067,0,0
0.387939,0.387628,0.415502,0.559283,0.390993,0.630126,0.515063,0.771813,0.556399,0.586525,0.443069,0.48027,0.487492,0.423043,0.530375,0.368553,0.652921,0.671,0.6422,0.75275,0.775453,0.752745,0.911794,0.728204,0.659052,0.586521,0.780057,0.613759,0.885739,0.62194,0.351164,0.403965,0.372579,0.365809,0.317456,0.551133,0,0
0.395605,0.387616,0.421624,0.570169,0.404782,0.635569,0.524258,0.782716,0.571743,0.562029,0.435411,0.488427,0.502812,0.423056,0.536523,0.314068,0.63301,0.662809,0.622287,0.744563,0.757089,0.752755,0.894947,0.752745,0.648329,0.572903,0.769336,0.630122,0.891872,0.657371,0.360341,0.404005,0.375689,0.363133,0.325111,0.553823,0,0
0.42161,0.390346,0.436939,0.561999,0.424685,0.643733,0.533448,0.660106,0.539567,0.403963,0.446139,0.47482,0.522726,0.4503,0.564082,0.34672,0.629943,0.670989,0.620752,0.736403,0.727971,0.730922,0.867372,0.763633,0.642202,0.600161,0.755556,0.570175,0.882697,0.657356,0.384855,0.40399,0.40018,0.365815,0.3481,0.553817,0,0
0.421639,0.382216,0.443073,0.553834,0.424688,0.641032,0.541105,0.654656,0.53651,0.406687,0.45685,0.466639,0.544165,0.458442,0.577883,0.365815,0.6376,0.668272,0.616155,0.73366,0.708056,0.728192,0.839797,0.763632,0.657513,0.608318,0.752466,0.54834,0.873504,0.641048,0.386406,0.401288,0.403229,0.360377,0.351185,0.553788,0,0
0.418547,0.376742,0.441541,0.545664,0.42776,0.649198,0.553363,0.681884,0.645283,0.581066,0.450726,0.450287,0.461455,0.289524,0,0,0.616159,0.657363,0.605436,0.720034,0.674354,0.706435,0.822945,0.703716,0.617692,0.540202,0.709604,0.499348,0.836727,0.589246,0.380282,0.401196,0.397098,0.354938,0.351151,0.551122,0,0
0.41244,0.376706,0.44001,0.551112,0.426224,0.643737,0.534976,0.651922,0.538043,0.382167,0.449191,0.463903,0.538042,0.455722,0.56868,0.363113,0.580926,0.657367,0.580931,0.744564,0.652932,0.711876,0.810702,0.665523,0.576337,0.572902,0.688148,0.474792,0.807623,0.548374,0.375678,0.401185,0.392515,0.354937,0.348088,0.551117,0,0
0.39712,0.379402,0.424685,0.551123,0.403249,0.632847,0.513539,0.641008,0.562534,0.401272,0.441538,0.4721,0.508936,0.463906,0.571739,0.384911,0.579396,0.67372,0.593184,0.755459,0.645266,0.706409,0.793856,0.581103,0.564078,0.594706,0.623812,0.455726,0.761682,0.472108,0.360346,0.401266,0.374168,0.357608,0.332774,0.551135,0,0
0.360344,0.382193,0.392526,0.540195,0.358812,0.61648,0.475247,0.624667,0.510487,0.452999,0.424701,0.463897,0.530384,0.417583,0,0,0.588589,0.635576,0.587058,0.714598,0.724919,0.739107,0.896474,0.711877,0.596246,0.551114,0.729516,0.575625,0.822949,0.436677,0.323576,0.403978,0.341987,0.360338,0.296019,0.553836,0,0
0.352683,0.38493,0.392516,0.532045,0.34964,0.608346,0.464506,0.619196,0.450732,0.453,0.426215,0.458444,0.53191,0.341303,0.495153,0.191431,0.602373,0.64647,0.594715,0.714594,0.738706,0.752755,0.922509,0.750022,0.605436,0.562005,0.747892,0.556548,0.856643,0.534742,0.317451,0.409426,0.335856,0.365793,0.289915,0.556562,0,0
0.37263,0.38488,0.470643,0.591979,0.441537,0.687345,0.561017,0.853556,0,0,0.50434,0.461188,0.674362,0.564733,0.839796,0.605595,0.675899,0.681894,0.659053,0.752731,0.737173,0.736397,0.905658,0.722757,0.691217,0.627392,0.764742,0.583802,0.858171,0.60285,0.329735,0.403957,0.349631,0.357599,0.300611,0.556549,0,0
0.386382,0.387597,0.423156,0.572899,0.375669,0.619231,0.570208,0.856277,0,0,0.430813,0.493884,0.674366,0.553797,0.698876,0.551105,0.649861,0.670997,0.637607,0.75546,0.727984,0.741836,0.887278,0.717328,0.654453,0.611047,0.747893,0.570181,0.848984,0.581075,0.348077,0.403989,0.364967,0.354937,0.311351,0.553864,0,0
0.403253,0.384872,0.42162,0.570164,0.400183,0.627413,0.508932,0.641012,0.559489,0.433946,0.429289,0.50751,0.542635,0.469356,0.583997,0.414862,0.605441,0.665561,0.602373,0.736396,0.708061,0.733665,0.847457,0.722764,0.613093,0.60287,0.698869,0.507494,0.827538,0.521124,0.366485,0.406665,0.383324,0.357658,0.334301,0.553872,0,0
0.409357,0.376743,0.433874,0.562008,0.423159,0.64375,0.528861,0.643735,0.531912,0.491148,0.444598,0.477529,0.527321,0.507501,0.594733,0.447591,0.605445,0.695506,0.599308,0.752735,0.685095,0.714594,0.841329,0.703707,0.616161,0.619226,0.680507,0.48297,0.810709,0.485703,0.372587,0.40121,0.387918,0.352168,0.340439,0.551131,0,0
0.409371,0.373981,0.433879,0.55657,0.420089,0.646488,0.533468,0.649222,0.531924,0.469365,0.446142,0.469379,0.530382,0.482978,0.593203,0.444842,0.600838,0.692797,0.606968,0.758191,0.65291,0.670984,0.82142,0.621962,0.591654,0.611059,0.675886,0.474788,0.804559,0.425783,0.372633,0.395797,0.387924,0.349491,0.343521,0.548388,0,0
0.406295,0.379427,0.427753,0.567468,0.412442,0.657373,0.501278,0.796332,0.570201,0.469414,0.440008,0.472106,0.522714,0.485701,0.580928,0.450267,0.597781,0.676444,0.60084,0.747281,0.660593,0.679174,0.815287,0.575611,0.599307,0.597424,0.682021,0.488465,0.810701,0.403944,0.371052,0.398542,0.383322,0.357628,0.337357,0.551075,0,0
0.384864,0.390324,0.406301,0.551118,0.381801,0.63559,0.490563,0.690052,0.522725,0.485702,0.429285,0.463887,0.505872,0.480245,0.557956,0.423047,0.617692,0.654646,0.606973,0.722766,0.706539,0.711859,0.864307,0.651912,0.62229,0.567459,0.721851,0.567448,0.841328,0.523852,0.348115,0.406717,0.364946,0.365822,0.315933,0.553872,0,0
0.374153,0.390322,0.397128,0.567457,0.377211,0.638291,0.479842,0.646496,0.492079,0.477564,0.420091,0.482981,0.519663,0.469353,0.550293,0.401224,0.642201,0.657365,0.625354,0.728214,0.757081,0.741837,0.91792,0.744564,0.651389,0.572898,0.758617,0.575639,0.864303,0.586512,0.340443,0.409399,0.355751,0.371249,0.309796,0.556558,0,0
0.389453,0.384869,0.400179,0.556551,0.369543,0.616495,0.43541,0.706399,0.485959,0.431219,0.424685,0.477543,0.487494,0.433931,0.536513,0.363142,0.669773,0.668272,0.659052,0.74729,0.758611,0.752745,0.913322,0.739131,0.645265,0.556556,0,0,0,0,0.349629,0.398469,0.371075,0.357657,0.31442,0.542954,0,0
0.404775,0.390334,0.410908,0.567454,0.374152,0.619217,0.44307,0.720046,0,0,0.430819,0.502064,0.501274,0.439403,0.544178,0.368507,0.669774,0.679168,0.68662,0.74184,0.732578,0.741849,0.88575,0.728207,0.674367,0.624673,0.72951,0.548375,0.853585,0.553807,0.369532,0.398466,0.384843,0.360356,0.325119,0.534784,0,0
0.426233,0.376718,0.417028,0.559284,0.383343,0.605617,0.47829,0.690067,0.525777,0.469395,0.440007,0.518399,0.542635,0.49388,0.571727,0.403988,0.608501,0.668277,0.605438,0.733671,0.685094,0.681905,0.838269,0.698236,0.613097,0.602872,0.677435,0.466654,0.807627,0.474831,0.394044,0.379482,0.404774,0.352199,0.346575,0.521107,0,0
0.433858,0.373966,0.421628,0.559271,0.395588,0.611042,0.502815,0.709164,0.553363,0.491197,0.443065,0.493884,0.525779,0.48297,0.577885,0.431198,0.577878,0.673716,0.579397,0.744564,0.642194,0.6601,0.784663,0.662811,0.579393,0.613785,0.643726,0.439379,0.769332,0.442122,0.400176,0.379428,0.410905,0.349452,0.357293,0.518406,0,0
0.447643,0.335866,0.443078,0.515677,0.412438,0.578386,0.518124,0.687344,0.580932,0.51568,0.466052,0.447552,0.550301,0.433927,0.591629,0.412145,0.614629,0.657364,0.616162,0.706424,0.637602,0.6274,0.755562,0.542917,0.631477,0.594696,0.717259,0.409417,0,0,0.4155,0.341293,0.423152,0.314054,0.375663,0.482976,0,0
0.443077,0.335854,0.441541,0.51022,0.40936,0.57837,0.519659,0.676453,0.56408,0.493893,0.47064,0.42852,0.551832,0.428498,0.688155,0.406725,0.606968,0.641026,0.605438,0.71459,0.640668,0.660089,0.758614,0.526584,0.614629,0.564729,0.637606,0.354924,0.738705,0.488443,0.406303,0.341262,0.417025,0.311308,0.369547,0.485666,0,0
0.409371,0.341352,0.427745,0.523854,0.386392,0.597431,0.484431,0.703702,0,0,0.462983,0.450272,0.527322,0.455746,0,0,0.6085,0.613786,0.610033,0.703698,0.649867,0.714577,0.809175,0.532034,0.611569,0.551101,0.626897,0.428458,0.758633,0.346767,0.372626,0.360356,0.392501,0.319511,0.341963,0.507522,0,0
0.395598,0.360408,0.413972,0.532037,0.372599,0.611055,0.458389,0.690067,0.499742,0.466655,0.453792,0.450295,0.565611,0.447557,0,0,0.611565,0.630119,0.602377,0.703696,0.677426,0.720038,0.865836,0.613774,0.626879,0.553823,0.717257,0.540203,0.865839,0.5838,0.35884,0.376723,0.374143,0.34129,0.325145,0.5211,0,0
0.372626,0.374002,0.387934,0.545629,0.345034,0.605594,0.409378,0.665545,0.450732,0.504787,0.427758,0.477525,0.49362,0.265003,0.49668,0.147832,0.603903,0.638289,0.588591,0.703695,0.752481,0.755484,0.933233,0.804501,0.610035,0.55111,0.763211,0.561996,0.878096,0.53203,0.338916,0.387607,0.349641,0.357627,0.308279,0.534729,0,0
0.374166,0.373989,0.383339,0.548389,0.346585,0.602886,0.403238,0.660079,0.417038,0.548365,0.420095,0.480257,0.464515,0.286799,0.479834,0.177807,0.603903,0.641023,0.593186,0.698248,0.752485,0.739111,0.937834,0.785435,0.608503,0.55655,0.755552,0.570178,0.876552,0.605615,0.340444,0.38761,0.352689,0.354927,0.309784,0.534739,0,0
0.407819,0.368548,0.498214,0.572904,0.464515,0.684621,0.594718,0.864456,0,0,0.594708,0.433923,0.68968,0.553839,0.862773,0.611034,0.708069,0.681892,0.682026,0.741847,0.763204,0.755493,0.917924,0.758209,0.720323,0.619232,0.757088,0.556554,0.87656,0.608327,0.372586,0.37944,0.384854,0.344015,0.332772,0.523865,0,0
0.4109,0.363101,0.427756,0.559282,0.407843,0.621943,0.55182,0.755471,0.556422,0.575614,0.456856,0.469355,0.715726,0.545659,0.858163,0.608334,0.680495,0.66554,0.663645,0.744569,0.754017,0.750024,0.898008,0.741846,0.695813,0.586526,0.74023,0.551102,0.868906,0.613751,0.375687,0.37942,0.389461,0.341317,0.341981,0.526557,0,0
0.424707,0.357676,0.449196,0.559289,0.424691,0.630126,0.53038,0.799052,0.60236,0.66281,0.46758,0.472088,0.524254,0.46118,0,0,0.60697,0.679168,0.58706,0.752736,0.678963,0.698248,0.832136,0.698219,0.610031,0.559287,0.726457,0.502045,0.835213,0.591991,0.392532,0.374025,0.40323,0.34126,0.36037,0.523837,0,0
0.427755,0.354936,0.45226,0.556535,0.42928,0.635574,0.527315,0.752753,0,0,0.469116,0.463921,0.547227,0.47209,0.60084,0.425743,0.622281,0.654645,0.622288,0.739111,0.654439,0.673721,0.789258,0.641042,0.622287,0.559266,0.694313,0.469389,0.807645,0.567475,0.395568,0.371272,0.406287,0.338558,0.363411,0.521113,0,0
0.401712,0.3604,0.42469,0.548388,0.410903,0.627404,0.527316,0.747289,0,0,0.438473,0.458455,0.507407,0.439384,0.542601,0.368533,0.594713,0.624673,0.591653,0.703693,0.639132,0.730938,0.776991,0.572883,0.594716,0.529302,0.640673,0.439361,0.758623,0.491163,0.36497,0.374013,0.386408,0.338551,0.335833,0.52655,0,0
0.371064,0.376708,0.421629,0.575628,0.398651,0.662814,0.541105,0.856276,0,0,0.435415,0.482978,0.686615,0.493886,0.818344,0.493935,0.593183,0.630124,0.588589,0.706413,0.651394,0.755456,0.878089,0.700977,0.594718,0.542925,0.69428,0.510237,0.826016,0.491162,0.32516,0.387633,0.34656,0.352202,0.297556,0.537494,0,0
0.348106,0.379453,0.395591,0.572893,0.358823,0.649203,0.417033,0.77453,0.389468,0.608311,0.427751,0.480268,0.44154,0.248647,0.476769,0.0170452,0.588587,0.63557,0.580933,0.711869,0.729517,0.763634,0.898007,0.788153,0.591656,0.551108,0.726446,0.570167,0.848985,0.564723,0.311348,0.398517,0.325146,0.360338,0.28528,0.548408,0,0
0.349619,0.373993,0.375679,0.537474,0.337369,0.624685,0.398649,0.709152,0.369534,0.572898,0.410907,0.450297,0.472174,0.393043,0.492077,0.267716,0.614627,0.632848,0.600843,0.700965,0.740236,0.741847,0.913322,0.76909,0.629945,0.553828,0.758614,0.5729,0.856653,0.575629,0.314405,0.395795,0.326677,0.357627,0.286821,0.542952,0,0
0.355769,0.363072,0.392524,0.548371,0.355768,0.619212,0.45073,0.760913,0.436939,0.529306,0.420094,0.458455,0.504336,0.34401,0.490556,0.229571,0.603907,0.611052,0.603905,0.698236,0.740241,0.739133,0.90872,0.758198,0.603908,0.529303,0.750958,0.586527,0.855117,0.570201,0.322049,0.382173,0.334326,0.341346,0.291416,0.532057,0,0
0.363421,0.346753,0.438477,0.56473,0.368023,0.621965,0.522723,0.834483,0,0,0.444602,0.463902,0.502804,0.423033,0.554899,0.376694,0,0,0,0,0,0,0,0,0,0,0,0,0,0,0.32668,0.371279,0.340445,0.338528,0.305206,0.526588,0,0
0.372627,0.346765,0.473707,0.575618,0.364971,0.613788,0.56408,0.853557,0,0,0.447671,0.455749,0.507394,0.431207,0.568685,0.382141,0.652925,0.660091,0.651391,0.741839,0.721855,0.750007,0.878095,0.725495,0.649859,0.572895,0.71266,0.540204,0.839813,0.591957,0.338938,0.371237,0.349641,0.335863,0.314422,0.52929,0,0
0.389448,0.335842,0.441534,0.551106,0.423155,0.624684,0.528852,0.799063,0,0,0.455326,0.458467,0.508935,0.447544,0.587046,0.409409,0.608496,0.662808,0.600839,0.730937,0.668245,0.703705,0.818358,0.700964,0.62382,0.578362,0.686616,0.488426,0.803039,0.575602,0.357284,0.354915,0.366475,0.314064,0.335837,0.515694,0,0
0.389465,0.324964,0.438476,0.534743,0.427749,0.624668,0.530382,0.777259,0,0,0.440007,0.439383,0.521186,0.450275,0.594708,0.409395,0.593186,0.621947,0.593185,0.695524,0.639131,0.714582,0.784653,0.670987,0.597776,0.534759,0.659072,0.463945,0.775458,0.556575,0.358802,0.343999,0.360354,0.311316,0.340427,0.5075,0,0
0.375667,0.314065,0.440002,0.53475,0.429284,0.624683,0.594721,0.752736,0.744827,0.643744,0.432348,0.433941,0.464518,0.248646,0.48596,0.142386,0.594715,0.583803,0.596246,0.660094,0.605433,0.747286,0.75555,0.627416,0.599311,0.515682,0.622283,0.463928,0.727991,0.529315,0.346574,0.341277,0.345044,0.316769,0.335833,0.502061,0,0
0.366483,0.319539,0.426228,0.551104,0.413968,0.62739,0.600842,0.769084,0.737158,0.630113,0.426229,0.46663,0.495146,0.447557,0.551829,0.412142,0.583995,0.591972,0.585528,0.657369,0,0,0,0,0.582466,0.523849,0.617685,0.466582,0.726454,0.5348,0.335854,0.344067,0.340447,0.314056,0.322058,0.510259,0,0
0.345028,0.335814,0.406311,0.553834,0.380271,0.624682,0.478302,0.815405,0,0,0.424694,0.463913,0.458388,0.243198,0,0,0.57786,0.651918,0.564078,0.72549,0.62535,0.769081,0.809151,0.646464,0.585526,0.56746,0.639123,0.48839,0.763209,0.545641,0.312874,0.357643,0.317465,0.324952,0.300616,0.515724,0,0
0.338903,0.335882,0.444599,0.567453,0.43541,0.67917,0.534975,0.859004,0,0,0.443075,0.447557,0.492089,0.273174,0.496685,0.13421,0.58706,0.635574,0.574803,0.714592,0.606968,0.785435,0.858186,0.725502,0.593187,0.545656,0.67743,0.512961,0.807621,0.529319,0.309786,0.363093,0.311331,0.335817,0.292979,0.521125,0,0
0.326653,0.338578,0.394054,0.529316,0.343511,0.605597,0,0,0,0,0.417028,0.431221,0.43388,0.213229,0.469109,0.0660891,0.597777,0.654637,0.577872,0.72549,0.70501,0.760916,0.885744,0.801788,0.608504,0.564734,0.741765,0.597429,0.84134,0.619246,0.29754,0.36581,0.299095,0.335838,0.282249,0.521158,0,0
0.337404,0.338636,0.395584,0.537475,0.348107,0.611052,0.426222,0.744561,0,0,0.415498,0.450287,0.427754,0.20778,0.435412,0.0224943,0.597777,0.646471,0.58859,0.722767,0.721852,0.755476,0.893407,0.782713,0.603907,0.559272,0.754019,0.613773,0.841332,0.62195,0.306733,0.36579,0.311339,0.333136,0.289896,0.521164,0,0
0.355756,0.338625,0.409371,0.545655,0.363416,0.616509,0.547232,0.86718,0.654455,0.993884,0.421627,0.455741,0.42622,0.251384,0,0,0.659055,0.684604,0.645265,0.75,0.731038,0.752756,0.891868,0.744586,0.671303,0.619236,0.744826,0.60015,0.845925,0.635553,0.323596,0.365791,0.32512,0.338559,0.30827,0.523836,0,0
0.36189,0.344002,0.397109,0.545673,0.366495,0.62193,0.530383,0.864458,0,0,0.415502,0.466639,0.588586,0.485709,0,0,0.622289,0.665547,0.620757,0.74456,0.715721,0.74456,0.87809,0.728237,0.610033,0.570168,0.724919,0.591975,0.844389,0.638293,0.334298,0.365842,0.337392,0.338574,0.314423,0.529308,0,0
0.374164,0.338619,0.401721,0.553824,0.377216,0.619236,0.4829,0.796336,0,0,0.424693,0.469351,0.481362,0.314049,0.490558,0.153289,0.599313,0.671006,0.585524,0.741836,0.677433,0.69826,0.812227,0.698263,0.613092,0.605595,0.691217,0.521156,0.804585,0.613746,0.345049,0.363101,0.357276,0.316794,0.328206,0.52655,0,0
0.380281,0.338613,0.403232,0.556533,0.374162,0.613809,0.476766,0.643736,0.473693,0.469345,0.426223,0.485733,0.521184,0.542936,0.53652,0.433934,0.582463,0.69552,0.57787,0.76363,0.639127,0.676466,0.783122,0.679189,0.593187,0.621957,0.659061,0.491122,0.772401,0.581102,0.349622,0.360332,0.364942,0.314024,0.334301,0.518394,0,0
0.366491,0.316777,0.401709,0.553826,0.37413,0.611028,0.476784,0.635558,0.475248,0.480258,0.409371,0.491171,0.490553,0.482997,0.544172,0.420318,0.548762,0.69007,0.553357,0.730947,0.588596,0.676457,0.734114,0.643765,0.528854,0.572903,0.597786,0.466613,0.711141,0.532009,0.348088,0.346765,0.346569,0.316794,0.335833,0.510241,0,0
0.366496,0.333141,0.398653,0.534749,0.361898,0.608333,0.475238,0.790888,0.721869,0.63829,0.421626,0.463907,0.489021,0.477528,0.547245,0.401262,0.57327,0.676445,0.580931,0.779987,0.580919,0.673729,0.729502,0.621956,0.577865,0.548377,0,0,0,0,0.341981,0.352171,0.338918,0.324925,0.325147,0.507503,0,0
0.351169,0.335828,0.392515,0.553831,0.372609,0.605607,0.394062,0.777254,0,0,0.401716,0.485696,0.476765,0.469361,0.542653,0.404008,0.553364,0.638292,0.553356,0.71187,0.614626,0.7146,0.778526,0.613785,0.551822,0.559282,0.597772,0.452999,0.7341,0.431192,0.325119,0.346751,0.325129,0.322211,0.309791,0.491207,0,0
0.345055,0.33853,0.400182,0.581085,0.407838,0.692792,0.515064,0.859003,0,0,0.395594,0.491159,0.487492,0.485717,0.542623,0.409417,0.561016,0.641019,0.55642,0.72276,0.608501,0.755455,0.818355,0.651911,0.553355,0.545651,0.633004,0.461186,0.778535,0.420311,0.320509,0.349447,0.322044,0.316794,0.300625,0.491157,0,0
0.331246,0.338578,0.383333,0.556556,0.383334,0.646472,0,0,0,0,0.378742,0.4857,0.455328,0.453036,0.530366,0.390344,0.597781,0.660099,0,0,0,0,0,0,0,0,0,0,0,0,0.303681,0.352221,0.303679,0.327655,0.288349,0.491159,0,0
0.335841,0.338531,0.392522,0.561989,0.349633,0.572898,0,0,0,0,0.383331,0.477533,0.466041,0.431204,0.533452,0.357612,0.622289,0.673718,0.603907,0.741841,0.694279,0.750012,0.859707,0.717313,0.634542,0.630123,0.727981,0.616492,0.839803,0.646457,0.308258,0.349454,0.308289,0.322251,0.283761,0.488422,0,0
0.357273,0.338565,0.374143,0.545651,0.3527,0.597426,0.361893,0.741826,0.286811,0.600137,0.398653,0.472084,0.473697,0.4176,0.536521,0.354914,0.651389,0.671,0.622287,0.739118,0.715726,0.752729,0.86431,0.741843,0.659047,0.608327,0.838284,0.64372,0,0,0.32664,0.344031,0.328177,0.319497,0.305208,0.482961,0,0
0.360346,0.341307,0.372598,0.545648,0.35729,0.591983,0.372606,0.741857,0.297565,0.591974,0.381803,0.482989,0.48443,0.431183,0.554905,0.390323,0.587057,0.643746,0.594717,0.709141,0.709596,0.75273,0,0,0.587058,0.556555,0.709603,0.605604,0.842869,0.65465,0.337356,0.34674,0,0,0.312876,0.482993,0,0
0.374113,0.335862,0.395588,0.542935,0.363431,0.581085,0.392531,0.747295,0.314397,0.600164,0,0,0,0,0,0,0,0,0,0,0,0,0,0,0,0,0,0,0,0,0.349624,0.341345,0.346554,0.316776,0.328203,0.480284,0,0
0.374128,0.333118,0.398656,0.551096,0.378734,0.602871,0.398649,0.750019,0.323585,0.600176,0.424691,0.48027,0.505873,0.507505,0.579422,0.466635,0.611564,0.665555,0.60544,0.744569,0.708074,0.750018,0.861237,0.750018,0.616161,0.589252,0.727979,0.619236,0.850525,0.630127,0.349631,0.341266,0.346552,0.314079,0.329728,0.477521,0,0
