0.193381,0.556519,0.260807,0.687326,0.240904,0.774555,0.240869,0.929851,0.291445,0.908064,0.276097,0.605601,0.369548,0.602909,0.427765,0.578294,0.450733,0.722781,0.449204,0.782709,0.479835,0.660102,0.648327,0.782697,0.45073,0.662835,0.522711,0.559266,0.645264,0.611072,0.165834,0.597445,0.18114,0.542914,0.16583,0.725461,0,0
0.191858,0.553793,0.25927,0.684617,0.240877,0.774533,0.240857,0.924407,0.294481,0.908036,0.274569,0.602889,0.361898,0.602893,0.424696,0.578299,0.452264,0.711858,0.452258,0.771805,0.530383,0.728216,0.65445,0.774522,0.447666,0.651936,0.522722,0.556547,0.634538,0.616522,0.165825,0.594671,0.179611,0.534758,0.167346,0.717302,0,0
0.19185,0.548395,0.260781,0.679143,0.240857,0.771806,0.240864,0.924382,0.297535,0.908066,0.274589,0.597415,0.363416,0.602846,0.426211,0.578323,0.456859,0.703694,0.456853,0.76364,0.485961,0.700962,0.65752,0.75277,0.452258,0.646463,0.527324,0.55109,0.634541,0.613758,0.165826,0.58652,0.179609,0.532057,0.16585,0.71191,0,0
0.196458,0.542909,0.263844,0.668291,0.24089,0.763625,0.239377,0.913517,0.291445,0.913476,0.28223,0.583827,0.390993,0.602876,0.429288,0.578371,0.475244,0.690069,0.472169,0.758188,0.554883,0.750024,0.669772,0.752704,0.473701,0.616506,0.643737,0.561978,0.636083,0.455724,0.170424,0.578355,0.188784,0.529287,0.170409,0.706455,0,0
0.199521,0.540238,0.263846,0.668278,0.240898,0.760929,0.239374,0.910774,0.289889,0.908092,0.280701,0.583827,0.392519,0.60288,0.440008,0.578339,0.472172,0.692788,0.470642,0.758211,0.550294,0.752724,0.669783,0.752702,0.461455,0.621952,0.642225,0.548415,0.629918,0.436699,0.173484,0.57566,0.19031,0.526595,0.171952,0.706425,0,0
0.196439,0.532066,0.26231,0.662838,0.24087,0.755452,0.23629,0.905287,0.283779,0.908059,0.276123,0.57835,0.398643,0.600161,0.427751,0.578342,0.472173,0.671003,0.470642,0.752739,0.547233,0.744559,0.665176,0.739137,0.462983,0.602886,0.63761,0.532003,0.623836,0.425791,0.17193,0.5729,0.185745,0.52113,0.170408,0.700976,0,0
0.194937,0.526602,0.26079,0.660111,0.240875,0.750029,0.233215,0.891717,0.27457,0.908086,0.274563,0.578342,0.400186,0.583796,0.424684,0.575631,0.469115,0.668267,0.469108,0.747285,0.501276,0.758192,0.657529,0.72822,0.459918,0.602881,0.637609,0.521157,0.623827,0.406751,0.170407,0.567427,0.185739,0.515661,0.168887,0.692809,0,0
0.196446,0.518374,0.26232,0.657373,0.242429,0.74185,0.230164,0.886231,0.268464,0.940777,0.273051,0.578354,0.418558,0.556555,0,0,0.479833,0.660091,0.475231,0.736389,0.475243,0.785433,0.657513,0.714583,0.473701,0.572889,0.633027,0.529305,0.625353,0.431193,0.170418,0.556587,0.187251,0.507477,0.171951,0.684633,0,0
0.191871,0.523826,0.262322,0.657364,0.242392,0.750008,0.234752,0.902623,0.268453,0.995248,0.276111,0.572873,0.435409,0.488431,0,0,0.470639,0.662834,0.467578,0.741846,0.484429,0.777266,0.654455,0.736392,0.46605,0.572901,0.628428,0.551085,0.623815,0.439392,0.167358,0.564704,0.182658,0.512913,0.170431,0.690071,0,0
0.191877,0.523877,0.263839,0.657374,0.24393,0.750002,0.239331,0.908079,0.273047,0.995268,0.276108,0.572911,0,0,0,0,0.475233,0.668285,0.473702,0.750007,0.519657,0.771805,0.655994,0.752706,0.46452,0.591973,0.504347,0.515693,0.596238,0.545647,0.167369,0.564734,0.184207,0.512978,0.168888,0.692789,0,0
0.194927,0.521096,0.265383,0.654626,0.247,0.747281,0.243964,0.91077,0.291426,0.995265,0.276127,0.572868,0.423168,0.507508,0,0,0.459926,0.684619,0.459915,0.755457,0.561015,0.771823,0.657508,0.777263,0.452267,0.616492,0.496708,0.491203,0.583996,0.567452,0.170399,0.559289,0.185734,0.510226,0.170433,0.687345,0,0
0.194938,0.515691,0.26538,0.654657,0.246996,0.747272,0.24702,0.905318,0.28682,0.995268,0.277645,0.572875,0.375675,0.602866,0,0,0.459918,0.692783,0.46145,0.758173,0.600848,0.793616,0.659038,0.793647,0.452271,0.632834,0.492088,0.488469,0.579399,0.578386,0.17042,0.553849,0.187272,0.502055,0.171942,0.684598,0,0
0.196469,0.515645,0.26539,0.65194,0.245483,0.744573,0.251588,0.902619,0.29142,0.995274,0.279179,0.570173,0.364959,0.591976,0,0,0.459913,0.692788,0.462984,0.752743,0.541106,0.769089,0,0,0.455322,0.635573,0.490539,0.488415,0.576341,0.600149,0.171955,0.551125,0.1888,0.499341,0.173463,0.679186,0,0
0.194934,0.515655,0.263872,0.654669,0.243955,0.75,0.251618,0.908053,0.294501,0.995271,0.277645,0.572902,0,0,0,0,0.44768,0.698249,0.449194,0.760907,0.56561,0.807233,0.64527,0.848131,0.446133,0.63556,0.495154,0.50476,0.574809,0.63556,0.170405,0.553805,0.187271,0.502071,0.170416,0.684589,0,0
0.193392,0.518387,0.263837,0.654629,0.242423,0.744557,0.250056,0.902622,0.29602,0.995271,0.276114,0.575605,0.430816,0.643746,0,0,0.449202,0.695517,0.450736,0.758172,0.562552,0.801802,0.642192,0.848139,0.446142,0.63283,0.496689,0.510201,0.577873,0.635587,0.167376,0.556571,0.185722,0.5102,0.168901,0.687343,0,0
0.19339,0.518397,0.262328,0.65737,0.242417,0.74728,0.256206,0.929867,0.308275,0.995263,0.276123,0.575606,0.429288,0.624676,0,0,0.449196,0.695531,0.4492,0.758181,0.587055,0.831759,0.639138,0.842663,0.447665,0.63556,0.499751,0.512957,0.583992,0.632824,0.167363,0.55659,0.185724,0.51021,0.168902,0.68737,0,0
0.191859,0.518424,0.262301,0.654628,0.242399,0.741838,0.24853,0.908064,0.312866,0.981638,0.2761,0.572883,0,0,0,0,0.456857,0.695504,0.458387,0.758171,0.580932,0.807228,0.63302,0.823574,0.449192,0.632849,0.496672,0.510234,0.588585,0.61107,0.165827,0.556571,0.182675,0.51022,0.167338,0.687391,0,0
0.188778,0.515688,0.257732,0.646457,0.239358,0.733669,0.237807,0.886258,0.294486,0.935274,0.274571,0.564713,0,0,0,0,0.453795,0.698257,0.450734,0.758201,0.524256,0.755468,0.63913,0.818139,0.450741,0.638286,0.499744,0.512925,0.605452,0.575583,0.162735,0.553828,0.176524,0.502076,0.16276,0.684641,0,0
0.185731,0.512985,0.257722,0.643756,0.240866,0.730925,0.239344,0.883553,0.296014,0.891703,0.271509,0.564732,0,0,0,0,0.452261,0.690065,0.450737,0.755447,0.525788,0.75819,0.643739,0.815392,0.449195,0.624666,0.507425,0.510243,0.6131,0.534782,0.161209,0.553817,0.175004,0.50479,0.164284,0.684604,0,0
0.18573,0.515656,0.254674,0.646495,0.239346,0.736397,0.239361,0.883564,0.29143,0.878066,0.268441,0.570159,0,0,0,0,0.450734,0.681892,0.449197,0.747282,0.504343,0.725497,0.64221,0.80995,0.449194,0.619217,0.513529,0.504788,0.614629,0.532009,0.161212,0.553856,0.175008,0.507465,0.164266,0.684618,0,0
0.188776,0.515722,0.253144,0.649219,0.239331,0.736387,0.239344,0.891676,0.292972,0.878101,0.263856,0.575589,0.401708,0.586517,0.415496,0.572896,0.462986,0.687343,0.458394,0.755456,0.544177,0.758208,0.643732,0.801797,0.458394,0.621939,0.522734,0.512914,0.625345,0.548379,0.161239,0.553854,0.176529,0.507491,0.161236,0.684629,0,0
0.187272,0.515662,0.253145,0.646466,0.239344,0.730945,0.239336,0.888967,0.296013,0.880838,0.263868,0.570187,0.354225,0.581084,0.4109,0.572907,0.462985,0.690078,0.455327,0.755466,0.528857,0.758185,0.64067,0.801807,0.466042,0.621939,0.539559,0.52111,0.629944,0.556575,0.16124,0.553797,0.17652,0.504758,0.161236,0.684577,0,0
0.188793,0.515669,0.254657,0.646483,0.240857,0.730963,0.239333,0.891678,0.297539,0.886246,0.263865,0.572883,0.378737,0.575638,0.420095,0.570182,0.462988,0.690079,0.455329,0.755482,0.536513,0.763633,0.648332,0.807253,0.464518,0.61651,0.544181,0.526599,0.640671,0.578346,0.162732,0.553806,0.17654,0.504789,0.161245,0.684607,0,0
0.190335,0.518422,0.259276,0.651937,0.242395,0.739113,0.24088,0.894421,0.302146,0.878093,0.273035,0.575603,0.357298,0.578378,0.426243,0.559282,0.46145,0.690068,0.453794,0.755456,0.536507,0.777249,0.651394,0.818139,0.461457,0.619224,0.561018,0.567466,0.663645,0.624674,0.164282,0.556567,0.178071,0.510196,0.165804,0.687379,0,0
0.190346,0.518419,0.259272,0.65465,0.242393,0.739123,0.239342,0.894418,0.299088,0.872633,0.27303,0.575632,0.354226,0.578395,0.426221,0.556545,0.455317,0.692796,0.449194,0.75276,0.533446,0.769099,0.652922,0.818123,0.452261,0.624685,0.554894,0.572917,0.662121,0.649203,0.164284,0.556567,0.178087,0.510185,0.16582,0.687376,0,0
0.191861,0.515719,0.260783,0.649219,0.242395,0.733683,0.239357,0.891676,0.302146,0.861724,0.27304,0.575594,0.355755,0.578335,0.424719,0.556528,0.459921,0.687352,0.452261,0.750024,0.539573,0.769099,0.655979,0.80998,0.461447,0.621959,0.56714,0.57835,0.665179,0.662824,0.164308,0.556532,0.181134,0.507473,0.165828,0.684643,0,0
0.191868,0.518403,0.260793,0.651914,0.242413,0.736382,0.240862,0.888989,0.30369,0.856262,0.273042,0.575589,0.360358,0.575667,0.427752,0.556601,0.458393,0.684611,0.452259,0.747293,0.54417,0.766358,0.65445,0.799039,0.462986,0.619231,0.56715,0.581064,0.663647,0.679154,0.165825,0.556523,0.184191,0.507514,0.165848,0.687306,0,0
0.191873,0.515641,0.259257,0.649182,0.240877,0.73096,0.240865,0.883534,0.303674,0.84809,0.271513,0.575617,0.358815,0.578326,0.427752,0.559289,0.453792,0.690066,0.449197,0.750018,0.547234,0.766359,0.652928,0.790899,0.452268,0.621966,0.561013,0.589247,0.660577,0.690077,0.165844,0.553798,0.182661,0.499347,0.165847,0.681877,0,0
0.193398,0.512909,0.260785,0.649177,0.240879,0.73094,0.242399,0.883535,0.303684,0.839895,0.273037,0.575647,0.358816,0.578382,0.424692,0.561997,0.453796,0.687349,0.449199,0.750023,0.551821,0.769097,0.651394,0.793636,0.453801,0.621941,0.559483,0.594695,0.663639,0.69005,0.167363,0.548399,0.185735,0.493912,0.165846,0.676418,0,0
0.193396,0.510263,0.260777,0.649181,0.240881,0.730964,0.245459,0.880845,0.3098,0.831766,0.273033,0.575631,0.357297,0.578319,0.424681,0.567427,0.45992,0.690072,0.452266,0.752735,0.551823,0.774524,0.655982,0.801803,0.466051,0.62467,0.565615,0.600135,0.668247,0.687363,0.167362,0.548376,0.185737,0.493881,0.167368,0.673709,0,0
0.193396,0.510223,0.262338,0.646472,0.242411,0.730918,0.247002,0.88084,0.311348,0.837183,0.274584,0.575623,0.360359,0.58112,0.427753,0.575568,0.461454,0.698227,0.455318,0.755478,0.553357,0.77725,0.655997,0.812662,0.46758,0.630115,0.565616,0.600165,0.675894,0.687323,0.16888,0.548377,0.185718,0.493913,0.170415,0.673719,0,0
0.193389,0.51023,0.262343,0.643769,0.242418,0.728231,0.248524,0.88083,0.314398,0.837196,0.274594,0.572883,0.360369,0.581075,0.429286,0.575571,0.466047,0.695505,0.455321,0.755454,0.550289,0.771824,0.655998,0.812681,0.472178,0.627406,0.567144,0.605594,0.675911,0.687328,0.168888,0.548411,0.1842,0.493922,0.171939,0.67374,0,0
0.193403,0.510224,0.263858,0.643744,0.242425,0.728218,0.248545,0.880835,0.314409,0.837161,0.277633,0.570197,0.361877,0.581079,0.429275,0.572933,0.467574,0.695508,0.455324,0.755457,0.551821,0.777247,0.657508,0.809961,0.473701,0.627404,0.565614,0.605581,0.675901,0.684612,0.1689,0.548398,0.185722,0.493906,0.171954,0.673727,0,0
0.196442,0.510214,0.265384,0.643754,0.243952,0.728222,0.253132,0.880778,0.319009,0.831766,0.277654,0.572892,0.36343,0.5811,0.432353,0.575565,0.469109,0.698241,0.45685,0.758172,0.55336,0.774544,0.657524,0.809954,0.473709,0.632846,0.567143,0.602879,0.675909,0.679178,0.171961,0.545656,0.188773,0.491198,0.174996,0.671036,0,0
0.196458,0.507503,0.266912,0.643753,0.243962,0.728219,0.251616,0.880773,0.320516,0.831754,0.282231,0.572879,0.369553,0.581103,0.433888,0.572913,0.472168,0.698253,0.456858,0.758176,0.554886,0.771825,0.660577,0.804522,0.475247,0.632858,0.565617,0.597433,0.678953,0.676451,0.171963,0.545642,0.187267,0.491151,0.175015,0.673695,0,0
0.197977,0.507488,0.265405,0.643772,0.245478,0.728225,0.253136,0.880803,0.319013,0.829023,0.279174,0.572898,0.368021,0.581103,0.435397,0.572864,0.475232,0.695509,0.462981,0.755454,0.557963,0.77455,0.662103,0.799088,0.478308,0.624688,0.574793,0.600151,0.678972,0.671014,0.173477,0.54563,0.188794,0.491157,0.17653,0.670973,0,0
0.199525,0.507487,0.265385,0.643774,0.245464,0.728208,0.254671,0.878115,0.318986,0.820874,0.277644,0.572887,0.368013,0.578399,0.433883,0.570171,0.475239,0.695502,0.466048,0.755455,0.56102,0.763646,0.662126,0.793576,0.478304,0.624683,0.576323,0.600144,0.680498,0.66831,0.173497,0.542915,0.190309,0.491142,0.176537,0.668297,0,0
0.199496,0.504773,0.266911,0.641036,0.245466,0.72548,0.254679,0.878086,0.315931,0.809938,0.283767,0.564722,0.374134,0.578391,0.436937,0.572886,0.473703,0.687341,0.467577,0.752719,0.579399,0.76092,0.665178,0.777243,0.475249,0.621936,0.577861,0.600152,0.678959,0.665572,0.173481,0.542919,0.188817,0.491128,0.176542,0.668254,0,0
0.198001,0.504803,0.266929,0.641064,0.245468,0.728194,0.259246,0.878064,0.31901,0.796374,0.285308,0.562021,0.374129,0.578333,0.436955,0.562001,0.469116,0.679169,0.459917,0.747276,0.5748,0.75547,0.663641,0.758202,0.473713,0.616488,0.573275,0.583793,0.678966,0.660092,0.174977,0.54024,0.19031,0.49111,0.176541,0.668269,0,0
0.199518,0.507476,0.266911,0.643717,0.245465,0.728191,0.257738,0.878077,0.317469,0.799075,0.285292,0.564722,0.371073,0.578305,0.436957,0.559293,0.470639,0.690073,0.458389,0.752712,0.564083,0.752729,0.666711,0.755498,0.473706,0.621963,0.568681,0.586523,0.680494,0.651908,0.174984,0.542906,0.190337,0.491135,0.17655,0.668268,0,0
0.199522,0.50748,0.268446,0.641061,0.246992,0.72821,0.25773,0.87806,0.31285,0.812637,0.286819,0.561995,0.374145,0.572891,0.439994,0.556566,0.473704,0.687345,0.464518,0.752716,0.588588,0.755451,0.665182,0.752744,0.476767,0.619235,0.57021,0.586526,0.686627,0.651903,0.175011,0.542922,0.190332,0.491123,0.178061,0.668276,0,0
0.201032,0.507485,0.268448,0.641058,0.247,0.728205,0.257731,0.875376,0.311352,0.812685,0.286812,0.562009,0.371075,0.575642,0.436959,0.556563,0.475239,0.687336,0.469107,0.750028,0.582463,0.758174,0.668248,0.755471,0.478298,0.619228,0.562546,0.586544,0.683566,0.657354,0.175019,0.542918,0.191844,0.491125,0.178078,0.66826,0,0
0.201032,0.507474,0.268438,0.641064,0.245491,0.728191,0.257724,0.875367,0.311327,0.815358,0.285304,0.564728,0.37107,0.575634,0.435436,0.553844,0.473709,0.69006,0.462986,0.752727,0.574803,0.755486,0.668232,0.760924,0.476772,0.621943,0.570209,0.600139,0.685094,0.662832,0.175023,0.542918,0.190347,0.491122,0.178079,0.668243,0,0
0.201054,0.510266,0.271505,0.641025,0.251581,0.728182,0.254661,0.883517,0.29448,0.818167,0.286826,0.564746,0.366493,0.572887,0.421638,0.507526,0.47677,0.692782,0.469114,0.752745,0.580928,0.774526,0.675904,0.785427,0.481369,0.624686,0.576335,0.608305,0.694278,0.676454,0.176538,0.548406,0.191875,0.493879,0.17809,0.673744,0,0
0.201071,0.515714,0.269996,0.646483,0.251601,0.728236,0.253121,0.894407,0.279182,0.839887,0.283761,0.575634,0.363437,0.57566,0.406319,0.485662,0.475228,0.695513,0.464517,0.752748,0.574802,0.779977,0.675895,0.801764,0.47983,0.627405,0.580936,0.62194,0.692753,0.698241,0.176545,0.556519,0.191859,0.504765,0.17809,0.684612,0,0
