0.675898,0.444841,0.603909,0.515681,0.588585,0.398504,0.521198,0.344016,0.446124,0.324935,0.622287,0.651908,0.559499,0.758208,0.479834,0.692813,0.386399,0.567454,0.381803,0.485694,0.309791,0.344045,0.22402,0.502056,0.398638,0.638313,0.338909,0.730919,0.237796,0.646464,0.689696,0.412159,0.695819,0.488473,0,0,0.672846,0.6083
0.674373,0.447587,0.605458,0.512983,0.590124,0.39579,0.522712,0.335882,0.446144,0.303133,0.625368,0.646476,0.567129,0.758213,0.481355,0.711884,0.387931,0.562002,0.380272,0.482974,0.309806,0.341333,0.220955,0.496624,0.398661,0.63828,0.337384,0.728188,0.236289,0.643752,0.691186,0.414867,0.697336,0.493888,0.66364,0.382126,0.675881,0.608369
0.67437,0.450292,0.602373,0.510252,0.576354,0.384919,0.525796,0.305866,0.467585,0.229548,0.626868,0.646458,0.57174,0.755433,0.487503,0.731008,0.386394,0.56746,0.380265,0.485712,0.297565,0.354924,0.201059,0.510198,0.397123,0.641015,0.326641,0.722782,0.233213,0.638305,0.691184,0.417601,0.697346,0.496627,0.660589,0.382186,0.675901,0.61105
0.672841,0.450274,0.603885,0.512938,0.577853,0.384902,0.542653,0.294953,0.495149,0.205083,0.626864,0.646464,0.567135,0.752733,0.479822,0.728225,0.383333,0.55928,0.375674,0.480245,0.28376,0.371269,0.17349,0.512966,0.397118,0.635562,0.325152,0.725442,0.228621,0.638269,0.689683,0.417599,0.697334,0.496593,0.660586,0.384913,0.675901,0.611058
0.671305,0.447558,0.602363,0.512982,0.577852,0.379422,0.556397,0.278635,0.521197,0.166899,0.619229,0.654659,0.542648,0.752716,0.461458,0.68732,0.381806,0.55112,0.375667,0.472074,0.253135,0.425751,0.127507,0.515667,0.395587,0.627411,0.323588,0.720061,0.224037,0.63559,0.689671,0.417583,0.697345,0.493913,0.659065,0.382182,0.675897,0.61103
0.672843,0.45028,0.600831,0.515678,0.576322,0.379442,0.554876,0.281351,0.521192,0.166955,0.617687,0.65465,0.542622,0.750041,0.462999,0.687378,0.381805,0.559283,0.375669,0.472095,0.253131,0.433955,0.126005,0.523858,0.394064,0.638289,0.322048,0.711888,0.222498,0.632836,0.688161,0.417594,0.695836,0.493902,0.6606,0.387587,0.674382,0.608359
0.671299,0.444824,0.599325,0.51841,0.576331,0.393089,0.536518,0.300405,0.492086,0.205046,0.617709,0.654624,0.547216,0.75543,0.459934,0.714597,0.380272,0.553851,0.374141,0.474798,0.240886,0.436682,0.132131,0.551083,0.394049,0.632835,0.31592,0.711837,0.222481,0.619202,0.686623,0.414839,0.695804,0.491151,0,0,0.674376,0.608355
0.668258,0.442091,0.599305,0.518435,0.57635,0.398507,0.518121,0.303168,0.462977,0.215968,0.619226,0.654638,0.551825,0.758213,0.470636,0.74996,0.38027,0.559287,0.374134,0.47482,0.243936,0.436667,0.129073,0.540211,0.392534,0.638276,0.311322,0.711843,0.219422,0.616497,0.686613,0.409416,0.695833,0.488469,0,0,0.675899,0.605641
0.668222,0.431239,0.599307,0.521124,0.57633,0.403953,0.507406,0.327679,0.443082,0.251436,0.62229,0.649214,0.567148,0.755501,0.485946,0.774538,0.381801,0.567448,0.374148,0.480259,0.250059,0.431191,0.127515,0.518402,0.394053,0.641024,0.306752,0.714604,0.217898,0.624655,0.682041,0.403948,0.695812,0.480271,0,0,0.677433,0.600205
0.668251,0.428505,0.597794,0.5184,0.574812,0.401282,0.507399,0.333132,0.438474,0.259542,0.623806,0.649187,0.567146,0.758177,0.482889,0.769104,0.37568,0.57018,0.371086,0.48298,0.247018,0.431198,0.125994,0.515671,0.390994,0.643763,0.308255,0.71732,0.214845,0.627415,0.682037,0.401268,0.695822,0.474833,0,0,0.677424,0.600098
0.669778,0.425811,0.599319,0.518403,0.577865,0.403946,0.507413,0.335806,0.436953,0.262258,0.620749,0.649189,0.556424,0.755465,0.475234,0.752706,0.378738,0.57018,0.372612,0.485698,0.247005,0.439375,0.124466,0.52933,0.392535,0.643766,0.308283,0.722728,0.210247,0.638311,0.683563,0.401217,0.697336,0.469399,0,0,0.67745,0.5974
0.671303,0.428446,0.599304,0.518397,0.577858,0.403951,0.508916,0.333138,0.436941,0.262274,0.619242,0.649197,0.556408,0.755441,0.475231,0.750042,0.380271,0.570171,0.374137,0.485713,0.243946,0.450293,0.125978,0.545656,0.392537,0.643752,0.308286,0.722755,0.210226,0.641026,0.68508,0.4012,0.697356,0.469395,0,0,0.678943,0.5974
0.669786,0.42578,0.599306,0.5184,0.577863,0.403973,0.508925,0.335836,0.435429,0.273219,0.620751,0.646477,0.557972,0.752774,0.478284,0.755498,0.377201,0.570162,0.371082,0.482988,0.240875,0.458484,0.124475,0.559262,0.392523,0.643728,0.300622,0.720008,0.204123,0.646474,0.683565,0.398544,0.69734,0.469382,0,0,0.67745,0.597406
0.668258,0.425781,0.597777,0.515708,0.574819,0.403938,0.50588,0.33582,0.433852,0.278649,0.620758,0.643771,0.559486,0.755437,0.478288,0.75552,0.377207,0.570162,0.371083,0.482994,0.240869,0.45846,0.124474,0.556537,0.394044,0.643753,0.29909,0.717338,0.205634,0.649214,0.682016,0.401206,0.695803,0.469351,0,0,0.677441,0.597386
0.66669,0.423019,0.59625,0.515707,0.576331,0.401276,0.501274,0.338517,0.426204,0.28949,0.6177,0.649191,0.553354,0.755494,0.46912,0.752753,0.372616,0.570169,0.366476,0.482989,0.242408,0.450272,0.124465,0.551065,0.387925,0.643774,0.292969,0.71457,0.201056,0.649196,0.680494,0.398494,0.694288,0.466634,0,0,0.677422,0.591999
0.666707,0.420306,0.594728,0.515688,0.574805,0.401273,0.501272,0.338582,0.426207,0.292248,0.616169,0.646482,0.55028,0.755443,0.459918,0.750042,0.369541,0.562001,0.361881,0.480239,0.243963,0.442132,0.126005,0.551083,0.380277,0.641018,0.294475,0.711873,0.199523,0.646474,0.680488,0.395801,0.69428,0.463905,0,0,0.67742,0.591979
0.66669,0.409404,0.593202,0.518399,0.576317,0.401275,0.502801,0.341269,0.426227,0.297685,0.613089,0.660081,0.539562,0.755436,0.447659,0.750004,0.374136,0.562011,0.368011,0.480256,0.248531,0.433969,0.141305,0.559299,0.386402,0.638299,0.294495,0.711859,0.199511,0.643771,0.680514,0.390351,0.694304,0.458465,0,0,0.677441,0.58924
0.666686,0.406683,0.593207,0.518395,0.576335,0.403936,0.502817,0.338594,0.427767,0.295022,0.611562,0.657375,0.536504,0.755431,0.444581,0.750046,0.374133,0.561999,0.366482,0.480244,0.251597,0.43123,0.150508,0.570153,0.386403,0.63827,0.297549,0.71189,0.204106,0.646484,0.680516,0.387649,0.694305,0.45843,0,0,0.677424,0.58383
0.666704,0.406697,0.593195,0.515704,0.57481,0.401279,0.502808,0.338552,0.429269,0.294974,0.611574,0.651906,0.538044,0.752768,0.443049,0.755495,0.372601,0.564717,0.364957,0.48026,0.256206,0.423051,0.17349,0.572927,0.384855,0.638283,0.300618,0.722752,0.202587,0.654631,0.680514,0.387597,0.694273,0.458435,0.692759,0.458433,0.677418,0.583781
0.666701,0.404026,0.59319,0.515657,0.574802,0.401266,0.502815,0.338599,0.427756,0.295008,0.611566,0.646477,0.539577,0.752749,0.443046,0.760913,0.374145,0.564719,0.369549,0.480267,0.262308,0.412141,0.178079,0.570183,0.387924,0.638277,0.297555,0.722732,0.205636,0.660071,0.680516,0.384928,0.692783,0.455711,0,0,0.677427,0.581125
0.665173,0.401274,0.593203,0.515685,0.574798,0.401226,0.502806,0.344034,0.427746,0.311302,0.616164,0.651931,0.542638,0.763655,0.446108,0.774498,0.371082,0.572888,0.369542,0.485703,0.274593,0.390322,0.191874,0.556547,0.383333,0.641025,0.297546,0.714608,0.201058,0.657359,0.678985,0.382215,0.692731,0.447601,0,0,0.675889,0.581106
0.662111,0.401215,0.593195,0.521117,0.574814,0.401285,0.499734,0.349455,0.424705,0.316786,0.61463,0.654657,0.550279,0.771808,0.452255,0.774577,0.372615,0.570174,0.371071,0.485707,0.28376,0.376713,0.201071,0.551093,0.383337,0.643725,0.297553,0.711866,0.202586,0.64922,0.678947,0.382165,0.69123,0.447552,0,0,0.675902,0.581073
0.663637,0.401209,0.593169,0.518418,0.573277,0.403942,0.492094,0.354923,0.420105,0.33856,0.614638,0.649207,0.557976,0.780005,0.478296,0.769052,0.372606,0.570188,0.371085,0.482985,0.288358,0.365795,0.210247,0.540219,0.383331,0.643773,0.299089,0.706388,0.199521,0.638296,0.678959,0.382158,0.691233,0.444852,0,0,0.675915,0.581044
0.663653,0.401178,0.593188,0.51844,0.573269,0.403932,0.492073,0.357586,0.420079,0.341327,0.617682,0.654631,0.559491,0.785452,0.482893,0.752719,0.372615,0.572899,0.372609,0.480267,0.288379,0.363085,0.211756,0.537514,0.383338,0.646477,0.299078,0.703688,0.202581,0.635576,0.678986,0.382164,0.692738,0.444874,0,0,0.677422,0.578424
0.668223,0.403959,0.594711,0.521153,0.573281,0.403993,0.492085,0.357599,0.415511,0.344057,0.61923,0.660072,0.556395,0.774555,0.472189,0.714607,0.375681,0.572896,0.37567,0.485689,0.288352,0.365844,0.207192,0.537509,0.387934,0.646481,0.303686,0.70916,0.208702,0.63827,0.682037,0.3849,0.692788,0.450312,0,0,0.677445,0.581128
0.66826,0.403999,0.594716,0.521115,0.573278,0.40397,0.493623,0.357651,0.420091,0.343987,0.620752,0.657375,0.548764,0.7691,0.46604,0.71733,0.380267,0.572915,0.377203,0.483,0.285298,0.371251,0.202593,0.540216,0.392521,0.649189,0.30521,0.711881,0.20872,0.638302,0.68357,0.387607,0.694292,0.453046,0,0,0.677408,0.586524
0.669788,0.409412,0.596251,0.515683,0.574799,0.401192,0.495147,0.360414,0.42927,0.338636,0.61924,0.646495,0.545699,0.758207,0.46145,0.706454,0.37874,0.570161,0.37261,0.48569,0.27305,0.387627,0.176559,0.540208,0.392532,0.643745,0.314414,0.706408,0.201053,0.643751,0.68508,0.393039,0.692785,0.458474,0,0,0.672841,0.594701
0.669765,0.409404,0.596264,0.515678,0.576352,0.401189,0.502817,0.360377,0.441519,0.330419,0.61922,0.646469,0.545684,0.755491,0.462987,0.703727,0.378745,0.570164,0.371077,0.485702,0.260781,0.403977,0.15968,0.542934,0.392527,0.641048,0.314415,0.700942,0.193395,0.643746,0.683556,0.390367,0.69276,0.458456,0,0,0.669783,0.594687
0.668237,0.409416,0.597779,0.510251,0.576342,0.395767,0.508933,0.36038,0.455315,0.308566,0.625343,0.641019,0.547241,0.755444,0.478282,0.69827,0.372618,0.572887,0.36648,0.485706,0.2562,0.420313,0.161227,0.559298,0.38793,0.646478,0.308261,0.687336,0.173483,0.657381,0.682016,0.390326,0.691217,0.458473,0,0,0.666718,0.589253
0.666712,0.412119,0.594725,0.510215,0.574789,0.393071,0.501284,0.360351,0.443086,0.330363,0.622295,0.641045,0.55797,0.755508,0.493619,0.703669,0.363424,0.570185,0.358815,0.485712,0.257725,0.409408,0.175009,0.575646,0.374151,0.646468,0.277644,0.681881,0.148979,0.67371,0.6805,0.390316,0.691197,0.458453,0,0,0.666716,0.589253
0.662128,0.406723,0.590107,0.515668,0.571723,0.398486,0.498225,0.371245,0.43542,0.36585,0.606968,0.66008,0.580916,0.774537,0.519657,0.71732,0.361884,0.564737,0.36648,0.477548,0.283759,0.376741,0.210234,0.562003,0.368019,0.641019,0.251593,0.681878,0.127539,0.711872,0.678944,0.387635,0.689666,0.458484,0,0,0.665185,0.589254
0.660584,0.409437,0.591649,0.518438,0.570211,0.398516,0.496683,0.371295,0.435431,0.371228,0.608501,0.662835,0.588577,0.774525,0.521178,0.744538,0.366487,0.564732,0.374139,0.472097,0.289888,0.363115,0.222487,0.545672,0.371077,0.64376,0.257731,0.668298,0.135181,0.703696,0.67745,0.390352,0.689656,0.461218,0.688149,0.444837,0.666697,0.59196
0.660586,0.422999,0.594718,0.515676,0.570206,0.398538,0.49516,0.371227,0.435432,0.376681,0.617696,0.646468,0.582451,0.758179,0.496711,0.760901,0.372615,0.57289,0.375683,0.480276,0.297556,0.354926,0.227115,0.532035,0.380269,0.646467,0.277637,0.660089,0.185728,0.632861,0.677427,0.395818,0.686616,0.466595,0,0,0.666691,0.597386
0.65906,0.423007,0.596243,0.515701,0.571733,0.401212,0.495159,0.368549,0.438474,0.373992,0.61924,0.646478,0.57021,0.752755,0.4783,0.747303,0.377211,0.562001,0.377214,0.474808,0.294501,0.352209,0.239366,0.532019,0.389464,0.638287,0.31134,0.638294,0.220966,0.621929,0.677433,0.398492,0.688146,0.46663,0,0,0.668231,0.597436
0.665169,0.420287,0.599302,0.512956,0.577866,0.401221,0.504339,0.360392,0.447677,0.357654,0.622289,0.643746,0.557949,0.733669,0.47063,0.709193,0.383334,0.548378,0.380268,0.463905,0.300634,0.344016,0.248534,0.518383,0.39711,0.619231,0.369547,0.662839,0.239358,0.583811,0.680501,0.39848,0.69121,0.463899,0,0,0.672821,0.597381
0.666721,0.414836,0.599311,0.507483,0.577882,0.398548,0.507422,0.360371,0.449183,0.352218,0.61771,0.63831,0.557977,0.728264,0.472177,0.706476,0.386392,0.542913,0.377196,0.469378,0.296008,0.34944,0.237831,0.53478,0.398645,0.611065,0.374164,0.66827,0.253123,0.562003,0.680516,0.393092,0.691236,0.461149,0,0,0.671311,0.597394
0.6667,0.404017,0.599321,0.496605,0.577884,0.393053,0.505875,0.354892,0.446112,0.341314,0.620758,0.630131,0.564084,0.728179,0.479837,0.725454,0.389453,0.532042,0.381807,0.458465,0.292945,0.354887,0.24242,0.564734,0.398653,0.61104,0.375666,0.66555,0.260788,0.545651,0.680512,0.384924,0.691204,0.453012,0,0,0.671294,0.58653
0.662126,0.403934,0.600839,0.499324,0.577887,0.39576,0.504335,0.35221,0.443089,0.346715,0.62229,0.632823,0.568658,0.725499,0.485973,0.728216,0.390997,0.540209,0.384862,0.461193,0.291451,0.352213,0.239334,0.545672,0.403238,0.616493,0.369535,0.665562,0.260791,0.545654,0.678965,0.38489,0.68968,0.447602,0,0,0.671293,0.583793
0.657534,0.401257,0.596259,0.499347,0.574813,0.395814,0.504334,0.357591,0.441529,0.352223,0.61924,0.632853,0.56714,0.725528,0.49056,0.730936,0.384864,0.545642,0.380264,0.466628,0.29294,0.349496,0.239321,0.542939,0.397107,0.619222,0.360337,0.668272,0.24242,0.548384,0.677405,0.384916,0.686619,0.447562,0,0,0.668252,0.581064
0.659067,0.403986,0.59472,0.504794,0.57326,0.398494,0.499736,0.354878,0.435435,0.354915,0.617684,0.635586,0.561017,0.730962,0.49207,0.74182,0.386395,0.551121,0.38027,0.469355,0.288381,0.357614,0.23629,0.556574,0.400177,0.630136,0.352707,0.673697,0.242397,0.559284,0.677407,0.387625,0.686606,0.447594,0,0,0.666731,0.583786
0.659049,0.404019,0.596236,0.510201,0.574801,0.398538,0.498226,0.35493,0.433873,0.354905,0.619223,0.638291,0.570193,0.728185,0.49974,0.752743,0.387932,0.556553,0.380268,0.472084,0.285302,0.365812,0.228635,0.553836,0.401721,0.635555,0.341978,0.679181,0.236288,0.575643,0.675911,0.387627,0.685081,0.452989,0.685085,0.450274,0.666723,0.586502
0.660571,0.406684,0.594742,0.507524,0.573288,0.398528,0.498209,0.354918,0.432363,0.354942,0.620754,0.638271,0.573267,0.725484,0.505874,0.758228,0.384863,0.559287,0.375684,0.477516,0.280713,0.365843,0.228625,0.559269,0.398659,0.638311,0.338908,0.690063,0.233215,0.578384,0.677411,0.38763,0.685098,0.450333,0.682029,0.444823,0.666721,0.586535
0.660567,0.403948,0.594722,0.502085,0.573285,0.398504,0.496704,0.357579,0.430829,0.357649,0.617672,0.632841,0.57633,0.72006,0.521166,0.766335,0.383331,0.559266,0.375675,0.474813,0.277628,0.371273,0.228646,0.561998,0.398651,0.638297,0.335823,0.692818,0.23168,0.583834,0.677419,0.384925,0.686609,0.447604,0,0,0.666722,0.581126
0.659048,0.40127,0.594727,0.499355,0.574797,0.398491,0.496682,0.354905,0.430832,0.357693,0.616161,0.632835,0.576317,0.720033,0.524241,0.760916,0.381805,0.559282,0.37567,0.47482,0.277647,0.371298,0.22863,0.562002,0.39712,0.63829,0.335847,0.690077,0.231695,0.583787,0.677419,0.384902,0.68663,0.447566,0.686628,0.444858,0.666721,0.581094
0.657523,0.401201,0.594711,0.499329,0.573277,0.398478,0.496667,0.354913,0.432348,0.36037,0.614621,0.630121,0.573256,0.717328,0.527313,0.752775,0.389456,0.553839,0.378734,0.47481,0.280696,0.371273,0.228613,0.562025,0.403244,0.635564,0.337388,0.690053,0.236276,0.583784,0.677408,0.382202,0.688132,0.444843,0.682025,0.363087,0.666718,0.578409
0.659034,0.398512,0.594706,0.499338,0.573269,0.398473,0.495153,0.354897,0.432343,0.357685,0.613107,0.632832,0.571744,0.717307,0.527307,0.750032,0.389452,0.553821,0.378742,0.474803,0.280705,0.368567,0.227115,0.559311,0.401711,0.63013,0.338897,0.687338,0.236273,0.58381,0.677418,0.38214,0.686631,0.442139,0.657529,0.376692,0.666728,0.578386
0.660588,0.398478,0.594693,0.493913,0.576337,0.395791,0.499742,0.349431,0.433894,0.352216,0.610019,0.624665,0.573261,0.709117,0.527331,0.749951,0.390998,0.55654,0.38028,0.474819,0.280715,0.368569,0.227071,0.559312,0.403254,0.632853,0.337361,0.690042,0.236278,0.583817,0.677452,0.379468,0.686614,0.442124,0,0,0.665178,0.57836
0.660593,0.39846,0.594697,0.493923,0.576333,0.395786,0.501283,0.344049,0.433885,0.34675,0.610046,0.627375,0.573264,0.711847,0.528852,0.750041,0.392513,0.551123,0.380275,0.474799,0.2807,0.368521,0.225565,0.559327,0.404779,0.627408,0.337361,0.690058,0.233218,0.586514,0.677456,0.379446,0.686603,0.44209,0,0,0.665166,0.578329
0.660581,0.398452,0.594702,0.502069,0.574822,0.395804,0.501287,0.341268,0.433896,0.343988,0.611569,0.632841,0.571746,0.717299,0.538045,0.74998,0.390989,0.556566,0.380267,0.47751,0.279162,0.368554,0.22553,0.562036,0.401715,0.632863,0.328177,0.690081,0.227101,0.591966,0.677456,0.379468,0.686601,0.439421,0,0,0.665195,0.578361
0.662098,0.398487,0.594695,0.507497,0.576322,0.398482,0.501287,0.341266,0.435391,0.344007,0.608529,0.635567,0.550305,0.752727,0.538042,0.739109,0.386401,0.553843,0.377215,0.472109,0.277665,0.368531,0.224009,0.562041,0.398652,0.635547,0.326668,0.692774,0.225561,0.594694,0.678928,0.379495,0.686634,0.442092,0,0,0.666694,0.578404
0.660591,0.398449,0.59472,0.512913,0.576335,0.398537,0.502817,0.341318,0.436925,0.344049,0.610021,0.643749,0.545702,0.774558,0.542605,0.731002,0.38793,0.556574,0.37722,0.477538,0.274589,0.376756,0.219422,0.567482,0.398662,0.632869,0.325151,0.695524,0.224014,0.602884,0.678953,0.382117,0.689654,0.442111,0,0,0.666735,0.578425
0.662097,0.398466,0.594706,0.510246,0.576347,0.398549,0.504353,0.341333,0.435395,0.346722,0.60848,0.646479,0.545685,0.779991,0.544159,0.722751,0.384857,0.556567,0.37568,0.474831,0.274593,0.379482,0.217889,0.572893,0.397113,0.635571,0.325113,0.692811,0.21944,0.605593,0.678971,0.382129,0.689666,0.442119,0,0,0.668238,0.578437
0.662121,0.398477,0.594724,0.51298,0.576334,0.398534,0.50585,0.341333,0.435397,0.346716,0.611552,0.649195,0.542633,0.763612,0.553343,0.695524,0.386395,0.55656,0.377198,0.474816,0.268439,0.39577,0.213274,0.578378,0.398636,0.635554,0.323582,0.698239,0.217893,0.608311,0.678987,0.382125,0.689677,0.442108,0,0,0.669761,0.578425
0.662118,0.398519,0.594731,0.510271,0.576359,0.398491,0.504354,0.341336,0.433897,0.344043,0.611562,0.646451,0.541107,0.755462,0.554904,0.684578,0.387934,0.556554,0.380262,0.472107,0.265397,0.398487,0.204123,0.594688,0.400192,0.63287,0.322042,0.698231,0.214839,0.611042,0.678982,0.382139,0.689684,0.442121,0,0,0.668267,0.578388
0.665159,0.398477,0.596238,0.510191,0.576336,0.398479,0.507391,0.343985,0.433892,0.341354,0.616138,0.641023,0.542622,0.752729,0.5564,0.673743,0.377204,0.561993,0.371068,0.477539,0.253134,0.423041,0.18421,0.597399,0.394053,0.635591,0.308273,0.698225,0.207165,0.624688,0.680484,0.379489,0.6897,0.442061,0,0,0.669772,0.578346
0.665176,0.39846,0.596239,0.507488,0.576325,0.395791,0.507391,0.341311,0.43385,0.341309,0.616158,0.64099,0.542625,0.750036,0.5564,0.665547,0.375665,0.55929,0.369552,0.480232,0.251581,0.425806,0.17196,0.60017,0.389453,0.632872,0.292961,0.69821,0.201065,0.641029,0.680511,0.37949,0.689689,0.439407,0,0,0.669779,0.57832
0.663629,0.398537,0.596265,0.510237,0.577868,0.395768,0.504347,0.341275,0.430822,0.341352,0.617679,0.641039,0.542647,0.750057,0.54876,0.641012,0.374138,0.564729,0.369547,0.480244,0.24087,0.455721,0.15357,0.60834,0.387928,0.641037,0.273043,0.695534,0.182664,0.660067,0.678988,0.38214,0.68967,0.442117,0.686619,0.439386,0.669769,0.578318
0.663644,0.401172,0.596261,0.50206,0.577866,0.393053,0.50587,0.341314,0.427765,0.349491,0.616152,0.641002,0.545721,0.752756,0.54264,0.641023,0.378743,0.559272,0.374141,0.474809,0.239366,0.463887,0.142855,0.608321,0.392522,0.63557,0.273042,0.690091,0.167352,0.660102,0.678978,0.382139,0.689668,0.442112,0.689682,0.442099,0.669767,0.578313
0.665171,0.401205,0.594743,0.504802,0.579404,0.393083,0.501288,0.357614,0.423179,0.37127,0.61156,0.641028,0.554899,0.774516,0.556422,0.63013,0.374147,0.559266,0.372602,0.474821,0.243934,0.469339,0.127523,0.583812,0.380269,0.632859,0.254675,0.67916,0.129058,0.687354,0.680479,0.382155,0.689673,0.442103,0.66671,0.420315,0.669782,0.578335
0.662099,0.401194,0.591643,0.512941,0.576317,0.401222,0.496674,0.363058,0.421629,0.374031,0.606975,0.649203,0.556428,0.788156,0.590112,0.632848,0.368011,0.551103,0.369538,0.46937,0.242403,0.466638,0.116817,0.575635,0.372607,0.63013,0.256201,0.673734,0.122936,0.700972,0.677446,0.382121,0.686608,0.442123,0.677428,0.436649,0.668232,0.578414
0.657536,0.401202,0.591664,0.512966,0.574784,0.4012,0.495156,0.360363,0.418564,0.363128,0.608513,0.63555,0.576319,0.796361,0.613099,0.709117,0.361885,0.55382,0.358831,0.472101,0.237815,0.463917,0.0984206,0.545667,0.372598,0.627405,0.251605,0.662847,0.103026,0.717316,0.675888,0.382218,0.680505,0.444829,0,0,0.665179,0.578428
0.657504,0.401185,0.590117,0.515671,0.57479,0.40121,0.495132,0.357626,0.417037,0.357595,0.603892,0.638282,0.579391,0.79904,0.623814,0.747274,0.358823,0.551095,0.357292,0.466654,0.23476,0.463937,0.0968854,0.542938,0.368016,0.621965,0.253135,0.662856,0.095364,0.711859,0.674369,0.382188,0.680486,0.444851,0,0,0.663662,0.581067
0.657533,0.401234,0.593161,0.518378,0.574797,0.398546,0.495143,0.352209,0.41549,0.341301,0.606984,0.643736,0.591637,0.812708,0.620742,0.722759,0.361893,0.553828,0.361887,0.472081,0.237825,0.458475,0.103009,0.556592,0.369544,0.63558,0.25314,0.662839,0.116815,0.668287,0.675871,0.382175,0.680515,0.444863,0.677433,0.447562,0.666698,0.58108
0.657538,0.401215,0.594739,0.518417,0.574799,0.401257,0.498203,0.354921,0.417031,0.338553,0.619209,0.660076,0.58553,0.812665,0.590119,0.755473,0.363415,0.556547,0.364949,0.466643,0.239357,0.45572,0.0877021,0.58654,0.369547,0.635572,0.254673,0.665546,0.118335,0.654649,0.675884,0.382148,0.682038,0.444817,0,0,0.669787,0.581066
0.660572,0.398477,0.597778,0.526582,0.577856,0.403969,0.502814,0.354936,0.423178,0.322243,0.619227,0.665548,0.533438,0.771817,0.49516,0.706397,0.363426,0.56472,0.363418,0.477521,0.2409,0.447578,0.142847,0.594689,0.374133,0.643735,0.271526,0.668287,0.164284,0.665528,0.677408,0.376748,0.686617,0.436644,0,0,0.6759,0.575662
0.657532,0.393071,0.594714,0.523849,0.576359,0.403996,0.507392,0.354909,0.424713,0.319514,0.616154,0.665545,0.53958,0.771854,0.479848,0.70639,0.361895,0.567457,0.36036,0.482974,0.248521,0.436686,0.161205,0.578401,0.371083,0.64104,0.269987,0.668256,0.159689,0.651915,0.675887,0.376671,0.683576,0.433923,0,0,0.674357,0.575618
0.655988,0.393056,0.593197,0.523857,0.574824,0.403991,0.504348,0.352166,0.424714,0.314087,0.613103,0.662834,0.531908,0.771795,0.484445,0.709158,0.37261,0.567454,0.368019,0.482978,0.25925,0.417586,0.185739,0.600142,0.384857,0.643731,0.292966,0.670994,0.190328,0.619232,0.672847,0.373984,0.680495,0.43395,0,0,0.666706,0.575655
0.654473,0.387638,0.593169,0.518427,0.570205,0.401243,0.498218,0.346764,0.423176,0.316741,0.616146,0.660088,0.534968,0.769086,0.493607,0.706428,0.375676,0.564734,0.372604,0.480259,0.268456,0.401235,0.204108,0.578346,0.387934,0.641029,0.300615,0.671013,0.194924,0.621961,0.672823,0.371309,0.680478,0.431256,0,0,0.666721,0.575614
0.659047,0.384925,0.594732,0.515684,0.573265,0.401225,0.504342,0.349478,0.424681,0.319487,0.619233,0.646457,0.542652,0.758176,0.49514,0.68732,0.383334,0.564739,0.377214,0.480268,0.279179,0.382196,0.216362,0.553842,0.392526,0.643735,0.306746,0.679157,0.205651,0.632829,0.675921,0.371306,0.685106,0.431174,0,0,0.669779,0.572874
0.660581,0.384924,0.597768,0.5184,0.57481,0.401216,0.507388,0.346729,0.424714,0.316772,0.620764,0.649202,0.542615,0.755509,0.493616,0.684628,0.383331,0.567442,0.378744,0.47753,0.285299,0.376687,0.220975,0.553814,0.394052,0.64104,0.3098,0.679162,0.202576,0.63831,0.677437,0.373967,0.688153,0.431179,0,0,0.672849,0.570188
0.659053,0.384899,0.596262,0.518431,0.576326,0.40122,0.508917,0.344038,0.427738,0.314025,0.617704,0.654641,0.539557,0.760892,0.493635,0.690077,0.383332,0.562006,0.380267,0.472074,0.288337,0.368525,0.228637,0.551101,0.392531,0.641025,0.306733,0.679176,0.194925,0.638286,0.677414,0.3713,0.688148,0.431187,0,0,0.672835,0.572908
0.659059,0.384894,0.596243,0.521118,0.57482,0.401247,0.507417,0.344061,0.427748,0.313988,0.619234,0.657363,0.534964,0.760929,0.492099,0.681905,0.380267,0.564717,0.378732,0.472087,0.288338,0.36313,0.227087,0.548399,0.390986,0.64103,0.306742,0.684613,0.197993,0.635553,0.677402,0.373996,0.686611,0.431199,0,0,0.669794,0.572897
0.659062,0.384873,0.594715,0.518416,0.573271,0.401248,0.504329,0.346767,0.424696,0.311275,0.61311,0.66007,0.530369,0.755451,0.484449,0.643723,0.377213,0.564725,0.375685,0.474822,0.280716,0.365847,0.220959,0.548392,0.389465,0.641042,0.300628,0.690084,0.194917,0.635574,0.675902,0.373963,0.685086,0.428489,0,0,0.668257,0.57287
0.659035,0.382156,0.594702,0.518388,0.571757,0.401205,0.50127,0.34673,0.423175,0.305891,0.613106,0.654634,0.533442,0.750003,0.485953,0.621948,0.377213,0.567451,0.375676,0.477549,0.279175,0.368546,0.213314,0.5484,0.390982,0.643743,0.297545,0.692787,0.194923,0.638319,0.6759,0.368554,0.685075,0.425798,0,0,0.66825,0.572866
0.659031,0.379415,0.594695,0.507525,0.573258,0.395806,0.49517,0.344018,0.426202,0.284057,0.613109,0.638293,0.536513,0.725452,0.487481,0.591983,0.384864,0.567441,0.377215,0.477539,0.27612,0.373967,0.194926,0.545626,0.39558,0.641029,0.305207,0.692782,0.199517,0.635591,0.675896,0.365816,0.682027,0.425709,0,0,0.666722,0.570176
0.65903,0.3794,0.593197,0.499332,0.571729,0.39304,0.496666,0.344044,0.432327,0.284055,0.616149,0.627414,0.536519,0.7064,0.490558,0.567466,0.387932,0.561994,0.378743,0.477532,0.276094,0.373988,0.185727,0.534752,0.398651,0.638319,0.309822,0.690077,0.201063,0.632862,0.675887,0.365816,0.682021,0.425706,0,0,0.666699,0.567483
0.662103,0.379449,0.593199,0.493879,0.573295,0.387596,0.493623,0.352176,0.429276,0.305894,0.610038,0.621973,0.533462,0.700967,0.489032,0.553783,0.394047,0.556543,0.383332,0.474814,0.260795,0.395788,0.156643,0.526604,0.404776,0.63558,0.311337,0.684635,0.201051,0.624698,0.677424,0.363108,0.683573,0.425709,0,0,0.666685,0.570176
0.662116,0.379437,0.59321,0.49391,0.574811,0.384919,0.493614,0.352212,0.427771,0.308583,0.610045,0.630113,0.531894,0.703713,0.490556,0.562027,0.390987,0.556548,0.380264,0.474808,0.253127,0.403958,0.144367,0.52931,0.401721,0.632838,0.311332,0.681899,0.199525,0.624656,0.677429,0.363116,0.685085,0.425711,0,0,0.666698,0.570189
0.660588,0.379407,0.593168,0.510222,0.571748,0.387603,0.489016,0.360418,0.423142,0.316756,0.60852,0.64375,0.531891,0.730963,0.485972,0.597447,0.380275,0.556563,0.371086,0.469376,0.247021,0.425794,0.133649,0.529321,0.395582,0.638286,0.306748,0.681904,0.193404,0.621943,0.677407,0.363104,0.685089,0.425703,0,0,0.668245,0.564743
0.659044,0.376713,0.593172,0.512984,0.570212,0.39033,0.485977,0.363108,0.423138,0.330391,0.610052,0.646468,0.531929,0.739144,0.485961,0.62193,0.377204,0.556543,0.368017,0.472071,0.242433,0.433953,0.130581,0.529326,0.390988,0.638276,0.302141,0.684628,0.191877,0.619212,0.675886,0.360422,0.685077,0.423045,0,0,0.668268,0.564746
0.65753,0.376685,0.593181,0.518384,0.570193,0.395777,0.484441,0.365848,0.421617,0.335839,0.613107,0.649177,0.533461,0.750006,0.489023,0.635594,0.378741,0.562003,0.371074,0.477534,0.240864,0.444855,0.127506,0.5375,0.392516,0.638318,0.296024,0.695506,0.191876,0.6247,0.674373,0.360392,0.683576,0.423013,0,0,0.669772,0.567428
0.659043,0.374009,0.593192,0.51839,0.570196,0.395782,0.485962,0.368515,0.421601,0.338564,0.614617,0.646493,0.533465,0.750005,0.492072,0.635553,0.377208,0.562008,0.371086,0.477522,0.242419,0.450301,0.122939,0.548377,0.38947,0.640999,0.294495,0.69823,0.191864,0.635561,0.675884,0.36035,0.685091,0.420323,0,0,0.669782,0.564713
0.659061,0.368577,0.593197,0.515697,0.570222,0.395778,0.484437,0.368561,0.42161,0.338543,0.61462,0.64374,0.534985,0.747284,0.493622,0.624694,0.380268,0.561993,0.36955,0.477544,0.239352,0.463882,0.118354,0.562021,0.394062,0.63831,0.296035,0.703705,0.191873,0.649187,0.677409,0.360335,0.68509,0.41485,0.688155,0.401233,0.671292,0.559303
0.659042,0.368514,0.593206,0.515654,0.570205,0.390373,0.481369,0.368521,0.421602,0.335841,0.616169,0.643737,0.53498,0.747287,0.493601,0.621979,0.383333,0.561995,0.371082,0.480241,0.239354,0.466661,0.121385,0.575619,0.397123,0.638318,0.300606,0.706442,0.194925,0.651915,0.675895,0.357609,0.685076,0.406743,0,0,0.672827,0.556567
0.659038,0.363087,0.5947,0.515671,0.570205,0.393053,0.4783,0.368542,0.4216,0.324949,0.616159,0.643762,0.533458,0.750007,0.496698,0.624678,0.386394,0.556552,0.374136,0.474811,0.242412,0.474799,0.122941,0.581071,0.398647,0.638277,0.300608,0.711891,0.196449,0.649214,0.675882,0.352167,0.68508,0.403943,0,0,0.672852,0.553831
0.659028,0.360414,0.594699,0.515683,0.570193,0.395755,0.47829,0.368527,0.421628,0.322224,0.617678,0.643733,0.534972,0.750051,0.498212,0.627398,0.387929,0.561994,0.375667,0.477538,0.240882,0.477544,0.122922,0.581101,0.401706,0.638297,0.299076,0.717297,0.201034,0.65193,0.675887,0.349452,0.683573,0.401292,0,0,0.672845,0.553826
0.659044,0.360364,0.594716,0.518375,0.568678,0.393071,0.481371,0.368569,0.423173,0.319503,0.617703,0.646455,0.538026,0.75276,0.498229,0.635591,0.381801,0.562016,0.372616,0.477539,0.240862,0.480276,0.121399,0.581055,0.395588,0.641014,0.296038,0.717313,0.202584,0.649207,0.675918,0.346758,0.683556,0.401216,0,0,0.672846,0.553771
0.659037,0.360345,0.593211,0.518398,0.567134,0.393078,0.482886,0.368554,0.423173,0.319489,0.617704,0.6465,0.53803,0.755437,0.49974,0.638317,0.378744,0.562006,0.371083,0.47482,0.239332,0.485669,0.118336,0.581098,0.394056,0.641014,0.294506,0.717311,0.202585,0.649209,0.677411,0.346785,0.683554,0.401212,0,0,0.672852,0.553782
0.657505,0.357634,0.593184,0.518441,0.564092,0.393067,0.479845,0.363091,0.423184,0.314074,0.617679,0.649184,0.541107,0.758191,0.504334,0.643728,0.378736,0.562006,0.371072,0.477522,0.237826,0.485675,0.118346,0.581067,0.39405,0.641013,0.294479,0.717307,0.205641,0.649206,0.675919,0.346721,0.682046,0.398552,0,0,0.672853,0.551122
0.656007,0.357617,0.593175,0.518419,0.564081,0.393058,0.48288,0.363077,0.424702,0.311325,0.617697,0.646484,0.542615,0.760896,0.505889,0.643729,0.381799,0.56744,0.374144,0.477542,0.239348,0.482995,0.118339,0.578392,0.395598,0.641048,0.29297,0.717296,0.204121,0.651914,0.675888,0.344049,0.682042,0.398544,0,0,0.672829,0.548403
0.65752,0.352159,0.591665,0.518401,0.562559,0.395784,0.482886,0.36035,0.42622,0.308594,0.61768,0.646465,0.542642,0.760915,0.508932,0.646493,0.383327,0.567447,0.372613,0.482966,0.237818,0.48568,0.118336,0.57833,0.398646,0.643729,0.294483,0.717296,0.207165,0.651919,0.6759,0.34135,0.68053,0.393076,0.665176,0.365821,0,0
0.654454,0.344071,0.591654,0.518427,0.564075,0.395808,0.484428,0.357676,0.426217,0.308592,0.616165,0.646469,0.544154,0.760932,0.508962,0.646472,0.380272,0.567436,0.372601,0.480252,0.239332,0.483003,0.109158,0.578362,0.397109,0.641039,0.294484,0.714608,0.20565,0.649207,0.67588,0.341335,0.680498,0.387616,0.68355,0.37946,0.671319,0.537484
0.652939,0.341343,0.591649,0.51838,0.561016,0.395768,0.482885,0.357617,0.423165,0.311276,0.617704,0.64375,0.544186,0.760942,0.513531,0.643789,0.378734,0.564738,0.36955,0.480253,0.237827,0.485677,0.109153,0.57832,0.395584,0.641029,0.294492,0.714602,0.205633,0.649211,0.672834,0.338568,0.67898,0.382121,0.659047,0.376717,0.6698,0.529321
0.649865,0.338625,0.590133,0.51571,0.561012,0.393055,0.481364,0.35764,0.423165,0.311353,0.619214,0.643741,0.544188,0.760942,0.516598,0.643759,0.386397,0.567452,0.374151,0.482969,0.23934,0.485692,0.107622,0.578327,0.400179,0.643726,0.294479,0.717302,0.205639,0.651908,0.668274,0.335843,0.678925,0.376749,0,0,0.669778,0.523896
0.646803,0.338595,0.5886,0.512968,0.559485,0.387641,0.479832,0.357606,0.421591,0.314044,0.616158,0.641036,0.544184,0.760914,0.521192,0.641015,0.384863,0.567443,0.374131,0.480267,0.237813,0.485702,0.115262,0.575602,0.398653,0.641046,0.294488,0.717293,0.205641,0.651918,0.668219,0.333105,0.677442,0.374012,0,0,0.668259,0.518445
0.646815,0.338606,0.587053,0.512965,0.55948,0.387635,0.478311,0.357643,0.420077,0.316755,0.614632,0.641023,0.544189,0.763634,0.522724,0.640999,0.38027,0.56746,0.371076,0.482995,0.236281,0.485725,0.11527,0.578339,0.395576,0.64375,0.294474,0.720039,0.20564,0.654661,0.671297,0.338599,0.67743,0.374026,0,0,0.668249,0.518426
0.645257,0.338539,0.588578,0.512963,0.559485,0.390353,0.481372,0.357631,0.415489,0.333081,0.617687,0.640993,0.545713,0.763645,0.525798,0.641024,0.378736,0.56745,0.369544,0.482972,0.233223,0.485705,0.119862,0.591993,0.391001,0.643756,0.288363,0.722726,0.20258,0.662779,0.666678,0.335822,0.677418,0.371253,0,0,0.66826,0.515728
0.645274,0.338517,0.587072,0.510221,0.559504,0.390357,0.481363,0.357647,0.412444,0.335879,0.617691,0.638293,0.548759,0.766339,0.527339,0.643742,0.374146,0.567456,0.364957,0.483002,0.233222,0.482994,0.122932,0.608326,0.387923,0.643745,0.282237,0.722732,0.199519,0.66281,0.668232,0.33854,0.677421,0.368572,0,0,0.668247,0.515645
0.651391,0.338539,0.588584,0.507514,0.561032,0.393047,0.481365,0.357661,0.412436,0.338575,0.6131,0.635564,0.554881,0.760949,0.530385,0.641061,0.372605,0.564735,0.363424,0.482997,0.237815,0.469388,0.126,0.619212,0.381806,0.643735,0.276109,0.722743,0.196448,0.662814,0,0,0.677423,0.368519,0.654453,0.393064,0.6667,0.51293
0.652914,0.338526,0.587056,0.499343,0.561027,0.390355,0.481356,0.357673,0.410915,0.338578,0.613102,0.632831,0.556401,0.763626,0.530399,0.641039,0.372606,0.564725,0.363416,0.485689,0.234747,0.466654,0.13213,0.643775,0.383333,0.641024,0.277637,0.722747,0.199523,0.662844,0,0,0.677403,0.36583,0.654452,0.398512,0.666686,0.510247
0.655994,0.341246,0.588594,0.496617,0.561036,0.390336,0.48138,0.35766,0.410915,0.338597,0.617698,0.624655,0.556435,0.76093,0.533424,0.64102,0.369555,0.570192,0.361886,0.488427,0.237822,0.463937,0.144378,0.632864,0.378747,0.643766,0.276123,0.725456,0.201039,0.665523,0,0,0.677428,0.368516,0,0,0.668216,0.504772
0.657535,0.428526,0.587061,0.491204,0.561021,0.387602,0.482884,0.357661,0.410898,0.338601,0.610037,0.613785,0.556442,0.760893,0.533452,0.640984,0.368018,0.572904,0.360354,0.48845,0.239328,0.463897,0.14897,0.630144,0.377199,0.649191,0.27611,0.725512,0.199529,0.66285,0.678972,0.363124,0.675919,0.371307,0.668246,0.343997,0.66672,0.499375
0.657519,0.455738,0.588586,0.496593,0.559503,0.384917,0.482893,0.357661,0.409398,0.338562,0.6131,0.619216,0.556444,0.760887,0.53499,0.641013,0.369554,0.570169,0.363416,0.485705,0.239347,0.45846,0.15357,0.621926,0.37874,0.643768,0.277652,0.722763,0.201059,0.662827,0.677453,0.363068,0.675894,0.491182,0.66364,0.344035,0.666699,0.504771
0.657519,0.447577,0.587062,0.493881,0.55949,0.384904,0.482889,0.357661,0.409401,0.338562,0.611571,0.616505,0.556444,0.76089,0.534996,0.641076,0.369554,0.570182,0.361891,0.485696,0.240864,0.450311,0.156638,0.619214,0.380267,0.646465,0.279176,0.717321,0.20258,0.662813,0.677418,0.363111,0.672851,0.493887,0.623831,0.352191,0.666695,0.518447
0.657514,0.431215,0.585538,0.491181,0.559472,0.384929,0.482878,0.357608,0.409388,0.338563,0.61004,0.613781,0.55793,0.758208,0.533461,0.641036,0.36955,0.567456,0.363415,0.482976,0.242398,0.439414,0.164275,0.611043,0.380267,0.64376,0.280705,0.711886,0.202591,0.660111,0.677435,0.360398,0.677427,0.485701,0.620787,0.354885,0.665161,0.502064
0.657514,0.43123,0.585531,0.491179,0.557972,0.384927,0.482872,0.354949,0.409395,0.338564,0.61156,0.613778,0.557941,0.758207,0.53345,0.641027,0.371085,0.564739,0.363424,0.482966,0.242419,0.433969,0.168893,0.605597,0.383335,0.643735,0.279174,0.709171,0.204126,0.660103,0.677441,0.360385,0.677431,0.485717,0.663632,0.338587,0.665155,0.502057
0.657541,0.425787,0.58553,0.491169,0.559482,0.390332,0.481382,0.354938,0.409396,0.338563,0.611572,0.608321,0.557959,0.758171,0.53347,0.640984,0.368012,0.567466,0.358826,0.485716,0.243953,0.428478,0.17656,0.594706,0.377212,0.641012,0.276098,0.709145,0.204127,0.657389,0.677423,0.357663,0.672843,0.491152,0.62075,0.354877,0.66213,0.499362
0.655993,0.414846,0.584008,0.488466,0.557973,0.387637,0.481366,0.354937,0.409389,0.338552,0.610028,0.605608,0.557966,0.758168,0.534982,0.640996,0.368008,0.570174,0.360348,0.488407,0.245489,0.425792,0.179599,0.589276,0.377204,0.64105,0.276093,0.709151,0.205642,0.657392,0.677446,0.354911,0.66823,0.480245,0.666698,0.341288,0.662126,0.493926
0.66058,0.447558,0.584005,0.488409,0.55798,0.387612,0.481357,0.354935,0.409382,0.338567,0.608497,0.597439,0.559487,0.758174,0.534997,0.64098,0.36954,0.567439,0.361892,0.485691,0.24395,0.425791,0.179616,0.589255,0.378733,0.638314,0.276095,0.709165,0.205645,0.657346,0.678951,0.352194,0.680488,0.480253,0.657515,0.352206,0,0
0.655978,0.433939,0.582474,0.488417,0.55795,0.387616,0.481361,0.354913,0.409375,0.338568,0.608499,0.600142,0.559498,0.758194,0.536506,0.641012,0.368013,0.564735,0.361877,0.485715,0.24395,0.425767,0.179626,0.58924,0.377205,0.638299,0.274588,0.709163,0.204123,0.654646,0.677415,0.354922,0.669792,0.485715,0.622294,0.344031,0.662135,0.493949
0.655963,0.420292,0.584001,0.488458,0.557961,0.387646,0.481379,0.354916,0.409372,0.338557,0.608516,0.6056,0.561019,0.758165,0.536513,0.641044,0.368012,0.570182,0.361896,0.488412,0.243959,0.425745,0.181158,0.58378,0.377202,0.64105,0.274571,0.709123,0.204123,0.654624,0.675918,0.354897,0.669764,0.477532,0.665167,0.341295,0,0
0.654466,0.425759,0.58401,0.488463,0.557961,0.387605,0.481372,0.354915,0.409366,0.338563,0.608506,0.605595,0.561028,0.758151,0.536521,0.64105,0.36801,0.570187,0.360364,0.485718,0.245474,0.425743,0.182665,0.583792,0.377207,0.643762,0.276122,0.703709,0.201066,0.654635,0.675908,0.354924,0.668258,0.48567,0.626882,0.341278,0.66212,0.491222
0.657533,0.409405,0.58401,0.491138,0.557963,0.38763,0.481372,0.354932,0.409376,0.338563,0.61003,0.602881,0.561026,0.758166,0.536509,0.641001,0.36648,0.570187,0.360351,0.48571,0.243964,0.42573,0.182676,0.581072,0.375671,0.643754,0.273037,0.698233,0.201044,0.654669,0.675873,0.354897,0.680487,0.395807,0.623829,0.344054,0.660603,0.491142
0.655998,0.417566,0.585526,0.491154,0.557968,0.387636,0.481376,0.354925,0.40938,0.33856,0.610036,0.605588,0.561035,0.758155,0.536515,0.641016,0.366489,0.567464,0.360365,0.485702,0.245481,0.42306,0.18267,0.581062,0.375688,0.641047,0.273034,0.690073,0.202573,0.654655,0.67589,0.354911,0.677426,0.382184,0.625365,0.341295,0.660602,0.491147
0.657521,0.406698,0.585533,0.491147,0.557972,0.390322,0.481369,0.354922,0.409382,0.338565,0.61004,0.602877,0.562541,0.755507,0.536501,0.641003,0.369543,0.564716,0.363417,0.48299,0.245473,0.423052,0.182678,0.581057,0.377211,0.638311,0.276104,0.684586,0.201065,0.651941,0.675871,0.354914,0.67896,0.393082,0.623827,0.341299,0.660602,0.491153
0.657528,0.390331,0.585527,0.491144,0.557958,0.387641,0.481367,0.354924,0.409378,0.338565,0.611559,0.602871,0.562548,0.755497,0.534996,0.641004,0.369553,0.564728,0.363413,0.482976,0.245473,0.423041,0.184199,0.578384,0.380272,0.638315,0.277646,0.676435,0.201046,0.654624,0.675901,0.354892,0.665183,0.485702,0.623829,0.344022,0,0
0.655995,0.401242,0.585535,0.488466,0.557961,0.390339,0.481371,0.354894,0.409382,0.338566,0.614629,0.605617,0.562549,0.755469,0.534978,0.641028,0.369546,0.564737,0.361894,0.482971,0.245471,0.423053,0.185729,0.578369,0.378744,0.641024,0.276099,0.670973,0.201065,0.654638,0.675891,0.357606,0.666717,0.488437,0.665176,0.346763,0,0
0.655978,0.403971,0.58553,0.488439,0.557946,0.387622,0.481378,0.354883,0.409358,0.338561,0.611563,0.602865,0.562565,0.755453,0.534972,0.641026,0.371075,0.564721,0.363425,0.480265,0.24394,0.425726,0.185739,0.578384,0.381799,0.641015,0.276106,0.668274,0.202595,0.660085,0.675894,0.354928,0.675904,0.384882,0.626889,0.335857,0.660594,0.491175
0.657532,0.403968,0.587053,0.491185,0.557967,0.387609,0.481375,0.352216,0.409355,0.338584,0.616156,0.619214,0.565618,0.755462,0.534979,0.641008,0.372607,0.567463,0.364947,0.480269,0.243953,0.423056,0.18573,0.578381,0.384861,0.643732,0.277644,0.668259,0.202577,0.660107,0.6759,0.352181,0.680493,0.403964,0.625325,0.338602,0.660601,0.491206
0.655992,0.44484,0.58859,0.491167,0.557954,0.387635,0.481362,0.352197,0.40785,0.338591,0.619222,0.616512,0.567135,0.755454,0.53498,0.641031,0.371077,0.567466,0.363422,0.482982,0.245464,0.423047,0.182663,0.578404,0.381804,0.641042,0.279176,0.668263,0.20257,0.662785,0.675883,0.346785,0.666703,0.488435,0.623831,0.344038,0.665179,0.515684
0.655994,0.409422,0.59011,0.49119,0.559502,0.387606,0.481375,0.3522,0.407813,0.338595,0.6177,0.619205,0.567132,0.752766,0.53499,0.640997,0.371084,0.564723,0.364956,0.480264,0.243963,0.428493,0.164268,0.586553,0.384861,0.641021,0.276112,0.665577,0.197996,0.662823,0.677431,0.349467,0.675917,0.371275,0,0,0.660599,0.49113
0.65599,0.333128,0.591656,0.493872,0.562554,0.390354,0.482903,0.352193,0.407813,0.338568,0.623812,0.616482,0.570219,0.752736,0.536521,0.638308,0.371081,0.561993,0.366477,0.477548,0.240875,0.444842,0.124475,0.575654,0.380276,0.641001,0.276114,0.665515,0.194919,0.660117,0,0,0.677427,0.357646,0,0,0.663649,0.491128
0.651391,0.439384,0.59165,0.488429,0.561035,0.384932,0.481373,0.34406,0.407816,0.316765,0.619231,0.611036,0.573272,0.750003,0.539561,0.63825,0.371081,0.564719,0.364953,0.485696,0.254668,0.453008,0.112203,0.518395,0.381804,0.6383,0.276126,0.662847,0.202596,0.657371,0.675912,0.346735,0.677429,0.357653,0.626874,0.349477,0.660584,0.488374
0.652926,0.442107,0.590128,0.491135,0.56102,0.387617,0.481368,0.341283,0.404769,0.305879,0.614631,0.608322,0.574803,0.747304,0.538053,0.638304,0.372609,0.559275,0.366481,0.480254,0.257723,0.444831,0.106089,0.485721,0.3864,0.638312,0.276121,0.662793,0.202577,0.654655,0.675907,0.346778,0.675883,0.360369,0.654451,0.346754,0.657547,0.485716
0.649858,0.444821,0.59012,0.488428,0.56408,0.384906,0.48443,0.335857,0.407856,0.286761,0.610041,0.605606,0.574785,0.744578,0.534995,0.638248,0.369545,0.553843,0.363413,0.474813,0.248534,0.428459,0.109158,0.439381,0.377213,0.63558,0.276097,0.651904,0.202597,0.649205,0.671297,0.352189,0.663649,0.461187,0.629958,0.344015,0.657517,0.485709
0.648338,0.442102,0.590108,0.488413,0.562561,0.384892,0.485956,0.335831,0.410887,0.284058,0.610039,0.602879,0.57479,0.74454,0.534986,0.635562,0.368019,0.553827,0.36189,0.474812,0.251596,0.401276,0.116812,0.428451,0.378731,0.632841,0.274589,0.643724,0.20412,0.646453,0.674345,0.349479,0.663646,0.474799,0.623801,0.346736,0.657513,0.485729
0.645267,0.461188,0.591643,0.488417,0.564081,0.384883,0.487481,0.335867,0.413975,0.292296,0.614625,0.605611,0.574806,0.744538,0.534996,0.63556,0.371079,0.548373,0.363425,0.466622,0.262321,0.387623,0.126004,0.425744,0.380267,0.624688,0.276122,0.632816,0.202588,0.641009,0.671307,0.371272,0.659057,0.480276,0,0,0.6575,0.493933
0.648326,0.463922,0.591636,0.488401,0.56255,0.384888,0.489016,0.338557,0.415512,0.297732,0.617685,0.602886,0.576327,0.741857,0.536495,0.63554,0.36802,0.548369,0.363416,0.466616,0.26234,0.387619,0.125978,0.433928,0.375681,0.621942,0.276099,0.627395,0.204104,0.638306,0.671306,0.371297,0.663652,0.491144,0.62383,0.346724,0.655995,0.499357
0.651402,0.33862,0.590123,0.488448,0.56255,0.384893,0.487501,0.338527,0.418553,0.294998,0.617685,0.605596,0.574814,0.744545,0.534987,0.632867,0.369547,0.548375,0.363425,0.466635,0.25008,0.406713,0.125993,0.491129,0.378734,0.621954,0.274583,0.627384,0.201042,0.630111,0.66824,0.393067,0.669771,0.376726,0.675894,0.352195,0,0
0.652931,0.341257,0.591645,0.488468,0.562558,0.384872,0.490539,0.338538,0.418569,0.294999,0.616153,0.60561,0.573292,0.744577,0.534964,0.638249,0.364953,0.545663,0.358829,0.466625,0.243933,0.433937,0.133643,0.534774,0.374143,0.61922,0.268454,0.635551,0.197978,0.616514,0,0,0.669799,0.379419,0.672831,0.360374,0.656018,0.529281
0.651397,0.352204,0.59013,0.491201,0.561007,0.384893,0.489031,0.338506,0.420075,0.294989,0.61157,0.619203,0.571757,0.747252,0.53037,0.641065,0.36648,0.551095,0.360365,0.466636,0.250064,0.433949,0.144387,0.578317,0.374139,0.627382,0.263852,0.64649,0.176541,0.611034,0.64986,0.474812,0.668239,0.395776,0.663644,0.35764,0.65445,0.54841
0.649869,0.365826,0.590123,0.488469,0.557948,0.382182,0.489029,0.335871,0.420079,0.294964,0.619228,0.611057,0.570196,0.747299,0.525789,0.649174,0.363425,0.551114,0.35882,0.466652,0.246993,0.417608,0.155103,0.575618,0.374139,0.627405,0.259253,0.657379,0.176541,0.589233,0.643738,0.493898,0.663648,0.401251,0.64217,0.354942,0.654465,0.567448
0.643766,0.363123,0.5886,0.491133,0.559466,0.384895,0.489031,0.338495,0.420091,0.294983,0.620768,0.611026,0.562546,0.750024,0.510486,0.660118,0.369541,0.5511,0.366479,0.469361,0.265412,0.3822,0.188812,0.551092,0.377219,0.624695,0.253126,0.654668,0.208724,0.559281,0.660573,0.360385,0.662129,0.403996,0,0,0.654435,0.553836
0.643758,0.363142,0.59013,0.488453,0.559515,0.384867,0.490546,0.338535,0.420092,0.294981,0.620762,0.611052,0.564084,0.75267,0.505894,0.67096,0.36955,0.548379,0.371077,0.463925,0.276132,0.36853,0.202605,0.518455,0.375684,0.621971,0.248537,0.651894,0.21485,0.542921,0.66058,0.360423,0.663664,0.406678,0,0,0.651405,0.55114
0.652931,0.371283,0.593187,0.48841,0.56256,0.382167,0.493637,0.338527,0.423124,0.29767,0.625346,0.608322,0.570203,0.750003,0.507374,0.673752,0.372607,0.556538,0.372601,0.474789,0.288357,0.360345,0.213314,0.507526,0.380263,0.630129,0.2516,0.646473,0.213313,0.597446,0.668259,0.365809,0.668279,0.409432,0,0,0.654444,0.553777
0.655985,0.371303,0.594707,0.488447,0.568683,0.382165,0.495158,0.338523,0.42314,0.297667,0.623808,0.613759,0.568676,0.747311,0.507421,0.668289,0.371079,0.551101,0.372605,0.469363,0.289902,0.36308,0.214854,0.523855,0.37568,0.62196,0.256189,0.641016,0.208714,0.624694,0.672846,0.363112,0.671322,0.412133,0.678966,0.34948,0.655967,0.553846
0.655967,0.371251,0.593187,0.485716,0.565612,0.379418,0.495166,0.335826,0.423165,0.29498,0.622292,0.611038,0.570193,0.744581,0.51049,0.662866,0.368017,0.551097,0.372607,0.463903,0.286828,0.365843,0.23932,0.548405,0.37261,0.624676,0.245486,0.65465,0.129051,0.671019,0.671315,0.363083,0.67284,0.412152,0.660583,0.360369,0.655986,0.553868
0.65445,0.373991,0.591652,0.488406,0.567135,0.382148,0.496671,0.335865,0.423171,0.294954,0.614637,0.613792,0.56868,0.749967,0.510485,0.662864,0.357289,0.553823,0.36648,0.463894,0.283778,0.368543,0.231683,0.553794,0.371075,0.632837,0.247012,0.662808,0.119866,0.698271,0.668267,0.365811,0.668269,0.414868,0.663647,0.412132,0.652913,0.553821
0.642218,0.376704,0.590118,0.488445,0.559477,0.384898,0.495134,0.338527,0.421648,0.294932,0.622281,0.60833,0.564087,0.752745,0.505875,0.676432,0.352699,0.559273,0.358822,0.469369,0.276098,0.374012,0.227094,0.551127,0.363417,0.638296,0.24394,0.665539,0.11374,0.698231,0.657526,0.371287,0.660583,0.420288,0.66058,0.363091,0.648317,0.556507
0.643711,0.376721,0.588589,0.488451,0.559497,0.38488,0.493634,0.338556,0.42164,0.294935,0.619229,0.611067,0.564072,0.752755,0.502797,0.6846,0.355761,0.559282,0.358831,0.474803,0.276102,0.37397,0.227081,0.553783,0.36648,0.638295,0.245482,0.662809,0.110683,0.70369,0.657517,0.371297,0.660566,0.423017,0.666714,0.352206,0.646792,0.556588
0.648335,0.382174,0.591633,0.49115,0.562543,0.384921,0.495137,0.338554,0.423151,0.29496,0.622278,0.616498,0.565599,0.755445,0.502812,0.68731,0.358823,0.559274,0.366478,0.469376,0.276127,0.371274,0.225571,0.551136,0.369539,0.635576,0.247001,0.665538,0.110673,0.706439,0.660593,0.373981,0.662118,0.425792,0.668239,0.357639,0.648328,0.564714
0.651402,0.384927,0.591639,0.491165,0.564089,0.384915,0.495173,0.338547,0.42317,0.294967,0.619215,0.619228,0.564072,0.755425,0.504345,0.681897,0.360351,0.556556,0.363427,0.469371,0.279173,0.368522,0.224043,0.551103,0.369548,0.63828,0.247014,0.662848,0.115272,0.700977,0.662114,0.37403,0.663653,0.428457,0.669774,0.357655,0.648339,0.567434
0.652901,0.39034,0.590117,0.491126,0.562553,0.384884,0.496671,0.338519,0.423188,0.292293,0.61923,0.619222,0.567141,0.755441,0.507378,0.679138,0.358828,0.55928,0.36036,0.472095,0.27919,0.360354,0.210243,0.545632,0.369548,0.638281,0.250061,0.66008,0.141298,0.671007,0.665181,0.376689,0.665179,0.42854,0.672838,0.360349,0.649849,0.57015
0.651386,0.390354,0.588592,0.491192,0.565613,0.387605,0.496673,0.338515,0.424677,0.294929,0.614636,0.624658,0.565616,0.755446,0.505888,0.679143,0.361887,0.561989,0.361882,0.4748,0.276128,0.360356,0.194923,0.53205,0.372615,0.635582,0.256202,0.643768,0.167356,0.643761,0.663639,0.37675,0.663634,0.42851,0.669784,0.360354,0.646812,0.567468
0.646796,0.382171,0.590126,0.488418,0.562548,0.384868,0.495161,0.338516,0.424684,0.292222,0.62381,0.613761,0.565614,0.752744,0.505849,0.681894,0.371076,0.548383,0.368013,0.463926,0.276091,0.36033,0.19187,0.521163,0.380268,0.619215,0.282232,0.627409,0.211781,0.632863,0.660595,0.376722,0.660591,0.425765,0.666717,0.357666,0.64834,0.562029
0.649861,0.382177,0.591642,0.48844,0.565617,0.3822,0.496669,0.335855,0.424708,0.2922,0.622286,0.616477,0.568654,0.752689,0.505849,0.676438,0.372613,0.548386,0.369548,0.463923,0.276122,0.360365,0.191841,0.52112,0.383337,0.619233,0.288353,0.627378,0.21483,0.641022,0.662111,0.376716,0.662127,0.425742,0.668255,0.357657,0.648332,0.55931
0.652904,0.379469,0.590115,0.485709,0.56714,0.379446,0.498201,0.335794,0.427741,0.289521,0.617685,0.613789,0.570194,0.747311,0.507381,0.668235,0.374148,0.548384,0.369546,0.463925,0.274557,0.368537,0.165808,0.510247,0.389457,0.624679,0.302154,0.64375,0.225543,0.63831,0.666697,0.371301,0.665182,0.425718,0.66977,0.357636,0.648331,0.559289
0.651395,0.382141,0.59012,0.485687,0.567131,0.37943,0.496703,0.335794,0.427763,0.289497,0.617694,0.613785,0.568689,0.749964,0.507403,0.668235,0.374142,0.553839,0.369547,0.46935,0.273051,0.36853,0.164272,0.499343,0.387929,0.632842,0.308283,0.660089,0.222497,0.630097,0.6667,0.373984,0.665173,0.425749,0.671312,0.357646,0.64833,0.559326
0.652912,0.387611,0.590109,0.488434,0.564092,0.379469,0.498206,0.335839,0.426242,0.289497,0.6177,0.619211,0.567146,0.750037,0.505863,0.670984,0.375667,0.559273,0.369552,0.474797,0.274585,0.36311,0.171962,0.510233,0.389455,0.638295,0.308281,0.668295,0.219434,0.619256,0.665187,0.374011,0.665172,0.428502,0.671307,0.357667,0.648327,0.567432
0.652908,0.393037,0.587054,0.488404,0.562549,0.379464,0.496701,0.335851,0.426219,0.289516,0.617686,0.61925,0.565616,0.752727,0.504351,0.676454,0.374149,0.559287,0.371081,0.472088,0.27459,0.363099,0.188781,0.518377,0.387929,0.638314,0.302155,0.670985,0.217893,0.619208,0.666723,0.374022,0.665166,0.431247,0.674348,0.360345,0.646815,0.570172
0.652933,0.398542,0.59166,0.491133,0.567151,0.382186,0.498211,0.338521,0.427742,0.29223,0.620753,0.621936,0.564091,0.752708,0.502807,0.673722,0.37261,0.564719,0.366489,0.477518,0.273052,0.371273,0.191845,0.537483,0.384872,0.641004,0.302148,0.676457,0.216363,0.619197,0.666718,0.382178,0.666703,0.442089,0.67589,0.368545,0.651373,0.572904
0.65445,0.40125,0.591667,0.48846,0.57021,0.382154,0.498229,0.338517,0.427756,0.292268,0.619224,0.621941,0.565608,0.750031,0.504319,0.67374,0.375667,0.559289,0.369553,0.474796,0.273042,0.373971,0.1888,0.537485,0.387924,0.638294,0.303675,0.676444,0.214849,0.61923,0.669766,0.382225,0.668228,0.444821,0,0,0.649866,0.575581
0.655983,0.403966,0.593195,0.491139,0.573275,0.382194,0.50128,0.335883,0.429292,0.294965,0.617697,0.624669,0.564071,0.750034,0.496681,0.690048,0.37414,0.559284,0.371073,0.474794,0.273041,0.37128,0.184207,0.52384,0.384862,0.638293,0.308276,0.676432,0.219422,0.621938,0.671321,0.384905,0.671323,0.450275,0,0,0.652917,0.578294
0.656017,0.406714,0.594696,0.491167,0.574789,0.382178,0.502817,0.338512,0.430827,0.294972,0.619215,0.627393,0.561015,0.752706,0.493631,0.698211,0.371084,0.56472,0.368015,0.472093,0.274578,0.365829,0.178091,0.515705,0.381795,0.641004,0.309799,0.67099,0.216378,0.616523,0.672839,0.384909,0.674371,0.455706,0,0,0.654458,0.578365
0.660592,0.420332,0.594739,0.49387,0.573278,0.384895,0.505873,0.33854,0.433854,0.297672,0.623831,0.624683,0.561018,0.752706,0.49055,0.709133,0.374138,0.562006,0.371082,0.469371,0.277648,0.360384,0.185728,0.504779,0.383329,0.641015,0.317465,0.668262,0.217894,0.613777,0.675902,0.390368,0.67743,0.461151,0,0,0.656014,0.583824
0.663642,0.423075,0.596243,0.493885,0.574797,0.38492,0.507386,0.338602,0.435393,0.297733,0.625333,0.62469,0.561026,0.752707,0.492083,0.709174,0.372612,0.559289,0.371082,0.469358,0.277664,0.357671,0.190336,0.499332,0.381798,0.641011,0.311336,0.668279,0.216377,0.611063,0.677446,0.395772,0.678965,0.463887,0,0,0.659039,0.589225
0.666694,0.425758,0.599303,0.496594,0.576332,0.387603,0.50742,0.34126,0.435436,0.303138,0.625354,0.627393,0.564083,0.752731,0.493635,0.714619,0.375668,0.55928,0.375664,0.466644,0.28224,0.354922,0.194943,0.499347,0.383336,0.638303,0.309804,0.66826,0.216373,0.608344,0.678978,0.398497,0.682044,0.466617,0,0,0.660571,0.591952
0.66822,0.425806,0.599313,0.496631,0.576341,0.387628,0.508931,0.341265,0.43696,0.305874,0.626862,0.627421,0.565609,0.752765,0.49362,0.720046,0.377207,0.562014,0.375669,0.469376,0.282238,0.354939,0.19493,0.49933,0.387929,0.64101,0.306745,0.668264,0.216368,0.608341,0.680492,0.401198,0.685079,0.466657,0,0,0.662101,0.591998
0.668259,0.425813,0.600843,0.49932,0.577883,0.390323,0.508961,0.341288,0.439986,0.308565,0.625353,0.627401,0.568655,0.75276,0.495129,0.72549,0.377199,0.567443,0.375664,0.474817,0.282238,0.354901,0.193394,0.49118,0.386393,0.641022,0.303684,0.670989,0.216379,0.60834,0.682025,0.401233,0.686629,0.46932,0,0,0.663627,0.591997
0.669761,0.428471,0.600842,0.496639,0.577882,0.39032,0.510458,0.341294,0.440005,0.308567,0.625357,0.627409,0.568671,0.752771,0.495151,0.725473,0.375678,0.564723,0.374147,0.477525,0.282246,0.352196,0.190351,0.491119,0.384861,0.641002,0.303672,0.673717,0.21789,0.608347,0.682034,0.401245,0.688156,0.469359,0,0,0.66365,0.594672
0.668222,0.425795,0.600841,0.496619,0.577866,0.390334,0.510465,0.341325,0.441523,0.308608,0.626891,0.627404,0.567153,0.755478,0.499739,0.725488,0.375675,0.55929,0.374152,0.474797,0.2853,0.352177,0.18879,0.488414,0.384857,0.638312,0.303686,0.676428,0.216371,0.608333,0.682025,0.401188,0.689674,0.469355,0,0,0.665155,0.594656
0.666721,0.425765,0.600841,0.496598,0.576353,0.390328,0.511993,0.341332,0.441535,0.311272,0.628388,0.627382,0.570227,0.755508,0.504357,0.728234,0.375669,0.559276,0.374151,0.47209,0.285287,0.349453,0.18878,0.485704,0.383333,0.638299,0.305211,0.67373,0.216371,0.608335,0.682039,0.401184,0.689691,0.469351,0,0,0.665183,0.591977
0.665188,0.425749,0.599318,0.50204,0.577866,0.393055,0.512006,0.344001,0.441554,0.314097,0.623823,0.632851,0.580914,0.758193,0.521203,0.736382,0.375665,0.553843,0.374148,0.466641,0.28224,0.349479,0.181143,0.480278,0.383334,0.63828,0.308265,0.67643,0.211783,0.605612,0.680523,0.398525,0.689683,0.466672,0,0,0.66671,0.59198
0.66516,0.425736,0.600833,0.502048,0.57786,0.395764,0.518119,0.34944,0.443065,0.324934,0.625338,0.635564,0.584005,0.758163,0.531925,0.744566,0.375669,0.553825,0.374141,0.463916,0.279179,0.352215,0.178061,0.482986,0.384867,0.635558,0.308274,0.673706,0.211761,0.608294,0.680497,0.398505,0.689675,0.46666,0,0,0.666726,0.591977
0.666697,0.425765,0.60085,0.502074,0.577858,0.39578,0.512011,0.354881,0.440004,0.341348,0.626867,0.632851,0.593158,0.758168,0.554882,0.752722,0.371085,0.559274,0.369548,0.466638,0.27611,0.360398,0.167372,0.485725,0.378743,0.635583,0.300618,0.665571,0.190337,0.605599,0.680519,0.398525,0.68969,0.469321,0,0,0.668262,0.594695
0.666707,0.425794,0.600842,0.504797,0.577864,0.395801,0.510465,0.35762,0.440019,0.352168,0.623812,0.638313,0.593189,0.760902,0.557974,0.752678,0.366488,0.561994,0.363422,0.469367,0.27457,0.365826,0.164295,0.493868,0.377199,0.638292,0.283768,0.665574,0.173469,0.600133,0.682024,0.398512,0.691203,0.469339,0,0,0.669771,0.594719
0.666724,0.425822,0.600837,0.510201,0.579389,0.398508,0.508941,0.357626,0.439999,0.354929,0.619218,0.646459,0.596242,0.760944,0.562536,0.752724,0.361893,0.564731,0.360354,0.47481,0.265405,0.382202,0.15818,0.526575,0.374139,0.643739,0.253133,0.662826,0.133657,0.630114,0.68204,0.398527,0.691207,0.469377,0,0,0.66827,0.597376
0.668226,0.428454,0.602355,0.507493,0.579383,0.398513,0.510469,0.357647,0.440003,0.354874,0.622292,0.64101,0.594732,0.763648,0.559486,0.7527,0.360356,0.561999,0.358825,0.474817,0.265378,0.39034,0.161234,0.540196,0.372599,0.638305,0.257728,0.665527,0.113738,0.65735,0.682043,0.398525,0.691205,0.469383,0,0,0.669759,0.59738
0.668248,0.42845,0.600837,0.510218,0.577878,0.401195,0.510458,0.357669,0.438473,0.352187,0.619237,0.643757,0.591664,0.769082,0.547216,0.744556,0.357299,0.567461,0.357285,0.482997,0.260777,0.401225,0.162764,0.56745,0.372599,0.643744,0.269989,0.673707,0.11373,0.692798,0.682027,0.398543,0.691197,0.469368,0.686611,0.371278,0.668247,0.594697
0.668247,0.425755,0.602356,0.510226,0.579392,0.401226,0.510475,0.35768,0.438479,0.35489,0.622282,0.641038,0.590132,0.766355,0.54264,0.736424,0.358824,0.567456,0.357296,0.485696,0.259245,0.403995,0.159681,0.575651,0.371077,0.643761,0.269988,0.679167,0.110673,0.698277,0.682029,0.398529,0.691206,0.466669,0,0,0.668265,0.594686
0.669776,0.42305,0.603884,0.507496,0.579409,0.398537,0.51048,0.357649,0.440001,0.352217,0.625348,0.635575,0.588592,0.760943,0.533435,0.728191,0.361892,0.56746,0.360365,0.48569,0.251609,0.42577,0.153588,0.586518,0.372606,0.643767,0.269975,0.673723,0.104557,0.698226,0.68356,0.395805,0.692722,0.46663,0,0,0.669779,0.591994
0.671317,0.423065,0.60391,0.504801,0.580934,0.398528,0.512012,0.357646,0.441522,0.352193,0.626877,0.635575,0.588595,0.760911,0.533463,0.728194,0.364947,0.564718,0.361894,0.482966,0.251616,0.428454,0.153587,0.586508,0.372614,0.641036,0.266922,0.668276,0.103023,0.692777,0.683575,0.395788,0.692732,0.466607,0,0,0.669784,0.59198
0.671304,0.423052,0.603905,0.504791,0.580943,0.401203,0.513532,0.357639,0.441519,0.3495,0.62689,0.632859,0.590099,0.760902,0.533441,0.728209,0.361892,0.564737,0.35883,0.480263,0.243954,0.433951,0.144374,0.57834,0.374137,0.646475,0.2608,0.662822,0.0968991,0.679153,0.683556,0.395779,0.691245,0.463942,0.692751,0.455713,0.669776,0.591978
0.671292,0.423039,0.603912,0.502076,0.58093,0.401208,0.513522,0.357609,0.44002,0.349482,0.628401,0.630127,0.587066,0.760943,0.533448,0.72816,0.363422,0.562013,0.360356,0.47753,0.245473,0.433934,0.139797,0.572879,0.374144,0.643744,0.251609,0.654654,0.0922867,0.668253,0.68203,0.395783,0.69122,0.463927,0,0,0.669767,0.591942
0.669765,0.423063,0.603884,0.507492,0.580909,0.398542,0.510471,0.354929,0.440021,0.349459,0.628399,0.63011,0.585527,0.760898,0.528868,0.725441,0.364951,0.559274,0.361886,0.47208,0.245476,0.43664,0.13366,0.55657,0.37414,0.638304,0.245487,0.641001,0.0907739,0.649213,0.680512,0.398479,0.691196,0.466616,0,0,0.66671,0.591996
0.668244,0.425722,0.602365,0.504798,0.580908,0.398539,0.51048,0.354926,0.441519,0.349445,0.62839,0.630123,0.584005,0.760902,0.527299,0.722792,0.363422,0.559281,0.360364,0.474805,0.24547,0.43665,0.129066,0.553795,0.372606,0.641022,0.245474,0.635584,0.0907535,0.643741,0.680511,0.39852,0.689685,0.466655,0,0,0.666717,0.594672
0.66823,0.425716,0.602363,0.50751,0.579397,0.398524,0.510458,0.354885,0.441526,0.349442,0.628391,0.630136,0.582469,0.763626,0.521182,0.717318,0.361887,0.556559,0.358829,0.474808,0.24242,0.436685,0.124457,0.537495,0.369544,0.638304,0.243954,0.635541,0.0846356,0.641038,0.680501,0.398509,0.689684,0.466662,0,0,0.666709,0.591976
0.66672,0.423045,0.600841,0.504794,0.577882,0.398493,0.508958,0.354881,0.441532,0.349447,0.626896,0.630112,0.582466,0.763609,0.519668,0.71462,0.360361,0.556551,0.358828,0.472085,0.240895,0.439377,0.12141,0.53205,0.371069,0.641005,0.246999,0.638266,0.0831011,0.643764,0.680498,0.39849,0.689687,0.466634,0,0,0.666706,0.591982
0.666723,0.423034,0.600845,0.504767,0.579395,0.398497,0.512006,0.354905,0.441523,0.349491,0.628391,0.627412,0.580953,0.763612,0.521167,0.714572,0.369546,0.567458,0.363421,0.485693,0.243939,0.447543,0.113751,0.529304,0.3772,0.643747,0.248537,0.64104,0.0831013,0.657389,0.680484,0.398475,0.689691,0.466608,0,0,0.666709,0.589256
0.666709,0.423013,0.600854,0.502074,0.579391,0.398488,0.512006,0.354907,0.441526,0.352158,0.6284,0.627389,0.582446,0.763609,0.521201,0.714592,0.369546,0.564735,0.36342,0.482969,0.243955,0.452999,0.113739,0.526598,0.377205,0.643733,0.2516,0.643754,0.0861678,0.662834,0.680478,0.39581,0.689689,0.466601,0,0,0.666705,0.589239
0.666714,0.423036,0.599323,0.50479,0.579389,0.398508,0.512,0.354942,0.440012,0.349484,0.625358,0.632859,0.58246,0.763662,0.52424,0.720006,0.371076,0.564726,0.366482,0.48027,0.242421,0.455745,0.107609,0.518419,0.378735,0.641044,0.247008,0.646459,0.0846366,0.662845,0.678987,0.395815,0.68968,0.466613,0,0,0.666716,0.589256
0.666719,0.423061,0.599305,0.507513,0.579399,0.398498,0.512,0.354927,0.440009,0.346779,0.623826,0.638281,0.58246,0.769045,0.524234,0.720025,0.369541,0.567459,0.360361,0.482981,0.242404,0.458434,0.106073,0.510252,0.377202,0.643757,0.250071,0.643755,0.0892222,0.662808,0.680468,0.395813,0.689681,0.466631,0,0,0.66671,0.591947
0.665177,0.425713,0.599304,0.504795,0.577874,0.395797,0.508955,0.349477,0.440008,0.344059,0.625333,0.632831,0.584004,0.769058,0.513547,0.7119,0.368016,0.564719,0.361889,0.482976,0.240877,0.458447,0.0968845,0.499337,0.375673,0.641035,0.248532,0.638314,0.0907622,0.643749,0.678954,0.398494,0.688158,0.466641,0,0,0.666685,0.591972
0.66516,0.425726,0.599325,0.502072,0.577868,0.39578,0.510465,0.346764,0.438491,0.344039,0.626875,0.62739,0.580922,0.758214,0.507411,0.706441,0.369541,0.559274,0.363418,0.477542,0.240874,0.45846,0.0923,0.496594,0.374147,0.641008,0.245479,0.638294,0.0938241,0.641017,0.678935,0.398509,0.688143,0.466649,0,0,0.665192,0.591968
0.665158,0.425725,0.600841,0.5102,0.57939,0.398482,0.512006,0.346738,0.436942,0.349444,0.623812,0.635574,0.55949,0.75546,0.492101,0.679164,0.374135,0.570184,0.371071,0.485713,0.239344,0.461197,0.0892259,0.49933,0.378735,0.643761,0.24854,0.641019,0.106095,0.638316,0.678937,0.398527,0.688153,0.466655,0,0,0.666687,0.591989
0.663656,0.425739,0.599315,0.50751,0.579403,0.39581,0.512005,0.346765,0.435406,0.352168,0.623804,0.63827,0.554879,0.752703,0.482903,0.668324,0.36189,0.570173,0.363419,0.482994,0.242409,0.463934,0.0892214,0.499343,0.372613,0.651909,0.24241,0.646466,0.124468,0.649209,0.678936,0.398527,0.688145,0.466666,0,0,0.666694,0.594655
0.665157,0.425809,0.597785,0.507506,0.577871,0.395812,0.50739,0.354921,0.430826,0.360362,0.622279,0.63828,0.5564,0.749976,0.473716,0.700957,0.368015,0.562007,0.364953,0.477524,0.242412,0.463913,0.0831062,0.499328,0.374145,0.641031,0.242412,0.649182,0.162755,0.621938,0.678962,0.401194,0.688166,0.469377,0,0,0.666697,0.597415
0.665176,0.428485,0.597786,0.507523,0.577873,0.39854,0.505874,0.357625,0.430809,0.360393,0.620763,0.635596,0.556428,0.747304,0.472169,0.706446,0.375676,0.556562,0.374138,0.472086,0.242424,0.463889,0.0861709,0.488432,0.383332,0.641002,0.251608,0.649206,0.190333,0.611064,0.678976,0.401228,0.689674,0.472086,0,0,0.666731,0.597445
0.665176,0.428538,0.59932,0.510232,0.580909,0.40125,0.507421,0.357602,0.4339,0.352222,0.622283,0.638265,0.557936,0.74456,0.464507,0.728263,0.369544,0.551103,0.361895,0.463916,0.242417,0.45846,0.0968846,0.49391,0.377207,0.630115,0.291427,0.649185,0.190321,0.591965,0.68049,0.401275,0.6897,0.474809,0,0,0.668231,0.600176
0.666687,0.431191,0.599322,0.510257,0.580949,0.401255,0.513519,0.35489,0.436943,0.349491,0.622274,0.638309,0.554883,0.749995,0.459916,0.747252,0.372617,0.551113,0.363424,0.466637,0.248539,0.455743,0.109151,0.512937,0.383337,0.621964,0.305211,0.641027,0.185734,0.581119,0.680494,0.401274,0.69119,0.47481,0,0,0.668238,0.600205
0.665186,0.428468,0.597784,0.512942,0.579394,0.40123,0.516597,0.349469,0.44002,0.341316,0.622282,0.641017,0.55487,0.752707,0.461455,0.747308,0.37107,0.553816,0.360362,0.466656,0.236283,0.463908,0.125995,0.578372,0.378734,0.630116,0.308282,0.646473,0.187269,0.578394,0.67899,0.401235,0.689686,0.472094,0,0,0.668236,0.600145
0.663643,0.425805,0.597796,0.510255,0.5794,0.401224,0.510476,0.34676,0.438472,0.341275,0.623804,0.640997,0.554876,0.752723,0.464524,0.728257,0.368015,0.556543,0.360365,0.469379,0.242405,0.44758,0.159702,0.551094,0.378736,0.63556,0.314407,0.65465,0.187261,0.583803,0.678966,0.401203,0.689671,0.469399,0,0,0.668246,0.597466
0.660587,0.423057,0.600835,0.512931,0.579414,0.401233,0.508931,0.346745,0.430822,0.346779,0.625357,0.638307,0.557965,0.755453,0.478286,0.717332,0.366483,0.564733,0.3726,0.477529,0.274582,0.401252,0.213303,0.551101,0.372616,0.643731,0.256196,0.660088,0.155094,0.632864,0.677443,0.395816,0.688135,0.466645,0,0,0.66822,0.591993
0.663639,0.420295,0.602365,0.512946,0.579391,0.401244,0.507383,0.352178,0.429288,0.360365,0.626884,0.638297,0.562546,0.758173,0.4829,0.717336,0.369543,0.570184,0.37261,0.482984,0.288345,0.382155,0.239331,0.548387,0.375669,0.646473,0.265388,0.665539,0.142849,0.665543,0.678951,0.393093,0.689677,0.463929,0,0,0.668255,0.591971
0.668233,0.422988,0.603907,0.512929,0.580932,0.401192,0.505849,0.360364,0.433855,0.379398,0.626885,0.638307,0.57481,0.760934,0.495152,0.709189,0.368019,0.570178,0.374132,0.485689,0.291428,0.371284,0.227081,0.545638,0.374134,0.646481,0.263858,0.676445,0.139773,0.695543,0.680515,0.393039,0.69124,0.463896,0,0,0.674367,0.591982
0.666694,0.420311,0.603899,0.512946,0.580928,0.401197,0.505884,0.360386,0.433884,0.376718,0.626887,0.638288,0.57173,0.763651,0.499743,0.703648,0.371078,0.567463,0.374133,0.482974,0.294504,0.360404,0.225582,0.54291,0.375679,0.643756,0.265381,0.670976,0.142833,0.684633,0.680473,0.393051,0.691202,0.463884,0,0,0.672846,0.594678
0.665181,0.417569,0.602364,0.510228,0.57939,0.3985,0.505868,0.357604,0.433863,0.363066,0.626875,0.635559,0.562547,0.758183,0.495152,0.684636,0.371082,0.570168,0.374133,0.482995,0.296022,0.357609,0.228636,0.537509,0.377201,0.643759,0.268456,0.662794,0.158166,0.668268,0.678969,0.390365,0.68968,0.461186,0,0,0.669774,0.591951
0.665186,0.412116,0.602365,0.507505,0.579398,0.395811,0.505883,0.354939,0.435426,0.35767,0.62687,0.632835,0.561029,0.755475,0.493631,0.676456,0.369553,0.570175,0.372607,0.480262,0.292961,0.357628,0.225537,0.545678,0.377202,0.643757,0.273038,0.665518,0.164278,0.66826,0.678989,0.390316,0.689689,0.458459,0,0,0.669775,0.586552
0.666702,0.406706,0.602372,0.502076,0.582444,0.393073,0.510464,0.349469,0.439993,0.349482,0.625341,0.63285,0.559474,0.755465,0.495132,0.673696,0.371074,0.567441,0.372603,0.482978,0.280713,0.371257,0.208709,0.548357,0.375685,0.641021,0.276106,0.668299,0.173486,0.662831,0.680479,0.387597,0.689696,0.455714,0,0,0.669773,0.586504
0.665191,0.406697,0.600853,0.50478,0.580923,0.395761,0.510472,0.346742,0.438485,0.344041,0.625339,0.632839,0.559486,0.75545,0.496663,0.679176,0.369548,0.567457,0.369551,0.482986,0.274594,0.373976,0.196446,0.548349,0.375675,0.641039,0.273054,0.668271,0.181141,0.649219,0.67898,0.387604,0.689681,0.455716,0,0,0.668251,0.583831
0.666691,0.406711,0.602369,0.510213,0.580934,0.398474,0.511991,0.346733,0.441526,0.341306,0.623824,0.632823,0.568683,0.752747,0.498234,0.695494,0.374141,0.567442,0.372612,0.480269,0.259268,0.395795,0.165823,0.532038,0.384861,0.643748,0.282232,0.668265,0.199514,0.632848,0.678975,0.387612,0.689671,0.453043,0.691221,0.447548,0.669764,0.583806
0.666705,0.40402,0.603885,0.504797,0.58245,0.39849,0.51046,0.344063,0.43849,0.344041,0.625353,0.630106,0.574792,0.752718,0.502822,0.700984,0.374137,0.567443,0.36955,0.477546,0.251599,0.406703,0.147438,0.532007,0.384864,0.643759,0.289891,0.668283,0.197979,0.627386,0.680476,0.384922,0.689684,0.453027,0.68662,0.360358,0.669787,0.583819
0.668226,0.406687,0.603884,0.507492,0.580938,0.398522,0.508932,0.346731,0.43542,0.349468,0.625358,0.630141,0.577857,0.755431,0.504343,0.720049,0.375668,0.562005,0.368015,0.472096,0.24241,0.442112,0.135177,0.553811,0.389456,0.641028,0.277636,0.671009,0.18574,0.627389,0.680517,0.384923,0.691182,0.453031,0,0,0.669779,0.586529
0.666728,0.406688,0.602372,0.504772,0.580943,0.398515,0.508941,0.344055,0.433886,0.344051,0.625333,0.63014,0.579377,0.752766,0.504355,0.728184,0.374148,0.561994,0.368015,0.474805,0.240894,0.455744,0.133659,0.559294,0.389453,0.641009,0.279167,0.673723,0.178075,0.635553,0.680506,0.384912,0.691182,0.455709,0,0,0.668254,0.586519
0.666688,0.412118,0.600832,0.507488,0.580946,0.398503,0.511999,0.341345,0.435395,0.335853,0.620764,0.632831,0.579413,0.752685,0.507379,0.736365,0.371082,0.55927,0.366479,0.474807,0.240886,0.447568,0.136717,0.567459,0.381801,0.638283,0.271508,0.684601,0.173481,0.657368,0.678959,0.387641,0.688136,0.455741,0.686624,0.444838,0.666696,0.589226
0.6667,0.414863,0.599311,0.507517,0.580929,0.398502,0.512011,0.338596,0.435413,0.322212,0.620763,0.635561,0.579397,0.747288,0.507397,0.736385,0.366483,0.564725,0.36035,0.477519,0.240887,0.442123,0.145912,0.575604,0.377208,0.641038,0.266915,0.684632,0.171952,0.660117,0.67894,0.390343,0.686619,0.458435,0.6805,0.36581,0.666695,0.589254
0.666699,0.414869,0.599317,0.49935,0.579399,0.395788,0.510463,0.333119,0.436947,0.308608,0.623809,0.630112,0.580912,0.736408,0.508958,0.749958,0.36649,0.570165,0.361889,0.483001,0.25008,0.428471,0.168897,0.578352,0.377214,0.643731,0.269985,0.684603,0.175006,0.662788,0.678953,0.393041,0.686629,0.461152,0.68815,0.447563,0.666683,0.591964
0.666691,0.412162,0.597782,0.496631,0.577865,0.395777,0.511991,0.330381,0.438488,0.297735,0.622275,0.627407,0.580938,0.736385,0.510473,0.752794,0.363426,0.572889,0.360358,0.485715,0.25619,0.420333,0.182675,0.575648,0.37415,0.646478,0.271504,0.684629,0.175013,0.662795,0.678968,0.390373,0.688138,0.461151,0.688153,0.452998,0.666686,0.591973
0.666706,0.412158,0.599316,0.491194,0.577884,0.38491,0.513541,0.319489,0.441534,0.278593,0.622281,0.621974,0.582481,0.730939,0.521214,0.785474,0.363426,0.57289,0.36342,0.485709,0.26844,0.403945,0.202575,0.575622,0.374143,0.646475,0.27305,0.684605,0.16889,0.66552,0.68048,0.395765,0.689661,0.461172,0.691208,0.452995,0.666717,0.589253
