0.538039,0.0824689,0.528852,0.25412,0.450734,0.275902,0.364948,0.330376,0.26078,0.29224,0.603915,0.243198,0.694278,0.2568,0.717255,0.156016,0.591655,0.611052,0.542631,0.62467,0.493611,0.605588,0.541094,0.954382,0.645267,0.605596,0.740231,0.750001,0.738698,0.995264,0.499737,0.0770508,0.548761,0.0606462,0.44459,0.188707,0,0
0.528853,0.0797249,0.522717,0.251409,0.443081,0.273195,0.35883,0.330384,0.262309,0.273144,0.597775,0.23776,0.692737,0.273166,0.757069,0.20233,0.588593,0.608332,0.538038,0.619224,0.484431,0.605614,0.542633,0.973447,0.643738,0.605586,0.732568,0.752737,0,0,0.49056,0.0770222,0.542621,0.063366,0.435425,0.188668,0,0
0.52731,0.0796999,0.522737,0.251417,0.444603,0.270472,0.360348,0.327662,0.263871,0.256838,0.599301,0.237756,0.691215,0.27594,0.776974,0.229557,0.582461,0.583804,0.530382,0.586527,0.479827,0.611022,0.539575,0.995249,0.636077,0.581073,0.726461,0.75276,0.734105,0.995258,0.487502,0.0769997,0.539568,0.0606272,0.433902,0.188679,0,0
0.527326,0.082464,0.522737,0.254094,0.444594,0.275896,0.358834,0.333111,0.273054,0.243209,0.596267,0.235023,0.689695,0.289505,0.780048,0.278654,0.591651,0.594695,0.539565,0.60287,0.475246,0.621925,0.531904,0.967999,0.643737,0.591982,0.723387,0.766372,0,0,0.489019,0.0797381,0.539564,0.0606409,0.4339,0.191417,0,0
0.525791,0.0824458,0.521209,0.251418,0.441544,0.273184,0.357291,0.333083,0.274572,0.235045,0.596266,0.235041,0.68816,0.286786,0.778521,0.275899,0.587054,0.589254,0.531909,0.591981,0.47369,0.627403,0.528857,0.976171,0.639141,0.589248,0.721853,0.769074,0.735639,0.995255,0.487482,0.0770502,0.538032,0.0660718,0.432363,0.188721,0,0
0.528843,0.0824426,0.522731,0.25409,0.443071,0.273188,0.357291,0.330405,0.280708,0.226885,0.597775,0.237741,0.689689,0.281363,0.775456,0.251331,0.587062,0.581073,0.531913,0.583801,0.472167,0.632826,0.52731,0.978901,0.640666,0.581078,0.721856,0.766351,0.737169,0.995256,0.490549,0.0797202,0.541087,0.0579325,0.433896,0.191417,0,0
0.528842,0.0824602,0.522735,0.25408,0.444588,0.273166,0.357293,0.333099,0.286818,0.22415,0.597787,0.237765,0.688148,0.278622,0.766279,0.237762,0.587063,0.586526,0.531911,0.589258,0.472163,0.632829,0.527315,0.987074,0.640665,0.586527,0.724913,0.76637,0,0,0.490557,0.0797376,0.541101,0.0606299,0.433887,0.188743,0,0
0.528849,0.0851752,0.522721,0.254095,0.444598,0.273173,0.357278,0.324944,0.292966,0.215946,0.59778,0.243184,0.697347,0.267737,0.743289,0.213224,0.582464,0.58381,0.528855,0.586534,0.469113,0.632826,0.52733,0.99525,0.636074,0.58381,0.727973,0.76092,0,0,0.490543,0.0824212,0.541098,0.0606229,0.433897,0.191444,0,0
0.530368,0.0851527,0.524256,0.256841,0.44614,0.275905,0.36034,0.322234,0.300617,0.213251,0.599309,0.248619,0.688164,0.270435,0.737155,0.210518,0.585523,0.589257,0.531912,0.591978,0.470648,0.630106,0.527314,0.981626,0.636078,0.589255,0.727995,0.758175,0,0,0.490565,0.0824647,0.542618,0.0606401,0.435426,0.194129,0,0
0.530389,0.0824677,0.525782,0.256816,0.447658,0.27589,0.366492,0.31678,0.322061,0.21595,0.599316,0.24594,0.69276,0.267703,0.738682,0.20778,0.587054,0.613781,0.536505,0.61651,0.478307,0.611041,0.53039,0.981627,0.642195,0.611058,0.732587,0.703671,0.71726,0.995258,0.492088,0.0824418,0.542639,0.0606332,0.436951,0.194152,0,0
0.531897,0.0878903,0.527315,0.25414,0.44919,0.273193,0.372602,0.316775,0.332773,0.218679,0.600845,0.245935,0.694287,0.27047,0.743301,0.221424,0.580937,0.621958,0.531913,0.630119,0.484436,0.597416,0.530388,0.940755,0.637604,0.619218,0.738686,0.66278,0.701934,0.959831,0.493618,0.0851691,0.544175,0.0688332,0.438489,0.194188,0,0
0.534982,0.0824349,0.528843,0.25681,0.447675,0.273201,0.374119,0.314067,0.355749,0.224138,0.605432,0.245933,0.694292,0.281379,0.769335,0.248668,0.583997,0.695519,0.531915,0.687343,0.493607,0.551084,0.536512,0.848118,0.637609,0.668277,0.734112,0.575635,0.695822,0.848123,0.49668,0.0797272,0.547226,0.0633789,0.443064,0.194147,0,0
0.538043,0.0824526,0.527308,0.256811,0.446144,0.28133,0.375662,0.316781,0.366478,0.237758,0.602384,0.243192,0.692752,0.286813,0.773943,0.264984,0.583995,0.690064,0.538039,0.6165,0.489018,0.512932,0.542639,0.799054,0.634545,0.660099,0.735631,0.55112,0.704994,0.804501,0.498204,0.0796894,0.548763,0.0633759,0.44306,0.191415,0,0
0.538034,0.0797155,0.52733,0.278612,0.453791,0.297702,0.372618,0.316769,0.383336,0.267727,0.600847,0.235055,0.692727,0.289521,0.776985,0.275867,0.60237,0.651918,0.548766,0.649199,0.476771,0.461189,0.553355,0.711873,0.654452,0.619227,0.740229,0.53474,0.706534,0.752751,0.498201,0.0743141,0.547233,0.0579047,0.441531,0.185969,0,0
0.536498,0.0769567,0.524254,0.262289,0.446138,0.297683,0.374134,0.330384,0.386406,0.289528,0.600839,0.23229,0.691202,0.289516,0.775451,0.275882,0.606966,0.638301,0.553365,0.660097,0.473708,0.453033,0.556431,0.698232,0.655999,0.611058,0.743297,0.545664,0.708077,0.763639,0.496691,0.0742812,0.545705,0.0551805,0.441536,0.183285,0,0
0.541085,0.074242,0.531903,0.254101,0.458392,0.270452,0.377221,0.335862,0.401718,0.300442,0.603894,0.235047,0.692758,0.289491,0.775464,0.273134,0.606971,0.616481,0.557954,0.6165,0.472198,0.463912,0.557973,0.703704,0.65446,0.591981,0.750936,0.589228,0.747892,0.668272,0.499733,0.0742341,0.547242,0.0524626,0.4446,0.185949,0,0
0.541103,0.0770068,0.530382,0.256822,0.456863,0.275896,0.378733,0.338575,0.406306,0.300421,0.603902,0.237758,0.692751,0.292202,0.775451,0.273176,0.599308,0.611037,0.548766,0.608327,0.472157,0.47484,0.557966,0.709156,0.65139,0.594698,0.749413,0.638328,0.743299,0.883537,0.501264,0.0743007,0.54571,0.0551914,0.444605,0.186006,0,0
0.539583,0.0796923,0.528843,0.259537,0.450727,0.278628,0.374136,0.335842,0.397117,0.292215,0.602375,0.240471,0.69121,0.289543,0.773921,0.270459,0.594717,0.600153,0.545696,0.605598,0.461455,0.485739,0.554897,0.714574,0.648325,0.597419,0.720317,0.744578,0.720325,0.99525,0.498235,0.0769728,0.550288,0.0579051,0.443079,0.188693,0,0
0.542615,0.0824592,0.528838,0.275893,0.450723,0.303144,0.374135,0.344017,0.392532,0.29223,0.603892,0.248649,0.694285,0.292289,0.777006,0.273214,0.585528,0.605602,0.534977,0.608328,0.461455,0.499332,0.556425,0.728198,0.6422,0.6056,0.712655,0.788148,0.732576,0.812683,0.501281,0.0797018,0.550287,0.0633483,0.444619,0.194131,0,0
0.538049,0.0851777,0.527314,0.284061,0.450724,0.311337,0.371086,0.344039,0.371078,0.294994,0.602365,0.248686,0.694281,0.29768,0.778521,0.275932,0.587062,0.616491,0.536506,0.62196,0.452272,0.521134,0.550311,0.733674,0.640673,0.605595,0.720309,0.790907,0,0,0.4982,0.0878746,0.551817,0.0742953,0.443074,0.19958,0,0
0.53804,0.0906218,0.525805,0.270443,0.449205,0.289503,0.372608,0.335831,0.467575,0.248658,0.603892,0.251369,0.694297,0.295008,0.778526,0.275902,0.582467,0.60832,0.533449,0.621942,0.449206,0.526564,0.553357,0.744556,0.634551,0.597422,0.721851,0.788143,0.743296,0.995248,0.498204,0.0906224,0.551828,0.0797208,0.443072,0.199576,0,0
0.53497,0.0824427,0.528835,0.262297,0.45226,0.281363,0.369535,0.333091,0.291417,0.305888,0.603891,0.248683,0.69276,0.295024,0.777004,0.273157,0.588596,0.616487,0.538047,0.621956,0.45226,0.526551,0.553369,0.755436,0.642195,0.608316,0.723385,0.788156,0.731043,0.995249,0.49517,0.0851424,0.547233,0.0688038,0.441553,0.196873,0.567145,0.109685
0.531912,0.0824533,0.525776,0.262254,0.447676,0.281323,0.361895,0.32496,0.262309,0.330394,0.599316,0.248663,0.691213,0.294974,0.773927,0.270411,0.587051,0.616509,0.539573,0.624672,0.449214,0.523881,0.548755,0.752748,0.637607,0.61104,0.723373,0.785425,0.741766,0.995248,0.493622,0.0824525,0.544157,0.063355,0.438489,0.194183,0,0
0.533438,0.0960537,0.527311,0.267709,0.449201,0.2868,0.360353,0.338546,0.240888,0.34131,0.602381,0.251383,0.691213,0.297729,0.775468,0.273182,0.587057,0.624675,0.53804,0.630123,0.45836,0.537461,0.548759,0.766358,0.639134,0.61922,0.727997,0.78272,0.731049,0.99525,0.495137,0.0960173,0.545696,0.0742476,0.440024,0.202317,0,0
0.530398,0.09331,0.524249,0.26774,0.446148,0.289511,0.357287,0.324937,0.239331,0.311303,0.599316,0.251345,0.691199,0.297673,0.7724,0.270451,0.588581,0.621946,0.53804,0.624678,0.459901,0.54565,0.545707,0.779971,0.640672,0.61378,0.729516,0.777242,0.735635,0.995253,0.493606,0.0933296,0.544157,0.0715275,0.438473,0.199612,0,0
0.531919,0.0851925,0.525785,0.265003,0.447654,0.286791,0.363424,0.308567,0.245479,0.267722,0.602368,0.24867,0.69123,0.294995,0.77392,0.265023,0.591646,0.611047,0.541097,0.61105,0.47677,0.575648,0.53651,0.84265,0.645259,0.611039,0.734108,0.763651,0.734104,0.995249,0.495125,0.0878953,0.5457,0.0715436,0.440015,0.196864,0,0
0.533431,0.0824648,0.527302,0.267706,0.446131,0.289499,0.360355,0.300402,0.24852,0.254098,0.602383,0.251345,0.692759,0.294978,0.772398,0.262264,0.585527,0.608331,0.534976,0.608331,0.490558,0.608341,0.536508,0.913505,0.642207,0.613766,0.738685,0.755449,0.727976,0.995254,0.495139,0.085175,0.547233,0.0715209,0.441533,0.19685,0.570207,0.139654
0.531913,0.0824341,0.52577,0.264989,0.446135,0.28405,0.358833,0.28133,0.243937,0.224161,0.602365,0.251369,0.691236,0.289489,0.76934,0.243184,0.587055,0.619234,0.533444,0.619224,0.4921,0.643761,0.530376,0.957101,0.643736,0.621954,0.735643,0.709124,0.704998,0.995256,0.493625,0.0824523,0.544187,0.0660835,0.439996,0.19416,0,0
0.534978,0.087903,0.527316,0.267709,0.447665,0.281367,0.363424,0.278612,0.250084,0.207818,0.603899,0.251412,0.694276,0.286796,0.772387,0.224153,0.583995,0.632838,0.530384,0.632855,0.493608,0.643737,0.538042,0.946198,0.640667,0.627402,0.737158,0.668244,0.697341,0.993886,0.495169,0.0879077,0.550281,0.0742562,0.441539,0.194175,0,0
0.531916,0.0797542,0.524258,0.259572,0.443065,0.278614,0.355763,0.251405,0.2562,0.166929,0.600854,0.251362,0.692738,0.278644,0.764725,0.188675,0.585525,0.65192,0.53498,0.66009,0.492078,0.64375,0.538041,0.93257,0.64066,0.641013,0.737164,0.586515,0.69429,0.86174,0.493626,0.0797254,0.542651,0.0578995,0.438464,0.188721,0,0
0.531932,0.079721,0.524273,0.256838,0.443066,0.273179,0.354223,0.245927,0.260772,0.155997,0.600844,0.248666,0.69122,0.273188,0.76015,0.164147,0.591654,0.638302,0.541102,0.657363,0.490548,0.635549,0.530389,0.938027,0.642204,0.63012,0.734114,0.553854,0.698868,0.807236,0.495123,0.0770379,0.544174,0.0633692,0.438463,0.186025,0,0
0.534985,0.0797348,0.52427,0.251419,0.4446,0.262281,0.360342,0.237772,0.265405,0.150552,0.599321,0.248631,0.689682,0.264986,0.755552,0.142389,0.591646,0.635578,0.542627,0.657365,0.496673,0.616511,0.527328,0.951655,0.64373,0.627391,0.738695,0.534748,0.704999,0.758194,0.496682,0.0770012,0.54417,0.057924,0.441522,0.185962,0,0
0.530383,0.0715152,0.521196,0.248664,0.443063,0.254132,0.357297,0.232299,0.2608,0.145131,0.59473,0.24048,0.682025,0.256852,0.744842,0.139627,0.593181,0.62195,0.542628,0.638304,0.493618,0.60015,0.525783,0.90805,0.643728,0.616493,0.737177,0.540184,0.705017,0.752727,0.492099,0.0715708,0.54109,0.0361159,0.435433,0.183202,0,0
0.5304,0.0715584,0.522718,0.251341,0.443079,0.256852,0.358821,0.235026,0.262312,0.161448,0.596249,0.24318,0.683573,0.262276,0.744843,0.153269,0.580934,0.621958,0.534985,0.638293,0.492093,0.586511,0.531909,0.883529,0.634536,0.611039,0.738681,0.600117,0.738707,0.790887,0.493627,0.0715607,0.541101,0.0415738,0.436947,0.18051,0,0
0.53038,0.0688132,0.521207,0.24864,0.443074,0.254114,0.35729,0.237766,0.260788,0.164192,0.594727,0.240462,0.685095,0.267707,0.746358,0.158761,0.58399,0.602879,0.536505,0.616504,0.490543,0.57292,0.530387,0.850835,0.634538,0.583808,0.731037,0.665534,0.769339,0.864453,0.493596,0.0715213,0.541093,0.0306841,0.435438,0.180503,0,0
0.530361,0.0633579,0.521178,0.24867,0.443066,0.256829,0.35882,0.251382,0.254654,0.196894,0.593177,0.24049,0.683562,0.275886,0.749437,0.17237,0.576334,0.602872,0.52426,0.611045,0.475253,0.526561,0.52885,0.839938,0.633007,0.594697,0.70652,0.750003,0.747891,0.993885,0.492084,0.068799,0.536519,0.0279208,0.433894,0.177798,0,0
0.530384,0.0579452,0.521206,0.248671,0.444595,0.259564,0.361886,0.264982,0.25926,0.224106,0.59472,0.235019,0.688146,0.278603,0.754017,0.177807,0.576334,0.605594,0.52426,0.59743,0.47369,0.515663,0.524244,0.804509,0.629953,0.60287,0.697338,0.760922,0.712668,0.995258,0.492098,0.0633659,0.541088,0.025199,0.433889,0.169659,0,0
0.531898,0.0606279,0.52732,0.248637,0.450729,0.259562,0.369549,0.30315,0.257731,0.294987,0.600847,0.229584,0.692738,0.286766,0.758622,0.186014,0.580937,0.597432,0.52885,0.597424,0.47217,0.521127,0.525798,0.818145,0.637601,0.591982,0.703466,0.755471,0.718791,0.995261,0.495144,0.0660578,0.53804,0.0252108,0.438491,0.177817,0,0
0.530396,0.0552281,0.525799,0.248631,0.452254,0.264999,0.372607,0.311336,0.260788,0.32496,0.599306,0.226871,0.692731,0.286809,0.757077,0.188703,0.582465,0.597426,0.530391,0.60287,0.473705,0.526553,0.530375,0.823583,0.639131,0.589251,0.709586,0.744563,0.729513,0.995252,0.493612,0.0606631,0,0,0.436955,0.177798,0,0
0.527315,0.0552211,0.524245,0.245929,0.446132,0.262279,0.351162,0.316802,0.234746,0.316763,0.596258,0.226859,0.688163,0.292234,0.752493,0.196903,0.582468,0.600154,0.531914,0.602878,0.476756,0.523833,0.534981,0.815425,0.640657,0.597415,0.712655,0.728174,0.723388,0.995257,0.487503,0.0606421,0.53498,0.0170387,0.433881,0.177823,0,0
0.524263,0.0552229,0.522713,0.24865,0.446122,0.267717,0.346581,0.316771,0.23629,0.31128,0.594709,0.229568,0.686625,0.305851,0.754045,0.207808,0.583992,0.60833,0.533444,0.611044,0.478289,0.532014,0.541107,0.818124,0.640669,0.60287,0.712647,0.720048,0.709598,0.995258,0.485969,0.0606568,0.53344,0.0197628,0.43387,0.18052,0,0
0.522715,0.0552248,0.521192,0.251344,0.444599,0.267731,0.343506,0.314079,0.234744,0.308623,0.593177,0.232313,0.683567,0.314043,0.755569,0.22683,0.582464,0.600145,0.533445,0.602869,0.476759,0.540228,0.544165,0.820866,0.637611,0.600139,0.71266,0.720036,0.703478,0.995256,0.482909,0.0606188,0.534969,0.0306802,0.430815,0.180535,0,0
0.522707,0.0552212,0.518128,0.251415,0.44155,0.270452,0.343518,0.316808,0.22711,0.314066,0.590124,0.240468,0.680521,0.330405,0.757085,0.24869,0.577878,0.586528,0.528855,0.581077,0.476783,0.559285,0.533434,0.848117,0.631479,0.594692,0.720322,0.700965,0.691227,0.995252,0.482899,0.0579401,0.531913,0.036111,0.429272,0.183206,0,0
0.522741,0.0606481,0.518127,0.256806,0.443066,0.278606,0.341967,0.316812,0.2271,0.311317,0.588587,0.243201,0.682031,0.335829,0.758624,0.251379,0.580932,0.605607,0.531919,0.608321,0.490561,0.586509,0.516602,0.89171,0.636069,0.605593,0.726454,0.698271,0.689664,0.970736,0.484422,0.0633883,0.528853,0.0333897,0.4308,0.183267,0,0
0.524259,0.060666,0.515075,0.259531,0.440004,0.281335,0.33892,0.316756,0.225563,0.30859,0.585534,0.248616,0.682049,0.333113,0.7586,0.251365,0.577875,0.613771,0.527323,0.619227,0.490556,0.602884,0.508927,0.897146,0.633014,0.608332,0.72492,0.700984,0.688141,0.97073,0.484416,0.066076,0.530373,0.0361073,0.429284,0.185946,0,0
0.524252,0.0688062,0.515054,0.259533,0.436942,0.28134,0.33738,0.311325,0.225543,0.289526,0.58706,0.248632,0.682045,0.319525,0.757097,0.245917,0.574794,0.605593,0.525782,0.616501,0.47678,0.608356,0.508917,0.905338,0.626894,0.602863,0.721863,0.703681,0.682043,0.970749,0.484414,0.0688244,0.525806,0.0306757,0.427739,0.185991,0,0
0.525774,0.0715119,0.510472,0.259541,0.436949,0.275903,0.338927,0.303162,0.225579,0.273163,0.582469,0.25135,0.682018,0.31678,0.754039,0.240458,0.574806,0.616486,0.522727,0.616493,0.466052,0.605612,0.504348,0.910793,0.628407,0.61377,0.721858,0.70097,0.682012,0.973441,0.484429,0.0714934,0.527314,0.0388378,0.426225,0.186021,0,0
0.525803,0.0742522,0.512004,0.262282,0.438471,0.275915,0.351163,0.278611,0.243956,0.196901,0.585518,0.251414,0.683564,0.311297,0.749424,0.226852,0.573268,0.619229,0.518129,0.621951,0.443071,0.578317,0.493621,0.858997,0.626894,0.616502,0.721862,0.700967,0.682031,0.97617,0.485949,0.0742645,0.527328,0.0497317,0.427766,0.188723,0,0
0.524268,0.0742806,0.510486,0.264995,0.438479,0.278633,0.355759,0.256842,0.262311,0.153283,0.582457,0.251415,0.682048,0.308602,0.740247,0.221371,0.57021,0.621939,0.518129,0.627401,0.430826,0.564751,0.48596,0.839925,0.62382,0.616508,0.718801,0.700983,0.682016,0.981629,0.48292,0.0742616,0.524261,0.0470049,0.426242,0.19141,0,0
0.519679,0.0661095,0.508931,0.262283,0.433872,0.278636,0.371072,0.221379,0.294491,0.074251,0.582455,0.254108,0.680501,0.292289,0.727958,0.213215,0.567135,0.611045,0.513534,0.619213,0.412446,0.540217,0.46759,0.799074,0.62076,0.605586,0.712652,0.695517,0.678961,0.976181,0.47984,0.0714917,0.522728,0.0361104,0.424672,0.185996,0,0
0.521188,0.0660867,0.510478,0.270462,0.435416,0.284083,0.378727,0.213243,0.3144,0.052426,0.583992,0.254123,0.682016,0.292238,0.727974,0.210487,0.56255,0.608324,0.510476,0.616491,0.410928,0.53479,0.459935,0.796315,0.619224,0.605587,0.711144,0.698218,0.678961,0.993891,0.481363,0.068821,0.524266,0.0388346,0.423186,0.183258,0,0
0.521209,0.0606751,0.512008,0.262261,0.435411,0.275915,0.38333,0.202297,0.326641,0.0442772,0.588585,0.254089,0.685095,0.292238,0.732561,0.213237,0.56256,0.605601,0.512,0.613774,0.412442,0.537458,0.458374,0.799056,0.619224,0.600146,0.714197,0.698226,0.680509,0.993886,0.481379,0.0687713,0.52731,0.0333919,0.423183,0.180513,0,0
0.524235,0.0633633,0.512009,0.262286,0.436943,0.278642,0.38333,0.205023,0.325103,0.0470292,0.585532,0.251393,0.688137,0.294951,0.734114,0.215961,0.562549,0.600156,0.510468,0.608328,0.415504,0.542933,0.458367,0.796371,0.619223,0.597416,0.714189,0.703691,0.680493,0.995252,0.482916,0.068806,0.524269,0.0388417,0.424673,0.180522,0,0
0.528845,0.0715423,0.521208,0.273144,0.443073,0.284087,0.380277,0.224105,0.312875,0.0851716,0.594712,0.259547,0.692765,0.29499,0.741752,0.215964,0.567152,0.613779,0.513537,0.619232,0.423176,0.559298,0.459927,0.820875,0.623811,0.613772,0.724905,0.714601,0.691205,0.995254,0.489038,0.0742185,0.527327,0.0497496,0.430826,0.188693,0,0
0.525775,0.0714969,0.516602,0.265011,0.438476,0.284056,0.374155,0.226823,0.299106,0.0906293,0.59165,0.254087,0.689675,0.292285,0.738712,0.207811,0.568676,0.611037,0.515059,0.616499,0.421634,0.567453,0.458387,0.831765,0.623816,0.608321,0.723369,0.717302,0.692748,0.995254,0.48445,0.0715113,0.525791,0.0470019,0.42775,0.186024,0,0
0.524249,0.0688435,0.510465,0.267734,0.432356,0.284077,0.368015,0.235043,0.288358,0.109716,0.588583,0.25413,0.686627,0.292241,0.737177,0.207778,0.55949,0.605611,0.507403,0.616506,0.417025,0.572861,0.446124,0.837212,0.616151,0.600146,0.715721,0.711895,0.691214,0.995258,0.48441,0.0715053,0.525778,0.0442716,0.426209,0.186009,0,0
0.525783,0.0688197,0.513525,0.2677,0.435413,0.28133,0.364952,0.237766,0.283774,0.11785,0.59012,0.254097,0.689672,0.29225,0.740215,0.207804,0.56255,0.60559,0.508938,0.613769,0.418567,0.572911,0.444608,0.842639,0.620751,0.602861,0.717251,0.717328,0.692763,0.995257,0.484448,0.0715154,0.527311,0.0470134,0.426247,0.186012,0,0
0.525794,0.0660939,0.515058,0.262277,0.438469,0.278625,0.360367,0.243204,0.274575,0.136911,0.590117,0.251392,0.688151,0.292219,0.74021,0.20777,0.567143,0.605584,0.512002,0.611041,0.420103,0.572932,0.446135,0.842694,0.623818,0.602869,0.723386,0.722783,0.700405,0.99526,0.485947,0.0688201,0.527315,0.0442666,0.429281,0.186009,0,0
0.527298,0.0633888,0.513547,0.262286,0.438483,0.278629,0.363411,0.248667,0.274579,0.15328,0.59012,0.251413,0.68968,0.29224,0.738712,0.207796,0.567141,0.608321,0.512,0.613777,0.423155,0.575592,0.446155,0.845361,0.623817,0.605582,0.724901,0.725454,0.701938,0.995261,0.487485,0.0688394,0.528843,0.047031,0.430831,0.186021,0,0
0.525787,0.0660815,0.513539,0.256852,0.441534,0.275888,0.360345,0.254104,0.2654,0.161476,0.588592,0.251361,0.688161,0.289551,0.735635,0.202356,0.567134,0.613777,0.513525,0.62194,0.424699,0.572931,0.449201,0.848135,0.622295,0.613758,0.724911,0.725488,0.706524,0.995258,0.484444,0.0688011,0.525797,0.0388234,0.42929,0.185964,0,0
0.524253,0.0661112,0.512017,0.256808,0.436944,0.273178,0.355754,0.2541,0.262329,0.166922,0.588597,0.251343,0.686607,0.289501,0.72953,0.202348,0.562553,0.605605,0.510475,0.616496,0.423149,0.575581,0.44765,0.848136,0.619229,0.60287,0.720313,0.722771,0.703466,0.995261,0.482916,0.0687793,0.525779,0.0388317,0.426223,0.183249,0,0
0.527301,0.0661144,0.513543,0.26227,0.438473,0.278615,0.351158,0.256837,0.262312,0.180521,0.590131,0.251393,0.68814,0.292231,0.729501,0.207747,0.567142,0.605604,0.512007,0.613771,0.424678,0.575634,0.446149,0.859006,0.623817,0.605587,0.720325,0.72546,0.701944,0.995259,0.485965,0.0714828,0.527312,0.0443026,0.430809,0.186015,0,0
0.527304,0.0661189,0.515063,0.265001,0.438485,0.281354,0.346582,0.259535,0.260787,0.183264,0.590128,0.251388,0.688146,0.292231,0.727994,0.207772,0.567139,0.611058,0.513527,0.619218,0.424686,0.57833,0.449188,0.867195,0.625347,0.611054,0.723385,0.725482,0.704998,0.995258,0.48598,0.0714874,0.525798,0.0470104,0.432324,0.188691,0,0
0.527296,0.0660818,0.51813,0.256839,0.440013,0.275914,0.34965,0.265,0.260805,0.196864,0.591655,0.248642,0.688149,0.292229,0.726429,0.205074,0.57021,0.608316,0.515069,0.613764,0.426204,0.575673,0.449193,0.8672,0.625354,0.605607,0.726428,0.725465,0.703471,0.995259,0.485981,0.0714831,0.52579,0.0442852,0.43233,0.186029,0,0
0.527325,0.066112,0.521185,0.259548,0.443076,0.27318,0.351173,0.273151,0.257727,0.202317,0.593175,0.251384,0.689677,0.292288,0.723394,0.207779,0.570208,0.611045,0.516597,0.616486,0.426241,0.578344,0.449212,0.872619,0.625349,0.611041,0.726455,0.725503,0.704998,0.995256,0.487507,0.0715398,0.527325,0.0469987,0.432364,0.188721,0,0
0.524258,0.0715681,0.516595,0.256853,0.438471,0.275916,0.348093,0.284076,0.246992,0.215937,0.591641,0.248676,0.686632,0.294941,0.714169,0.202356,0.565604,0.613774,0.513526,0.619231,0.42471,0.578364,0.4492,0.878068,0.62229,0.61105,0.726443,0.728185,0.703479,0.995257,0.482915,0.0742271,0.525787,0.0497477,0.42774,0.188724,0,0
0.521209,0.071551,0.513528,0.256842,0.436942,0.273182,0.343516,0.284077,0.242417,0.224126,0.590118,0.251353,0.683556,0.292276,0.708073,0.202307,0.564079,0.605594,0.510467,0.611042,0.424673,0.57839,0.447656,0.878058,0.62075,0.605594,0.724917,0.725511,0.703462,0.995258,0.481374,0.074218,0.52578,0.0470282,0.424711,0.188682,0,0
0.521184,0.0770035,0.51659,0.262281,0.438472,0.278614,0.346562,0.297682,0.237827,0.240473,0.591639,0.251385,0.683559,0.297732,0.701925,0.202305,0.567143,0.611047,0.513532,0.616491,0.424674,0.581107,0.446149,0.880779,0.622284,0.608342,0.726453,0.728242,0.700396,0.995264,0.481376,0.0770265,0.524266,0.0552185,0.426223,0.194183,0,0
0.52119,0.079705,0.511996,0.267742,0.435412,0.286789,0.337387,0.297724,0.237807,0.245922,0.58858,0.251394,0.682039,0.303161,0.694307,0.207785,0.567138,0.619212,0.511996,0.619233,0.423174,0.586531,0.446143,0.88082,0.62381,0.619214,0.726452,0.730946,0.70041,0.995261,0.481353,0.0797105,0.525777,0.0552151,0.42471,0.196878,0,0
0.521177,0.0797152,0.512013,0.270456,0.43541,0.286822,0.33892,0.300451,0.234756,0.245896,0.590126,0.254095,0.682021,0.305859,0.691185,0.213231,0.567148,0.608334,0.512005,0.613769,0.423167,0.586521,0.446121,0.880783,0.623815,0.611051,0.72645,0.730963,0.698877,0.995261,0.479844,0.0824642,0.525787,0.0579433,0.424709,0.199622,0,0
0.519655,0.0824495,0.510476,0.273181,0.433883,0.292249,0.341967,0.308565,0.234749,0.248601,0.588597,0.254106,0.682041,0.305882,0.683569,0.210536,0.564078,0.621953,0.508943,0.624678,0.424671,0.594693,0.446142,0.883509,0.622291,0.621956,0.726441,0.7337,0.700406,0.99526,0.479817,0.0905841,0.525794,0.0633645,0.424685,0.20234,0,0
0.516605,0.0797218,0.50896,0.267734,0.432344,0.284083,0.340445,0.303159,0.233211,0.245915,0.587061,0.254092,0.680502,0.300423,0.678982,0.202338,0.559498,0.616487,0.507408,0.621943,0.421633,0.581111,0.444604,0.880785,0.617695,0.613769,0.724915,0.730931,0.69581,0.995263,0.476774,0.0797451,0.524262,0.0606314,0.423169,0.196896,0,0
0.519656,0.0797393,0.51199,0.270448,0.432356,0.289498,0.345037,0.308611,0.234748,0.248618,0.590125,0.251406,0.680519,0.303127,0.680501,0.205029,0.565608,0.608323,0.510476,0.611059,0.423167,0.583799,0.446116,0.880791,0.622294,0.608335,0.726452,0.730969,0.697346,0.995262,0.479819,0.0851872,0.527305,0.0633768,0.424668,0.202283,0,0
0.522735,0.0824382,0.512001,0.273175,0.436942,0.28954,0.348108,0.311307,0.237815,0.248662,0.59011,0.25683,0.682044,0.305851,0.685102,0.202318,0.567141,0.624673,0.513531,0.630112,0.426213,0.586543,0.447653,0.883506,0.623824,0.624669,0.727992,0.736386,0.701934,0.995262,0.482885,0.0879107,0.530371,0.066108,0.426235,0.202316,0,0
0.522739,0.0824602,0.512008,0.275901,0.435421,0.292274,0.348091,0.31132,0.237811,0.248655,0.590127,0.262256,0.68204,0.303153,0.686606,0.196905,0.568675,0.624672,0.515058,0.63012,0.426219,0.589252,0.44767,0.880825,0.625353,0.621962,0.729519,0.739101,0.701934,0.995262,0.482901,0.0905997,0.530396,0.0715122,0.426237,0.202345,0,0
0.524236,0.0824478,0.513537,0.273203,0.436939,0.292234,0.346569,0.311339,0.239331,0.248606,0.591652,0.259537,0.683547,0.303122,0.688155,0.196908,0.574796,0.627395,0.518133,0.630133,0.427749,0.586531,0.447687,0.878079,0.629939,0.624664,0.731032,0.736394,0.703457,0.995261,0.482894,0.087909,0.531906,0.0633739,0.426232,0.202322,0,0
0.521175,0.0797382,0.516584,0.270428,0.436949,0.284098,0.346564,0.311354,0.236295,0.24321,0.591652,0.254095,0.680497,0.300421,0.686621,0.194191,0.56715,0.619234,0.515064,0.624668,0.424699,0.583784,0.447678,0.88081,0.62382,0.61923,0.727991,0.733676,0.701932,0.995263,0.479821,0.0851663,0.527321,0.0552091,0.424676,0.199613,0,0
0.521181,0.0797626,0.512014,0.267739,0.433889,0.284063,0.345035,0.314023,0.23936,0.243193,0.591639,0.254129,0.678977,0.297718,0.691204,0.19414,0.565615,0.611045,0.512,0.613779,0.42315,0.581098,0.444611,0.878087,0.622284,0.611063,0.726441,0.730957,0.695821,0.995259,0.479828,0.087865,0.527329,0.0606297,0.423187,0.199627,0,0
0.522734,0.0824688,0.512002,0.270465,0.435413,0.286815,0.341982,0.31406,0.242396,0.235035,0.59012,0.25685,0.680505,0.297705,0.694303,0.194155,0.567138,0.613785,0.513536,0.619216,0.424708,0.583806,0.44765,0.880809,0.622285,0.616494,0.727975,0.733652,0.700407,0.995261,0.48287,0.0906137,0.528844,0.0687953,0.424708,0.199632,0,0
0.524236,0.0851615,0.515069,0.273165,0.436952,0.289494,0.343503,0.314016,0.245462,0.221411,0.591646,0.25954,0.680521,0.295003,0.703474,0.191444,0.567147,0.621946,0.516589,0.627406,0.426221,0.581114,0.447676,0.88079,0.62381,0.619236,0.728001,0.730968,0.700417,0.995265,0.48289,0.0905947,0.530385,0.0688064,0.426214,0.199627,0,0
0.524241,0.0851879,0.515066,0.273184,0.43694,0.289526,0.341963,0.311334,0.245484,0.218686,0.59166,0.259552,0.680519,0.294977,0.706531,0.199586,0.567145,0.624671,0.515063,0.630126,0.426219,0.581111,0.447682,0.880782,0.623818,0.621946,0.729508,0.730977,0.70194,0.995262,0.482912,0.0905949,0.530396,0.0715232,0.426217,0.199596,0,0
0.52273,0.0851605,0.515059,0.270472,0.438474,0.286807,0.345044,0.311342,0.246993,0.215947,0.59012,0.259531,0.680522,0.292263,0.712653,0.19145,0.567148,0.621955,0.515069,0.630112,0.426224,0.581093,0.447684,0.880795,0.623814,0.619231,0.72799,0.728253,0.701934,0.995264,0.482897,0.0879036,0.530389,0.0660933,0.426211,0.199598,0,0
0.521213,0.0824647,0.513538,0.27315,0.438468,0.284071,0.343505,0.311318,0.245466,0.213222,0.588581,0.26498,0.680497,0.292234,0.715725,0.194151,0.564084,0.621938,0.511997,0.624683,0.426233,0.58106,0.446158,0.883528,0.620749,0.619221,0.726451,0.728206,0.701943,0.99526,0.481376,0.0851561,0.528848,0.0660741,0.424684,0.199567,0,0
0.521192,0.0824448,0.515062,0.270457,0.435416,0.284051,0.338898,0.3113,0.24394,0.213212,0.590125,0.262292,0.67898,0.292218,0.723395,0.202342,0.564085,0.611058,0.510476,0.616504,0.427739,0.581068,0.446115,0.883555,0.620762,0.613761,0.724901,0.725483,0.698874,0.995251,0.481347,0.0824678,0.527326,0.0606448,0.424675,0.196894,0,0
0.521203,0.0824622,0.513541,0.27317,0.43694,0.284087,0.340435,0.31135,0.245467,0.215948,0.590109,0.264995,0.680495,0.292267,0.72646,0.207813,0.567135,0.619225,0.513528,0.621958,0.427741,0.581075,0.446115,0.888963,0.62228,0.61923,0.724902,0.725491,0.698877,0.995253,0.481358,0.0851533,0.52733,0.0633604,0.42467,0.196902,0,0
