0.479877,0.252445,0.470258,0.342612,0.368916,0.356253,0.470301,0.367182,0.697248,0.318008,0.581363,0.331645,0.779405,0.356246,0.81802,0.274319,0.644151,0.580284,0.552421,0.583011,0.677883,0.686849,0.639349,0.905399,0.750425,0.58026,0.96774,0.68684,0,0,0.412281,0.249651,0.47503,0.233291,0.291681,0.320753,0,0
0.47985,0.252387,0.470337,0.353508,0.383364,0.361734,0.451056,0.389012,0.677999,0.364468,0.566891,0.337129,0.779312,0.359015,0.813125,0.28795,0.644132,0.580291,0.552425,0.583019,0.682795,0.686823,0.644125,0.89994,0.75036,0.580252,0.962903,0.686792,0.808357,0.850782,0.407574,0.249633,0.470271,0.230601,0.296429,0.323458,0,0
0.475158,0.252372,0.47508,0.348043,0.373693,0.361696,0.441281,0.391773,0.653835,0.369905,0.576542,0.334386,0.779347,0.361659,0.808361,0.296149,0.644179,0.58029,0.55717,0.585728,0.69243,0.684119,0.644132,0.894469,0.755164,0.577557,0.967745,0.684119,0.80837,0.853523,0.407553,0.246957,0.470287,0.230588,0.296373,0.320741,0,0
0.455833,0.244194,0.46061,0.345327,0.335071,0.35626,0.373701,0.399967,0.591007,0.399904,0.58138,0.337128,0.760074,0.364446,0.793868,0.307054,0.620037,0.566615,0.518604,0.574827,0.634421,0.675893,0.644197,0.910883,0.731073,0.561159,0.948403,0.673152,0.803495,0.842584,0.378567,0.238723,0.450957,0.225053,0.281954,0.315282,0,0
0.450937,0.244203,0.45103,0.345288,0.325423,0.358946,0.359233,0.402628,0.566922,0.397232,0.576537,0.334378,0.75521,0.364463,0.784158,0.30429,0.610355,0.561168,0.508927,0.572073,0.600635,0.675889,0.639367,0.891755,0.721401,0.558403,0.929101,0.664994,0.798629,0.842604,0.373694,0.238739,0.446174,0.225076,0.272321,0.315269,0,0
0.44608,0.241469,0.451011,0.345286,0.320579,0.358921,0.335041,0.40263,0.547575,0.397211,0.576526,0.334382,0.750447,0.364464,0.760086,0.30433,0.605502,0.561172,0.494458,0.572072,0.590954,0.675901,0.639299,0.883578,0.716588,0.55572,0.914595,0.664967,0.793827,0.842561,0.368856,0.238725,0.446131,0.225059,0.267453,0.315235,0,0
0.44124,0.244207,0.446192,0.342616,0.310965,0.358926,0.325331,0.402691,0.537941,0.397254,0.576497,0.334371,0.745503,0.361761,0.750357,0.307064,0.600719,0.561136,0.489605,0.569354,0.581318,0.675905,0.639266,0.883571,0.716554,0.555664,0.904868,0.662259,0.789047,0.842579,0.364053,0.23873,0.441371,0.225095,0.262612,0.315247,0,0
0.426802,0.238778,0.446218,0.339861,0.306133,0.356236,0.320597,0.405378,0.533104,0.399895,0.571749,0.326169,0.740736,0.361668,0.73108,0.304312,0.600709,0.555691,0.484811,0.561176,0.581306,0.675934,0.634543,0.880811,0.716538,0.55022,0.885625,0.662258,0.784221,0.848017,0.354425,0.236044,0.436436,0.225046,0.257832,0.315285,0,0
0.422032,0.238763,0.446144,0.339886,0.306119,0.35893,0.325365,0.405382,0.537915,0.39993,0.57169,0.328891,0.735936,0.361715,0.731054,0.307077,0.605477,0.555698,0.489584,0.563883,0.581393,0.678666,0.634535,0.880818,0.716589,0.550215,0.880822,0.662223,0.784195,0.85077,0.354393,0.236049,0.431673,0.222362,0.257851,0.317968,0,0
0.426792,0.238751,0.450945,0.342551,0.306149,0.358962,0.325475,0.405399,0.54275,0.399979,0.581379,0.32348,0.750375,0.361738,0.735862,0.312503,0.605531,0.555689,0.489636,0.563873,0.58614,0.678636,0.634498,0.880842,0.716628,0.550211,0.880736,0.659513,0.779358,0.856229,0.354415,0.236058,0.431686,0.222358,0.262612,0.317957,0,0
0.426821,0.241483,0.45094,0.345314,0.310953,0.361657,0.335089,0.405443,0.557154,0.402658,0.57653,0.331647,0.750416,0.36447,0.745566,0.31799,0.605509,0.558416,0.489652,0.566627,0.58618,0.678672,0.634437,0.880832,0.716605,0.552937,0.875925,0.659529,0.77456,0.858948,0.359141,0.238773,0.436404,0.225087,0.262675,0.318006,0,0
0.431628,0.238722,0.450925,0.345323,0.315783,0.358938,0.3592,0.402678,0.566855,0.402625,0.576546,0.337077,0.731112,0.364396,0.77933,0.312547,0.600739,0.558419,0.489638,0.566628,0.590992,0.681374,0.634407,0.883559,0.711811,0.55295,0.871154,0.659503,0.764925,0.856221,0.359249,0.236043,0.431682,0.222357,0.262677,0.315277,0,0
0.431631,0.236063,0.446224,0.345314,0.315776,0.358936,0.359203,0.402679,0.56685,0.402623,0.576546,0.337069,0.735871,0.3644,0.77456,0.315201,0.605473,0.558422,0.489646,0.566629,0.590993,0.681371,0.634408,0.883575,0.716538,0.552953,0.871171,0.659532,0.764915,0.856213,0.359251,0.236044,0.431683,0.222355,0.26742,0.315251,0,0
0.436422,0.241461,0.446149,0.348037,0.32054,0.358942,0.368814,0.402658,0.576581,0.39997,0.571715,0.337157,0.73587,0.361656,0.79868,0.309763,0.605497,0.563896,0.499274,0.577516,0.590968,0.68136,0.629664,0.902676,0.716562,0.558406,0.880737,0.640401,0.75521,0.80981,0.364006,0.238738,0.436505,0.227772,0.272272,0.315236,0,0
0.436485,0.238788,0.446133,0.348033,0.315793,0.358955,0.368901,0.402635,0.581406,0.399957,0.571669,0.337144,0.726248,0.361698,0.798758,0.315197,0.605476,0.561143,0.504085,0.574791,0.58623,0.678662,0.629688,0.897232,0.711745,0.55566,0.88562,0.621255,0.755161,0.790663,0.364058,0.238721,0.441215,0.225078,0.267437,0.31798,0,0
0.436524,0.238783,0.446153,0.345339,0.315781,0.35896,0.364049,0.402666,0.571695,0.402729,0.571667,0.337105,0.721448,0.361727,0.798746,0.315287,0.600683,0.563882,0.494467,0.577543,0.590979,0.681402,0.634463,0.902673,0.711692,0.555681,0.890409,0.599403,0.750326,0.771521,0.36408,0.238721,0.441252,0.225056,0.267505,0.315294,0,0
0.44124,0.241459,0.446185,0.345304,0.320534,0.356258,0.344726,0.402705,0.552334,0.410855,0.566937,0.3371,0.716641,0.361744,0.798692,0.317956,0.600663,0.558432,0.494441,0.572086,0.586158,0.686846,0.639308,0.905418,0.706892,0.550242,0.885616,0.585714,0.750338,0.746943,0.368799,0.23873,0.441281,0.225072,0.272284,0.315294,0,0
0.44131,0.24151,0.451049,0.350777,0.310935,0.358931,0.315782,0.405467,0.518591,0.421755,0.581367,0.339871,0.731064,0.35898,0.793767,0.312525,0.600683,0.563872,0.489638,0.577535,0.552433,0.684104,0.644095,0.940937,0.711691,0.555658,0.890414,0.561129,0.735916,0.725074,0.368824,0.238764,0.446098,0.227768,0.272255,0.317961,0,0
0.441279,0.246923,0.451015,0.356201,0.306151,0.361669,0.301304,0.413635,0.494403,0.421824,0.581393,0.339878,0.731104,0.358969,0.784174,0.30977,0.600639,0.563875,0.489597,0.577543,0.537856,0.675918,0.639251,0.908164,0.711692,0.552984,0.895227,0.555708,0.726242,0.714142,0.368784,0.241512,0.446069,0.227827,0.272324,0.317973,0,0
0.44125,0.24965,0.450955,0.356221,0.306098,0.361694,0.291538,0.421819,0.479901,0.424554,0.576582,0.339887,0.7215,0.359006,0.764905,0.309777,0.600631,0.561155,0.484826,0.574819,0.533014,0.675899,0.639355,0.946395,0.711717,0.552952,0.895246,0.552909,0.745559,0.686859,0.368782,0.246914,0.446113,0.230529,0.272296,0.32071,0,0
0.436514,0.249681,0.446175,0.356202,0.301314,0.361708,0.281964,0.424509,0.460678,0.427276,0.57175,0.339873,0.716589,0.359012,0.755217,0.315219,0.595893,0.563871,0.484796,0.57752,0.533019,0.675933,0.63451,0.913608,0.706968,0.552978,0.895259,0.54749,0.755262,0.684124,0.364092,0.246952,0.4461,0.230553,0.272267,0.323424,0,0
0.436516,0.252364,0.446207,0.356198,0.301301,0.364402,0.28193,0.424523,0.465424,0.424529,0.581359,0.339815,0.721374,0.361697,0.750337,0.315245,0.600685,0.563877,0.489611,0.577559,0.528307,0.673189,0.634528,0.905418,0.711753,0.552938,0.904841,0.54203,0.764887,0.675902,0.364069,0.249655,0.446093,0.230577,0.267506,0.326152,0,0
0.43652,0.249717,0.446206,0.356196,0.301306,0.364404,0.281939,0.424525,0.465481,0.424518,0.58136,0.33981,0.716671,0.361713,0.750372,0.315249,0.600679,0.563901,0.489609,0.580265,0.528319,0.673179,0.639277,0.910876,0.711742,0.552947,0.904846,0.542017,0.764901,0.675903,0.364073,0.249655,0.446091,0.230578,0.272264,0.326151,0,0
0.441263,0.252378,0.446137,0.353512,0.306048,0.361735,0.291552,0.424476,0.479951,0.413588,0.571696,0.337143,0.721406,0.364433,0.75039,0.315264,0.595909,0.572071,0.48958,0.583022,0.542697,0.673169,0.677994,0.938203,0.706938,0.555671,0.904896,0.53387,0.711708,0.703218,0.364139,0.249676,0.446161,0.230609,0.277085,0.323452,0,0
0.441333,0.252401,0.446161,0.356223,0.301327,0.364406,0.291662,0.424506,0.48483,0.416356,0.571753,0.33983,0.726251,0.369904,0.750405,0.318004,0.600745,0.572081,0.494427,0.585747,0.537891,0.673158,0.648995,0.872631,0.71175,0.55566,0.904892,0.53386,0.803507,0.645869,0.368813,0.249719,0.450942,0.233304,0.277112,0.326185,0,0
0.441382,0.252373,0.446207,0.353488,0.306126,0.361721,0.296448,0.421823,0.494433,0.413635,0.576531,0.337157,0.735905,0.369918,0.750318,0.320691,0.605489,0.566604,0.499249,0.580278,0.537942,0.667692,0.67794,0.869893,0.711774,0.552938,0.909689,0.533809,0.793817,0.643098,0.36892,0.24969,0.450965,0.233249,0.281918,0.323448,0,0
0.446132,0.252378,0.45097,0.353488,0.306136,0.361729,0.296521,0.421835,0.499297,0.413609,0.581374,0.337129,0.745499,0.372621,0.74071,0.32069,0.605554,0.566612,0.499276,0.580287,0.537884,0.656798,0.711732,0.861692,0.716586,0.552936,0.909742,0.531092,0.808344,0.634943,0.373671,0.249696,0.451,0.233262,0.281978,0.326155,0,0
0.446124,0.252366,0.450974,0.350794,0.306128,0.361717,0.296479,0.41907,0.494465,0.405427,0.581337,0.337141,0.750349,0.372609,0.721401,0.317999,0.605551,0.566617,0.504103,0.580301,0.528246,0.645861,0.73587,0.80432,0.716549,0.552934,0.909733,0.525629,0.798673,0.634933,0.373698,0.249677,0.451005,0.23327,0.281963,0.32347,0,0
0.446135,0.252368,0.446183,0.350781,0.30608,0.361731,0.296505,0.416345,0.499266,0.4027,0.576534,0.337117,0.750293,0.372603,0.716678,0.320697,0.605549,0.569338,0.50411,0.58301,0.528249,0.637646,0.750392,0.779722,0.711789,0.552962,0.904971,0.522927,0.842147,0.623982,0.373676,0.249659,0.451031,0.233257,0.281938,0.323428,0,0
0.446129,0.252373,0.450937,0.348057,0.306096,0.361725,0.296521,0.413617,0.499258,0.402672,0.581323,0.334407,0.750413,0.369925,0.711655,0.320761,0.605521,0.561161,0.5089,0.580272,0.533115,0.624024,0.788977,0.771553,0.711784,0.550206,0.909694,0.522915,0.832475,0.63219,0.373674,0.249657,0.451036,0.233248,0.281911,0.323425,0,0
0.446142,0.252366,0.45098,0.348042,0.306092,0.361719,0.296527,0.413638,0.50407,0.402641,0.581366,0.334379,0.750395,0.369908,0.706941,0.320761,0.600701,0.561152,0.499251,0.577547,0.533104,0.610353,0.740717,0.738768,0.711725,0.552922,0.909731,0.520158,0.798681,0.640389,0.373677,0.24966,0.451036,0.233261,0.281921,0.320742,0,0
0.446188,0.252366,0.451003,0.345308,0.30612,0.361725,0.301251,0.41091,0.513737,0.399902,0.586189,0.331613,0.755135,0.367187,0.69723,0.320739,0.600669,0.558412,0.489623,0.574811,0.533082,0.582999,0.750416,0.72235,0.711713,0.544742,0.909759,0.517407,0.803533,0.621255,0.373736,0.24965,0.455828,0.230597,0.286706,0.320743,0,0
0.446188,0.252366,0.451007,0.345306,0.306116,0.361726,0.301264,0.410903,0.513745,0.399902,0.586203,0.328933,0.755127,0.367182,0.697229,0.32074,0.6007,0.555712,0.494418,0.574805,0.533075,0.583012,0.755176,0.722372,0.711737,0.542029,0.909739,0.517421,0.80355,0.618548,0.373736,0.249652,0.455819,0.230596,0.286702,0.323424,0,0
0.450924,0.252451,0.451001,0.342595,0.306106,0.361681,0.296512,0.41088,0.518513,0.394495,0.586201,0.326198,0.750472,0.367192,0.682839,0.318032,0.600725,0.555708,0.494433,0.574815,0,0,0,0,0.711702,0.539309,0.914569,0.517462,0.619999,0.662237,0.378544,0.249703,0.460594,0.233292,0.286717,0.320691,0,0
0.45575,0.255118,0.451031,0.342596,0.30605,0.361676,0.301234,0.408175,0.518568,0.389016,0.590977,0.326164,0.7552,0.364445,0.677963,0.317997,0.605508,0.5639,0.494446,0.583032,0.523353,0.55025,0.755226,0.689555,0.711715,0.544753,0.904847,0.514685,0.639322,0.656787,0.383404,0.249704,0.465474,0.233315,0.281961,0.318017,0,0
0.455802,0.255136,0.451035,0.342598,0.301281,0.361678,0.29651,0.408173,0.518584,0.383575,0.590945,0.326173,0.755141,0.364444,0.677917,0.317987,0.600717,0.563876,0.494429,0.583022,0.518592,0.539305,0.735893,0.681364,0.706958,0.544741,0.900045,0.511973,0.639281,0.662247,0.388193,0.252367,0.470211,0.233295,0.281969,0.318008,0,0
0.460582,0.255187,0.450994,0.3453,0.30126,0.361709,0.296508,0.410864,0.518554,0.380857,0.586211,0.328935,0.750434,0.364432,0.673182,0.318019,0.600729,0.566603,0.49443,0.585736,0.504092,0.53112,0.735916,0.673178,0.711717,0.544777,0.895266,0.50925,0.624828,0.66497,0.392972,0.252388,0.470333,0.236014,0.281944,0.318027,0,0
0.455795,0.257861,0.450995,0.345311,0.301297,0.361679,0.296445,0.413594,0.513783,0.383591,0.586188,0.331637,0.75037,0.367175,0.668328,0.320748,0.605501,0.561172,0.504113,0.58302,0.470294,0.520154,0.735888,0.654067,0.71176,0.542045,0.89046,0.503753,0.605522,0.662238,0.388202,0.252385,0.470309,0.236033,0.281877,0.320711,0,0
0.455759,0.25517,0.451003,0.342619,0.301309,0.361681,0.291682,0.410873,0.518544,0.383529,0.586176,0.328898,0.750397,0.367191,0.668332,0.320738,0.600677,0.558418,0.494428,0.580274,0.460655,0.514715,0.735889,0.648582,0.711717,0.542029,0.885596,0.498288,0.6007,0.654048,0.388166,0.252367,0.470296,0.23602,0.281917,0.320707,0,0
0.455758,0.255175,0.450985,0.342617,0.301303,0.361678,0.291688,0.410872,0.51855,0.383525,0.586158,0.328897,0.750404,0.367186,0.668319,0.320743,0.600674,0.558422,0.49443,0.580275,0.46065,0.514712,0.73587,0.648583,0.711709,0.54203,0.88561,0.498296,0.600698,0.654047,0.388169,0.252367,0.470306,0.236024,0.281911,0.320706,0,0
0.446217,0.255117,0.446197,0.342621,0.301225,0.36171,0.296522,0.408134,0.523317,0.383562,0.586136,0.326173,0.75042,0.367194,0.673163,0.323427,0.6055,0.572086,0.50894,0.599396,0.436493,0.506476,0.740735,0.626734,0.70697,0.547479,0.880779,0.490135,0.619992,0.648612,0.378518,0.252371,0.460662,0.233313,0.277121,0.320725,0,0
0.446069,0.255122,0.446116,0.342581,0.301229,0.361686,0.296498,0.408199,0.523323,0.383577,0.581334,0.320759,0.750421,0.367171,0.673181,0.320754,0.600639,0.561161,0.504098,0.602133,0.426784,0.498288,0.716576,0.618539,0.706874,0.536581,0.875969,0.4901,0.595831,0.648565,0.373682,0.252402,0.455813,0.233304,0.267505,0.320739,0,0
0.446092,0.255124,0.44611,0.342586,0.296526,0.361677,0.296477,0.408194,0.523329,0.383574,0.581333,0.323447,0.750429,0.367144,0.673164,0.32074,0.600657,0.569349,0.50891,0.615787,0.422015,0.495584,0.711805,0.618554,0.702149,0.539318,0.875951,0.490085,0.591033,0.648564,0.373677,0.252404,0.455795,0.2333,0.267502,0.320746,0,0
0.441368,0.257866,0.4461,0.34255,0.30123,0.361669,0.296458,0.41361,0.51864,0.383585,0.576535,0.323433,0.750452,0.3699,0.673084,0.32075,0.600667,0.558429,0.508911,0.599407,0.412277,0.495577,0.702113,0.607626,0.702125,0.533848,0.88556,0.490112,0.629648,0.640381,0.368958,0.25245,0.455799,0.236024,0.267431,0.323453,0,0
0.446071,0.257878,0.441328,0.339887,0.301209,0.361676,0.296418,0.413636,0.518602,0.38627,0.5765,0.320728,0.75042,0.372623,0.673068,0.323435,0.595906,0.555692,0.504095,0.585746,0.407511,0.495567,0.692436,0.610337,0.702088,0.533811,0.885606,0.492848,0.629663,0.637666,0.368961,0.252457,0.4558,0.236032,0.262692,0.323469,0,0
0.446072,0.257882,0.441302,0.342553,0.296508,0.361678,0.296475,0.416322,0.518601,0.386276,0.576485,0.320744,0.750442,0.372617,0.66826,0.326149,0.59582,0.550238,0.494461,0.566626,0.407466,0.49559,0.6876,0.613059,0.697232,0.525639,0.895283,0.492849,0.644153,0.629458,0.368944,0.252449,0.455792,0.23602,0.267435,0.323466,0,0
0.441341,0.260596,0.441276,0.345292,0.296513,0.361746,0.296454,0.413632,0.518618,0.386294,0.571701,0.323474,0.750366,0.375376,0.663463,0.326148,0.595803,0.550247,0.499241,0.569354,0.397891,0.49562,0.677924,0.618536,0.692447,0.528379,0.89528,0.492867,0.663468,0.637645,0.368872,0.252461,0.455757,0.236055,0.26263,0.326174,0,0
0.436515,0.255131,0.446084,0.342593,0.301226,0.361698,0.296485,0.408187,0.523392,0.383551,0.576505,0.323483,0.750415,0.375357,0.668319,0.323433,0.610326,0.558411,0.518569,0.580258,0.393012,0.501072,0.644111,0.634925,0.711707,0.542036,0.90007,0.495593,0.779363,0.615807,0.364126,0.252406,0.450941,0.233296,0.262608,0.323452,0,0
0.436426,0.252402,0.441358,0.342571,0.296491,0.361731,0.301267,0.40813,0.523445,0.380832,0.5765,0.323433,0.75039,0.372612,0.677879,0.323464,0.615138,0.555699,0.518545,0.574819,0.393023,0.509228,0.677934,0.651307,0.71181,0.542016,0.900094,0.511921,0.658632,0.656786,0.364082,0.249707,0.446173,0.230606,0.262608,0.323449,0,0
0.431644,0.252385,0.446091,0.339878,0.301216,0.361713,0.301227,0.408171,0.528212,0.380818,0.576556,0.320702,0.750377,0.372652,0.682772,0.328899,0.60554,0.552932,0.513728,0.563878,0.397818,0.511969,0.620009,0.664977,0.711719,0.536581,0.900031,0.520142,0.760022,0.656767,0.364052,0.249702,0.446116,0.230602,0.257862,0.323469,0,0
0.426863,0.249715,0.446152,0.339862,0.301242,0.361677,0.301231,0.40818,0.528191,0.380809,0.58135,0.320719,0.75039,0.372632,0.682806,0.32893,0.600648,0.544757,0.504073,0.552951,0.397821,0.522889,0.644164,0.695023,0.702076,0.536542,0.900025,0.539283,0.798713,0.678623,0.364008,0.249697,0.44136,0.230577,0.257851,0.326169,0.508878,0.255148
0.426806,0.249696,0.446078,0.339875,0.301256,0.358963,0.301306,0.410888,0.528219,0.380863,0.576514,0.326157,0.750314,0.378081,0.687568,0.334351,0.562066,0.522907,0.455817,0.533815,0.388205,0.583029,0.692432,0.730531,0.673103,0.51745,0.866289,0.643159,0.827625,0.826176,0.363972,0.249653,0.441309,0.23053,0.257861,0.323435,0,0
0.426816,0.249696,0.446083,0.339876,0.301266,0.358967,0.30126,0.410891,0.528213,0.380862,0.576518,0.323485,0.750305,0.378087,0.687567,0.334351,0.562067,0.522903,0.455815,0.533813,0.388179,0.582991,0.697255,0.730558,0.673107,0.517445,0.866318,0.645834,0.827618,0.82618,0.363972,0.249649,0.441318,0.230528,0.257862,0.323427,0,0
0.426873,0.252417,0.446166,0.353497,0.30129,0.361741,0.301265,0.424519,0.533087,0.391771,0.576525,0.339823,0.75041,0.386297,0.677917,0.339835,0.576577,0.558451,0.470247,0.563906,0.412353,0.621249,0.610345,0.744216,0.692399,0.555719,0.876009,0.681376,0.818012,0.880796,0.363956,0.25238,0.441349,0.233253,0.2578,0.328929,0.479947,0.257868
0.431599,0.255147,0.446178,0.358937,0.301264,0.364432,0.306052,0.424482,0.537908,0.397202,0.581342,0.348031,0.750439,0.394482,0.677919,0.356248,0.591064,0.561158,0.479913,0.569342,0.417237,0.629469,0.784182,0.77699,0.706868,0.558402,0.875988,0.67048,0.81314,0.872654,0.359254,0.252458,0.44134,0.235981,0.257811,0.328909,0,0
0.426845,0.255113,0.441371,0.356233,0.30123,0.364413,0.306077,0.421783,0.533128,0.397181,0.571724,0.342597,0.755148,0.391776,0.687599,0.361659,0.600646,0.569349,0.484801,0.577538,0.42196,0.62948,0.789009,0.787939,0.711692,0.561168,0.875971,0.678657,0.813121,0.878098,0.359224,0.252437,0.441286,0.233295,0.257787,0.328897,0,0
0.426789,0.249705,0.446213,0.353494,0.301315,0.361667,0.306056,0.413628,0.537932,0.391766,0.581359,0.342572,0.755183,0.391729,0.702052,0.361642,0.595897,0.574794,0.480005,0.577565,0.436477,0.64036,0.726236,0.796131,0.711725,0.569343,0.875929,0.681335,0.813116,0.880804,0.359223,0.2497,0.44128,0.230564,0.257867,0.326147,0,0
0.426814,0.252412,0.446122,0.353523,0.301254,0.361688,0.301285,0.413615,0.533029,0.397201,0.576527,0.342598,0.755161,0.391743,0.706856,0.364418,0.595884,0.574826,0.479993,0.580279,0.43651,0.645855,0.735905,0.807036,0.711687,0.566634,0.866258,0.67315,0.808375,0.883546,0.359233,0.252392,0.441282,0.230604,0.257795,0.326167,0.475123,0.246944
0.431669,0.255165,0.44132,0.35625,0.301212,0.364409,0.301313,0.410894,0.528348,0.397219,0.571725,0.342609,0.750463,0.394479,0.706912,0.364483,0.595835,0.580249,0.479967,0.582993,0.446072,0.643156,0.644129,0.798837,0.706946,0.572096,0.866186,0.670446,0.808356,0.880847,0.359248,0.252462,0.441311,0.233291,0.253081,0.328894,0,0
0.431658,0.25516,0.441307,0.356251,0.301223,0.361727,0.301338,0.410865,0.528333,0.399919,0.571715,0.345293,0.750435,0.397225,0.706977,0.3672,0.595792,0.580286,0.479934,0.585725,0.450948,0.645883,0.619982,0.828905,0.706932,0.574808,0.861426,0.670438,0.837305,0.897214,0.359241,0.252465,0.441282,0.233289,0.25308,0.328894,0.470297,0.255144
0.426858,0.252419,0.441374,0.35349,0.301279,0.358993,0.306054,0.40812,0.528327,0.399909,0.576511,0.342562,0.75518,0.39725,0.711698,0.369919,0.591023,0.580295,0.475156,0.585742,0.455776,0.634932,0.629692,0.880818,0.706877,0.574794,0.856644,0.664939,0.817991,0.878106,0.359228,0.252394,0.441245,0.230559,0.257862,0.323456,0,0
0.436475,0.25514,0.446188,0.356237,0.306078,0.361701,0.306093,0.408147,0.53794,0.399907,0.586149,0.345337,0.755257,0.399949,0.71657,0.375366,0.595887,0.591208,0.479981,0.599396,0.479916,0.675922,0.629639,0.932766,0.711744,0.582994,0.866307,0.643147,0.755226,0.850775,0.363993,0.252431,0.441354,0.23326,0.257862,0.326161,0,0
0.436504,0.255125,0.446188,0.356239,0.301325,0.361686,0.306077,0.408168,0.533144,0.399931,0.586142,0.345344,0.7553,0.39996,0.716556,0.375361,0.59586,0.591216,0.479956,0.599391,0.479946,0.675902,0.634425,0.938211,0.711716,0.583009,0.866285,0.64313,0.755222,0.84803,0.364002,0.252425,0.44139,0.233261,0.257848,0.326182,0,0
0.441299,0.257892,0.460576,0.359004,0.306155,0.364409,0.291673,0.424558,0.523427,0.419089,0.595798,0.353496,0.755224,0.413598,0.7118,0.410867,0.595817,0.58575,0.479913,0.588506,0.484767,0.700483,0.620025,0.949119,0.71171,0.580289,0.866331,0.645872,0.750342,0.861705,0.364108,0.255166,0.446203,0.236018,0.267441,0.331601,0,0
0.441358,0.255136,0.4558,0.361663,0.301322,0.364451,0.277125,0.440958,0.523386,0.424535,0.600684,0.356221,0.784219,0.432746,0.706911,0.424561,0.590968,0.585767,0.475069,0.591227,0.484799,0.705982,0.62961,0.954591,0.706921,0.580286,0.871094,0.643157,0.745568,0.842567,0.368807,0.25244,0.446213,0.233294,0.272275,0.326174,0,0
0.441352,0.252409,0.455763,0.36167,0.306087,0.364432,0.252969,0.449162,0.441317,0.451834,0.600736,0.356246,0.789033,0.443655,0.784213,0.440934,0.591005,0.593919,0.475098,0.599387,0.479975,0.70597,0.624863,0.954587,0.706943,0.585729,0.871135,0.640397,0.721453,0.8699,0.368825,0.252376,0.45092,0.230599,0.267505,0.328932,0,0
0.441362,0.252409,0.451019,0.364412,0.296457,0.378061,0.219154,0.479201,0.402741,0.460089,0.605566,0.35894,0.77459,0.430047,0.943613,0.462769,0.595791,0.588483,0.475129,0.593948,0.470299,0.689582,0.634437,0.940924,0.711738,0.580297,0.871212,0.632215,0.721392,0.837102,0.368844,0.25238,0.446232,0.230599,0.272301,0.33163,0,0
0.441255,0.252387,0.446116,0.367157,0.291549,0.383575,0.175759,0.473743,0.0404654,0.451856,0.600689,0.35894,0.793809,0.42458,0,0,0.595825,0.593954,0.475169,0.599393,0.455772,0.645883,0.615194,0.891759,0.711758,0.588458,0.871177,0.624021,0.74072,0.796129,0.364112,0.249713,0.446158,0.230581,0.272268,0.331614,0,0
0.441235,0.252369,0.441261,0.364464,0.286793,0.383546,0.137146,0.460092,0.0163018,0.402675,0.591057,0.356236,0.789054,0.405422,0.991885,0.378075,0.600633,0.588482,0.479912,0.593937,0.460674,0.656773,0.634438,0.891753,0.716609,0.580302,0.866255,0.645885,0.769691,0.837096,0.364081,0.249692,0.446127,0.230542,0.267501,0.328907,0,0
0.436533,0.249697,0.441253,0.364459,0.281942,0.383567,0.137013,0.446434,0.0163458,0.378101,0.600654,0.356237,0.789014,0.367191,0.880743,0.334407,0.595843,0.588485,0.475138,0.593924,0.455847,0.648591,0.629633,0.872607,0.716568,0.583015,0.851797,0.673169,0.861466,0.889013,0.36407,0.249655,0.446088,0.230509,0.262649,0.328914,0,0
0.441352,0.252399,0.451042,0.367171,0.291614,0.383597,0.137023,0.432769,0.0163105,0.350774,0.619973,0.358998,0.789002,0.345319,0.837328,0.301571,0.605509,0.602127,0.484791,0.604859,0.451001,0.648574,0.610352,0.83982,0.721445,0.596665,0.822886,0.711415,0.880753,0.927288,0.368846,0.249698,0.44622,0.230585,0.26269,0.331613,0,0
0.446148,0.252452,0.446146,0.369917,0.286784,0.394476,0.156356,0.454624,0.0646129,0.421783,0.605547,0.358974,0.764961,0.35894,0.866358,0.301621,0.605545,0.593958,0.484778,0.599391,0.470329,0.65132,0.639309,0.820735,0.72627,0.588484,0.83245,0.719606,0.885623,0.940937,0.368891,0.252379,0.451015,0.233255,0.26748,0.331662,0,0
0.446146,0.252453,0.446148,0.369911,0.286789,0.39447,0.15159,0.454614,0.0645937,0.421787,0.605539,0.358975,0.769715,0.358924,0.866351,0.301608,0.605528,0.59394,0.484761,0.596684,0.470296,0.651312,0.639307,0.82072,0.726252,0.58847,0.832444,0.719604,0.885625,0.938216,0.368888,0.25238,0.451015,0.233254,0.267488,0.331659,0,0
0.441248,0.249697,0.450952,0.364439,0.301214,0.383546,0.19988,0.484665,0.24812,0.501062,0.600666,0.358929,0.789009,0.364451,0.885608,0.334411,0.600662,0.585733,0.479976,0.588471,0.460665,0.654034,0.649029,0.817952,0.716538,0.580281,0.856568,0.716898,0.866317,0.970991,0.364084,0.246969,0.446214,0.230542,0.267475,0.331604,0,0
0.441243,0.249693,0.446197,0.364419,0.296406,0.383576,0.199848,0.479175,0.238521,0.509232,0.600642,0.356216,0.774546,0.36441,0.909692,0.326159,0.600652,0.593919,0.479938,0.593952,0.465454,0.654045,0.649026,0.823465,0.716555,0.588456,0.861416,0.705917,0.837352,0.913613,0.364058,0.246962,0.446164,0.230519,0.267442,0.331618,0,0
0.441283,0.252395,0.446181,0.367147,0.296391,0.38629,0.199809,0.484642,0.199836,0.49011,0.60065,0.358938,0.769683,0.364453,0.924185,0.32888,0.600685,0.593958,0.479949,0.596658,0.47029,0.656799,0.682777,0.839825,0.716633,0.59121,0.866249,0.689569,0.813167,0.92726,0.364109,0.249665,0.446206,0.230568,0.267428,0.331661,0,0
0.441328,0.252405,0.446199,0.364417,0.296431,0.380823,0.199807,0.503771,0.185317,0.465547,0.595893,0.356238,0.793804,0.375379,0.962918,0.334377,0.595837,0.593939,0.47991,0.593947,0.475078,0.656777,0.740752,0.869897,0.711737,0.591203,0.871148,0.681391,0.818027,0.927257,0.368797,0.249672,0.450941,0.230605,0.262685,0.331618,0,0
0.44608,0.246955,0.450946,0.361699,0.296511,0.369907,0.204654,0.462803,0,0,0.595858,0.353521,0.788968,0.3999,0,0,0.591063,0.602134,0.475149,0.604863,0.494411,0.664992,0.620029,0.930011,0.706931,0.593958,0.861487,0.645818,0.750378,0.886285,0.368841,0.241512,0.446214,0.227816,0.277064,0.323433,0,0
0.446182,0.24692,0.446212,0.361659,0.296436,0.369889,0.209493,0.460077,0.195073,0.462813,0.595843,0.350749,0.779393,0.399966,0.953318,0.364398,0.591054,0.607597,0.479924,0.613055,0.484793,0.681388,0.600737,0.94094,0.70211,0.599391,0.875996,0.623958,0.687609,0.812527,0.368953,0.241469,0.451007,0.227793,0.281893,0.320715,0,0
0.450935,0.246969,0.450941,0.361687,0.296445,0.37261,0.20953,0.481907,0.194971,0.468271,0.595851,0.350796,0.784162,0.397251,0.991883,0.342577,0.586177,0.610316,0.475113,0.615773,0.479977,0.692286,0.591024,0.960069,0.692461,0.599385,0.880776,0.621272,0.648942,0.823439,0.373702,0.241513,0.455795,0.227809,0.281881,0.320708,0,0
0.446161,0.246972,0.446209,0.361671,0.296421,0.372619,0.209531,0.468265,0.190178,0.47098,0.595836,0.348063,0.774555,0.394512,0.924236,0.339878,0.586223,0.599407,0.470315,0.607597,0.465449,0.675915,0.591055,0.954592,0.702139,0.593928,0.875993,0.62671,0.624816,0.858963,0.368922,0.244196,0.455766,0.227809,0.277098,0.320712,0,0
0.436433,0.24965,0.436505,0.359011,0.291551,0.375332,0.195021,0.457323,0.180552,0.470988,0.58138,0.342602,0.764923,0.391767,0.914546,0.334413,0.586209,0.591206,0.470266,0.596678,0.460647,0.675913,0.639303,0.940945,0.706888,0.580289,0.875993,0.623985,0.639298,0.823449,0.363974,0.2415,0.44611,0.227792,0.262586,0.320726,0,0
0.436441,0.249655,0.436467,0.359001,0.291536,0.375355,0.195041,0.462797,0.180543,0.470986,0.581372,0.342554,0.764864,0.391782,0.909847,0.337055,0.586228,0.593947,0.470285,0.599419,0.460612,0.670455,0.639345,0.946398,0.706922,0.583025,0.880743,0.621291,0.629645,0.839841,0.363972,0.241498,0.44609,0.227801,0.257887,0.320724,0,0
0.431681,0.246936,0.441278,0.356264,0.296394,0.367172,0.185341,0.481917,0.233647,0.462812,0.581365,0.33984,0.760039,0.394485,0.933924,0.339875,0.595875,0.585734,0.479961,0.591184,0.470251,0.643111,0.639244,0.869896,0.711711,0.577537,0.885604,0.610351,0.639321,0.790672,0.359261,0.241457,0.441302,0.227768,0.25782,0.320695,0,0
0.436507,0.244224,0.441317,0.358917,0.291646,0.367185,0.180577,0.46823,0.24814,0.462814,0.586151,0.339841,0.755202,0.399962,0.929083,0.361636,0.600726,0.577532,0.489583,0.583002,0.475092,0.623981,0.624804,0.839862,0.716552,0.566611,0.900038,0.6158,0.639304,0.774284,0.364034,0.238736,0.446086,0.225112,0.257842,0.317971,0,0
0.441284,0.238765,0.446128,0.356227,0.291669,0.364471,0.180605,0.465497,0.252955,0.462809,0.591042,0.339802,0.75528,0.405373,0.929091,0.380796,0.595812,0.566618,0.475165,0.566605,0.504056,0.615826,0.600685,0.81252,0.711769,0.561169,0.904992,0.621241,0.682754,0.75786,0.364094,0.235986,0.446121,0.219635,0.267426,0.315279,0,0
0.441272,0.238732,0.446169,0.356215,0.296381,0.364458,0.190224,0.462778,0.25301,0.468256,0.595823,0.33714,0.755322,0.402715,0.919487,0.386263,0.595898,0.558447,0.479927,0.558448,0.484752,0.613052,0.610334,0.8043,0.716624,0.555724,0.909805,0.624018,0.682769,0.771509,0.364059,0.233296,0.446095,0.2196,0.267431,0.315258,0,0
0.441236,0.233293,0.446184,0.353491,0.291641,0.364404,0.214376,0.468218,0.31098,0.465498,0.595798,0.337122,0.760085,0.389045,0.933931,0.358996,0.605486,0.566619,0.484787,0.569355,0.44608,0.60759,0.595895,0.804329,0.716623,0.561165,0.90487,0.629492,0.760059,0.779739,0.364,0.230568,0.441362,0.211445,0.262613,0.312531,0,0
0.441235,0.233301,0.44616,0.353471,0.291654,0.361746,0.219125,0.468287,0.320528,0.460077,0.591061,0.337111,0.764883,0.378076,0.938671,0.339828,0.590973,0.55845,0.475102,0.563885,0.421997,0.621299,0.634438,0.793395,0.702075,0.55571,0.875975,0.645895,0.808316,0.828909,0.364001,0.230575,0.441309,0.211432,0.257836,0.312511,0,0
0.436514,0.235997,0.446132,0.350787,0.291658,0.361728,0.214371,0.470969,0.310973,0.460073,0.59103,0.337107,0.764878,0.367193,0.933894,0.331641,0.591013,0.577558,0.47516,0.580296,0.407519,0.640404,0.677976,0.804302,0.702093,0.574809,0.866378,0.662207,0.817962,0.831651,0.363977,0.233258,0.441302,0.214149,0.257829,0.3152,0,0
0.436422,0.238725,0.441281,0.356221,0.286806,0.367174,0.214311,0.476436,0.306137,0.465509,0.586202,0.33712,0.764863,0.367199,0.929139,0.331679,0.590981,0.58028,0.475151,0.585728,0.402621,0.643099,0.658619,0.80979,0.702078,0.574828,0.871178,0.664973,0.769719,0.845318,0.359241,0.233315,0.441246,0.216883,0.25781,0.315276,0,0
0.426817,0.238733,0.436453,0.356231,0.286757,0.369902,0.214288,0.473751,0.306153,0.46554,0.581382,0.337079,0.755234,0.383537,0.933894,0.353517,0.590971,0.580259,0.475131,0.585719,0.402644,0.643126,0.653794,0.807049,0.702064,0.572096,0.871144,0.66498,0.784188,0.842592,0.354412,0.235995,0.436468,0.216893,0.25308,0.315289,0,0
0.426817,0.238734,0.436461,0.356231,0.286762,0.369902,0.214289,0.47375,0.306155,0.465538,0.581386,0.337079,0.755234,0.383538,0.933866,0.353517,0.586221,0.580257,0.4751,0.585718,0.402627,0.643135,0.648999,0.804326,0.702056,0.57479,0.871133,0.664973,0.784187,0.842592,0.354411,0.235996,0.436467,0.216894,0.25775,0.315286,0,0
0.426834,0.236027,0.441248,0.353486,0.286815,0.364445,0.209528,0.468292,0.301279,0.462792,0.586177,0.334388,0.755284,0.383583,0.929023,0.358924,0.586163,0.569333,0.470326,0.574825,0.407443,0.643125,0.658624,0.801597,0.697284,0.561144,0.871062,0.651345,0.779378,0.853514,0.359156,0.233293,0.436494,0.214177,0.253074,0.315224,0,0
0.431647,0.236041,0.441259,0.353478,0.286809,0.36444,0.209551,0.468295,0.306096,0.462817,0.586187,0.334389,0.760015,0.380832,0.924266,0.35626,0.59101,0.574812,0.475076,0.580254,0.412348,0.640381,0.653804,0.796123,0.706907,0.566635,0.871065,0.645853,0.779401,0.839881,0.359201,0.233293,0.441234,0.216896,0.257794,0.315222,0,0
0.436419,0.23602,0.441337,0.350783,0.291563,0.364402,0.209574,0.468276,0.31087,0.462819,0.586247,0.33708,0.760058,0.378091,0.92426,0.356225,0.591022,0.572082,0.475076,0.577523,0.422,0.643109,0.649018,0.793372,0.706936,0.566619,0.871054,0.640355,0.789068,0.837104,0.363943,0.233285,0.441285,0.216878,0.257843,0.315199,0,0
0.436447,0.235987,0.446087,0.348043,0.291584,0.361718,0.21428,0.465541,0.315712,0.462809,0.591021,0.334377,0.760047,0.378094,0.924224,0.356223,0.591052,0.5666,0.475134,0.572072,0.441238,0.64039,0.682789,0.804336,0.706942,0.558441,0.871215,0.623963,0.80351,0.831653,0.35926,0.233264,0.441265,0.21416,0.257847,0.31251,0,0
0.436469,0.233264,0.446105,0.348028,0.291561,0.361701,0.219215,0.47097,0.325425,0.454598,0.595796,0.334367,0.760036,0.383539,0.924232,0.358997,0.595845,0.563873,0.479911,0.566631,0.455818,0.629486,0.629676,0.796135,0.711755,0.558405,0.875933,0.61032,0.822864,0.823467,0.363961,0.230563,0.441236,0.211449,0.257821,0.312474,0,0
0.436444,0.233308,0.441338,0.348062,0.286785,0.361749,0.224014,0.471016,0.33018,0.454571,0.591034,0.334348,0.755297,0.386259,0.924174,0.364404,0.595835,0.566623,0.475161,0.569352,0.460634,0.626763,0.639305,0.798869,0.711746,0.561151,0.875978,0.607635,0.822801,0.82618,0.359244,0.230605,0.441229,0.214162,0.257843,0.312502,0,0
0.436454,0.23604,0.441255,0.350756,0.286771,0.361732,0.228787,0.470972,0.335098,0.454613,0.586205,0.334393,0.755141,0.386294,0.914635,0.367202,0.591033,0.563885,0.475115,0.569333,0.460664,0.634915,0.648979,0.804342,0.70695,0.558435,0.875907,0.615812,0.817948,0.834367,0.363944,0.233289,0.441242,0.216885,0.25782,0.312511,0,0
0.436463,0.238765,0.436493,0.350776,0.286765,0.361742,0.224027,0.470972,0.335089,0.45463,0.581396,0.337073,0.75039,0.38633,0.90977,0.375349,0.591048,0.56661,0.475096,0.569361,0.460627,0.634947,0.644167,0.807054,0.711705,0.561147,0.875904,0.618512,0.81797,0.83436,0.363966,0.235983,0.44127,0.219627,0.257821,0.315217,0,0
0.436487,0.238765,0.436517,0.350763,0.286767,0.361723,0.228789,0.468231,0.335124,0.457296,0.586151,0.337079,0.750403,0.386305,0.909684,0.375369,0.590993,0.569352,0.475065,0.572078,0.46063,0.637673,0.639336,0.807062,0.706926,0.566608,0.871172,0.621259,0.817959,0.83713,0.363995,0.233334,0.441296,0.219633,0.257807,0.315204,0,0
0.436491,0.238766,0.436523,0.350763,0.28677,0.361713,0.228846,0.46823,0.335133,0.454605,0.586152,0.33709,0.750394,0.386324,0.904991,0.375379,0.586232,0.569348,0.470302,0.572072,0.46066,0.637641,0.644168,0.809792,0.706881,0.566604,0.871137,0.621253,0.818015,0.83712,0.363992,0.233332,0.441293,0.219635,0.257803,0.315205,0,0
0.441237,0.238747,0.441307,0.348066,0.291552,0.359004,0.228822,0.457352,0.344762,0.446389,0.586236,0.337117,0.750419,0.386284,0.904847,0.375382,0.581399,0.561174,0.470262,0.56662,0.475045,0.643142,0.653785,0.817998,0.702096,0.558441,0.871058,0.621303,0.817967,0.83713,0.364034,0.23331,0.441354,0.219611,0.257794,0.312508,0,0
0.441237,0.236042,0.441301,0.348046,0.28682,0.358969,0.228818,0.454624,0.344773,0.438206,0.586218,0.337135,0.750338,0.386282,0.900038,0.378049,0.586179,0.563897,0.470316,0.569351,0.479951,0.643127,0.648984,0.812538,0.702114,0.561158,0.866371,0.621267,0.808416,0.837124,0.364037,0.233272,0.446066,0.216903,0.257766,0.309776,0,0
0.441284,0.233319,0.441341,0.345292,0.291539,0.356261,0.228856,0.45184,0.354388,0.438197,0.590986,0.3371,0.750316,0.388994,0.895252,0.380783,0.581376,0.55842,0.470277,0.558451,0.48472,0.640385,0.634482,0.81799,0.7021,0.555718,0.871067,0.621243,0.803566,0.823462,0.36406,0.230574,0.446097,0.214135,0.257785,0.30707,0,0
0.441282,0.233261,0.441314,0.34259,0.291535,0.358916,0.238522,0.451843,0.359255,0.435493,0.590993,0.334387,0.750356,0.389019,0.895219,0.383579,0.58136,0.555713,0.470286,0.558433,0.518585,0.643137,0.591029,0.850772,0.702083,0.555656,0.871065,0.621224,0.740701,0.831633,0.364082,0.230517,0.446163,0.211422,0.257829,0.307034,0,0
0.44133,0.230605,0.446153,0.342551,0.291621,0.356214,0.243352,0.449095,0.368836,0.427324,0.595793,0.334364,0.750334,0.386336,0.880859,0.383602,0.576494,0.561171,0.470246,0.563888,0.523406,0.65405,0.566928,0.883557,0.692431,0.558452,0.875991,0.604846,0.706902,0.793371,0.364126,0.23051,0.450934,0.21141,0.262646,0.304325,0,0
0.446073,0.233314,0.446145,0.342564,0.291662,0.356217,0.243323,0.449109,0.368906,0.427282,0.591022,0.334394,0.750366,0.386321,0.885628,0.383555,0.576514,0.561176,0.470263,0.563901,0.523458,0.651301,0.571681,0.889024,0.69244,0.558453,0.875989,0.60218,0.711724,0.785214,0.36882,0.230565,0.450977,0.211448,0.262647,0.307026,0,0
0.446092,0.233324,0.446162,0.342606,0.291652,0.356247,0.248061,0.449124,0.368866,0.427312,0.595795,0.337094,0.750392,0.389004,0.876024,0.383595,0.576536,0.563875,0.470292,0.563903,0.528316,0.654051,0.57654,0.883555,0.692446,0.561161,0.885593,0.602183,0.716581,0.777033,0.368829,0.230576,0.450988,0.211468,0.262675,0.307037,0,0
0.441373,0.233312,0.446187,0.342613,0.291662,0.356254,0.248091,0.44917,0.368938,0.429979,0.595832,0.337092,0.750394,0.389024,0.875929,0.383573,0.576574,0.563895,0.47033,0.566605,0.533017,0.659489,0.576519,0.886291,0.697234,0.563882,0.885576,0.602176,0.716563,0.77971,0.368786,0.230566,0.450972,0.211461,0.262684,0.307051,0,0
0.446118,0.236021,0.450923,0.345335,0.29643,0.35892,0.248093,0.446403,0.373687,0.430014,0.5958,0.337133,0.745552,0.389026,0.866241,0.383554,0.586147,0.569345,0.475105,0.572075,0.533056,0.664971,0.581356,0.880828,0.702064,0.566601,0.89041,0.607619,0.716542,0.782453,0.368838,0.233267,0.451025,0.21687,0.272255,0.309761,0,0
0.446113,0.23602,0.45093,0.345337,0.296424,0.358924,0.248119,0.446393,0.373701,0.430034,0.595822,0.337135,0.745564,0.389029,0.866238,0.383559,0.586141,0.572067,0.475106,0.574792,0.533031,0.664973,0.581351,0.880824,0.697312,0.566629,0.890415,0.607616,0.716566,0.779765,0.368839,0.233267,0.451012,0.214192,0.272253,0.30977,0,0
0.44618,0.236033,0.45104,0.348036,0.296476,0.358943,0.248149,0.446412,0.373673,0.430008,0.600684,0.339821,0.750336,0.394478,0.851795,0.378057,0.586204,0.572091,0.475143,0.574805,0.537873,0.664963,0.586165,0.878085,0.702124,0.572063,0.890464,0.610357,0.716627,0.774298,0.36894,0.233293,0.455815,0.216882,0.272313,0.309796,0,0
0.446201,0.235998,0.451044,0.345291,0.296403,0.358922,0.252933,0.449113,0.373735,0.427329,0.605496,0.337103,0.750362,0.394496,0.84211,0.367165,0.586181,0.569355,0.47511,0.572091,0.537932,0.665003,0.591,0.894491,0.702126,0.566608,0.895258,0.610359,0.71652,0.771502,0.368939,0.233254,0.455826,0.214165,0.27228,0.309787,0,0
0.44619,0.233329,0.455758,0.345302,0.291679,0.358929,0.252909,0.44914,0.373718,0.429978,0.605545,0.337109,0.755179,0.394508,0.832511,0.36173,0.586186,0.566619,0.475107,0.569354,0.537853,0.664971,0.590995,0.891753,0.702122,0.56389,0.895281,0.610318,0.711784,0.763332,0.368922,0.233253,0.455839,0.214158,0.272262,0.309795,0,0
0.446162,0.236046,0.451032,0.348018,0.29168,0.358944,0.248158,0.449142,0.373674,0.430031,0.605474,0.339809,0.750452,0.394492,0.832457,0.36171,0.586172,0.569344,0.475097,0.572095,0.533094,0.667707,0.595849,0.921808,0.70211,0.563891,0.895273,0.61306,0.711721,0.760595,0.368905,0.233308,0.455775,0.216906,0.267475,0.312493,0,0
0.446197,0.236015,0.450967,0.342608,0.291659,0.358928,0.248212,0.449151,0.373667,0.42732,0.60069,0.337068,0.755177,0.389028,0.822871,0.35892,0.586227,0.566631,0.475123,0.572071,0.533099,0.670436,0.591023,0.891753,0.706898,0.563891,0.900053,0.615787,0.711688,0.757902,0.368951,0.233279,0.455849,0.21418,0.272268,0.312472,0,0
0.44619,0.236054,0.451025,0.345302,0.291665,0.358941,0.248199,0.449176,0.37366,0.427296,0.605475,0.337106,0.755198,0.389013,0.822813,0.358945,0.591003,0.563891,0.475158,0.566625,0.528308,0.670439,0.595875,0.916343,0.711694,0.561144,0.900085,0.618526,0.711703,0.760601,0.373667,0.2333,0.455855,0.216895,0.272288,0.31247,0,0
0.450973,0.23602,0.450986,0.342566,0.291641,0.356245,0.248215,0.449164,0.373657,0.424564,0.600716,0.33437,0.755205,0.386297,0.81803,0.353485,0.591022,0.566598,0.475152,0.566623,0.53787,0.670415,0.600688,0.921809,0.711708,0.561176,0.900088,0.6185,0.711695,0.757871,0.373756,0.230599,0.460651,0.21416,0.272281,0.307037,0,0
0.451034,0.238735,0.450936,0.342558,0.291638,0.356259,0.248192,0.451844,0.36897,0.42457,0.600631,0.331672,0.755188,0.386289,0.817973,0.353479,0.59101,0.563879,0.475154,0.56661,0.533115,0.667747,0.605517,0.921806,0.711714,0.561153,0.9001,0.618499,0.711681,0.755165,0.378588,0.233266,0.460653,0.216872,0.272252,0.307027,0,0
0.460672,0.241503,0.450965,0.342615,0.291598,0.358949,0.248174,0.451865,0.368947,0.424586,0.600687,0.334398,0.760026,0.383581,0.81319,0.342613,0.595781,0.566619,0.479901,0.569343,0.528237,0.664961,0.629648,0.946401,0.711741,0.563872,0.900139,0.61853,0.706942,0.755163,0.393013,0.233282,0.475013,0.222367,0.277091,0.304341,0,0
0.460665,0.241504,0.450973,0.342615,0.291598,0.35895,0.248168,0.451862,0.368939,0.424579,0.6007,0.334398,0.760019,0.383588,0.813202,0.342605,0.595785,0.566633,0.479911,0.56935,0.528296,0.664983,0.629676,0.94913,0.711741,0.563889,0.900142,0.618526,0.706949,0.755155,0.39301,0.233282,0.470339,0.222361,0.277093,0.304341,0,0
0.47022,0.241493,0.450987,0.342563,0.291627,0.356246,0.252887,0.451834,0.373657,0.424511,0.600705,0.33435,0.760004,0.380828,0.813222,0.339841,0.591,0.566605,0.475163,0.566619,0.528285,0.664966,0.610376,0.905406,0.706927,0.563891,0.900108,0.618546,0.706895,0.755137,0.397866,0.233252,0.475155,0.222374,0.277145,0.301601,0,0
0.470226,0.241497,0.45098,0.342601,0.291628,0.358924,0.248171,0.449123,0.373663,0.424496,0.600695,0.334402,0.755278,0.380793,0.81318,0.337138,0.590972,0.563884,0.475142,0.566617,0.528251,0.664994,0.600707,0.889043,0.706929,0.561151,0.900088,0.618537,0.706899,0.755138,0.397869,0.233269,0.475148,0.225042,0.277159,0.304301,0,0
0.465512,0.241498,0.450977,0.342594,0.291654,0.356245,0.24818,0.449144,0.373698,0.421828,0.600693,0.33708,0.755262,0.378082,0.813141,0.334399,0.590968,0.572059,0.475153,0.572071,0.528302,0.664995,0.600739,0.889025,0.706907,0.569349,0.900092,0.618549,0.706894,0.755147,0.397866,0.233271,0.475125,0.22504,0.281897,0.304298,0,0
0.470214,0.241471,0.451,0.339882,0.291659,0.356213,0.248164,0.449114,0.373691,0.421766,0.600727,0.334345,0.755221,0.37537,0.813137,0.331661,0.591024,0.56934,0.479903,0.572074,0.528268,0.664982,0.605559,0.891744,0.706957,0.563892,0.904844,0.618519,0.706923,0.755129,0.397869,0.230605,0.475144,0.222353,0.281889,0.304289,0,0
0.465494,0.241468,0.451038,0.33988,0.296403,0.353508,0.248174,0.443667,0.393038,0.410884,0.605492,0.334375,0.755265,0.369905,0.803457,0.326163,0.591009,0.56933,0.479881,0.569358,0.528268,0.664969,0.600702,0.886303,0.706945,0.566601,0.900133,0.618532,0.702143,0.755119,0.397829,0.230601,0.475111,0.222334,0.277156,0.301615,0,0
0.465508,0.24146,0.455858,0.339876,0.296493,0.35078,0.25299,0.432755,0.402738,0.402707,0.605518,0.337082,0.755198,0.367176,0.793948,0.326201,0.591015,0.572067,0.479907,0.574788,0.528289,0.66496,0.595858,0.88084,0.706932,0.569331,0.904841,0.618551,0.702141,0.755153,0.39783,0.230599,0.475113,0.222331,0.277136,0.301622,0,0
0.470224,0.241497,0.451004,0.34259,0.296383,0.353501,0.262691,0.430001,0.422001,0.394476,0.600723,0.3371,0.755232,0.364481,0.793873,0.323454,0.590976,0.574815,0.475177,0.577525,0.528293,0.662265,0.59587,0.883553,0.706919,0.572083,0.904861,0.621223,0.702123,0.755164,0.397838,0.230606,0.475149,0.222375,0.277102,0.301611,0,0
0.470265,0.244184,0.455805,0.345286,0.296451,0.353523,0.277137,0.424494,0.446114,0.383525,0.600713,0.337086,0.760035,0.364443,0.793796,0.315233,0.591072,0.574808,0.479928,0.577541,0.528268,0.66223,0.595798,0.878089,0.711702,0.569352,0.904861,0.618562,0.702119,0.755177,0.39788,0.233252,0.475183,0.222366,0.281909,0.304293,0,0
0.470334,0.241471,0.451034,0.339849,0.301276,0.348063,0.286734,0.410873,0.465503,0.367188,0.591051,0.334361,0.755153,0.361751,0.774538,0.309779,0.586233,0.572073,0.475173,0.574813,0.528301,0.664946,0.595799,0.875369,0.702111,0.566607,0.900089,0.613075,0.711707,0.744221,0.40269,0.230574,0.479905,0.222356,0.286738,0.301572,0,0
0.470336,0.241461,0.455796,0.339855,0.301298,0.348057,0.281979,0.408166,0.465508,0.367186,0.595826,0.334366,0.750376,0.361739,0.774539,0.30975,0.591004,0.57481,0.47991,0.577544,0.528325,0.664944,0.595792,0.875358,0.706892,0.56935,0.900073,0.61309,0.711681,0.744205,0.402698,0.230582,0.479883,0.222361,0.286735,0.301583,0,0
0.475113,0.238757,0.460655,0.339827,0.310906,0.350749,0.286824,0.402664,0.479892,0.361663,0.600639,0.331645,0.750424,0.361653,0.760096,0.301619,0.590976,0.563875,0.479915,0.569362,0.533046,0.65952,0.591011,0.872618,0.702095,0.555714,0.895258,0.577561,0.716617,0.727828,0.407488,0.230533,0.479968,0.219609,0.286824,0.298876,0,0
0.475102,0.235996,0.465406,0.334374,0.310975,0.345288,0.291552,0.399973,0.484798,0.350776,0.595859,0.32073,0.750432,0.358947,0.750439,0.298907,0.586235,0.555675,0.475159,0.558448,0.523432,0.654062,0.591007,0.869906,0.702076,0.550195,0.895271,0.552927,0.755227,0.697777,0.407501,0.227842,0.479927,0.214173,0.29152,0.29617,0,0
0.475146,0.233327,0.460632,0.328927,0.315754,0.342569,0.291625,0.397252,0.489628,0.339871,0.595845,0.315233,0.755155,0.358918,0.75034,0.296179,0.591046,0.552939,0.479891,0.555711,0.518514,0.648618,0.595804,0.86715,0.706922,0.542024,0.904992,0.542024,0.634456,0.714153,0.407515,0.227822,0.479945,0.211468,0.291535,0.29616,0,0
0.475084,0.23327,0.460654,0.331637,0.315761,0.345296,0.291692,0.394487,0.494459,0.337073,0.595897,0.315263,0.755165,0.356213,0.735907,0.296087,0.591052,0.555674,0.479892,0.558447,0.499306,0.645873,0.600641,0.867151,0.706905,0.547476,0.91456,0.542061,0.600689,0.705954,0.407472,0.227782,0.479877,0.211404,0.291561,0.296153,0,0
0.470289,0.230548,0.455818,0.328921,0.310973,0.345311,0.296492,0.391741,0.494423,0.331615,0.595814,0.312516,0.750399,0.356208,0.721389,0.296081,0.595887,0.558402,0.479947,0.563884,0.499266,0.643094,0.60555,0.86169,0.711784,0.550217,0.904973,0.561165,0,0,0.402668,0.225062,0.475162,0.208708,0.286844,0.296139,0,0
0.47025,0.230511,0.460603,0.328913,0.315724,0.348021,0.30131,0.389042,0.504085,0.323428,0.600639,0.309815,0.755135,0.353477,0.721398,0.293431,0.595813,0.558442,0.479962,0.563876,0.528198,0.648589,0.624859,0.864422,0.711688,0.55565,0.914585,0.588465,0,0,0.402624,0.222367,0.475151,0.208679,0.291516,0.296134,0,0
0.470231,0.227861,0.46067,0.331618,0.315776,0.345327,0.306166,0.389012,0.513787,0.32069,0.600685,0.315241,0.755136,0.353495,0.726208,0.29618,0.600694,0.561175,0.489597,0.566635,0.542754,0.651322,0.63454,0.86169,0.716561,0.555728,0.924245,0.621248,0.991878,0.84257,0.402623,0.222347,0.475121,0.208665,0.291522,0.296151,0,0
0.47023,0.227855,0.455851,0.323476,0.320615,0.34256,0.310976,0.389016,0.523406,0.320718,0.591032,0.309754,0.755185,0.353523,0.721464,0.298837,0.610335,0.561149,0.504094,0.569341,0.562057,0.654049,0.64417,0.85623,0.721422,0.555679,0.914577,0.648629,0.900038,0.83987,0.402618,0.222354,0.475095,0.208662,0.291527,0.296144,0,0
0.470326,0.230554,0.460615,0.326207,0.325453,0.345309,0.330278,0.394485,0.537899,0.328883,0.590998,0.309772,0.764912,0.361704,0.735916,0.312469,0.615137,0.569338,0.508931,0.574801,0.566902,0.662264,0.663452,0.861669,0.721422,0.561164,0.904846,0.673154,0.822837,0.869909,0.402631,0.227808,0.475084,0.208712,0.291635,0.301561,0,0
0.470329,0.230564,0.460684,0.328925,0.325437,0.345324,0.330289,0.394495,0.537879,0.32889,0.595833,0.312502,0.769688,0.361716,0.731109,0.309791,0.615172,0.572073,0.50894,0.577528,0.566852,0.662233,0.663482,0.86167,0.726215,0.563884,0.900122,0.670468,0.827602,0.872624,0.402626,0.227811,0.475087,0.208719,0.291602,0.301577,0,0
0.475099,0.233256,0.460682,0.33165,0.325449,0.350783,0.344707,0.391719,0.547527,0.328911,0.595898,0.309784,0.789025,0.367172,0.74552,0.312537,0.615193,0.574797,0.508918,0.580274,0.552392,0.654067,0.658622,0.853485,0.726247,0.561177,0.919371,0.624029,0.818054,0.807043,0.402701,0.230516,0.475148,0.211405,0.291635,0.304326,0,0
0.475091,0.230535,0.460648,0.326172,0.325386,0.348033,0.335045,0.386306,0.537855,0.323458,0.5959,0.301629,0.789023,0.364452,0.740767,0.3098,0.605555,0.566619,0.494462,0.574819,0.54278,0.654052,0.658627,0.848039,0.721423,0.558417,0.909769,0.610355,0.798744,0.787942,0.402721,0.227797,0.475146,0.208698,0.291685,0.298889,0,0
0.470272,0.23051,0.46543,0.328905,0.320601,0.345314,0.325445,0.386326,0.528254,0.320759,0.600677,0.309772,0.779394,0.361729,0.731047,0.307079,0.6007,0.572075,0.489615,0.57756,0.533123,0.654032,0.648955,0.84531,0.716541,0.561137,0.909738,0.607617,0.78413,0.779747,0.402628,0.225107,0.475077,0.20869,0.291609,0.298857,0,0
0.465485,0.23055,0.45105,0.331649,0.315722,0.353504,0.31575,0.391729,0.523353,0.326201,0.591038,0.309777,0.760106,0.361734,0.711835,0.30978,0.595865,0.569358,0.484746,0.577546,0.528289,0.651331,0.644224,0.850764,0.711777,0.558443,0.904918,0.615776,0.769687,0.78247,0.397781,0.227805,0.47027,0.208735,0.286823,0.301586,0,0
0.455855,0.238719,0.446215,0.331675,0.310903,0.356252,0.310865,0.397231,0.518501,0.334376,0.586141,0.307075,0.760053,0.364408,0.702073,0.315204,0.595898,0.577537,0.479977,0.583005,0.523341,0.656781,0.66827,0.864425,0.716543,0.563895,0.904897,0.618509,0.764838,0.787908,0.388172,0.233283,0.465499,0.216875,0.286698,0.307062,0,0
0.455818,0.238763,0.450931,0.334367,0.310886,0.356245,0.315787,0.397247,0.523395,0.334417,0.586221,0.307088,0.755331,0.364455,0.70209,0.315245,0.600647,0.580268,0.479994,0.585734,0.518533,0.656763,0.673126,0.864421,0.716549,0.566628,0.904984,0.615815,0.764873,0.779713,0.388162,0.233325,0.465479,0.216906,0.281984,0.309772,0,0
0.460581,0.241501,0.455794,0.334399,0.315768,0.358946,0.315785,0.399956,0.528214,0.337097,0.591018,0.309812,0.759991,0.36989,0.702078,0.317943,0.600704,0.58027,0.48477,0.585754,0.513785,0.656793,0.706943,0.872624,0.716612,0.566606,0.909758,0.61035,0.760074,0.774287,0.388208,0.236037,0.470255,0.222338,0.286733,0.312479,0,0
0.460649,0.244217,0.460581,0.337123,0.320555,0.358956,0.320551,0.399972,0.533018,0.339881,0.591065,0.31528,0.755316,0.375332,0.702056,0.318007,0.600661,0.577562,0.484769,0.583018,0.51862,0.656791,0.687578,0.842568,0.71657,0.566636,0.904964,0.599378,0.75525,0.752414,0.392987,0.238747,0.4703,0.225052,0.291535,0.312497,0,0
0.465405,0.241512,0.455846,0.337068,0.320538,0.356228,0.320623,0.399922,0.533107,0.339873,0.591061,0.312545,0.76,0.375341,0.702056,0.320694,0.605488,0.569339,0.49924,0.577556,0.489649,0.629447,0.711793,0.798833,0.711775,0.555693,0.895275,0.552936,0.788981,0.714154,0.393033,0.23606,0.475014,0.222361,0.286839,0.312473,0,0
0.465418,0.24151,0.455841,0.337068,0.32054,0.356229,0.320614,0.399924,0.533099,0.339873,0.591057,0.312544,0.76,0.37534,0.702061,0.318033,0.605484,0.566628,0.494469,0.577549,0.489642,0.629446,0.71179,0.79883,0.711777,0.55568,0.895271,0.55294,0.789037,0.714165,0.393035,0.236058,0.475009,0.222364,0.28684,0.312473,0,0
0.455828,0.238768,0.45104,0.331651,0.315711,0.353517,0.315755,0.399959,0.523437,0.342579,0.58619,0.307083,0.755268,0.375372,0.692423,0.315298,0.615142,0.552927,0.499285,0.555709,0.513779,0.604888,0.706909,0.719609,0.716551,0.533842,0.890384,0.536611,0.817988,0.656785,0.383395,0.235992,0.465424,0.216923,0.286705,0.309788,0,0
0.455797,0.241462,0.45092,0.331657,0.310948,0.353514,0.31574,0.402637,0.523331,0.339871,0.576546,0.309779,0.755167,0.375341,0.687605,0.317975,0.605524,0.539294,0.499244,0.552942,0.513768,0.580264,0.721399,0.686861,0.711739,0.522904,0.900059,0.54205,0.808325,0.604867,0.383348,0.236005,0.460577,0.21961,0.286741,0.309781,0,0
0.455754,0.238756,0.446224,0.331619,0.310932,0.353499,0.315747,0.399984,0.523334,0.339854,0.576569,0.307033,0.755157,0.372621,0.687591,0.317966,0.615183,0.555669,0.499276,0.574826,0.508917,0.550205,0.803511,0.681368,0.721394,0.533809,0.914563,0.536541,0.982194,0.643115,0.378582,0.233331,0.45582,0.214197,0.286687,0.309751,0,0
0.455768,0.238773,0.446216,0.334362,0.31093,0.356246,0.315789,0.40265,0.523373,0.339885,0.581326,0.309773,0.755191,0.372647,0.68756,0.317952,0.624846,0.561154,0.513768,0.580294,0.494415,0.531096,0.793831,0.662243,0.726256,0.539283,0.967722,0.51747,0.615169,0.662237,0.378567,0.235992,0.455833,0.21688,0.281978,0.309793,0,0
0.455787,0.238736,0.450924,0.331662,0.310969,0.35621,0.320539,0.402663,0.52342,0.345286,0.581328,0.307067,0.755235,0.372626,0.692411,0.317991,0.624822,0.55568,0.523373,0.572082,0.455764,0.511948,0.755186,0.643087,0.721439,0.536541,0.895258,0.492895,0.639329,0.645869,0.37857,0.233317,0.460575,0.214179,0.286731,0.30978,0,0
0.455767,0.238733,0.450955,0.331641,0.310934,0.356211,0.315785,0.402683,0.523457,0.345321,0.586132,0.304353,0.755293,0.375348,0.692381,0.317998,0.620023,0.544783,0.518586,0.558444,0.436461,0.509251,0.716585,0.637638,0.726221,0.528354,0.86635,0.490141,0.600699,0.643111,0.378552,0.233324,0.460591,0.214186,0.286699,0.309777,0,0
0.451024,0.238758,0.446158,0.331649,0.310898,0.35893,0.310957,0.405401,0.523375,0.345336,0.576556,0.304334,0.755255,0.375348,0.682802,0.320687,0.615145,0.533813,0.518568,0.550233,0.412318,0.503796,0.692462,0.626747,0.71177,0.511973,0.866275,0.490109,0.600681,0.63492,0.378525,0.236013,0.455786,0.216866,0.286741,0.31249,0,0
0.450929,0.238784,0.441347,0.334336,0.306089,0.361665,0.306136,0.405397,0.518571,0.348027,0.571711,0.304356,0.75519,0.375381,0.677898,0.320739,0.5959,0.522874,0.50894,0.542033,0.393,0.503792,0.663498,0.62125,0.697301,0.501037,0.871037,0.487339,0.750387,0.596677,0.373736,0.236029,0.455784,0.216909,0.281996,0.315227,0,0
0.44137,0.241498,0.426807,0.337058,0.296474,0.361739,0.296359,0.408167,0.49447,0.345336,0.557214,0.307066,0.750328,0.367198,0.653776,0.31802,0.595784,0.542016,0.489673,0.558412,0.364056,0.492868,0.644135,0.607573,0.692438,0.517411,0.861365,0.471028,0.65379,0.615803,0.368836,0.238737,0.446255,0.219652,0.277093,0.312559,0,0
0.441361,0.241489,0.426782,0.337061,0.296467,0.361753,0.29637,0.408153,0.49448,0.34533,0.557216,0.307057,0.75032,0.367191,0.653804,0.318033,0.595915,0.53932,0.49927,0.558421,0.364057,0.492874,0.644124,0.607608,0.702022,0.514702,0.856671,0.470994,0.65381,0.615788,0.368832,0.23872,0.446234,0.219643,0.277069,0.312561,0,0
0.436407,0.241519,0.417266,0.337106,0.291701,0.361742,0.281892,0.41087,0.48002,0.345347,0.547593,0.312503,0.750251,0.361775,0.634579,0.315298,0.595766,0.552955,0.489642,0.580254,0.349555,0.490105,0.634426,0.596634,0.697291,0.525652,0.827555,0.460033,0.745462,0.615798,0.363993,0.238733,0.44611,0.222341,0.257843,0.315274,0,0
0.431664,0.241518,0.412425,0.337081,0.29164,0.361739,0.281925,0.410861,0.479975,0.339908,0.542688,0.309798,0.745581,0.361641,0.63443,0.315256,0.586134,0.550215,0.479973,0.583023,0.339896,0.490047,0.610335,0.585708,0.687564,0.520191,0.822763,0.454614,0.745497,0.610338,0.363969,0.238715,0.441405,0.22233,0.25777,0.315245,0,0
0.431626,0.24418,0.412417,0.337092,0.291648,0.361728,0.277141,0.413586,0.47991,0.339891,0.537944,0.309811,0.750286,0.359024,0.62971,0.315201,0.581344,0.558407,0.47999,0.596677,0.335095,0.487331,0.610309,0.583061,0.682741,0.533827,0.817929,0.451821,0.745498,0.607614,0.363948,0.236072,0.44139,0.222351,0.257746,0.315252,0,0
0.431671,0.241513,0.412416,0.337062,0.291618,0.361699,0.277107,0.410911,0.479935,0.339877,0.542675,0.309796,0.750328,0.359,0.629632,0.31255,0.576534,0.563907,0.489613,0.610348,0.330237,0.481938,0.605571,0.583023,0.673105,0.53657,0.817924,0.45182,0.735846,0.613063,0.363941,0.236067,0.441415,0.222331,0.253096,0.315232,0,0
0.436396,0.238793,0.417108,0.334402,0.291635,0.361678,0.281879,0.408163,0.479977,0.337163,0.537972,0.307054,0.750392,0.35898,0.629569,0.309813,0.586203,0.582982,0.508902,0.618544,0.330205,0.476471,0.605555,0.582985,0.673098,0.544753,0.813186,0.446438,0.731033,0.613035,0.363965,0.23602,0.446099,0.219618,0.257818,0.312546,0,0
0.441274,0.23602,0.417154,0.328928,0.296378,0.358951,0.286844,0.405381,0.484801,0.33711,0.537973,0.301591,0.750398,0.356266,0.629704,0.304363,0.581349,0.547497,0.484794,0.582998,0.335127,0.470979,0.610359,0.580274,0.673154,0.522884,0.827625,0.446351,0.745539,0.604872,0.364134,0.233291,0.44616,0.214141,0.262605,0.309793,0,0
0.441367,0.233307,0.417233,0.328946,0.296464,0.358957,0.291551,0.40272,0.484855,0.337115,0.542763,0.301622,0.750399,0.353521,0.634401,0.304304,0.591062,0.550197,0.489579,0.572082,0.349549,0.470993,0.610315,0.580303,0.69246,0.525625,0.832479,0.446384,0.745468,0.604881,0.368834,0.230613,0.446213,0.211417,0.262657,0.309769,0,0
0.441397,0.233279,0.421977,0.331623,0.296477,0.358954,0.2916,0.402663,0.489554,0.337078,0.5476,0.301637,0.750364,0.356262,0.63443,0.304284,0.600747,0.55022,0.508913,0.585739,0.354414,0.471002,0.615165,0.583045,0.711766,0.522915,0.846935,0.449189,0.740725,0.604857,0.368859,0.230594,0.446213,0.211393,0.267418,0.307075,0,0
0.446044,0.233297,0.42208,0.331629,0.29646,0.358939,0.291656,0.402625,0.4897,0.337091,0.557181,0.30431,0.74559,0.359022,0.634394,0.30164,0.615156,0.544754,0.518533,0.563894,0.359114,0.484668,0.620005,0.599407,0.711828,0.51744,0.866159,0.457352,0.755247,0.596669,0.368877,0.230606,0.446233,0.2114,0.267408,0.309756,0,0
0.446052,0.233293,0.422074,0.331637,0.296463,0.358959,0.291594,0.402645,0.489648,0.337107,0.557176,0.304311,0.745588,0.359022,0.634392,0.30164,0.615146,0.54476,0.518518,0.563905,0.354428,0.484663,0.620019,0.5994,0.711835,0.517434,0.866167,0.457337,0.769704,0.593933,0.368905,0.230596,0.446242,0.211399,0.262702,0.309744,0,0
0.446178,0.233245,0.426834,0.328886,0.296516,0.356195,0.291628,0.399986,0.494476,0.334368,0.557221,0.301612,0.745576,0.359007,0.634459,0.301587,0.605556,0.52561,0.513784,0.544742,0.363982,0.490121,0.619982,0.621239,0.71168,0.50925,0.900077,0.484651,0.813183,0.59941,0.373666,0.23054,0.450973,0.208752,0.272316,0.307014,0,0
0.446154,0.230581,0.422027,0.32346,0.296391,0.356224,0.29641,0.397248,0.494468,0.334394,0.557188,0.296149,0.745561,0.358999,0.634485,0.29884,0.60065,0.52838,0.494467,0.544762,0.36882,0.492795,0.605502,0.64037,0.706882,0.51471,0.914569,0.520204,0.842141,0.645862,0.373709,0.230521,0.45094,0.208724,0.26749,0.304313,0,0
0.446152,0.230591,0.42687,0.326196,0.296485,0.356228,0.296513,0.399937,0.504067,0.334373,0.557233,0.298879,0.745557,0.359001,0.63454,0.296178,0.600736,0.539294,0.504088,0.550223,0.364028,0.495609,0.595832,0.645834,0.711705,0.528374,0.909709,0.561187,0.890414,0.752421,0.373714,0.230524,0.450934,0.208736,0.272247,0.304319,0,0
0.446173,0.233268,0.431695,0.328928,0.301265,0.358946,0.301329,0.399929,0.508963,0.334395,0.557259,0.301582,0.745547,0.359001,0.639262,0.296188,0.629669,0.555683,0.518622,0.563879,0.363971,0.51467,0.586206,0.640397,0.740715,0.54751,0.90977,0.632205,0.880724,0.820722,0.373726,0.230562,0.45093,0.208751,0.272297,0.307038,0,0
0.455803,0.238726,0.446134,0.331633,0.306117,0.353508,0.30616,0.40273,0.518636,0.339889,0.571739,0.30706,0.750405,0.364419,0.644094,0.298865,0.615134,0.550224,0.508921,0.552978,0.393012,0.555664,0.731078,0.667703,0.716583,0.542017,0.904963,0.637629,0.842162,0.834345,0.383369,0.233311,0.455846,0.214169,0.281928,0.309795,0,0
0.460623,0.236044,0.446148,0.326175,0.306106,0.350757,0.310911,0.402633,0.52335,0.339858,0.576497,0.301617,0.755155,0.364471,0.648969,0.301592,0.610322,0.55022,0.508893,0.555663,0.412306,0.56119,0.716602,0.686826,0.716578,0.542032,0.904867,0.645817,0.803556,0.85624,0.388169,0.23327,0.460644,0.214178,0.281901,0.307038,0,0
0.460648,0.230532,0.446133,0.320713,0.306077,0.350762,0.31097,0.397204,0.523327,0.334337,0.581308,0.296114,0.755183,0.361657,0.648967,0.296092,0.600735,0.552985,0.494422,0.558435,0.426874,0.580237,0.644173,0.708683,0.716589,0.550191,0.88564,0.654076,0.798685,0.853502,0.388234,0.227799,0.455849,0.2087,0.286718,0.298881,0,0
0.460676,0.227815,0.446106,0.326173,0.306083,0.353475,0.315728,0.397203,0.523339,0.331623,0.576557,0.298886,0.750419,0.358934,0.644232,0.293349,0.600724,0.561139,0.489606,0.566621,0.441335,0.59939,0.76004,0.774264,0.716546,0.552948,0.875922,0.648555,0.803544,0.837092,0.392985,0.225073,0.455827,0.20865,0.286733,0.29888,0,0
0.465471,0.230523,0.441342,0.328893,0.301319,0.356199,0.310956,0.397213,0.523414,0.334361,0.576532,0.301575,0.750392,0.358981,0.648973,0.293415,0.595846,0.563901,0.479927,0.577523,0.441286,0.637649,0.62967,0.80159,0.711822,0.555695,0.866336,0.645838,0.793912,0.853503,0.39779,0.225107,0.460643,0.208715,0.286717,0.301558,0,0
0.465477,0.230537,0.441368,0.328913,0.306039,0.35621,0.310946,0.397212,0.523455,0.334355,0.576572,0.301595,0.750398,0.358986,0.648999,0.293395,0.595843,0.566634,0.479902,0.577545,0.441299,0.637669,0.629663,0.804302,0.711822,0.558393,0.866326,0.645826,0.793882,0.853516,0.397796,0.225108,0.460643,0.20873,0.286705,0.30156,0,0
0.470291,0.227855,0.44621,0.323459,0.306116,0.353494,0.310941,0.39447,0.523412,0.334324,0.581369,0.298871,0.750425,0.35897,0.648945,0.287937,0.591066,0.57208,0.475167,0.580267,0.431687,0.634947,0.639313,0.801615,0.706953,0.558454,0.856656,0.64589,0.789042,0.858957,0.40271,0.22238,0.470274,0.208705,0.286826,0.296172,0,0
0.470278,0.227839,0.44616,0.326169,0.301325,0.353506,0.315775,0.386315,0.52339,0.331628,0.58132,0.301588,0.750432,0.35897,0.648938,0.290668,0.591074,0.56935,0.4799,0.57757,0.431686,0.632197,0.644166,0.801616,0.706945,0.558409,0.851792,0.643156,0.788956,0.858965,0.402692,0.222366,0.470288,0.208698,0.286812,0.296162,0,0
0.470211,0.230502,0.441365,0.328883,0.301311,0.353501,0.315777,0.386305,0.523327,0.331598,0.571738,0.301613,0.750366,0.358977,0.644175,0.290679,0.59105,0.57482,0.475161,0.580307,0.431675,0.626752,0.639294,0.801612,0.706893,0.561181,0.842129,0.643147,0.784227,0.856247,0.402629,0.222381,0.465506,0.208734,0.286728,0.296158,0,0
0.465472,0.227827,0.441358,0.326161,0.301304,0.353491,0.320579,0.386291,0.523344,0.328927,0.571731,0.298876,0.750371,0.35897,0.644176,0.293346,0.591055,0.572069,0.479879,0.580268,0.436436,0.629458,0.634498,0.804311,0.706904,0.558424,0.837348,0.643151,0.779407,0.858958,0.397888,0.222363,0.465439,0.208707,0.286748,0.298832,0,0
0.47021,0.230539,0.44613,0.328907,0.306067,0.356223,0.325412,0.389029,0.523473,0.331625,0.581363,0.301618,0.750374,0.36169,0.644179,0.296111,0.595786,0.574798,0.479911,0.580298,0.436516,0.632186,0.745528,0.834365,0.706916,0.561145,0.837351,0.645845,0.769722,0.864423,0.397867,0.227766,0.465454,0.208754,0.286754,0.30158,0,0
0.465502,0.230575,0.446138,0.328927,0.306055,0.356215,0.325434,0.391735,0.528243,0.331622,0.581336,0.304315,0.75042,0.361726,0.644145,0.296134,0.595863,0.580253,0.479969,0.58574,0.436472,0.629473,0.72625,0.834349,0.711708,0.569328,0.837363,0.645826,0.769694,0.86441,0.397857,0.227811,0.465456,0.211404,0.286695,0.301604,0,0
0.470237,0.230599,0.446182,0.331658,0.306121,0.35352,0.330212,0.389041,0.528243,0.331625,0.581377,0.30978,0.750421,0.361754,0.644113,0.298836,0.595835,0.577546,0.479949,0.583027,0.441311,0.634931,0.649037,0.804318,0.706966,0.566599,0.842112,0.645887,0.769697,0.861726,0.397877,0.227831,0.470209,0.21143,0.286726,0.304291,0,0
0.470243,0.230607,0.446194,0.33436,0.306136,0.35621,0.330182,0.391722,0.528201,0.331669,0.58138,0.312508,0.755123,0.364404,0.644094,0.298873,0.595851,0.577559,0.479977,0.585727,0.441265,0.634909,0.731055,0.831638,0.711683,0.566604,0.842126,0.645866,0.769685,0.861669,0.397891,0.227836,0.470231,0.211439,0.286786,0.304294,0,0
0.465447,0.23326,0.441356,0.331664,0.306042,0.356251,0.330173,0.391738,0.523451,0.334327,0.576506,0.307066,0.75043,0.367132,0.63932,0.298892,0.591068,0.574822,0.479951,0.583019,0.441265,0.637671,0.692473,0.820692,0.706862,0.561157,0.842105,0.643156,0.779326,0.842574,0.397778,0.230515,0.465404,0.21143,0.286699,0.304307,0,0
0.465447,0.233261,0.446071,0.331658,0.306061,0.356248,0.330174,0.391726,0.523433,0.334327,0.576524,0.307058,0.750431,0.367134,0.639324,0.298894,0.591061,0.574823,0.479948,0.583022,0.44126,0.637671,0.706935,0.826171,0.706859,0.561155,0.837365,0.643115,0.779325,0.842576,0.397778,0.230515,0.465409,0.211433,0.286701,0.304307,0,0
0.4654,0.233278,0.441314,0.334346,0.301309,0.356213,0.325366,0.391769,0.523389,0.33437,0.571705,0.309797,0.750428,0.364448,0.639234,0.304341,0.586223,0.577518,0.475126,0.583025,0.455756,0.643127,0.653817,0.845304,0.702045,0.561179,0.847002,0.629459,0.769704,0.837098,0.392967,0.230539,0.460607,0.211434,0.286699,0.307018,0,0
0.465454,0.233251,0.441335,0.334381,0.306081,0.356245,0.330223,0.391723,0.523472,0.334333,0.571713,0.312505,0.750457,0.364444,0.639248,0.304319,0.586217,0.574817,0.475124,0.583029,0.460644,0.648557,0.634508,0.867172,0.70205,0.558438,0.856631,0.613083,0.75524,0.81527,0.393036,0.230524,0.465399,0.21143,0.286716,0.304349,0,0
0.470212,0.230586,0.441372,0.337064,0.310875,0.358952,0.33019,0.394451,0.523481,0.334355,0.576503,0.312509,0.755166,0.367139,0.639354,0.307055,0.590974,0.574801,0.479881,0.583028,0.460662,0.648615,0.634462,0.861709,0.702053,0.558408,0.861466,0.599437,0.755184,0.804307,0.39783,0.230507,0.465406,0.211405,0.286812,0.307042,0,0
0.470231,0.230577,0.446105,0.334404,0.310888,0.356258,0.330276,0.391746,0.528295,0.334354,0.576526,0.312542,0.755185,0.367163,0.639385,0.307048,0.586207,0.566615,0.479898,0.580281,0.46541,0.64856,0.648977,0.872628,0.697227,0.555654,0.866257,0.585742,0.760037,0.774286,0.397871,0.227862,0.465429,0.208749,0.291546,0.307021,0,0
0.465494,0.230571,0.446132,0.334406,0.310934,0.356256,0.320559,0.397183,0.523457,0.33713,0.576518,0.315223,0.755198,0.372634,0.63941,0.312535,0.595865,0.566605,0.484782,0.577568,0.465472,0.62675,0.64417,0.837126,0.702128,0.552972,0.871062,0.569364,0.755233,0.7497,0.397862,0.227862,0.465465,0.211407,0.291551,0.307029,0,0
0.465498,0.230515,0.450956,0.334369,0.315779,0.353488,0.315751,0.397222,0.523417,0.33983,0.576544,0.315265,0.755167,0.375325,0.644116,0.312534,0.600729,0.563875,0.494465,0.577531,0.460636,0.615794,0.6538,0.826184,0.711699,0.552951,0.875916,0.55574,0.755302,0.736048,0.39788,0.227803,0.465507,0.208722,0.291622,0.304308,0,0
0.465469,0.230527,0.44616,0.337095,0.315748,0.356218,0.310924,0.399901,0.523389,0.345286,0.571715,0.317996,0.755157,0.37809,0.644095,0.315251,0.605535,0.555724,0.508887,0.569354,0.475076,0.610344,0.64898,0.793379,0.711744,0.547509,0.885592,0.547506,0.769704,0.714152,0.397826,0.227817,0.465511,0.208736,0.291624,0.30431,0,0
0.465416,0.230512,0.446178,0.337133,0.315731,0.35622,0.306144,0.39994,0.523336,0.345332,0.571709,0.32074,0.755131,0.380807,0.639366,0.317976,0.605541,0.555656,0.499279,0.561157,0.480006,0.610323,0.702115,0.776978,0.711775,0.542039,0.890431,0.533854,0.788996,0.703231,0.393007,0.227821,0.465482,0.208717,0.291613,0.304328,0,0
0.460619,0.227851,0.450995,0.337106,0.320568,0.348063,0.301274,0.402659,0.518617,0.353512,0.576538,0.323457,0.755139,0.380811,0.644127,0.323459,0.610333,0.544762,0.494445,0.550233,0.504103,0.59121,0.745545,0.70871,0.711768,0.528351,0.90496,0.531098,0.81798,0.637646,0.383363,0.227827,0.465408,0.208701,0.291562,0.307019,0,0
0.460618,0.22785,0.451001,0.337119,0.320573,0.350751,0.301272,0.402658,0.518624,0.353515,0.576543,0.323479,0.755128,0.380817,0.644128,0.323465,0.610328,0.544761,0.494438,0.55023,0.504118,0.591211,0.745526,0.708704,0.71176,0.528351,0.904965,0.531107,0.81799,0.637645,0.383363,0.227827,0.465404,0.2087,0.291561,0.307022,0,0
0.455762,0.227789,0.446113,0.334409,0.310948,0.348057,0.296413,0.399985,0.518539,0.350761,0.571674,0.318001,0.755219,0.378103,0.644178,0.323456,0.624828,0.566607,0.513772,0.585761,0.479984,0.525649,0.793826,0.656788,0.726231,0.53931,0.914558,0.52288,0,0,0.373757,0.227768,0.455839,0.206012,0.286826,0.301604,0,0
0.450979,0.22778,0.441347,0.33439,0.310897,0.345326,0.296388,0.399931,0.513761,0.348037,0.56689,0.318011,0.755281,0.375377,0.639391,0.323422,0.634475,0.574808,0.528221,0.604859,0.460589,0.506493,0.769711,0.62674,0.731074,0.542043,0.99188,0.503762,0,0,0.373715,0.225084,0.455844,0.20602,0.28675,0.30157,0,0
0.446208,0.227786,0.441325,0.334348,0.31092,0.345299,0.291665,0.399983,0.513759,0.350753,0.566851,0.317962,0.755226,0.378083,0.644091,0.32616,0.63447,0.574813,0.537873,0.607612,0.446154,0.487347,0.750353,0.596688,0.716643,0.539313,0.991876,0.498289,0,0,0.373655,0.225087,0.455776,0.208637,0.286769,0.301562,0,0
0.446214,0.22777,0.446113,0.331635,0.315726,0.342585,0.296467,0.399962,0.523334,0.350767,0.56693,0.315254,0.755214,0.38079,0.648976,0.328914,0.639278,0.593928,0.547578,0.624011,0.441287,0.476445,0.750399,0.588468,0.721416,0.561169,0.99188,0.492848,0.989449,0.517439,0.373659,0.225091,0.451042,0.206017,0.286797,0.301578,0,0
0.455789,0.225081,0.450955,0.328909,0.320514,0.342582,0.310952,0.397221,0.533018,0.35079,0.576565,0.309792,0.76,0.380807,0.673093,0.334357,0.639372,0.591203,0.557195,0.621248,0.436444,0.465543,0.731057,0.58302,0.726226,0.563894,0.924261,0.479193,0.962873,0.509241,0.378519,0.22508,0.455814,0.205967,0.291644,0.30158,0,0
0.460601,0.222338,0.45575,0.328917,0.320603,0.342549,0.3157,0.397235,0.533005,0.353482,0.581389,0.309804,0.76008,0.380847,0.678054,0.334342,0.634465,0.591196,0.542746,0.615774,0.431683,0.462814,0.71656,0.577539,0.716579,0.577541,0.919439,0.465514,0.958053,0.490117,0.383339,0.222347,0.460602,0.20592,0.29168,0.298863,0,0
0.460668,0.219647,0.45586,0.326195,0.320636,0.339838,0.310881,0.399905,0.533034,0.350745,0.590977,0.309786,0.760119,0.380851,0.68286,0.334374,0.634457,0.588466,0.537915,0.610341,0.422052,0.45737,0.711767,0.572095,0.721383,0.566627,0.991873,0.408138,0,0,0.383372,0.219625,0.465451,0.205915,0.291662,0.298855,0,0
0.460585,0.219645,0.455792,0.326177,0.320596,0.339888,0.306035,0.399914,0.523508,0.345345,0.58621,0.307064,0.764886,0.383517,0.678019,0.334393,0.62964,0.588468,0.537863,0.607614,0.417127,0.457314,0.716613,0.569337,0.72139,0.563891,0,0,0,0,0.383354,0.219633,0.460648,0.205906,0.291643,0.298879,0,0
0.450959,0.222343,0.451006,0.320752,0.315741,0.337134,0.296495,0.402685,0.518627,0.342618,0.581394,0.307037,0.769711,0.378069,0.668313,0.337112,0.605562,0.58027,0.523415,0.596684,0.397869,0.457365,0.687599,0.558468,0.702125,0.542023,0.909744,0.358949,0.793852,0.552959,0.373669,0.222351,0.455813,0.205919,0.286773,0.298872,0,0
0.450953,0.222338,0.450993,0.32343,0.315745,0.339804,0.296441,0.402695,0.518582,0.345329,0.58139,0.307043,0.769758,0.378098,0.668327,0.337117,0.610324,0.580276,0.528201,0.599402,0.397888,0.457354,0.687643,0.558432,0.706893,0.544769,0.909786,0.358978,0.8035,0.544767,0.37368,0.222351,0.455798,0.20591,0.286755,0.301561,0,0
0.446131,0.222368,0.450972,0.32076,0.315724,0.337144,0.291703,0.405406,0.51374,0.353504,0.581346,0.30706,0.808338,0.375351,0.668201,0.339865,0.62002,0.566621,0.537878,0.604863,0.373727,0.457355,0.65383,0.561163,0.716547,0.53111,0.880778,0.446443,0.789014,0.572064,0.368903,0.225057,0.455748,0.205953,0.286739,0.298883,0,0
0.441361,0.225088,0.446125,0.323451,0.310949,0.339831,0.291545,0.405408,0.504078,0.358909,0.576525,0.307083,0.788951,0.372613,0.663437,0.339894,0.61519,0.536567,0.537878,0.588478,0.35918,0.465541,0.639245,0.569351,0.711729,0.517438,0.866366,0.446428,0.764876,0.591202,0.368804,0.225066,0.451041,0.205967,0.281941,0.298875,0,0
0.441315,0.227776,0.446095,0.320754,0.310872,0.339816,0.291502,0.405409,0.499278,0.358966,0.57166,0.307041,0.755278,0.369894,0.658642,0.339887,0.600741,0.531099,0.513776,0.547503,0.349525,0.460075,0.619968,0.574808,0.702132,0.501039,0.86617,0.446394,0.760036,0.591193,0.368796,0.225092,0.451002,0.205987,0.281886,0.301558,0,0
0.441237,0.227791,0.446104,0.323466,0.306144,0.339852,0.286825,0.405427,0.494504,0.361652,0.571727,0.309762,0.750381,0.372625,0.668199,0.345299,0.605525,0.525623,0.518574,0.539307,0.349537,0.468214,0.600691,0.580246,0.702111,0.498336,0.86617,0.44908,0.755186,0.591212,0.364086,0.227769,0.450935,0.205982,0.277136,0.304291,0,0
0.44121,0.225042,0.450918,0.317999,0.310869,0.334391,0.28679,0.402714,0.49924,0.361685,0.586158,0.304333,0.750311,0.364442,0.677982,0.345337,0.610377,0.511976,0.518571,0.528379,0.349597,0.47102,0.586237,0.588488,0.70693,0.492831,0.866316,0.446394,0.774475,0.577505,0.364115,0.222371,0.446254,0.205909,0.281893,0.298855,0,0
0.441245,0.227773,0.446169,0.320698,0.3109,0.334406,0.286846,0.402703,0.504116,0.364399,0.581327,0.309748,0.750448,0.364472,0.677982,0.345304,0.605565,0.514686,0.518592,0.528386,0.359159,0.481905,0.586231,0.599438,0.702126,0.495575,0.861463,0.449099,0.760026,0.56387,0.364141,0.225086,0.446247,0.205969,0.281896,0.298865,0,0
0.44131,0.225068,0.450968,0.320726,0.31574,0.334353,0.291501,0.402655,0.513775,0.367176,0.581397,0.312517,0.760058,0.375343,0.678002,0.342606,0.619967,0.51741,0.523461,0.528364,0.359256,0.490157,0.595819,0.613074,0.706917,0.498345,0.81318,0.454604,0.740703,0.588462,0.368819,0.222367,0.450966,0.205955,0.281925,0.298831,0,0
0.44139,0.225052,0.446214,0.323434,0.310995,0.334357,0.291513,0.399994,0.5185,0.372659,0.576557,0.315226,0.760006,0.372653,0.678003,0.342549,0.600684,0.520174,0.508918,0.536561,0.368904,0.4956,0.610341,0.632175,0.702118,0.50924,0.875904,0.468261,0.711769,0.632172,0.368851,0.222344,0.451005,0.205948,0.281916,0.296175,0,0
0.450979,0.225053,0.451038,0.323479,0.315777,0.334358,0.291686,0.402626,0.518511,0.386297,0.581396,0.31797,0.760068,0.372644,0.6586,0.337097,0.595872,0.522894,0.489583,0.525625,0.42204,0.561151,0.697268,0.673175,0.702121,0.514717,0.890433,0.503763,0.779374,0.648595,0.373739,0.222335,0.455848,0.205938,0.286705,0.296138,0,0
0.450968,0.225058,0.455756,0.326164,0.315772,0.33437,0.291675,0.402628,0.518511,0.386299,0.586132,0.31798,0.760087,0.372642,0.653822,0.33709,0.600668,0.525643,0.499252,0.531093,0.417217,0.555708,0.697278,0.67318,0.706889,0.517442,0.890428,0.503765,0.784172,0.648587,0.37373,0.222339,0.455836,0.20594,0.286715,0.296147,0,0
0.455762,0.222344,0.46544,0.32347,0.320533,0.334363,0.291573,0.402674,0.513721,0.402723,0.600727,0.315243,0.774504,0.37812,0.716587,0.361723,0.615156,0.531093,0.513722,0.536569,0.436473,0.574814,0.63935,0.711435,0.716621,0.522898,0.909821,0.525654,0.735918,0.65133,0.378554,0.219607,0.460664,0.20592,0.286745,0.296158,0,0
0.455833,0.219649,0.460645,0.323471,0.315784,0.334381,0.286788,0.402733,0.465482,0.419047,0.600661,0.315264,0.784179,0.380809,0.726239,0.364426,0.605526,0.533831,0.499231,0.539286,0.44611,0.599403,0.649001,0.74694,0.716546,0.528369,0.914607,0.536533,0.716635,0.673184,0.38334,0.216907,0.465403,0.205919,0.286766,0.296157,0,0
0.460576,0.219621,0.460682,0.326161,0.320575,0.334398,0.272286,0.41089,0.421962,0.424484,0.605477,0.315289,0.793944,0.386271,0.755193,0.372612,0.605512,0.536567,0.499266,0.542039,0.431688,0.593926,0.634512,0.763343,0.716558,0.531123,0.924215,0.542005,0.721374,0.689592,0.383398,0.216876,0.465439,0.205911,0.286774,0.296162,0,0
0.460582,0.216918,0.460661,0.328906,0.31578,0.33712,0.253073,0.424515,0.388179,0.419099,0.600741,0.317995,0.798681,0.38354,0.769721,0.361701,0.600657,0.552918,0.484743,0.552942,0.44133,0.607634,0.595836,0.776993,0.71178,0.547497,0.919421,0.55839,0.702089,0.719629,0.38341,0.214176,0.465434,0.203246,0.286782,0.298823,0,0
0.455831,0.219619,0.460587,0.334356,0.310968,0.342556,0.1998,0.424527,0.349563,0.397231,0.600636,0.31803,0.755317,0.383531,0.866358,0.358959,0.600716,0.56389,0.479973,0.563898,0.441298,0.637668,0.552409,0.796128,0.716622,0.558443,0.904904,0.607617,0.697282,0.7497,0.383327,0.216876,0.460673,0.20325,0.286735,0.296163,0,0
0.455779,0.225051,0.451006,0.337137,0.301304,0.350787,0.185345,0.421804,0.185385,0.402692,0.595887,0.323483,0.769761,0.386301,0.900103,0.35348,0.600682,0.577529,0.484739,0.580264,0.441301,0.632213,0.581338,0.837101,0.716612,0.569363,0.909811,0.637657,0.692407,0.776982,0.3785,0.219639,0.460586,0.205949,0.281978,0.298887,0,0
0.455794,0.225096,0.446212,0.339835,0.296385,0.356207,0.204627,0.416322,0.122593,0.399957,0.595853,0.328894,0.7649,0.391723,0.90499,0.34259,0.605482,0.574802,0.484759,0.57755,0.451042,0.63492,0.562055,0.812526,0.721415,0.566612,0.914621,0.6459,0.697246,0.790652,0.378508,0.22237,0.455855,0.20599,0.281934,0.301586,0,0
0.455784,0.225064,0.451003,0.339806,0.301216,0.353489,0.190154,0.408178,0.0888384,0.394508,0.595844,0.328905,0.764863,0.389056,0.90981,0.331613,0.615152,0.566615,0.49926,0.56661,0.479929,0.61582,0.586146,0.848036,0.731057,0.561172,0.919361,0.648611,0.711687,0.793389,0.378493,0.219635,0.460608,0.205955,0.281938,0.301562,0,0
0.455782,0.216892,0.455797,0.337089,0.306125,0.348027,0.180517,0.40267,0.0646355,0.380765,0.595836,0.323482,0.769722,0.36991,0.871253,0.307034,0.629677,0.577532,0.513722,0.574808,0.52339,0.610333,0.557237,0.796134,0.750314,0.572086,0.904878,0.66221,0.755212,0.839866,0.378565,0.214195,0.455838,0.203231,0.281963,0.298866,0,0
0.455766,0.216898,0.455775,0.337071,0.306131,0.345321,0.180506,0.402706,0.0646221,0.378117,0.595802,0.323475,0.774515,0.369911,0.875909,0.304305,0.634399,0.577564,0.513746,0.577542,0.523433,0.610326,0.56203,0.798862,0.750358,0.574806,0.900133,0.662214,0.755188,0.839883,0.37857,0.216867,0.455835,0.203222,0.281932,0.298856,0,0
0.455837,0.216895,0.455882,0.33708,0.310973,0.345292,0.180556,0.402633,0.0598565,0.369927,0.600632,0.326163,0.779368,0.361637,0.842191,0.287949,0.629701,0.574818,0.513731,0.569345,0.53305,0.61306,0.552425,0.796129,0.750357,0.574787,0.895219,0.656772,0.750419,0.839882,0.383336,0.214185,0.460576,0.20322,0.286711,0.298827,0,0
0.455829,0.214191,0.460632,0.337093,0.310961,0.345296,0.180576,0.399969,0.0694011,0.378085,0.600698,0.326202,0.784242,0.358984,0.871076,0.293429,0.629581,0.563887,0.508939,0.558417,0.533013,0.623963,0.557198,0.823453,0.740755,0.561151,0.885549,0.651347,0.755247,0.842593,0.378555,0.214162,0.460579,0.20318,0.286713,0.298824,0,0
0.455824,0.214168,0.465416,0.339812,0.310899,0.348027,0.195042,0.405397,0.122525,0.402699,0.605484,0.331675,0.798621,0.364475,0.991887,0.307074,0.610364,0.57207,0.49923,0.572094,0.523489,0.654039,0.552418,0.880843,0.731058,0.566607,0.875902,0.648612,0.793823,0.858956,0.378552,0.214146,0.455852,0.200486,0.286726,0.298828,0,0
0.455802,0.214171,0.460654,0.339819,0.310895,0.348033,0.180524,0.410899,0.0984055,0.397232,0.600733,0.334352,0.793846,0.364474,0.953304,0.317992,0.610309,0.569359,0.494454,0.572063,0.523484,0.65405,0.557229,0.880831,0.726258,0.563879,0.875903,0.648622,0.793815,0.861685,0.378555,0.214151,0.460598,0.200508,0.286725,0.298835,0,0
0.460585,0.222333,0.465449,0.339814,0.310908,0.350762,0.204681,0.443654,0.209468,0.427298,0.610346,0.331643,0.803481,0.397202,0.991896,0.380846,0.610333,0.574808,0.489632,0.577541,0.523372,0.654039,0.557247,0.886283,0.731044,0.566617,0.871168,0.645816,0.798645,0.84803,0.378583,0.219613,0.46065,0.205919,0.286796,0.301594,0,0
0.455851,0.22238,0.46543,0.345325,0.306093,0.358981,0.214407,0.470984,0.233667,0.451868,0.619984,0.337074,0.808359,0.432718,0,0,0.605545,0.566624,0.489589,0.569356,0.523346,0.648606,0.562018,0.886312,0.726282,0.558446,0.871109,0.637675,0.784181,0.848039,0.37857,0.22238,0.455854,0.205933,0.28678,0.30702,0,0
0.455844,0.21961,0.460647,0.342613,0.306091,0.358995,0.219211,0.487379,0.219174,0.454584,0.615199,0.331661,0.774526,0.427245,0.880743,0.511973,0.615162,0.561163,0.494461,0.569353,0.513743,0.651304,0.566838,0.88629,0.735896,0.555677,0.885616,0.621258,0.745574,0.790651,0.37858,0.21961,0.455855,0.203244,0.291515,0.304332,0,0
0.455854,0.216911,0.460686,0.342576,0.306074,0.358949,0.214344,0.465529,0,0,0.620016,0.331652,0.769764,0.427274,0.904966,0.498307,0.600741,0.5557,0.484799,0.561159,0.47997,0.651311,0.576521,0.89447,0.721393,0.547512,0.890431,0.596686,0.702046,0.746933,0.378579,0.216903,0.460661,0.203237,0.286821,0.304311,0,0
0.446216,0.214154,0.460628,0.337147,0.30127,0.3535,0.214372,0.449124,0.146749,0.408145,0.610385,0.32619,0.789015,0.410861,0.99186,0.410915,0.590975,0.55294,0.4751,0.555723,0.441284,0.648564,0.566899,0.883554,0.702139,0.542023,0.866225,0.577536,0.697242,0.746928,0.373664,0.214173,0.45584,0.200498,0.281971,0.298864,0,0
0.446066,0.214161,0.451032,0.334413,0.296389,0.35076,0.228829,0.446421,0.137067,0.402685,0.600741,0.3207,0.769674,0.399925,0.958094,0.361658,0.58623,0.55571,0.470278,0.561145,0.436513,0.626709,0.562038,0.872627,0.706915,0.552923,0.813207,0.60213,0.716602,0.779738,0.368867,0.214152,0.446222,0.197793,0.281881,0.298829,0,0
0.441315,0.214187,0.450977,0.334364,0.291665,0.345306,0.209519,0.435461,0.10332,0.383596,0.600706,0.31802,0.779402,0.37538,0.876013,0.301617,0.576549,0.55297,0.46546,0.552974,0.421981,0.640392,0.576508,0.845315,0.697231,0.552935,0.784182,0.607628,0.760041,0.858976,0.368815,0.214155,0.446171,0.200501,0.272319,0.296108,0,0
0.446143,0.225056,0.45581,0.337148,0.296421,0.350774,0.204659,0.432767,0.103325,0.386292,0.605545,0.326203,0.764838,0.361652,0.789052,0.282448,0.58137,0.569338,0.470285,0.569347,0.368844,0.634909,0.566927,0.815239,0.697257,0.561161,0.774506,0.634912,0.760106,0.899965,0.368945,0.222326,0.451049,0.205967,0.281889,0.30156,0,0
0.455766,0.233288,0.460574,0.34528,0.296522,0.358969,0.209486,0.440898,0.132158,0.421779,0.60555,0.33437,0.750316,0.337157,0.697221,0.28791,0.566961,0.577555,0.465431,0.580292,0.330282,0.637654,0.5765,0.798874,0.687592,0.574823,0.764918,0.651334,0.760107,0.932721,0.378541,0.227843,0.470287,0.211436,0.281921,0.307044,0,0
0.455766,0.233289,0.460577,0.345284,0.296522,0.358971,0.209469,0.438229,0.132151,0.421762,0.605551,0.334372,0.750334,0.337143,0.697209,0.287921,0.571675,0.577574,0.465443,0.58299,0.330303,0.63766,0.571751,0.798846,0.687626,0.577518,0.764907,0.656791,0.760094,0.932721,0.37854,0.227844,0.470286,0.211436,0.281915,0.307042,0,0
0.446189,0.230504,0.446224,0.345304,0.296399,0.36166,0.165996,0.438186,0.0163023,0.40268,0.595831,0.33167,0.750357,0.350786,0.731111,0.268813,0.571766,0.580253,0.46547,0.583027,0.339953,0.643129,0.591075,0.812524,0.692402,0.574809,0.769719,0.684099,0.760067,0.929978,0.373698,0.22504,0.465382,0.208745,0.277149,0.304297,0,0
0.446136,0.227803,0.4461,0.342609,0.291595,0.361672,0.112934,0.424536,0.0211461,0.380816,0.595833,0.331631,0.755217,0.348011,0.760062,0.271532,0.576544,0.582999,0.465422,0.588478,0.36408,0.659533,0.644161,0.872629,0.692476,0.577516,0.793852,0.686833,0.764882,0.929999,0.368947,0.219634,0.460612,0.208673,0.272327,0.298899,0,0
0.441353,0.227797,0.441299,0.342568,0.286827,0.358994,0.132203,0.405467,0.0163393,0.345296,0.59105,0.328938,0.759989,0.345281,0.822823,0.2606,0.566944,0.58028,0.455822,0.585712,0.373644,0.670449,0.706894,0.927284,0.687671,0.574807,0.803531,0.684111,0.798664,0.930016,0.368836,0.219623,0.45106,0.20864,0.267491,0.301596,0,0
0.44138,0.222365,0.446141,0.339802,0.291581,0.34804,0.137067,0.391724,0.0307978,0.331627,0.595856,0.328942,0.774524,0.356226,0.880769,0.274286,0.581325,0.599412,0.465457,0.604875,0.412328,0.632191,0.571701,0.927267,0.697289,0.591224,0.803524,0.645863,0.803525,0.897222,0.368849,0.214193,0.451004,0.205948,0.262691,0.296116,0,0
0.451002,0.22236,0.451052,0.334383,0.306085,0.33987,0.194976,0.39722,0.146713,0.342563,0.591083,0.328898,0.769687,0.369933,0.948491,0.328935,0.562023,0.577554,0.455809,0.585714,0.417149,0.686844,0.571727,0.927275,0.67798,0.561172,0.827645,0.591193,0.649003,0.733301,0.373786,0.214157,0.465388,0.20592,0.277136,0.293353,0,0
0.451031,0.216918,0.465456,0.337071,0.325393,0.339848,0.209566,0.399966,0.257835,0.331666,0.600722,0.331648,0.788948,0.375334,0.953304,0.339849,0.566861,0.574808,0.460594,0.583014,0.412382,0.659515,0.562012,0.927284,0.68276,0.558418,0.818019,0.558433,0.702096,0.741473,0.378493,0.211435,0.460637,0.200506,0.281932,0.293394,0,0
0.455753,0.214138,0.470237,0.334374,0.320601,0.339837,0.233631,0.424524,0.27229,0.380826,0.605519,0.3262,0.789038,0.375327,0.953241,0.356188,0.562092,0.566619,0.455839,0.577557,0.412391,0.684103,0.571683,0.930015,0.67795,0.555681,0.818032,0.536605,0.711775,0.733278,0.378486,0.208737,0.455819,0.192326,0.281983,0.293431,0,0
0.451017,0.214176,0.460629,0.331671,0.310889,0.339843,0.209514,0.427271,0.253021,0.419069,0.605486,0.320714,0.784236,0.375381,0.9533,0.358998,0.566873,0.552975,0.460642,0.561148,0.422004,0.648603,0.581388,0.897215,0.677944,0.542037,0.827598,0.542025,0.692429,0.746953,0.373755,0.211439,0.460593,0.197764,0.286684,0.296132,0,0
0.441319,0.219617,0.46064,0.331674,0.30616,0.33982,0.20952,0.430039,0.252891,0.410881,0.600704,0.320732,0.774495,0.391744,0.943612,0.380777,0.595888,0.555661,0.479963,0.558414,0.475179,0.623991,0.610367,0.867159,0.71171,0.547499,0.832541,0.607595,0.702143,0.741499,0.364122,0.214192,0.450934,0.20322,0.272253,0.296155,0,0
0.441325,0.219622,0.460627,0.334335,0.306159,0.33983,0.209534,0.432721,0.248177,0.410876,0.600691,0.320733,0.774499,0.391733,0.9436,0.380781,0.59588,0.552976,0.479958,0.558411,0.479882,0.624007,0.605538,0.861707,0.711716,0.547494,0.837286,0.607593,0.702138,0.741498,0.364123,0.214193,0.450938,0.203217,0.272252,0.296156,0,0
0.441321,0.208756,0.465428,0.326203,0.315771,0.334387,0.209483,0.424541,0.26268,0.419083,0.600725,0.317998,0.760029,0.399916,0.914638,0.397198,0.600694,0.552972,0.479996,0.552937,0.504083,0.602128,0.639376,0.842569,0.716599,0.552961,0.808337,0.64859,0.793863,0.869896,0.364111,0.208723,0.446118,0.192317,0.27229,0.293399,0,0
0.446148,0.216889,0.46551,0.328934,0.320544,0.337109,0.219163,0.42728,0.277096,0.424574,0.605494,0.31802,0.760142,0.399929,0.933908,0.383582,0.600705,0.555683,0.48475,0.555675,0.494411,0.613055,0.711766,0.864426,0.716632,0.552964,0.808402,0.678662,0.808315,0.883591,0.36893,0.214154,0.450985,0.200492,0.281931,0.296133,0,0
0.446233,0.225088,0.470253,0.337069,0.320535,0.345299,0.233632,0.432752,0.277101,0.443637,0.610312,0.323471,0.764937,0.402636,0.943509,0.375327,0.600666,0.558411,0.479957,0.555705,0.475158,0.610347,0.721394,0.86171,0.716583,0.555687,0.808354,0.675901,0.827592,0.891769,0.368979,0.222356,0.455778,0.205962,0.28199,0.301571,0,0
0.450928,0.225102,0.465468,0.3371,0.310941,0.350757,0.248104,0.449129,0.286838,0.443682,0.605571,0.323436,0.769723,0.399968,0.948366,0.361695,0.600697,0.566609,0.47996,0.563881,0.465442,0.613055,0.64417,0.815269,0.716573,0.558439,0.803569,0.673174,0.822776,0.902665,0.373649,0.222369,0.455804,0.20596,0.286742,0.301611,0,0
0.450928,0.225093,0.46068,0.337103,0.310901,0.348051,0.248139,0.449145,0.286802,0.429992,0.600744,0.32344,0.774516,0.394502,0.94348,0.33987,0.586214,0.561141,0.475071,0.566601,0.450986,0.621296,0.610391,0.812518,0.702078,0.555694,0.808304,0.648577,0.803532,0.889015,0.373662,0.222377,0.455831,0.205946,0.28673,0.304295,0,0
0.450944,0.225075,0.465468,0.337069,0.315749,0.342597,0.23849,0.440925,0.281943,0.424507,0.605467,0.323461,0.779337,0.394498,0.948325,0.339864,0.590998,0.561158,0.4751,0.563881,0.450952,0.623989,0.634463,0.837102,0.702127,0.555701,0.808388,0.64038,0.817992,0.872622,0.373688,0.22236,0.460601,0.205931,0.286734,0.301604,0,0
0.446236,0.216891,0.465481,0.331637,0.315792,0.337135,0.223971,0.427294,0.267464,0.421806,0.600741,0.320713,0.77937,0.397182,0.958087,0.345285,0.581387,0.552951,0.470256,0.552967,0.455827,0.610368,0.600731,0.856227,0.697246,0.550219,0.80831,0.610343,0.822781,0.837087,0.373736,0.214192,0.45584,0.200513,0.28675,0.296143,0,0
0.450958,0.214173,0.465477,0.33163,0.325383,0.337123,0.219215,0.419063,0.267492,0.394478,0.605474,0.320717,0.779365,0.394506,0.958052,0.342609,0.57655,0.558412,0.465468,0.563883,0.465449,0.645828,0.624834,0.913609,0.69244,0.550234,0.813195,0.591228,0.764901,0.80433,0.373729,0.211479,0.460593,0.197766,0.286733,0.296109,0,0
0.455779,0.219646,0.465449,0.334407,0.325393,0.342561,0.233659,0.419061,0.291646,0.378093,0.600734,0.323471,0.774539,0.39451,0.948341,0.33988,0.566925,0.569355,0.460649,0.577549,0.465452,0.654068,0.639295,0.916339,0.682811,0.558425,0.818042,0.59665,0.711689,0.785187,0.378547,0.214194,0.465462,0.203223,0.286786,0.296168,0,0
0.455776,0.222334,0.465447,0.337077,0.325398,0.342572,0.233685,0.419061,0.291626,0.378075,0.600722,0.326178,0.774541,0.394506,0.94832,0.339873,0.566927,0.569354,0.460658,0.577549,0.465479,0.656785,0.63935,0.919079,0.682801,0.558422,0.818048,0.596639,0.711698,0.782457,0.378539,0.214194,0.465463,0.203234,0.286782,0.298824,0,0
0.460583,0.225065,0.460629,0.337086,0.306069,0.342596,0.23848,0.440919,0.296492,0.424524,0.605526,0.326182,0.774583,0.399921,0.953184,0.342623,0.571749,0.563886,0.465481,0.572093,0.47512,0.670439,0.629669,0.902692,0.687636,0.555681,0.846955,0.596651,0.70696,0.776998,0.378585,0.21963,0.465507,0.205926,0.286837,0.298892,0,0
0.45582,0.227784,0.460631,0.33708,0.306101,0.345288,0.233693,0.43819,0.301326,0.424494,0.605518,0.326167,0.774543,0.399909,0.948386,0.342594,0.57656,0.566616,0.470285,0.577527,0.475119,0.673162,0.644176,0.916347,0.692431,0.555713,0.856599,0.59118,0.716525,0.757857,0.378523,0.222376,0.465474,0.205951,0.286797,0.3016,0,0
0.451048,0.22778,0.460644,0.337093,0.310897,0.345312,0.23845,0.438206,0.306129,0.419071,0.605509,0.326182,0.769742,0.399955,0.943507,0.345304,0.576575,0.569336,0.470296,0.577538,0.475159,0.670443,0.644105,0.897226,0.687646,0.558402,0.866256,0.588503,0.71181,0.752385,0.373752,0.225065,0.460664,0.205959,0.286789,0.304299,0,0
