0.44769,0.169645,0.463002,0.338508,0.380258,0.335824,0.312862,0.409404,0.26844,0.431246,0.547228,0.338632,0.611571,0.428533,0.628437,0.521097,0.456852,0.722764,0.395578,0.714579,0.366487,0.796356,0,0,0.51965,0.730954,0.580943,0.908061,0,0,0.421639,0.16142,0.4783,0.155966,0.386405,0.221364,0.525786,0.218641
0.447689,0.169622,0.462976,0.335878,0.380269,0.335812,0.311309,0.409394,0.260782,0.431238,0.545722,0.338612,0.611555,0.431183,0.628427,0.521174,0.456869,0.720033,0.395587,0.711881,0.349624,0.858997,0,0,0.521184,0.725501,0.580925,0.916215,0,0,0.421641,0.161426,0.478298,0.155964,0.386398,0.221377,0.525788,0.218642
0.449192,0.166902,0.462981,0.338553,0.380262,0.335844,0.303683,0.406695,0.242425,0.428516,0.545704,0.341296,0.608514,0.433946,0.62534,0.532013,0.455333,0.720052,0.395588,0.714585,0.346578,0.815406,0.410905,0.99389,0.516596,0.728222,0.585522,0.916228,0,0,0.421642,0.158748,0.478291,0.147847,0.386397,0.221405,0.525783,0.215956
0.449213,0.164179,0.461448,0.338573,0.378734,0.338523,0.302161,0.406674,0.239349,0.431192,0.545685,0.341296,0.6085,0.433963,0.62228,0.532057,0.452263,0.725489,0.395596,0.717308,0.341972,0.766363,0.423154,0.995251,0.513534,0.733662,0.585534,0.902598,0,0,0.423136,0.158681,0.478316,0.145155,0.386399,0.221373,0.525773,0.215946
0.449218,0.161477,0.461445,0.33858,0.378726,0.338544,0.300603,0.406691,0.237821,0.431212,0.545686,0.341296,0.608495,0.433957,0.62228,0.532054,0.456845,0.711876,0.401709,0.700957,0.33431,0.730953,0.412437,0.957093,0.512004,0.722775,0.583991,0.899886,0,0,0.423147,0.153301,0.479843,0.142434,0.386407,0.221402,0.525763,0.213257
0.452271,0.161451,0.461469,0.338546,0.378746,0.33588,0.302146,0.404021,0.239348,0.431203,0.544184,0.341258,0.608483,0.43118,0.625341,0.523889,0.45533,0.70642,0.403248,0.695524,0.328192,0.700999,0.413968,0.929828,0.510474,0.722761,0.579397,0.897169,0,0,0.423176,0.153269,0.481372,0.142405,0.386417,0.221436,0.525776,0.213251
0.45378,0.161456,0.461443,0.335868,0.378738,0.333142,0.303679,0.401278,0.245485,0.423014,0.544161,0.3386,0.608505,0.425753,0.628398,0.507511,0.455332,0.700967,0.401712,0.69007,0.320512,0.692803,0.409382,0.90805,0.510469,0.70915,0.564074,0.888989,0,0,0.423185,0.153266,0.481373,0.142393,0.387921,0.221435,0.524275,0.210481
0.453788,0.161404,0.461458,0.33585,0.378734,0.333119,0.302165,0.401232,0.247004,0.420315,0.544181,0.338589,0.608502,0.425782,0.629933,0.499315,0.455322,0.709142,0.397111,0.700973,0.323585,0.730938,0.398645,0.995249,0.510466,0.714588,0.551834,0.886238,0.541101,0.993884,0.424672,0.150546,0.481368,0.142356,0.387911,0.218702,0.525771,0.207808
0.453779,0.161395,0.46144,0.335845,0.377223,0.333115,0.30215,0.401199,0.240883,0.420295,0.544181,0.338584,0.608522,0.425774,0.631464,0.496592,0.450733,0.711861,0.394058,0.706407,0.338906,0.796325,0,0,0.505875,0.714595,0.542639,0.76636,0,0,0.424671,0.147867,0.48137,0.142356,0.387911,0.221364,0.525774,0.210493
0.453789,0.161407,0.46144,0.335863,0.377222,0.333135,0.302144,0.398486,0.239341,0.417564,0.544179,0.338601,0.608527,0.428455,0.637617,0.512967,0.447665,0.709132,0.390997,0.695513,0.371082,0.763646,0.368017,0.993886,0.50281,0.717316,0.548767,0.888998,0,0,0.424672,0.147864,0.481379,0.142373,0.38791,0.221365,0.525765,0.210501
0.45686,0.161446,0.461446,0.335839,0.377219,0.333086,0.289888,0.373969,0.205649,0.382154,0.544173,0.341275,0.61309,0.428493,0.669776,0.534786,0.444601,0.750006,0.389461,0.744562,0.371084,0.993888,0,0,0.499748,0.752737,0.576346,0.899881,0,0,0.42472,0.150557,0.484415,0.145108,0.387921,0.224106,0.52274,0.20506
0.461438,0.166933,0.46147,0.33587,0.380263,0.330385,0.289883,0.357663,0.199529,0.346757,0.544166,0.341311,0.616146,0.425802,0.677412,0.526551,0.444611,0.747285,0.390988,0.739112,0.371082,0.992522,0,0,0.502813,0.752733,0.587058,0.856269,0,0,0.430826,0.158712,0.487507,0.158699,0.389458,0.224162,0.522721,0.20778
0.467588,0.175072,0.466045,0.33582,0.383328,0.319495,0.286843,0.341336,0.199525,0.338552,0.545695,0.341305,0.619222,0.42849,0.6805,0.529299,0.444605,0.755465,0.389455,0.750011,0.381801,0.859002,0,0,0.502809,0.760922,0.594727,0.790885,0,0,0.43693,0.161433,0.493599,0.161432,0.392509,0.226854,0.524263,0.202318
0.47215,0.169654,0.470643,0.333128,0.38641,0.316768,0.289878,0.338558,0.194931,0.330396,0.550287,0.341294,0.619226,0.428517,0.67897,0.532027,0.444603,0.758178,0.384868,0.752747,0.375672,0.766364,0,0,0.502801,0.758198,0.605438,0.722772,0.53651,0.995254,0.438483,0.161403,0.495144,0.15874,0.394049,0.226838,0.525801,0.202337
0.462999,0.161453,0.470637,0.330393,0.384854,0.316798,0.292957,0.354885,0.201069,0.346761,0.551827,0.338577,0.617707,0.439362,0.663643,0.548398,0.446142,0.733673,0.387926,0.728221,0.372616,0.769083,0,0,0.504334,0.73639,0.603894,0.73094,0.603913,0.993889,0.433874,0.153285,0.490569,0.142426,0.392537,0.226824,0.527332,0.196902
0.459919,0.158724,0.469111,0.32769,0.383332,0.316811,0.294481,0.368543,0.210246,0.368567,0.550297,0.338547,0.617676,0.433924,0.660578,0.532053,0.450722,0.720051,0.389459,0.714599,0.371075,0.782715,0,0,0.508939,0.722776,0.605447,0.807242,0,0,0.429278,0.147846,0.48596,0.139641,0.390979,0.224126,0.52427,0.191442
0.458387,0.158702,0.467568,0.333127,0.37875,0.327691,0.294492,0.387637,0.197987,0.403988,0.548768,0.338537,0.619246,0.428517,0.671318,0.50751,0.455326,0.695521,0.398652,0.68189,0.383326,0.763631,0.438476,0.993891,0.516599,0.703693,0.565607,0.891715,0.548765,0.993885,0.426221,0.147821,0.484412,0.139621,0.387942,0.226824,0.524263,0.191458
0.458394,0.15872,0.464514,0.33582,0.378729,0.3358,0.299073,0.403957,0.225573,0.431225,0.547245,0.338525,0.622281,0.425738,0.677441,0.472085,0.461461,0.684616,0.407838,0.66827,0.392529,0.730934,0.424688,0.995254,0.521188,0.703696,0.548765,0.799068,0,0,0.426221,0.147822,0.484432,0.139664,0.387929,0.22683,0.524248,0.196857
0.46146,0.164144,0.467578,0.335834,0.383329,0.324949,0.309802,0.404012,0.248527,0.444811,0.54877,0.34129,0.62993,0.423038,0.703473,0.512967,0.455327,0.709149,0.407848,0.687348,0.341973,0.611048,0.401712,0.905305,0.504346,0.730937,0.539575,0.79633,0.524248,0.993893,0.432329,0.156017,0.489029,0.145154,0.39098,0.229573,0.527301,0.1996
0.46146,0.164153,0.467567,0.335803,0.384845,0.319513,0.311323,0.40126,0.257722,0.433923,0.548776,0.341336,0.628403,0.425791,0.678973,0.529301,0.45074,0.687339,0.395594,0.662828,0,0,0,0,0.505874,0.700967,0.553369,0.853558,0,0,0.432351,0.158679,0.490535,0.147877,0.392507,0.229541,0.527339,0.202283
0.461444,0.164153,0.469107,0.3358,0.386405,0.314093,0.312877,0.387624,0.253142,0.425799,0.550284,0.344011,0.619235,0.444805,0.654444,0.581079,0.447665,0.700975,0.390995,0.67645,0.32053,0.703693,0.351163,0.867187,0.50434,0.717317,0.56408,0.793598,0.482896,0.99525,0.432348,0.156027,0.489031,0.145154,0.392521,0.226886,0.527338,0.202293
0.459912,0.161512,0.470631,0.333087,0.387923,0.314008,0.314393,0.379486,0.253134,0.423044,0.551825,0.341328,0.608505,0.463941,0.634553,0.611039,0.452262,0.68462,0.394055,0.670994,0.312873,0.668279,0.30981,0.864458,0.511997,0.698241,0.58247,0.69551,0.476777,0.973446,0.430803,0.156033,0.487493,0.145094,0.391001,0.224161,0.528845,0.196898
0.456873,0.164191,0.469096,0.330402,0.383341,0.314008,0.3098,0.379486,0.242403,0.425787,0.550298,0.341317,0.610018,0.455764,0.642203,0.591984,0.44919,0.684623,0.38793,0.679175,0.318994,0.75272,0,0,0.504342,0.684614,0.593187,0.646449,0.548767,0.938015,0.42624,0.158707,0.484419,0.142432,0.389464,0.224095,0.5273,0.202326
0.455331,0.161439,0.466048,0.327693,0.381793,0.311341,0.308288,0.379481,0.245482,0.423009,0.548773,0.341302,0.613091,0.444863,0.649866,0.572864,0.444605,0.684618,0.380265,0.673724,0.355754,0.755467,0,0,0.50435,0.69552,0.590132,0.665549,0.580941,0.809974,0.424702,0.153272,0.482887,0.139697,0.387948,0.221384,0.525795,0.202336
0.455318,0.158728,0.466036,0.330378,0.37875,0.314022,0.306738,0.38214,0.243957,0.423056,0.548763,0.341306,0.614635,0.439391,0.655969,0.548351,0.440008,0.722763,0.377216,0.720049,0.374139,0.812676,0,0,0.499746,0.725481,0.59317,0.739125,0.602376,0.995253,0.424681,0.145157,0.482868,0.13963,0.387917,0.215977,0.525772,0.202298
0.455324,0.158762,0.466054,0.330404,0.380277,0.314094,0.305206,0.387632,0.240862,0.44212,0.548752,0.341257,0.622308,0.431193,0.668237,0.529304,0.446138,0.72276,0.389454,0.714589,0.381803,0.758189,0,0,0.505862,0.728227,0.593187,0.815397,0,0,0.42469,0.145155,0.48288,0.139652,0.386407,0.218692,0.524259,0.202318
0.458389,0.164245,0.467587,0.335867,0.38333,0.324935,0.309819,0.403959,0.243932,0.477557,0.55182,0.341343,0.629941,0.425754,0.688145,0.491184,0.455317,0.720036,0.398658,0.709135,0.369542,0.793606,0,0,0.508942,0.72821,0.545705,0.801791,0,0,0.42624,0.161394,0.484414,0.147866,0.387935,0.226894,0.524238,0.202324
0.459907,0.16424,0.469104,0.338561,0.383324,0.330378,0.309782,0.406707,0.247016,0.485692,0.551832,0.344056,0.631478,0.425735,0.691204,0.491172,0.453796,0.714594,0.400183,0.703688,0.36495,0.758201,0.42775,0.99525,0.510473,0.72277,0.545701,0.80179,0,0,0.429276,0.15876,0.484456,0.150581,0.387943,0.22688,0.525786,0.207773
0.459903,0.166889,0.464516,0.335874,0.380279,0.327679,0.309789,0.40941,0.248537,0.480261,0.547244,0.341329,0.625345,0.423034,0.685101,0.493909,0.455331,0.714592,0.403242,0.703685,0.351165,0.717313,0,0,0.513528,0.733666,0.565616,0.883521,0,0,0.429284,0.158738,0.484452,0.153291,0.387947,0.22959,0.524259,0.207765
0.458409,0.164209,0.46452,0.33587,0.380263,0.324958,0.311333,0.412155,0.253145,0.469386,0.547245,0.341344,0.623812,0.431213,0.678967,0.526584,0.453796,0.711866,0.40172,0.690072,0.337378,0.668289,0.392524,0.97346,0.507407,0.730939,0.577874,0.837199,0.499749,0.993888,0.427764,0.158718,0.484429,0.150555,0.387935,0.229588,0.525765,0.205091
0.455339,0.164145,0.467576,0.335837,0.383319,0.319528,0.312864,0.40394,0.254654,0.458477,0.548752,0.341334,0.608524,0.439402,0.648332,0.542924,0.4492,0.711867,0.394054,0.698245,0.303678,0.6601,0.343502,0.948925,0.507408,0.722767,0.59625,0.687357,0.515064,0.929849,0.424696,0.158698,0.481342,0.142417,0.386425,0.224107,0.522743,0.199594
0.45227,0.161463,0.461476,0.333102,0.380258,0.31681,0.308291,0.4012,0.24243,0.444844,0.545704,0.341283,0.608479,0.436652,0.643734,0.537494,0.449192,0.703688,0.392528,0.687346,0.29603,0.703687,0.296023,0.99389,0.504337,0.709131,0.600853,0.670987,0.533449,0.908061,0.42318,0.155976,0.478307,0.142356,0.386401,0.221431,0.522721,0.196901
0.450723,0.161423,0.459906,0.330374,0.375697,0.316762,0.302149,0.38763,0.230162,0.431245,0.544156,0.338607,0.606962,0.431253,0.642204,0.532064,0.447664,0.706408,0.389464,0.695518,0.303681,0.752739,0,0,0.502805,0.706409,0.602369,0.684609,0.548754,0.924405,0.42315,0.153278,0.478294,0.139709,0.386377,0.22141,0.521206,0.199602
0.449218,0.161405,0.458393,0.327679,0.375658,0.314071,0.299096,0.382133,0.227094,0.423056,0.542638,0.341264,0.606965,0.428502,0.643719,0.526559,0.438479,0.720038,0.380265,0.709145,0.346573,0.733663,0.294488,0.992521,0.49514,0.722774,0.596258,0.717317,0.580931,0.959837,0.42315,0.150572,0.478288,0.142344,0.38488,0.221385,0.521204,0.205015
0.45226,0.158742,0.458414,0.327661,0.375683,0.314077,0.299104,0.382158,0.230158,0.431209,0.542613,0.338586,0.608494,0.428454,0.648343,0.521154,0.435417,0.730942,0.37568,0.728216,0.372608,0.774539,0.348102,0.993888,0.496683,0.728221,0.593179,0.856271,0,0,0.423167,0.14786,0.479826,0.139693,0.384861,0.221374,0.521194,0.205046
0.455309,0.16139,0.458411,0.33312,0.375691,0.322215,0.299098,0.401266,0.225549,0.469377,0.542617,0.338591,0.608528,0.425796,0.654471,0.52112,0.441538,0.711864,0.381805,0.709135,0.371075,0.747285,0.364952,0.993886,0.498207,0.717322,0.559489,0.891715,0,0,0.423188,0.150534,0.481348,0.142362,0.384852,0.221373,0.521171,0.205076
0.455322,0.161394,0.459899,0.335813,0.375684,0.3304,0.305203,0.420333,0.237798,0.507499,0.542626,0.338591,0.610028,0.425794,0.657541,0.515701,0.443059,0.714596,0.386395,0.706421,0.371072,0.758192,0.366483,0.993889,0.496676,0.720044,0.542637,0.782702,0,0,0.423191,0.147867,0.481351,0.142364,0.384865,0.224101,0.519675,0.205052
0.455331,0.158728,0.458388,0.335855,0.374169,0.333089,0.308282,0.425721,0.245471,0.512968,0.542633,0.338622,0.611584,0.425733,0.665185,0.515662,0.444592,0.700973,0.389461,0.68734,0.360358,0.788155,0,0,0.496687,0.70913,0.533449,0.785442,0,0,0.424677,0.14514,0.481357,0.139679,0.384867,0.221434,0.521176,0.202287
0.455315,0.158712,0.458367,0.333118,0.374141,0.322208,0.302157,0.409403,0.239338,0.485718,0.541112,0.338608,0.610037,0.420335,0.662109,0.49118,0.444603,0.706418,0.392525,0.681896,0.338916,0.711866,0.397127,0.995253,0.498214,0.717322,0.561012,0.869898,0,0,0.42467,0.145104,0.481342,0.13968,0.38487,0.218708,0.51967,0.202325
0.452278,0.161406,0.458385,0.333103,0.375658,0.319522,0.300618,0.401273,0.239344,0.463876,0.542617,0.338587,0.610022,0.420334,0.659071,0.491195,0.449196,0.744567,0.400183,0.720037,0.334306,0.651937,0.374145,0.965276,0.502809,0.750018,0.574791,0.796346,0.492084,0.995252,0.423183,0.150541,0.479837,0.142372,0.38488,0.224081,0.519675,0.202339
0.450749,0.161462,0.4599,0.330407,0.375691,0.316781,0.302159,0.39577,0.23781,0.442129,0.542643,0.338596,0.610041,0.423025,0.665175,0.502046,0.444606,0.71187,0.390992,0.676443,0.317462,0.632851,0.36495,0.992522,0.499754,0.722771,0.585532,0.739139,0.495151,0.96254,0.42315,0.155976,0.478317,0.142402,0.38637,0.224081,0.521197,0.202348
0.452249,0.161446,0.459918,0.327652,0.377196,0.314098,0.30367,0.390317,0.23781,0.433975,0.542649,0.338536,0.61158,0.420329,0.666691,0.499328,0.446142,0.709149,0.392523,0.698248,0.306749,0.619233,0.335849,0.894423,0.502809,0.717322,0.593206,0.695527,0.510471,0.935327,0.423156,0.15059,0.478313,0.142351,0.38639,0.221379,0.521168,0.199605
0.450719,0.158693,0.458396,0.322205,0.37567,0.314004,0.303666,0.384922,0.240881,0.428449,0.542615,0.335861,0.610041,0.406729,0.663647,0.488445,0.438478,0.703697,0.380271,0.681889,0.291416,0.673732,0.292965,0.946206,0.495153,0.709151,0.60543,0.70097,0.553354,0.946221,0.423161,0.145083,0.478291,0.13961,0.384885,0.213204,0.519677,0.196873
0.450718,0.158691,0.458373,0.31952,0.374161,0.311349,0.300617,0.387622,0.239358,0.428519,0.54111,0.335843,0.616162,0.406699,0.674381,0.488455,0.43541,0.700971,0.378736,0.68462,0.292961,0.725514,0,0,0.492087,0.711857,0.605449,0.728242,0.559487,0.976175,0.423155,0.142434,0.47829,0.139611,0.384858,0.210535,0.519647,0.196854
0.45072,0.158734,0.458376,0.322213,0.375662,0.314002,0.302143,0.387622,0.239344,0.431216,0.541095,0.335865,0.616162,0.403929,0.678948,0.482998,0.427757,0.717311,0.37261,0.700959,0.309813,0.769096,0,0,0.484431,0.728212,0.603894,0.755434,0,0,0.423153,0.145139,0.476786,0.139643,0.384875,0.210546,0.519643,0.194169
0.450724,0.158748,0.458384,0.322239,0.375687,0.314034,0.303678,0.387644,0.242414,0.436667,0.541101,0.338518,0.616157,0.403922,0.671299,0.469371,0.427759,0.720042,0.372616,0.709133,0.351171,0.752743,0.308272,0.981625,0.485963,0.728207,0.60084,0.788143,0,0,0.423154,0.147811,0.476781,0.139643,0.384879,0.213258,0.519643,0.19418
0.450734,0.158731,0.458391,0.324938,0.375679,0.314037,0.300628,0.395784,0.245468,0.439395,0.541096,0.338536,0.613108,0.404007,0.672845,0.480248,0.432349,0.706409,0.375669,0.698241,0.369552,0.758193,0.323597,0.993891,0.493609,0.709138,0.59625,0.8236,0,0,0.42316,0.145111,0.476787,0.139642,0.384881,0.215944,0.519646,0.196859
0.452256,0.156024,0.458368,0.327653,0.374165,0.316753,0.302145,0.401231,0.243944,0.463894,0.541095,0.338521,0.610028,0.412124,0.665167,0.488399,0.443061,0.698248,0.380276,0.69279,0.369546,0.758182,0.3481,0.993888,0.499752,0.709143,0.580919,0.883532,0,0,0.423182,0.142375,0.478315,0.139603,0.384862,0.213228,0.519655,0.199614
0.45074,0.153309,0.458381,0.327667,0.375664,0.316748,0.303699,0.401256,0.245482,0.46664,0.541101,0.338524,0.61003,0.409415,0.662126,0.482975,0.433887,0.703696,0.378734,0.681889,0.355761,0.769091,0,0,0.496674,0.700965,0.570209,0.894427,0,0,0.423174,0.142353,0.478292,0.136925,0.384855,0.213221,0.519652,0.202287
0.450738,0.155973,0.458384,0.324966,0.375662,0.316779,0.303683,0.401218,0.243945,0.463892,0.541099,0.33587,0.610034,0.406726,0.666728,0.480237,0.444592,0.681898,0.384861,0.670989,0.355761,0.760919,0.358826,0.993886,0.498221,0.698245,0.554887,0.891702,0,0,0.423164,0.142343,0.47829,0.136921,0.384841,0.215931,0.519641,0.199629
0.449222,0.155984,0.458392,0.32497,0.375675,0.316741,0.299096,0.390363,0.227106,0.439381,0.541092,0.338535,0.608524,0.406717,0.668256,0.472106,0.444595,0.69279,0.384868,0.67644,0.337381,0.809967,0,0,0.499747,0.703684,0.550283,0.88626,0,0,0.423158,0.142371,0.47678,0.136929,0.383347,0.213207,0.519644,0.199618
0.449204,0.155976,0.458382,0.327656,0.37566,0.316754,0.297556,0.38487,0.222506,0.428475,0.541096,0.338535,0.610028,0.414886,0.669767,0.485693,0.443071,0.700961,0.384863,0.681894,0.329726,0.793599,0,0,0.498217,0.709141,0.5503,0.888986,0,0,0.423144,0.142364,0.476766,0.13692,0.383342,0.213225,0.519646,0.199625
0.449189,0.155985,0.458391,0.33039,0.37567,0.316769,0.297529,0.376741,0.219445,0.409428,0.541112,0.338611,0.619222,0.433961,0.662119,0.5075,0.441531,0.703692,0.383327,0.690061,0.326659,0.758178,0.374144,0.993889,0.49668,0.711868,0.5503,0.888986,0,0,0.423134,0.142365,0.475264,0.13691,0.383334,0.210546,0.51965,0.199584
0.447691,0.156004,0.458396,0.330409,0.375692,0.316755,0.299088,0.371276,0.224034,0.393077,0.54262,0.341298,0.623814,0.458459,0.65445,0.502055,0.441532,0.700963,0.386398,0.679173,0.325125,0.736383,0.37567,0.993888,0.496673,0.709149,0.556418,0.886247,0,0,0.423129,0.14237,0.475261,0.136912,0.38334,0.210539,0.519641,0.202299
0.449185,0.156017,0.459902,0.333132,0.377212,0.316798,0.300608,0.374002,0.236271,0.387632,0.542633,0.341333,0.611565,0.447573,0.646788,0.499341,0.438472,0.703693,0.389456,0.679175,0.318997,0.681907,0.369554,0.987074,0.493621,0.720041,0.568683,0.837222,0,0,0.423128,0.142393,0.475264,0.136929,0.383336,0.215938,0.5166,0.194183
0.44769,0.156023,0.458397,0.335819,0.377199,0.319482,0.296027,0.387639,0.234755,0.403968,0.542632,0.344004,0.611574,0.447554,0.642215,0.512975,0.432354,0.706416,0.383329,0.67917,0.308266,0.668293,0.361893,0.954379,0.48903,0.728218,0.579406,0.785452,0.489019,0.995252,0.421643,0.142409,0.475259,0.136926,0.383325,0.215935,0.51812,0.194186
0.447673,0.15601,0.458395,0.338526,0.375662,0.32224,0.291418,0.423015,0.260795,0.436654,0.542637,0.344014,0.611567,0.442124,0.643723,0.518424,0.43388,0.71187,0.38027,0.684622,0.292958,0.670983,0.355764,0.943464,0.490558,0.730944,0.594713,0.733689,0.507407,0.995253,0.421634,0.142392,0.475255,0.136929,0.383332,0.213254,0.519647,0.202339
0.447671,0.156023,0.458382,0.338551,0.375668,0.327657,0.276112,0.444851,0.260789,0.477529,0.542628,0.344007,0.610052,0.43668,0.64371,0.521129,0.435412,0.75002,0.377206,0.714594,0.285296,0.68188,0.346571,0.94075,0.49056,0.750013,0.600852,0.725449,0.528849,0.957085,0.421638,0.142392,0.475252,0.136932,0.383343,0.213254,0.519644,0.202332
0.447689,0.156007,0.458373,0.335849,0.377194,0.322232,0.294488,0.436656,0.286832,0.433965,0.541105,0.341323,0.610042,0.431195,0.643725,0.507515,0.433883,0.714596,0.3772,0.695516,0.277644,0.714602,0.32667,0.978894,0.492082,0.725495,0.603915,0.755459,0,0,0.423136,0.142394,0.476775,0.136943,0.384853,0.215926,0.519669,0.205062
0.449194,0.156025,0.45838,0.333143,0.377205,0.31948,0.312869,0.403993,0.285301,0.412141,0.5411,0.34129,0.608497,0.425772,0.64373,0.488451,0.440001,0.700968,0.378744,0.679177,0.280697,0.733658,0.337381,0.99525,0.495154,0.706425,0.602381,0.801785,0,0,0.423148,0.142384,0.476782,0.136947,0.384838,0.21324,0.521171,0.205057
0.450718,0.156012,0.459901,0.33313,0.380257,0.31679,0.305218,0.393073,0.283769,0.395777,0.542624,0.341294,0.610043,0.42848,0.6468,0.488448,0.441535,0.69825,0.378746,0.68189,0.286828,0.755447,0,0,0.499738,0.706427,0.597777,0.845364,0,0,0.42317,0.14239,0.478305,0.136964,0.384869,0.215924,0.521197,0.207752
0.45378,0.155974,0.45993,0.330395,0.381803,0.314067,0.299087,0.39579,0.280718,0.376736,0.542629,0.341276,0.611557,0.428515,0.64528,0.485731,0.43847,0.703701,0.37722,0.692782,0.291441,0.763642,0,0,0.498206,0.714597,0.587053,0.869897,0,0,0.424662,0.142382,0.479845,0.136966,0.386391,0.215927,0.521216,0.205097
0.455324,0.156022,0.461464,0.330383,0.384873,0.314044,0.303682,0.387632,0.288359,0.376733,0.542646,0.341269,0.605454,0.425753,0.648321,0.46667,0.441539,0.70913,0.380269,0.695517,0.294504,0.774543,0,0,0.49822,0.717317,0.556424,0.89171,0,0,0.424712,0.14238,0.48287,0.13696,0.387915,0.213248,0.524243,0.205031
0.456837,0.158684,0.462975,0.330411,0.386385,0.31406,0.306744,0.390357,0.289895,0.393047,0.544161,0.341273,0.606983,0.425773,0.655992,0.48023,0.441531,0.703705,0.380267,0.69007,0.292969,0.75822,0,0,0.496678,0.714587,0.539576,0.758196,0,0,0.42622,0.142376,0.482893,0.136961,0.389453,0.213212,0.525774,0.205082
0.45836,0.158681,0.462993,0.333098,0.386387,0.314068,0.305209,0.39036,0.289884,0.425743,0.544184,0.341266,0.606993,0.428499,0.657523,0.482999,0.440012,0.700968,0.381796,0.681893,0.291422,0.747295,0.369542,0.993891,0.49516,0.711858,0.542637,0.766365,0,0,0.427757,0.142392,0.484422,0.136975,0.390986,0.210541,0.527305,0.205062
0.458394,0.158682,0.463001,0.333127,0.386405,0.316768,0.309806,0.398525,0.292941,0.44212,0.545689,0.341277,0.608498,0.431222,0.655979,0.48846,0.443064,0.70369,0.383332,0.671,0.285304,0.730938,0.349635,0.995249,0.498217,0.711858,0.561018,0.891716,0,0,0.429295,0.142389,0.485952,0.139608,0.392517,0.210525,0.528831,0.20506
0.459937,0.158733,0.469102,0.335846,0.38946,0.3168,0.31747,0.409419,0.294491,0.499344,0.548756,0.341338,0.611573,0.433967,0.654441,0.521117,0.446125,0.709151,0.389451,0.68734,0.283773,0.725477,0.317465,0.99525,0.502811,0.722778,0.57788,0.880823,0,0,0.433869,0.142434,0.48902,0.139628,0.395592,0.213205,0.530373,0.20502
0.461481,0.161387,0.470646,0.335803,0.392504,0.316796,0.323586,0.403993,0.292949,0.521136,0.55028,0.341322,0.613097,0.431217,0.645257,0.532013,0.443079,0.709135,0.387933,0.684611,0.286837,0.741857,0,0,0.49975,0.725473,0.59011,0.859014,0,0,0.435416,0.145117,0.492068,0.139663,0.39711,0.213232,0.531891,0.202345
0.466058,0.161449,0.472148,0.33313,0.392542,0.316736,0.325104,0.403955,0.302165,0.463925,0.551816,0.341329,0.617683,0.433936,0.64374,0.545668,0.444609,0.711882,0.389451,0.695504,0.292963,0.760934,0,0,0.50127,0.725503,0.593195,0.842695,0,0,0.436963,0.147853,0.493623,0.142365,0.398639,0.215922,0.533431,0.202333
0.469126,0.161498,0.472165,0.333138,0.394033,0.316779,0.32052,0.409442,0.300614,0.463934,0.553343,0.341323,0.617697,0.431206,0.640668,0.537487,0.441532,0.722755,0.381811,0.700981,0.300614,0.799033,0,0,0.498226,0.730948,0.600843,0.837189,0,0,0.440022,0.147862,0.495157,0.142383,0.400168,0.215931,0.536499,0.199611
0.472191,0.161481,0.473704,0.335814,0.395573,0.319482,0.322053,0.42848,0.306737,0.447583,0.556409,0.341314,0.619244,0.431192,0.640669,0.532045,0.44612,0.722777,0.389456,0.706422,0.322074,0.834464,0,0,0.502818,0.733676,0.606965,0.839902,0,0,0.44459,0.150559,0.498225,0.142413,0.403242,0.210547,0.541117,0.207794
0.473717,0.161492,0.475239,0.335835,0.397112,0.319491,0.326665,0.433944,0.306744,0.466673,0.557943,0.341321,0.622271,0.433933,0.640668,0.532061,0.447677,0.717317,0.394056,0.703676,0.332773,0.845408,0,0,0.508924,0.722778,0.608486,0.839926,0,0,0.446135,0.150572,0.501262,0.142392,0.407829,0.210542,0.542636,0.207776
0.475264,0.161482,0.476786,0.335882,0.397141,0.324923,0.32205,0.453035,0.30673,0.491142,0.559483,0.34134,0.622283,0.436651,0.64068,0.540193,0.452254,0.720028,0.395603,0.703682,0.341964,0.850852,0,0,0.511999,0.728206,0.610051,0.839976,0,0,0.447675,0.150537,0.504326,0.142367,0.409361,0.21048,0.544178,0.20505
0.478291,0.161503,0.479821,0.338533,0.398671,0.327658,0.32511,0.453025,0.308279,0.488431,0.561027,0.341351,0.6223,0.439412,0.64374,0.545647,0.453797,0.717322,0.398653,0.698246,0.345038,0.85082,0,0,0.513536,0.72277,0.611569,0.842684,0,0,0.449204,0.150539,0.505887,0.142387,0.410897,0.210476,0.547221,0.205054
0.482911,0.164165,0.484426,0.338518,0.406298,0.324952,0.34352,0.43939,0.314392,0.458474,0.568674,0.344004,0.628434,0.442129,0.655985,0.559279,0.466044,0.711862,0.406305,0.695523,0.348101,0.845394,0.366486,0.993886,0.524265,0.717327,0.610031,0.869915,0,0,0.456839,0.153256,0.510457,0.145087,0.417025,0.210509,0.550285,0.205032
0.485957,0.164149,0.487507,0.335841,0.407849,0.322209,0.349645,0.431202,0.317458,0.452988,0.571744,0.34133,0.631477,0.436652,0.660594,0.551086,0.472169,0.706424,0.409378,0.695511,0.35423,0.842651,0.368014,0.993885,0.528855,0.714597,0.606971,0.899866,0,0,0.458387,0.153266,0.51353,0.14509,0.421603,0.213218,0.553367,0.207781
0.49055,0.164161,0.492088,0.335797,0.410898,0.3195,0.351171,0.425783,0.315933,0.436685,0.57479,0.341299,0.63302,0.43125,0.666701,0.53475,0.472173,0.709128,0.410899,0.69552,0.357291,0.859009,0,0,0.530378,0.714597,0.60391,0.935294,0,0,0.459943,0.1533,0.518121,0.145101,0.423147,0.213263,0.556398,0.205038
