0.170342,0.682235,0.268359,0.66314,0.278566,0.783068,0.392961,0.853901,0.403156,0.837565,0.24589,0.486048,0.292861,0.341639,0,0,0.595162,0.546001,0.584947,0.630474,0.725878,0.638641,0.940355,0.638665,0.570652,0.45881,0.672764,0.38253,0.862744,0.494242,0.164165,0.739451,0.147832,0.654972,0.184618,0.796669,0.168262,0.559626
0.166235,0.695854,0.268353,0.655009,0.272431,0.791251,0.380692,0.943822,0.401124,0.971067,0.249977,0.49151,0.335762,0.360704,0.421544,0.314381,0.570646,0.540556,0.572686,0.630478,0.734051,0.64137,0.962815,0.608658,0.562472,0.450631,0.646205,0.368846,0.799407,0.488815,0.158045,0.747616,0.141737,0.663136,0.180511,0.796676,0.160117,0.562378
0.164182,0.695854,0.262222,0.655007,0.264277,0.793953,0.35824,0.96289,0.368424,0.979264,0.243864,0.49149,0.35823,0.352539,0.433798,0.341636,0.564522,0.540548,0.558391,0.633192,0.721796,0.638645,0.966902,0.595056,0.55839,0.445183,0.621711,0.655,0.948514,0.625021,0.156005,0.747637,0.141696,0.663174,0.178491,0.796703,0.156004,0.562367
0.162157,0.69589,0.2602,0.635932,0.270389,0.783056,0.345957,0.962891,0.348008,0.995599,0.237724,0.488761,0.337803,0.35526,0,0,0.566568,0.518755,0.570652,0.605948,0.646222,0.641374,0.944437,0.554182,0.542053,0.450639,0.570657,0.341615,0.725881,0.431556,0.156001,0.747607,0.13966,0.663201,0.178474,0.793938,0.155996,0.559632
0.168246,0.693173,0.260192,0.641368,0.262236,0.783049,0.343931,0.930175,0.348015,0.995602,0.23976,0.483346,0.337799,0.338937,0.431745,0.281701,0.56248,0.513304,0.568605,0.597776,0.63805,0.649545,0.911752,0.524199,0.53797,0.447907,0.560452,0.336186,0.717711,0.426131,0.158069,0.744924,0.141701,0.663162,0.178472,0.788497,0.15395,0.559631
0.168251,0.679513,0.268343,0.630474,0.266324,0.774882,0.364369,0.897481,0.376612,0.932913,0.249967,0.47244,0.431776,0.23811,0.425621,0.254449,0.568613,0.502411,0.570645,0.595047,0.605369,0.616848,0,0,0.550229,0.4343,0.586982,0.311644,0.742199,0.401568,0.16212,0.725865,0.139711,0.644128,0.180519,0.780319,0.158047,0.548725
0.166202,0.66593,0.266305,0.616861,0.27243,0.758558,0.366397,0.886592,0.384774,0.894795,0.247923,0.458796,0.411337,0.213567,0,0,0.591073,0.505128,0.582904,0.595051,0.607403,0.605928,0,0,0.564515,0.434283,0.599249,0.611415,0.844352,0.43155,0.160112,0.720408,0.1397,0.638611,0.178487,0.777598,0.160087,0.540554
0.176429,0.649562,0.276525,0.627761,0.278565,0.755836,0.37457,0.870276,0.388877,0.889338,0.254064,0.47516,0.278558,0.317123,0.315331,0.194479,0.5972,0.526927,0.582906,0.619571,0.611487,0.633188,0.787165,0.456096,0.578827,0.447909,0.605376,0.630455,0.785104,0.456082,0.170309,0.701289,0.151935,0.622291,0.188696,0.766688,0.170329,0.53507
0.178468,0.646843,0.274473,0.616851,0.278558,0.753102,0.364331,0.864794,0.376604,0.878426,0.256085,0.464268,0.256119,0.314393,0.282665,0.175434,0.584947,0.499681,0.574733,0.5896,0.603324,0.638643,0.76877,0.464259,0.562481,0.426115,0.597201,0.635942,0.766734,0.456089,0.170301,0.695892,0.153932,0.619531,0.190729,0.755827,0.172329,0.532344
0.170344,0.646809,0.270379,0.614108,0.274501,0.758532,0.339832,0.834833,0.3521,0.864804,0.237731,0.461534,0.25409,0.317116,0.282632,0.183581,0.570648,0.546,0.564517,0.638649,0.613551,0.646821,0.766724,0.480602,0.56248,0.464256,0.59924,0.657706,0.764695,0.477867,0.166235,0.701306,0.147839,0.619545,0.186642,0.76127,0.168272,0.535074
0.168292,0.652279,0.268359,0.625019,0.274488,0.761262,0.345958,0.8648,0.360263,0.894759,0.24793,0.472441,0.258158,0.333465,0.298994,0.186334,0.574732,0.54873,0.570648,0.627744,0.631924,0.655003,0.776949,0.507853,0.55635,0.469704,0.619666,0.652267,0.787163,0.510565,0.16418,0.70402,0.143794,0.619611,0.184621,0.764002,0.16622,0.53781
0.156037,0.654968,0.268343,0.61958,0.27652,0.761266,0.341883,0.897493,0.360253,0.965626,0.235682,0.46155,0.282638,0.319865,0.343949,0.199925,0.615584,0.464261,0.572691,0.608674,0.631933,0.649543,0.844347,0.524203,0.591072,0.398864,0.633954,0.657721,0.836175,0.537833,0.153961,0.704025,0.137631,0.6223,0.172345,0.769414,0.158059,0.537859
0.156037,0.652283,0.266305,0.622285,0.274489,0.753104,0.337805,0.913855,0.341875,0.995599,0.239751,0.475157,0.296937,0.330754,0.366405,0.22174,0.633964,0.458809,0.574737,0.635922,0.656435,0.660447,0,0,0.603327,0.407036,0.631929,0.660445,0.838209,0.556908,0.153965,0.704048,0.137628,0.622283,0.170328,0.772143,0.15808,0.537856
0.168264,0.655,0.274466,0.625019,0.278584,0.758526,0.323486,0.957441,0.309206,0.995597,0.254053,0.475153,0.319439,0.33073,0.409277,0.235381,0.603331,0.496958,0.584951,0.616837,0.638059,0.663158,0.848433,0.567815,0.574735,0.426116,0.644181,0.657717,0.856603,0.562359,0.164153,0.704052,0.145805,0.625026,0.184606,0.766697,0.166217,0.537858
0.172364,0.660434,0.278566,0.627736,0.284692,0.75854,0.317364,0.823934,0.3092,0.845739,0.256088,0.469711,0.319402,0.330755,0.401131,0.227238,0.599248,0.502408,0.586991,0.614115,0.646225,0.663161,0.864778,0.578703,0.586987,0.415208,0.629884,0.657724,0.870902,0.573244,0.168232,0.70679,0.151906,0.627736,0.186645,0.766729,0.168272,0.537848
0.184627,0.660413,0.278584,0.6223,0.288776,0.758531,0.319426,0.823942,0.311254,0.832123,0.256099,0.47244,0.315328,0.336179,0.38886,0.221763,0.595161,0.516031,0.597198,0.611393,0.642142,0.649546,0.891326,0.61958,0.570653,0.434292,0.648253,0.338922,0.815746,0.423394,0.176429,0.706753,0.160093,0.63047,0.192774,0.758551,0.170325,0.543279
0.186638,0.660428,0.284697,0.619562,0.29084,0.753085,0.323496,0.840277,0,0,0.256125,0.469697,0.317362,0.336155,0.388869,0.224469,0.58494,0.524215,0.58495,0.611409,0.654393,0.638649,0.903583,0.627748,0.566563,0.44791,0.63191,0.336196,0.785128,0.426089,0.180518,0.709481,0.162136,0.633165,0.196863,0.76945,0.172373,0.54325
0.184584,0.657736,0.282646,0.614117,0.282649,0.753093,0.348022,0.913853,0.358208,0.995596,0.26427,0.472443,0.319395,0.328032,0.368429,0.216309,0.584941,0.513311,0.595156,0.603213,0.652353,0.635926,0.946472,0.614129,0.564515,0.445188,0.609423,0.31442,0.764688,0.434279,0.176453,0.701317,0.158078,0.625061,0.190751,0.761264,0.17439,0.54054
0.184611,0.657711,0.284682,0.622283,0.286742,0.755807,0.364361,0.886596,0.384764,0.93839,0.258141,0.46972,0.305144,0.333487,0.352085,0.208147,0.589031,0.516036,0.597206,0.600494,0.646228,0.635923,0.956684,0.575971,0.564522,0.442459,0.607434,0.325284,0.764708,0.431569,0.180501,0.704046,0.160112,0.625018,0.192769,0.76941,0.174421,0.540586
0.188695,0.657697,0.288772,0.633189,0.294904,0.766712,0.388879,0.878411,0.417451,0.905689,0.256108,0.477871,0.296932,0.336216,0.341868,0.205391,0.615585,0.502404,0.617626,0.597769,0.652351,0.644095,0.96077,0.518759,0.593112,0.415214,0.672755,0.341662,0.83413,0.377073,0.184624,0.701309,0.168246,0.630463,0.202971,0.77214,0.184607,0.545986
0.188727,0.665926,0.292855,0.641379,0.299007,0.777616,0.394988,0.875715,0.42359,0.897506,0.26224,0.477898,0.30105,0.338917,0.362293,0.213555,0.60537,0.53783,0.601286,0.625016,0.633972,0.644098,0.96077,0.483336,0.589036,0.458806,0.872944,0.352549,0.891325,0.338919,0.186644,0.720378,0.16827,0.638679,0.205037,0.783047,0.188665,0.556904
0.205047,0.684931,0.305128,0.663185,0.317365,0.796705,0.419511,0.919311,0.435858,0.922039,0.276534,0.502408,0.331649,0.360721,0.394986,0.238117,0.619672,0.573251,0.61967,0.663172,0.787156,0.559625,0.870892,0.491498,0.595157,0.49151,0.629901,0.649542,0.868859,0.491511,0.198893,0.734027,0.184617,0.660416,0.219352,0.79667,0.20506,0.575977
0.209122,0.690441,0.307172,0.663183,0.321482,0.804849,0.429698,0.935665,0.452173,0.962909,0.278591,0.502418,0.337813,0.366164,0.403141,0.248943,0.63601,0.543274,0.613546,0.644098,0.625788,0.652269,0.830044,0.488785,0.603332,0.469714,0.621709,0.66043,0.817793,0.494229,0.202982,0.747638,0.186669,0.663166,0.223412,0.810299,0.209114,0.576011
0.21322,0.693154,0.311249,0.671343,0.3235,0.813003,0.437873,0.9602,0.454244,0.994232,0.280607,0.518748,0.337782,0.374324,0.407268,0.251735,0.597202,0.562347,0.564528,0.676793,0.582907,0.706778,0.740187,0.537838,0.591075,0.475158,0.650308,0.507855,0,0,0.205021,0.747627,0.188683,0.663222,0.223403,0.813019,0.209127,0.581415
0.207087,0.698573,0.305125,0.671332,0.319402,0.810318,0.435859,0.965607,0.454221,0.979258,0.278574,0.524201,0.339861,0.374367,0.411334,0.257182,0.59516,0.559626,0.562474,0.682244,0.570655,0.742181,0.723836,0.56234,0.580864,0.477878,0.668691,0.437009,0,0,0.200941,0.747656,0.186644,0.668602,0.22138,0.807575,0.207086,0.581468
0.20095,0.698599,0.299013,0.665875,0.305139,0.80757,0.413373,0.968344,0.417451,0.995603,0.278564,0.516047,0.350058,0.371624,0.433789,0.27896,0.593115,0.584148,0.566564,0.68497,0.566562,0.785789,0.705459,0.622307,0.572693,0.486054,0.654392,0.426104,0.868843,0.483311,0.190758,0.750362,0.176451,0.665919,0.211159,0.810328,0.205022,0.581434
0.194831,0.695873,0.301015,0.665893,0.301028,0.804844,0.397041,0.962912,0.405195,0.995607,0.286724,0.521467,0.368424,0.371643,0.456278,0.289892,0.603329,0.605941,0.572692,0.701307,0.572692,0.799403,0.719754,0.649534,0.597202,0.513307,0.640104,0.426127,0.850458,0.491491,0.188719,0.744931,0.17442,0.665924,0.20913,0.810327,0.207063,0.58143
0.192808,0.690426,0.301023,0.660461,0.298985,0.802129,0.388842,0.960169,0.397024,0.995606,0.290816,0.513288,0.368446,0.377051,0.456262,0.28988,0.627841,0.532381,0.593114,0.668614,0.636015,0.755817,0.795332,0.709491,0.609457,0.461541,0.629865,0.728558,0.807579,0.704042,0.188688,0.736742,0.174392,0.663175,0.209114,0.80214,0.205055,0.576015
0.196852,0.684961,0.299012,0.663173,0.29899,0.804848,0.374561,0.932918,0.39294,0.995604,0.288781,0.510571,0.362324,0.374331,0.446063,0.278971,0.631924,0.524205,0.601282,0.660447,0.633968,0.725846,0.84026,0.758538,0.607413,0.458808,0.636019,0.712226,0.836175,0.758527,0.188731,0.736747,0.174424,0.65774,0.207069,0.804858,0.205047,0.575946
0.20299,0.674083,0.305113,0.663144,0.301052,0.799407,0.362321,0.859353,0.36027,0.919292,0.286738,0.510574,0.354135,0.363438,0.417454,0.249018,0.631922,0.559629,0.613545,0.657723,0.666654,0.695856,0,0,0.605374,0.480611,0.756517,0.439746,0.942387,0.480638,0.194805,0.728565,0.182567,0.649524,0.21322,0.791223,0.209114,0.567789
0.203008,0.6686,0.311251,0.654995,0.323507,0.791236,0.358238,0.883886,0.299005,0.995598,0.282653,0.491522,0.350077,0.363467,0.388846,0.219048,0.619669,0.56235,0.633966,0.64137,0.729965,0.687698,0.956693,0.731282,0.57882,0.472431,0.676862,0.665897,0.958721,0.728553,0.198894,0.725824,0.184599,0.641347,0.221361,0.793972,0.209106,0.562331
0.215265,0.663171,0.321452,0.655007,0.321466,0.791244,0.329643,0.886604,0,0,0.290837,0.491514,0.333705,0.36619,0.358232,0.224446,0.631921,0.595044,0.617629,0.665879,0,0,0,0,0.627835,0.526928,0,0,0,0,0.207097,0.720378,0.194814,0.635921,0.225466,0.777645,0.221348,0.551479
0.219309,0.663146,0.317385,0.657717,0.31737,0.793948,0.321457,0.900215,0.26428,0.995616,0.286737,0.49696,0.325568,0.371613,0.360256,0.224516,0.597202,0.589599,0.601288,0.676796,0.732008,0.668615,0.952601,0.668623,0.586987,0.516033,0.715667,0.663161,0,0,0.2071,0.717648,0.196849,0.633214,0.227487,0.77491,0.215264,0.556879
0.213209,0.663199,0.315334,0.657717,0.319418,0.785803,0.327581,0.872973,0,0,0.286715,0.505134,0.34188,0.368878,0.397019,0.227237,0.638051,0.562354,0.629879,0.6332,0.674819,0.665905,0.956684,0.663171,0.629879,0.486061,0.66869,0.665887,0,0,0.205024,0.720391,0.190753,0.638626,0.221406,0.780325,0.2132,0.562369
0.207086,0.66317,0.309207,0.655002,0.31941,0.788499,0.331676,0.859357,0.292853,0.995602,0.284694,0.502417,0.350038,0.36617,0.417484,0.24899,0.63397,0.567803,0.62784,0.66045,0.670734,0.676802,0.968941,0.649547,0.61763,0.486059,0.656434,0.663182,0,0,0.200922,0.72309,0.186673,0.635946,0.219307,0.780369,0.209134,0.559637
0.202997,0.671331,0.305131,0.641387,0.311239,0.77216,0.33985,0.935637,0.323512,0.968344,0.290821,0.491504,0.366398,0.366181,0.460335,0.281669,0.633974,0.565074,0.623755,0.654994,0.707501,0.668607,0,0,0.638053,0.466978,0.756521,0.426075,0.917864,0.513296,0.194823,0.723097,0.18462,0.641337,0.215232,0.780321,0.207106,0.556937
0.202974,0.665924,0.30307,0.638664,0.303085,0.772151,0.339832,0.930204,0.321478,0.994234,0.290827,0.494243,0.366372,0.363432,0.456273,0.27627,0.63397,0.565076,0.629884,0.657723,0.866815,0.603223,0.975073,0.635919,0.631923,0.475163,0.648263,0.676793,0.940349,0.657716,0.194814,0.723086,0.184603,0.638671,0.21118,0.780336,0.207093,0.556933
0.202981,0.665901,0.303077,0.641376,0.30102,0.777597,0.358212,0.927456,0.362292,0.97381,0.288787,0.494246,0.36028,0.366181,0.450137,0.265355,0.642138,0.5569,0.631929,0.654994,0.723841,0.679525,0.973033,0.633203,0.638056,0.46153,0.646221,0.684967,0.938303,0.654992,0.194833,0.720402,0.184612,0.641351,0.215235,0.774911,0.209119,0.562338
0.200967,0.665904,0.303064,0.641358,0.301021,0.780339,0.380691,0.935663,0.397031,0.995602,0.290845,0.491521,0.364341,0.360736,0.454244,0.27356,0.636015,0.551454,0.627839,0.660448,0.668698,0.695874,0.979151,0.627746,0.629883,0.461536,0.660523,0.679516,0.950561,0.654994,0.194822,0.720406,0.184587,0.638675,0.21118,0.780314,0.209135,0.556941
0.200963,0.665915,0.307155,0.646835,0.303106,0.788519,0.36845,0.864788,0,0,0.290832,0.488792,0.364336,0.360697,0.446061,0.268054,0.63397,0.573257,0.615586,0.668615,0.715676,0.695881,0.950557,0.605957,0.615586,0.480605,0.652353,0.687694,0.917876,0.627737,0.19279,0.717654,0.184592,0.638613,0.21322,0.777642,0.211176,0.551468
0.200971,0.665857,0.307155,0.657701,0.307156,0.79122,0.376613,0.872957,0.441979,0.973809,0.29084,0.488777,0.36229,0.360696,0.421563,0.251748,0.636007,0.575979,0.623756,0.67134,0.709539,0.695867,0.934221,0.622303,0.638054,0.472433,0.654386,0.693148,0.919918,0.616856,0.194835,0.712219,0.18463,0.635892,0.215251,0.774925,0.209131,0.551465
0.211143,0.66319,0.315333,0.663136,0.311252,0.791242,0.419491,0.965626,0.437883,0.99561,0.294905,0.488797,0.35823,0.355273,0.388841,0.227189,0.633967,0.567804,0.617626,0.684967,0.715666,0.712218,0.938303,0.635927,0.625799,0.47516,0.670729,0.687694,0.917889,0.635904,0.203008,0.71492,0.188719,0.630496,0.22137,0.774876,0.217269,0.546028
0.221364,0.657717,0.319432,0.654991,0.319419,0.785784,0.360268,0.886606,0.3419,0.981979,0.292877,0.491501,0.317358,0.355271,0.294902,0.235379,0.633971,0.573255,0.625796,0.671341,0.719761,0.712216,0.911748,0.665892,0.631923,0.486056,0.717705,0.709494,0.907682,0.665873,0.213181,0.706766,0.200946,0.62774,0.229545,0.769417,0.221352,0.546006
0.219305,0.65769,0.319389,0.652285,0.317376,0.77487,0.327587,0.867522,0.282661,0.949272,0.292863,0.49423,0.307153,0.357999,0.292844,0.249009,0.62988,0.592324,0.611495,0.693131,0.699336,0.747635,0.87294,0.660448,0.629879,0.483337,0.68707,0.74491,0.872946,0.660449,0.209107,0.706775,0.194817,0.622331,0.227511,0.76944,0.217296,0.543276
0.215251,0.660415,0.315326,0.64409,0.319414,0.764001,0.321469,0.875701,0.27859,0.957444,0.290821,0.483345,0.323503,0.352548,0.301067,0.238087,0.627838,0.589597,0.607416,0.684971,0.676866,0.753068,0.850477,0.652278,0.621712,0.483334,0.664601,0.739462,0.846396,0.65771,0.205038,0.709506,0.190748,0.625017,0.223417,0.772131,0.21527,0.543247
0.211165,0.663134,0.313286,0.660446,0.307165,0.788509,0.354139,0.886615,0.34392,0.98198,0.288799,0.488775,0.323517,0.366161,0.325538,0.246244,0.636007,0.565084,0.599247,0.701312,0.646209,0.753108,0.805532,0.660429,0.640091,0.466986,0.638059,0.753056,0.805548,0.660424,0.202966,0.714914,0.188722,0.625037,0.219342,0.774894,0.217288,0.540564
0.209138,0.663175,0.313291,0.66315,0.305123,0.791238,0.380684,0.902952,0.392958,0.995595,0.288796,0.491519,0.325538,0.368899,0.333687,0.246287,0.63601,0.575977,0.603334,0.695867,0.636015,0.783049,0.789209,0.660448,0.646218,0.47243,0.631911,0.758526,0.789207,0.660467,0.200962,0.714926,0.188719,0.62503,0.221398,0.777593,0.219309,0.540601
0.22137,0.663192,0.319406,0.660453,0.32144,0.791258,0.423587,0.878429,0.43584,0.88116,0.294905,0.483344,0.341896,0.363436,0.366402,0.24624,0.640096,0.573257,0.605371,0.679511,0.638054,0.785779,0.791248,0.663179,0.644181,0.477879,0.633982,0.753091,0.791258,0.671337,0.211144,0.717673,0.200944,0.635911,0.227499,0.780307,0.221402,0.548726
0.221362,0.665883,0.321445,0.663167,0.321453,0.788522,0.431745,0.872965,0.42972,0.851176,0.2949,0.480617,0.354128,0.358001,0.388871,0.246303,0.6401,0.570528,0.615585,0.67135,0.648268,0.755813,0.807584,0.663147,0.644183,0.475166,0.644171,0.750351,0.811668,0.663146,0.211164,0.720366,0.200949,0.633215,0.225471,0.780303,0.227501,0.551428
0.219364,0.66322,0.321475,0.652264,0.321485,0.780355,0.417465,0.875714,0.431759,0.892032,0.303068,0.494225,0.366419,0.360701,0.427658,0.251765,0.636009,0.592324,0.627843,0.676794,0.682985,0.717664,0.885199,0.693137,0.633962,0.488783,0.658471,0.704043,0.883151,0.698596,0.211147,0.714935,0.200945,0.633183,0.229557,0.774885,0.221381,0.543304
0.217315,0.663136,0.319413,0.649531,0.321436,0.780345,0.411339,0.883868,0.427683,0.900219,0.30308,0.4888,0.376618,0.360688,0.431773,0.268093,0.636009,0.562354,0.623753,0.657716,0.697285,0.704038,0.917883,0.739458,0.633969,0.472429,0.740174,0.396133,0.899512,0.447876,0.207096,0.712212,0.192807,0.627759,0.229537,0.774861,0.217292,0.543259
0.205031,0.663141,0.317377,0.644096,0.313292,0.783033,0.409291,0.878438,0.421547,0.883884,0.315333,0.488795,0.392957,0.355258,0.44197,0.289864,0.629886,0.562347,0.621709,0.660431,0.723841,0.69314,0.95464,0.744921,0.623751,0.4697,0.711587,0.38795,0.891343,0.426132,0.194823,0.712216,0.186639,0.630457,0.219346,0.772192,0.211173,0.537834
0.202993,0.663147,0.317373,0.64412,0.319396,0.783048,0.421531,0.883893,0.433799,0.881162,0.31328,0.494231,0.380695,0.382514,0.394988,0.35255,0.631925,0.559622,0.625797,0.652267,0.695242,0.671348,0.962813,0.704042,0.619668,0.469703,0.717687,0.390686,0.89335,0.426092,0.192796,0.712227,0.182579,0.630445,0.217299,0.772191,0.21319,0.540555
0.200935,0.665906,0.315344,0.638648,0.319424,0.777626,0.427658,0.889318,0.466482,0.916572,0.305128,0.488798,0.329639,0.38252,0.394992,0.349832,0.636011,0.554176,0.627843,0.646823,0.674817,0.671344,0.966898,0.649543,0.629883,0.453359,0.729964,0.385242,0.893384,0.407069,0.190731,0.714938,0.180529,0.635891,0.215235,0.772168,0.20709,0.540589
0.196863,0.665912,0.3133,0.633218,0.319425,0.777601,0.429704,0.892071,0.464445,0.927487,0.30307,0.486062,0.325546,0.390703,0.38681,0.347106,0.636003,0.526927,0.623753,0.638645,0.666654,0.665891,0.962812,0.622297,0.631927,0.437008,0.742222,0.385249,0.911763,0.401621,0.188716,0.714963,0.176428,0.635901,0.213195,0.772177,0.209129,0.540555
0.190764,0.665861,0.303083,0.630464,0.31125,0.772153,0.431751,0.905659,0.468527,0.941108,0.296945,0.480605,0.321455,0.393422,0.36844,0.341641,0.62784,0.535106,0.621713,0.641374,0.689117,0.660437,0.956688,0.584149,0.629878,0.428839,0.848432,0.379792,0.938311,0.374338,0.186649,0.712214,0.172338,0.633177,0.209137,0.769414,0.19687,0.540533
0.194827,0.663208,0.305114,0.633189,0.313293,0.772144,0.433788,0.922021,0.474661,0.971072,0.292868,0.480595,0.29083,0.398857,0.358225,0.338888,0.625796,0.565078,0.613544,0.657718,0.705454,0.668625,0.950559,0.589602,0.617629,0.464262,0.674818,0.65773,0.930133,0.595047,0.188669,0.712213,0.174394,0.63045,0.215229,0.769455,0.194841,0.537856
0.198888,0.652266,0.307172,0.635942,0.311255,0.769436,0.427653,0.935627,0.441963,0.995599,0.292879,0.469711,0.329628,0.385249,0.350056,0.338897,0.625794,0.570532,0.605371,0.687693,0.723838,0.676797,0.948517,0.589599,0.617624,0.466986,0.666642,0.660447,0.924008,0.608674,0.188712,0.698593,0.176463,0.616821,0.211176,0.755836,0.207054,0.521482
0.205044,0.65226,0.307168,0.630489,0.30921,0.763985,0.409298,0.935641,0.429714,0.995605,0.288791,0.466976,0.323499,0.387963,0.341898,0.322558,0.603334,0.584147,0.595161,0.70132,0.732008,0.671338,0.948516,0.605954,0.599245,0.480609,0.658482,0.657719,0.92196,0.597757,0.192795,0.695888,0.186622,0.616871,0.21117,0.753087,0.207077,0.518742
0.200954,0.641391,0.303074,0.627728,0.303063,0.75852,0.370491,0.892061,0.382748,0.954719,0.286728,0.461539,0.30716,0.374335,0.321493,0.325292,0.64214,0.521487,0.633968,0.619576,0.874984,0.64137,0.964868,0.66046,0.64009,0.439731,0.672774,0.657721,0.958726,0.660458,0.190737,0.690418,0.180511,0.605962,0.211143,0.750398,0.205042,0.518767
0.198916,0.641346,0.301053,0.638632,0.299011,0.758551,0.362295,0.894767,0.364341,0.962892,0.292859,0.480613,0.307167,0.371618,0.321488,0.328003,0.638051,0.559623,0.627836,0.641374,0.864771,0.608675,0.960771,0.66317,0.623752,0.475159,0.734051,0.635921,0,0,0.188732,0.68771,0.178477,0.605936,0.207083,0.750338,0.205012,0.521507
0.196849,0.644079,0.294907,0.627733,0.29696,0.75307,0.341898,0.886597,0.339836,0.941095,0.286726,0.477877,0.323496,0.338926,0.372521,0.240821,0.609458,0.532374,0.609455,0.622293,0.723838,0.649549,0.964859,0.652265,0.593124,0.453356,0.666632,0.341621,0.805548,0.461527,0.186632,0.69042,0.176441,0.608691,0.205036,0.753044,0.196857,0.518757
0.190765,0.641411,0.298975,0.622294,0.298997,0.750361,0.341893,0.894772,0.33984,0.954719,0.284702,0.466985,0.325552,0.34708,0.386823,0.257177,0.607419,0.535101,0.60945,0.627743,0.699328,0.652266,0.958728,0.641372,0.593119,0.447916,0.652336,0.33891,0.791255,0.453373,0.18463,0.690409,0.172335,0.605936,0.200961,0.750372,0.202961,0.51607
0.190727,0.64409,0.298987,0.614121,0.292854,0.753081,0.356178,0.856642,0.366379,0.927458,0.29694,0.458817,0.35209,0.325286,0.433794,0.284416,0.609458,0.526927,0.609453,0.616858,0.705453,0.638652,0.952605,0.589605,0.591075,0.447915,0.662555,0.336138,0.795347,0.453354,0.184597,0.690424,0.170326,0.608658,0.200964,0.750395,0.198905,0.516029
0.188675,0.641337,0.298991,0.6114,0.29492,0.753083,0.36232,0.840286,0.386805,0.89752,0.294912,0.46425,0.358219,0.333463,0.441959,0.29532,0.603334,0.521478,0.599251,0.614129,0.682988,0.633191,0.942391,0.570518,0.591079,0.442455,0.687072,0.34982,0.848426,0.428854,0.180523,0.687713,0.168285,0.603261,0.198919,0.750346,0.198913,0.51605
0.194826,0.635953,0.301027,0.616832,0.301023,0.753084,0.401122,0.848466,0.425625,0.870261,0.2949,0.464247,0.35413,0.330749,0.431762,0.292602,0.613541,0.562343,0.599245,0.657715,0.670735,0.655001,0.885196,0.559632,0.601289,0.461539,0.881112,0.36617,0.944437,0.363449,0.186649,0.687669,0.174414,0.603228,0.207066,0.750336,0.19892,0.51605
0.20501,0.633227,0.305125,0.616836,0.305141,0.753116,0.419497,0.859361,0.452174,0.872985,0.29287,0.456076,0.352084,0.32531,0.423595,0.276272,0.617625,0.559632,0.597206,0.652268,0.668702,0.657711,0.870904,0.565069,0.601291,0.472427,0.656436,0.657728,0.870904,0.567801,0.190751,0.684957,0.184619,0.603218,0.213214,0.747629,0.205047,0.516019
0.207071,0.633167,0.30512,0.622284,0.31126,0.755841,0.431769,0.872978,0.462395,0.881149,0.294897,0.46425,0.352089,0.336185,0.427669,0.278962,0.615587,0.58687,0.601284,0.679521,0.71567,0.66862,0.881117,0.573243,0.611507,0.488782,0.652344,0.655008,0.887235,0.575955,0.194814,0.682263,0.188663,0.60047,0.215262,0.750316,0.209122,0.516083
0.205063,0.633225,0.303095,0.622302,0.313299,0.75853,0.439927,0.872979,0.464445,0.875701,0.292859,0.464251,0.356193,0.333484,0.431788,0.287167,0.607417,0.589598,0.593113,0.679512,0.725884,0.668618,0.889278,0.586876,0.607413,0.494228,0.674823,0.652259,0,0,0.194819,0.684959,0.186668,0.600498,0.217274,0.750361,0.209107,0.518756
0.196847,0.635933,0.30102,0.619578,0.301058,0.758541,0.415413,0.859351,0.427664,0.859339,0.290814,0.458804,0.362312,0.338895,0.448098,0.295332,0.619668,0.575972,0.605374,0.668619,0.719762,0.68497,0.889286,0.608673,0.611497,0.480611,0.666653,0.660427,0.88929,0.605943,0.186655,0.684954,0.180539,0.603204,0.207067,0.750403,0.205065,0.516055
0.190773,0.635896,0.298993,0.62231,0.299003,0.761253,0.405201,0.870257,0.419501,0.859363,0.290825,0.461526,0.366405,0.338891,0.450127,0.308962,0.615591,0.570515,0.605373,0.649539,0.715664,0.682233,0.879075,0.611398,0.615584,0.475155,0.713625,0.68224,0.879064,0.605974,0.186605,0.684947,0.176453,0.603215,0.205012,0.750372,0.205056,0.518762
0.188739,0.630496,0.29898,0.625018,0.294916,0.758537,0.364333,0.853909,0.37864,0.897494,0.296943,0.466983,0.366404,0.341623,0.448099,0.317113,0.627839,0.57325,0.601286,0.663179,0.685028,0.698599,0.860684,0.616853,0.619671,0.475154,0.654395,0.679516,0.868854,0.616848,0.184591,0.68498,0.172378,0.600503,0.1989,0.747617,0.205047,0.518747
0.190723,0.633202,0.298998,0.614139,0.294917,0.755813,0.352109,0.853909,0.360254,0.908402,0.2949,0.464256,0.368432,0.338928,0.4481,0.317117,0.621715,0.554181,0.599251,0.654988,0.685021,0.704056,0.848435,0.616864,0.619666,0.445186,0.676865,0.701319,0.854545,0.616839,0.18462,0.684967,0.174387,0.603213,0.198919,0.747607,0.205046,0.518773
0.188733,0.638637,0.294904,0.616839,0.290835,0.753091,0.339835,0.856632,0.331689,0.922018,0.286746,0.461538,0.362323,0.338909,0.452166,0.314428,0.615585,0.551457,0.597201,0.652268,0.672777,0.706745,0.840258,0.614116,0.605373,0.453354,0.713627,0.377068,0.872929,0.456104,0.18258,0.687661,0.172345,0.605956,0.196878,0.750321,0.190767,0.521495
0.188673,0.638643,0.29083,0.614137,0.290825,0.753108,0.333732,0.851168,0.321494,0.919314,0.286736,0.461525,0.358235,0.341626,0.450141,0.314404,0.607413,0.554174,0.593114,0.649539,0.670741,0.706751,0.840244,0.605947,0.597199,0.447907,0.71157,0.374331,0.868863,0.453393,0.180529,0.687716,0.168279,0.605937,0.19483,0.750351,0.188692,0.52149
0.188709,0.652284,0.288798,0.605962,0.290822,0.736745,0.323522,0.815757,0.307152,0.905686,0.278568,0.458807,0.356173,0.338891,0.444003,0.311681,0.611504,0.540552,0.595161,0.646826,0.662565,0.714945,0.834137,0.603215,0.601292,0.439737,0.650303,0.682245,0.838219,0.603214,0.180531,0.693117,0.170289,0.614144,0.194837,0.750391,0.188689,0.521496
0.190717,0.652278,0.292868,0.608685,0.290827,0.744915,0.32554,0.821202,0.30513,0.897521,0.280613,0.456101,0.35005,0.336198,0.435857,0.308941,0.607416,0.529658,0.59312,0.638658,0.668686,0.706764,0.83415,0.603234,0.597196,0.437009,0.71769,0.371588,0.862726,0.453375,0.182545,0.69315,0.170304,0.614143,0.196858,0.75307,0.188722,0.521496
0.188722,0.646827,0.292877,0.60597,0.286731,0.744901,0.325539,0.793968,0.329643,0.867514,0.28468,0.458812,0.343933,0.333471,0.427684,0.295293,0.609459,0.521481,0.591071,0.625026,0.67482,0.695852,0.85865,0.60595,0.607416,0.428838,0.746313,0.393409,0.903579,0.458826,0.180518,0.69312,0.16828,0.608657,0.192802,0.753068,0.194831,0.521485
0.190724,0.644118,0.290841,0.614135,0.288786,0.74765,0.343922,0.840267,0.356181,0.897488,0.282653,0.469714,0.337807,0.336168,0.421551,0.29263,0.599246,0.556901,0.591079,0.649553,0.69116,0.687679,0.86886,0.608681,0.597208,0.458815,0.781028,0.404314,0.926051,0.439741,0.180535,0.693115,0.170283,0.60869,0.196864,0.750399,0.190732,0.521522
0.19889,0.644076,0.298988,0.611399,0.301025,0.753064,0.403176,0.867529,0.460348,0.897513,0.290826,0.46154,0.341896,0.333473,0.421553,0.262615,0.607409,0.548732,0.591079,0.652265,0.693204,0.687697,0.872938,0.619585,0.599242,0.447908,0.793286,0.423382,0,0,0.186667,0.687719,0.176459,0.605924,0.209104,0.753067,0.198905,0.516075
0.205031,0.644091,0.301029,0.608686,0.303071,0.753053,0.427676,0.853906,0.452184,0.867536,0.286736,0.447911,0.341877,0.32803,0.425633,0.257175,0.623755,0.556895,0.601285,0.654997,0.693206,0.682243,0.870895,0.616857,0.62171,0.447908,0.864775,0.409765,0,0,0.190757,0.687706,0.184596,0.608657,0.213209,0.75038,0.200958,0.516065
0.20911,0.644124,0.307158,0.605956,0.30718,0.75036,0.435838,0.859349,0.45626,0.856642,0.2888,0.458797,0.345965,0.325303,0.423581,0.273506,0.615589,0.556898,0.597199,0.646821,0.687065,0.698593,0.848423,0.608679,0.615584,0.445184,0.676859,0.671348,0.850467,0.603235,0.198904,0.69043,0.186642,0.605974,0.21322,0.750365,0.205056,0.518731
0.215264,0.652266,0.307168,0.614122,0.30922,0.750388,0.411331,0.848465,0.429702,0.862061,0.292858,0.450648,0.34801,0.333477,0.41951,0.273517,0.625801,0.535104,0.603333,0.635918,0.687079,0.701323,0.842312,0.595041,0.631919,0.431571,0.682983,0.687693,0.848428,0.597765,0.202974,0.693143,0.188712,0.608655,0.219314,0.753053,0.211179,0.518754
0.219343,0.649529,0.317357,0.605959,0.309215,0.750358,0.366415,0.818475,0.394993,0.889323,0.296952,0.456074,0.354143,0.32803,0.425616,0.265341,0.62375,0.562348,0.601287,0.655001,0.67276,0.704032,0.834144,0.584163,0.623756,0.461525,0.672757,0.690415,0.832095,0.592337,0.205053,0.690442,0.192785,0.605943,0.225465,0.750349,0.213225,0.516014
0.217268,0.641353,0.311245,0.60323,0.30512,0.747625,0.360264,0.807584,0.374574,0.870267,0.292881,0.447924,0.354144,0.322578,0.429715,0.259892,0.627839,0.556903,0.601284,0.652265,0.670725,0.70405,0.825966,0.586861,0.629882,0.431561,0.668679,0.693141,0.830038,0.595026,0.202974,0.687685,0.190721,0.60321,0.223431,0.750312,0.213211,0.515997
0.217264,0.633226,0.311244,0.600481,0.303079,0.739452,0.36436,0.813025,0.386821,0.870257,0.296952,0.445175,0.356187,0.317142,0.435842,0.257177,0.646225,0.499681,0.625791,0.622302,0.66459,0.712215,0.825977,0.586877,0.638054,0.417932,0.66052,0.690421,0.82801,0.578704,0.202966,0.682231,0.188722,0.59507,0.219353,0.739443,0.213217,0.507869
0.215232,0.627743,0.31125,0.595049,0.305137,0.736749,0.388875,0.837541,0.407237,0.859346,0.298977,0.442458,0.358226,0.317114,0.439935,0.257155,0.638052,0.486059,0.607405,0.619581,0.674796,0.695876,0.825951,0.581429,0.629877,0.409762,0.666647,0.693139,0.828017,0.581417,0.20297,0.676784,0.188703,0.589595,0.219344,0.731332,0.213228,0.499685
0.215257,0.630496,0.317363,0.584147,0.321458,0.731286,0.423582,0.823935,0.458302,0.843008,0.301027,0.434301,0.358234,0.3144,0.443999,0.254483,0.6401,0.472439,0.627842,0.603228,0.664594,0.695855,0.846394,0.575964,0.633961,0.3907,0.66665,0.671339,0.854565,0.559621,0.202987,0.679534,0.188721,0.59232,0.223424,0.736754,0.21727,0.496958
0.211146,0.630461,0.313299,0.578715,0.319435,0.736749,0.458317,0.843039,0.46852,0.826651,0.298997,0.431548,0.358224,0.308954,0.437887,0.254442,0.638054,0.477879,0.613545,0.605956,0.676867,0.668604,0.854548,0.573278,0.633969,0.398858,0.664606,0.660447,0.862732,0.570516,0.196861,0.679492,0.186691,0.589602,0.217297,0.734011,0.21319,0.496982
0.207096,0.622335,0.307161,0.575992,0.313293,0.728574,0.460349,0.837553,0,0,0.290835,0.431556,0.350046,0.303506,0.427661,0.254484,0.638057,0.496953,0.609459,0.608675,0.693202,0.668624,0.872955,0.565088,0.642137,0.390688,0.668689,0.654998,0.874985,0.565083,0.194823,0.674059,0.184609,0.589602,0.211176,0.731261,0.207061,0.491528
0.207062,0.624997,0.305124,0.581441,0.307153,0.728575,0.433802,0.815738,0.458307,0.821207,0.292878,0.428838,0.343935,0.30895,0.41134,0.251758,0.636004,0.518754,0.607409,0.616849,0.674821,0.663159,0.870894,0.5678,0.646221,0.393417,0.670733,0.654999,0.872948,0.565074,0.194816,0.668637,0.184588,0.581431,0.211163,0.725854,0.207077,0.48878
0.213191,0.614144,0.307159,0.581418,0.305131,0.728534,0.429715,0.815746,0.456284,0.826648,0.292864,0.431543,0.34802,0.295343,0.405205,0.229925,0.623753,0.548731,0.597199,0.64682,0.672784,0.671345,0.850479,0.570521,0.62784,0.439742,0.674816,0.665887,0.858642,0.559633,0.19892,0.663189,0.188663,0.575966,0.213229,0.717674,0.211152,0.488741
0.213195,0.611425,0.307158,0.584163,0.305138,0.725822,0.421535,0.80758,0.45014,0.821219,0.292878,0.428851,0.348004,0.295345,0.40522,0.221735,0.625796,0.529656,0.59925,0.633197,0.674814,0.674078,0.84435,0.570537,0.621711,0.420661,0.668688,0.668623,0.858647,0.565074,0.198905,0.663176,0.188663,0.575936,0.215262,0.717686,0.209138,0.483355
0.209101,0.611407,0.307163,0.578715,0.303104,0.720387,0.431743,0.815769,0.454226,0.813033,0.290816,0.426116,0.345959,0.292614,0.409291,0.227159,0.636005,0.507854,0.603332,0.614125,0.664608,0.676803,0.834134,0.570521,0.638052,0.398865,0.658475,0.671337,0.838218,0.570519,0.194819,0.660426,0.186636,0.575954,0.215236,0.712246,0.207067,0.480616
0.207083,0.611409,0.303088,0.570512,0.305139,0.714948,0.411327,0.802153,0.431766,0.807573,0.286755,0.420655,0.34801,0.29259,0.417452,0.22173,0.63805,0.488778,0.609454,0.611391,0.654388,0.704039,0.809636,0.567789,0.642139,0.385244,0.650308,0.674073,0.832094,0.565086,0.192769,0.660428,0.184618,0.575926,0.213223,0.714937,0.207087,0.475198
0.203006,0.608693,0.299008,0.565072,0.298974,0.706757,0.380697,0.788499,0.388861,0.791243,0.286755,0.417934,0.352091,0.289878,0.425621,0.213578,0.631924,0.496957,0.605368,0.605949,0.631925,0.693142,0.791238,0.562356,0.621711,0.398863,0.748351,0.360717,0.903584,0.453354,0.18869,0.657707,0.178478,0.570529,0.209127,0.712217,0.205034,0.475138
0.205018,0.605964,0.30103,0.567784,0.298987,0.704059,0.392938,0.796678,0,0,0.290838,0.415215,0.354151,0.289876,0.429698,0.216297,0.633967,0.480607,0.60333,0.595049,0.62784,0.693147,0.781039,0.562345,0.627836,0.385233,0.629874,0.690419,0.783078,0.565063,0.188724,0.655006,0.18054,0.570503,0.213191,0.706793,0.205071,0.475139
0.205049,0.603243,0.303091,0.559619,0.303074,0.70404,0.392957,0.783061,0.423592,0.796678,0.290816,0.417934,0.356194,0.287158,0.431745,0.216301,0.621712,0.488781,0.597201,0.592321,0.619671,0.69313,0.776943,0.567785,0.607418,0.39342,0.707503,0.333455,0.870906,0.428831,0.192765,0.652275,0.184588,0.570503,0.215242,0.706769,0.205012,0.472422
0.205009,0.605931,0.301043,0.556897,0.301046,0.701321,0.415421,0.791243,0.431759,0.796703,0.29084,0.407033,0.354133,0.287159,0.425617,0.216305,0.625793,0.483335,0.599247,0.584153,0.617623,0.693128,0.776942,0.565062,0.611502,0.385241,0.701367,0.330738,0.874988,0.434282,0.190727,0.654975,0.180541,0.567807,0.213218,0.70946,0.203002,0.469747
0.202994,0.603223,0.301021,0.55964,0.301016,0.701341,0.390901,0.766724,0.441973,0.804882,0.288795,0.417926,0.335766,0.298038,0.403164,0.227203,0.621712,0.480616,0.597208,0.581429,0.605384,0.690413,0.772855,0.55962,0.609452,0.382522,0.67686,0.314403,0.836177,0.404334,0.188707,0.652268,0.176458,0.565069,0.209121,0.704066,0.202993,0.469719
0.200945,0.603231,0.298985,0.567816,0.301028,0.706786,0.388848,0.763989,0.446053,0.810341,0.28672,0.420667,0.337796,0.292596,0.403172,0.224487,0.62375,0.475168,0.597195,0.595047,0.609458,0.693146,0.766743,0.559627,0.609462,0.377062,0.691154,0.314385,0.832082,0.409762,0.188677,0.65228,0.176443,0.567784,0.209103,0.706741,0.203009,0.47242
0.198903,0.605956,0.301021,0.570513,0.305141,0.709505,0.431759,0.802111,0.448106,0.802122,0.284703,0.420653,0.337813,0.287142,0.411341,0.224452,0.615581,0.513301,0.593111,0.608665,0.629878,0.668627,0.772851,0.562347,0.619667,0.398864,0.729962,0.336197,0.881103,0.404309,0.186666,0.660404,0.172382,0.570552,0.207073,0.709529,0.202996,0.472433
0.194812,0.608702,0.299003,0.570531,0.305125,0.709505,0.425625,0.793968,0.433804,0.791256,0.284679,0.420655,0.345981,0.284439,0.419491,0.229924,0.617626,0.499683,0.593119,0.603224,0.631932,0.663172,0.77286,0.573251,0.623756,0.379791,0.74018,0.347105,0.950563,0.387962,0.186617,0.660451,0.172329,0.573249,0.207076,0.714956,0.203003,0.475155
0.192791,0.608687,0.298999,0.570535,0.303088,0.71222,0.427663,0.793964,0.433815,0.783074,0.288765,0.417926,0.356195,0.287144,0.431781,0.229919,0.60537,0.518762,0.584943,0.608677,0.638051,0.649546,0.809619,0.619572,0.609456,0.426108,0.63395,0.635944,0.815759,0.625033,0.184631,0.660446,0.170334,0.573277,0.207083,0.712236,0.198911,0.475171
0.190773,0.60867,0.298973,0.567807,0.303069,0.714927,0.427675,0.79398,0.435841,0.785773,0.288765,0.412499,0.360265,0.281706,0.439937,0.229925,0.609453,0.516024,0.593116,0.605943,0.648266,0.657716,0.836178,0.660445,0.61354,0.423385,0.644188,0.638655,0.838216,0.663166,0.1846,0.660471,0.170286,0.575945,0.205039,0.712223,0.192775,0.475167
0.186638,0.614093,0.288786,0.570523,0.296958,0.717663,0.425637,0.79667,0.441965,0.766718,0.278556,0.409772,0.350056,0.284402,0.431765,0.243532,0.60537,0.510578,0.584947,0.605945,0.662563,0.657713,0.862727,0.679522,0.603332,0.420656,0.648261,0.641373,0.854566,0.690409,0.172374,0.660465,0.160125,0.575944,0.192788,0.712205,0.18667,0.477872
0.186647,0.614125,0.290809,0.562349,0.298987,0.717665,0.433787,0.813019,0.605373,0.867526,0.276542,0.409754,0.352096,0.278984,0.429709,0.232669,0.607416,0.486056,0.593119,0.584149,0.66052,0.6332,0.877023,0.676785,0.603328,0.390698,0.732003,0.36345,0.948525,0.480599,0.172369,0.663121,0.160109,0.575989,0.192766,0.709504,0.186672,0.475165
0.186674,0.619543,0.286754,0.570547,0.292851,0.720388,0.415427,0.851167,0,0,0.274497,0.417939,0.337814,0.287145,0.421564,0.232632,0.603329,0.486056,0.593117,0.578702,0.662562,0.633192,0.936262,0.644089,0.593115,0.379794,0.68911,0.344393,0.87498,0.477885,0.172378,0.663175,0.160124,0.576034,0.194825,0.717641,0.184612,0.477905
0.182561,0.619554,0.284687,0.567791,0.286731,0.71495,0.378641,0.802143,0,0,0.270379,0.41249,0.335769,0.289866,0.423571,0.235365,0.589032,0.491502,0.584949,0.586871,0.656436,0.619569,0.934219,0.6005,0.574733,0.396144,0.666661,0.336188,0.84435,0.46154,0.168277,0.663211,0.155997,0.575995,0.192769,0.717666,0.182575,0.472421
0.178473,0.622298,0.27653,0.570509,0.27858,0.714952,0.358221,0.796673,0.37252,0.840299,0.26223,0.423377,0.337797,0.281716,0.419509,0.249034,0.582909,0.491507,0.580865,0.589597,0.656432,0.619569,0.948512,0.562348,0.572689,0.420669,0.613542,0.306207,0.789204,0.417941,0.166191,0.665864,0.149891,0.57871,0.186623,0.714934,0.176456,0.475147
0.170329,0.622327,0.276524,0.567808,0.278557,0.714939,0.360261,0.799407,0.36843,0.843017,0.264265,0.417946,0.335754,0.281716,0.41745,0.249041,0.576774,0.494227,0.570655,0.584148,0.638054,0.600499,0.913791,0.529658,0.566576,0.420655,0.609441,0.289855,0.772865,0.398876,0.162125,0.665891,0.145803,0.578728,0.182553,0.717676,0.174393,0.47514
0.16623,0.622284,0.272429,0.562372,0.280599,0.706777,0.370488,0.815752,0.39092,0.859358,0.258149,0.420655,0.325553,0.289869,0.411332,0.248966,0.568599,0.513308,0.566567,0.600496,0.599243,0.597777,0.809624,0.477865,0.56248,0.428824,0.607406,0.273508,0.746305,0.385261,0.156032,0.665928,0.141744,0.578748,0.174411,0.72308,0.170316,0.480612
