0.593844,0.270843,0.506501,0.333451,0.370537,0.325303,0.322095,0.35524,0.438489,0.278976,0.637373,0.336209,0.724896,0.401615,0.700533,0.355217,0.487115,0.537811,0.394858,0.535097,0.196014,0.597746,0.365788,0.709527,0.593729,0.537822,0.671449,0.638643,0.647139,0.810287,0.540472,0.251721,0.618049,0.248987,0.414311,0.24894,0,0
0.603457,0.259877,0.511297,0.32802,0.375489,0.325283,0.302697,0.360744,0.375546,0.314387,0.63257,0.330773,0.729623,0.407083,0.685996,0.357992,0.482148,0.535066,0.385189,0.532376,0.195994,0.611423,0.365691,0.734042,0.574406,0.535082,0.647171,0.595054,0.603576,0.774904,0.564713,0.240815,0,0,0.419073,0.246281,0.622887,0.257193
0.593847,0.268037,0.496782,0.330748,0.37541,0.328024,0.268732,0.390659,0.370596,0.314443,0.622928,0.330778,0.720052,0.404344,0.68116,0.360673,0.472563,0.52692,0.380292,0.526915,0.196024,0.619618,0.356088,0.744927,0.564614,0.526909,0.651967,0.578695,0.603522,0.728539,0.564611,0.243538,0.608378,0.248942,0.414231,0.246226,0,0
0.608297,0.229908,0.487145,0.328002,0.370693,0.328019,0.268755,0.393404,0.336648,0.330734,0.608316,0.325317,0.715179,0.401566,0.676183,0.360678,0.477331,0.502413,0.389984,0.507868,0.205585,0.633219,0.34637,0.799401,0.559815,0.496948,0.642337,0.464277,0.632589,0.603226,0.564703,0.216323,0.603604,0.221727,0.409412,0.251669,0,0
0.603551,0.216292,0.487123,0.32805,0.370643,0.33343,0.263835,0.398848,0.322123,0.330773,0.603585,0.325328,0.715001,0.401532,0.666518,0.358047,0.467661,0.52692,0.370703,0.526924,0.205593,0.638635,0.307493,0.780337,0.554939,0.5215,0.637441,0.42882,0.603512,0.573266,0.55983,0.20542,0.603516,0.20545,0.40464,0.249045,0,0
0.588992,0.243534,0.486969,0.336224,0.360971,0.333434,0.249385,0.387963,0.297846,0.319821,0.613219,0.344353,0.70055,0.398877,0.676223,0.363482,0.472464,0.540552,0.375419,0.537847,0.205669,0.633196,0.268727,0.799444,0.564704,0.540531,0,0,0,0,0.555017,0.227211,0.598728,0.229954,0.399681,0.246283,0,0
0.584162,0.246254,0.482121,0.330698,0.360849,0.330726,0.249194,0.407056,0.293043,0.319868,0.608321,0.328035,0.705391,0.390718,0.671403,0.355268,0.477284,0.532391,0.375516,0.537822,0.210389,0.63588,0.25424,0.799408,0.564731,0.524215,0.695659,0.450662,0.62773,0.562351,0.554952,0.229902,0.598595,0.229935,0.394911,0.24358,0,0
0.598575,0.213607,0.482309,0.319882,0.365776,0.322576,0.229925,0.4179,0.297896,0.328006,0.603551,0.319886,0.71506,0.390713,0.681061,0.349831,0.487119,0.516058,0.399695,0.521507,0.215291,0.641413,0.234729,0.80485,0.588946,0.510593,0.744189,0.453402,0.618099,0.592301,0.550109,0.199981,0.603434,0.208124,0.399708,0.238149,0,0
0.598668,0.224473,0.487051,0.325322,0.365705,0.327985,0.234724,0.41795,0.302722,0.328001,0.618039,0.327995,0.715162,0.401539,0.686053,0.357912,0.491905,0.526905,0.394861,0.532362,0.220286,0.644158,0.210537,0.813045,0.593836,0.51605,0.753814,0.458819,0.627765,0.597753,0.55492,0.205407,0.603585,0.210903,0.399774,0.240851,0,0
0.603474,0.227219,0.487124,0.325312,0.370579,0.330743,0.22989,0.417935,0.307611,0.330721,0.613202,0.322583,0.720001,0.398841,0.681123,0.349821,0.516136,0.516007,0.414256,0.521477,0.288073,0.59233,0.142594,0.793936,0.603544,0.510561,0.758765,0.466947,0.651997,0.600501,0.559757,0.208094,0.608337,0.221734,0.409355,0.243556,0,0
0.603541,0.232666,0.487082,0.328037,0.370594,0.333476,0.234793,0.41795,0.307558,0.333439,0.608392,0.322596,0.719931,0.393411,0.676178,0.344355,0.511341,0.521485,0.409455,0.535096,0.234772,0.60597,0.123198,0.777642,0.603489,0.51332,0.758827,0.469697,0.652037,0.597767,0.559837,0.210893,0.608357,0.229939,0.409384,0.246246,0,0
0.603495,0.227158,0.48228,0.327989,0.365838,0.330728,0.249276,0.412473,0.302735,0.330762,0.603455,0.325274,0.715067,0.387986,0.671453,0.347065,0.496757,0.510579,0.404526,0.513299,0.200866,0.532284,0.142683,0.682241,0.593771,0.505147,0.753969,0.469723,0.676275,0.554183,0.555038,0.205391,0.608338,0.216331,0.404536,0.243509,0,0
0.603459,0.22449,0.482185,0.322559,0.36575,0.325307,0.25418,0.401609,0.297796,0.327996,0.598704,0.319877,0.715061,0.387954,0.656889,0.336241,0.482163,0.51058,0.385211,0.510574,0.215445,0.467035,0.20564,0.622283,0.574391,0.507849,0.749056,0.46972,0.642277,0.592336,0.55504,0.2054,0.603577,0.210901,0.404518,0.24353,0,0
0.598688,0.213627,0.486986,0.317186,0.37066,0.319834,0.259116,0.366154,0.292955,0.319852,0.598627,0.317178,0.715025,0.393372,0.671311,0.338964,0.491924,0.486063,0.404531,0.486053,0.278482,0.426128,0.278407,0.556911,0.588937,0.480617,0.744233,0.464228,0.618062,0.581433,0.555014,0.202683,0.598715,0.20813,0.404569,0.243521,0,0
0.632543,0.259887,0.496769,0.328024,0.365749,0.330716,0.288055,0.423349,0.25429,0.341652,0.637384,0.328045,0.729681,0.398855,0.686024,0.333486,0.516127,0.524208,0.404569,0.529646,0.22018,0.614119,0.113436,0.791234,0.613185,0.516032,0.753929,0.464268,0.64233,0.589598,0.593759,0.227231,0.63737,0.232623,0.419061,0.232711,0,0
0.62777,0.26261,0,0,0.360949,0.330719,0.297785,0.417948,0.254228,0.344368,0,0,0,0,0,0,0,0,0,0,0,0,0,0,0,0,0,0,0,0,0.589009,0.229872,0.637343,0.232656,0.414298,0.232655,0,0
0.627759,0.251739,0.511299,0.325278,0.370616,0.322596,0.297908,0.439706,0.254284,0.336203,0.64227,0.327996,0.734494,0.393424,0.705287,0.333476,0.487094,0.516017,0.394905,0.513299,0.210384,0.472437,0.137737,0.61961,0.588957,0.513308,0.753941,0.472443,0.642267,0.600475,0.593751,0.224484,0.632664,0.227223,0.423935,0.229993,0,0
0.642274,0.240789,0.525959,0.325314,0.399748,0.322564,0.322041,0.398844,0.263908,0.333487,0.64716,0.325316,0.739394,0.398857,0.715073,0.338909,0.520958,0.510596,0.433646,0.505114,0.283263,0.423393,0.278361,0.565049,0.603514,0.513331,0.782958,0.464274,0.637368,0.597775,0.598729,0.210867,0.6422,0.219007,0.428822,0.229922,0,0
0.642479,0.238106,0.516227,0.328026,0.375556,0.33069,0.307603,0.390692,0.263926,0.330783,0.637546,0.325287,0.744138,0.420658,0.719884,0.355235,0.540452,0.529643,0.448227,0.537812,0,0,0,0,0.637505,0.521457,0.802513,0.477891,0.705422,0.597755,0.608319,0.216265,0.642304,0.216327,0.438457,0.229938,0,0
0.63756,0.20271,0.520924,0.319831,0.380335,0.319868,0.302677,0.39886,0.259114,0.325322,0.637505,0.31983,0.749039,0.398819,0.715083,0.336208,0.516156,0.537831,0.414255,0.535108,0.254094,0.445201,0.292895,0.581458,0.608325,0.535121,0.831482,0.532334,0.695681,0.663127,0.588954,0.191798,0.632661,0.197214,0.438532,0.229939,0,0
0.637407,0.191848,0.52091,0.317131,0.38998,0.31982,0.302805,0.420633,0.259092,0.328003,0.6375,0.317069,0.749036,0.390655,0.715035,0.333496,0.516145,0.535125,0.414321,0.529675,0.239594,0.456101,0.283329,0.60325,0.603582,0.537822,0.836387,0.543311,0.695657,0.665897,0.574421,0.18357,0,0,0.438499,0.229994,0,0
0.637424,0.194495,0.525867,0.317089,0.399706,0.31442,0.302638,0.415201,0.263833,0.330732,0.642375,0.317107,0.74908,0.398842,0.71513,0.338929,0.511308,0.535137,0.414335,0.529643,0.21055,0.477913,0.268764,0.625055,0.598681,0.540568,0.836315,0.54598,0.681103,0.676775,0.574399,0.178148,0.627717,0.186352,0.438576,0.229958,0,0
0.637523,0.194544,0.52576,0.319849,0.385149,0.319853,0.29297,0.417905,0.26391,0.333429,0.642399,0.319869,0.753869,0.417935,0.719895,0.3498,0.511309,0.537843,0.414275,0.535092,0.186245,0.535056,0.249384,0.67682,0.598664,0.537852,0.812128,0.529625,0.671464,0.665877,0.579192,0.178182,0.632571,0.189065,0.438589,0.229897,0,0
0.637522,0.199939,0.521039,0.319828,0.380285,0.322576,0.283297,0.41522,0.263854,0.333468,0.647167,0.317111,0.749105,0.412488,0.715186,0.355294,0.525816,0.524216,0.424001,0.524196,0.18619,0.535108,0.244467,0.682275,0.613201,0.524185,0.797612,0.510619,0.681162,0.627756,0.579244,0.180905,0.632603,0.197223,0.443282,0.22991,0,0
0.637435,0.189087,0.521026,0.317141,0.380322,0.322554,0.288094,0.417906,0.268674,0.333502,0.64712,0.31438,0.749106,0.407028,0.715041,0.347097,0.5259,0.518772,0.428798,0.518768,0.186179,0.537844,0.225077,0.690398,0.618077,0.518741,0.797645,0.494237,0.68113,0.627768,0.574386,0.175409,0.622868,0.178178,0.438563,0.229902,0,0
0.637398,0.189052,0.521081,0.317165,0.385135,0.322602,0.288133,0.415206,0.268687,0.333492,0.647155,0.314385,0.749051,0.404324,0.71509,0.355282,0.530703,0.51605,0.424031,0.518777,0.176602,0.554139,0.195896,0.717681,0.627783,0.513302,0.792684,0.47241,0.700515,0.619572,0.569631,0.172721,0.622905,0.180886,0.438591,0.229926,0,0
0.637408,0.189028,0.520994,0.319816,0.375533,0.325267,0.268758,0.417918,0.263829,0.336171,0.6424,0.314369,0.749078,0.409744,0.715041,0.352568,0.525931,0.518778,0.423991,0.521496,0.176616,0.556957,0.191027,0.717692,0.627738,0.516025,0.787913,0.46697,0.700552,0.622305,0.569632,0.172674,0.622903,0.180873,0.438579,0.229935,0,0
0.637438,0.186317,0.525757,0.317145,0.385217,0.319868,0.27839,0.409757,0.259022,0.333424,0.642405,0.314379,0.75387,0.409795,0.715069,0.358033,0.525926,0.524214,0.423952,0.52692,0.181425,0.567815,0.181457,0.728541,0.627723,0.518771,0.787919,0.467012,0.700584,0.625036,0.574434,0.169955,0.627738,0.175426,0.438528,0.229933,0,0
0.637433,0.186293,0.525776,0.319816,0.385144,0.322543,0.263874,0.412509,0.259067,0.333452,0.64712,0.317092,0.753885,0.409757,0.715033,0.360697,0.530659,0.521478,0.424002,0.524192,0.186222,0.575979,0.171595,0.734059,0.627774,0.516063,0.792624,0.4697,0.685957,0.63047,0.574377,0.169938,0.627746,0.172705,0.438513,0.229932,0,0
0.63745,0.186313,0.52108,0.317178,0.380368,0.322562,0.273564,0.409787,0.259072,0.333421,0.642357,0.314415,0.753997,0.407067,0.715156,0.363416,0.521007,0.521497,0.414267,0.52419,0.19108,0.584166,0.137667,0.747609,0.61805,0.518742,0.792655,0.469728,0.67145,0.608663,0.574461,0.169937,0.627797,0.172727,0.438511,0.229947,0,0
0.637468,0.186342,0.521016,0.319867,0.37549,0.325264,0.268703,0.41521,0.259019,0.333456,0.642389,0.317118,0.753996,0.404348,0.71517,0.363465,0.521028,0.526923,0.414247,0.529658,0.195975,0.586891,0.128068,0.744934,0.622893,0.518777,0.792742,0.47246,0.676293,0.603225,0.574467,0.169945,0.627819,0.175411,0.438521,0.229954,0,0
0.63746,0.18636,0.525963,0.317134,0.385194,0.319879,0.26386,0.41246,0.263812,0.328,0.666534,0.314368,0.753941,0.417916,0.729703,0.3607,0.525837,0.529639,0.414263,0.52964,0.196016,0.595033,0.0989293,0.755806,0.627761,0.524198,0.802403,0.488816,0,0,0.57446,0.169959,0.627811,0.175416,0.438528,0.22996,0,0
0.637468,0.186374,0.525961,0.319813,0.385208,0.319864,0.263842,0.409776,0.259091,0.327973,0.661715,0.317123,0.749066,0.420672,0.739333,0.358014,0.511325,0.526937,0.404563,0.529645,0.200708,0.595036,0.0940796,0.747653,0.613204,0.521489,0,0,0,0,0.574465,0.16997,0.632539,0.175424,0.438554,0.229935,0,0
0.637584,0.186386,0.525874,0.31714,0.380367,0.322592,0.268687,0.396138,0.273571,0.325265,0.656907,0.314359,0.758702,0.407036,0.724841,0.349799,0.506471,0.540547,0.409418,0.537839,0.210524,0.589615,0.11341,0.742194,0.608362,0.537828,0.797593,0.537841,0.632626,0.586861,0.579299,0.169949,0.632652,0.17273,0.438581,0.229901,0,0
0.63754,0.186379,0.521079,0.317094,0.385159,0.31714,0.25421,0.404281,0.273618,0.317094,0.647169,0.314412,0.753968,0.407026,0.715206,0.344368,0.516111,0.526926,0.409396,0.524219,0.215373,0.589591,0.103752,0.73944,0.608355,0.52151,0.782984,0.573248,0.676276,0.676776,0.584053,0.169972,0.632604,0.172746,0.443293,0.227251,0,0
0.637547,0.19176,0.52099,0.319824,0.380287,0.317157,0.259051,0.404342,0.288199,0.314403,0.647137,0.319849,0.753924,0.404298,0.715081,0.341636,0.487047,0.537815,0.390024,0.532387,0.244447,0.592327,0.137693,0.758534,0.593766,0.537811,0.637529,0.570539,0.613218,0.769448,0.584101,0.172686,0.632641,0.180883,0.443376,0.227214,0,0
0.637571,0.189046,0.520942,0.319846,0.380343,0.317151,0.254132,0.407023,0.292984,0.314368,0.642345,0.322556,0.758711,0.404298,0.715159,0.344387,0.477411,0.546013,0.385144,0.54329,0.239557,0.605952,0.142552,0.772164,0.574399,0.546025,0.62778,0.570525,0.56475,0.783085,0.584098,0.170022,0.632626,0.175431,0.443422,0.227212,0,0
0.642322,0.202667,0.516171,0.322588,0.380307,0.322586,0.263878,0.40431,0.302628,0.314418,0.637508,0.322579,0.749021,0.398894,0.705363,0.344397,0.477369,0.537812,0.380315,0.535097,0.259007,0.600501,0.132894,0.783044,0.57927,0.537823,0.627806,0.562381,0.613246,0.772179,0.588973,0.18091,0.637537,0.189045,0.443454,0.227227,0,0
0.642366,0.202674,0.516113,0.319864,0.375546,0.319845,0.259033,0.401594,0.302733,0.314389,0.637398,0.322543,0.744228,0.396173,0.695676,0.338953,0.477399,0.53236,0.380322,0.529667,0.249319,0.616858,0.137728,0.783072,0.579251,0.529659,0.632624,0.559619,0.632646,0.774875,0.589025,0.180903,0.637553,0.186382,0.443424,0.227201,0,0
0.637473,0.202714,0.501666,0.314428,0.375511,0.314354,0.288125,0.35528,0.317187,0.306219,0.627706,0.317171,0.734541,0.385273,0.676214,0.330685,0.477372,0.529657,0.375534,0.526944,0.263849,0.600492,0.147437,0.747638,0.574415,0.529655,0.632608,0.551481,0.61321,0.758528,0.584111,0.183557,0.637464,0.19994,0.428857,0.227227,0,0
0.622927,0.235362,0.516211,0.319841,0.385179,0.317085,0.288174,0.35252,0.326907,0.298093,0.632606,0.325278,0.729669,0.382533,0.666596,0.325288,0.472554,0.529656,0.3755,0.524203,0.292965,0.562361,0.142561,0.712248,0.569503,0.532368,0.632624,0.551414,0.613196,0.763983,0,0,0,0,0.41911,0.229988,0,0
0.627795,0.210893,0.520957,0.32254,0.390013,0.319824,0.288065,0.357987,0.331743,0.298105,0.632555,0.325297,0.724803,0.382547,0.66652,0.328046,0.48226,0.537861,0.394835,0.535092,0.273517,0.565063,0.142574,0.714944,0.574411,0.540541,0.637488,0.548766,0.637432,0.750388,0.579258,0.208125,0,0,0.419154,0.235372,0,0
0.627782,0.210889,0.516155,0.322555,0.385169,0.325259,0.259021,0.393405,0,0,0.627765,0.32256,0.724818,0.382536,0.666556,0.330707,0.48706,0.5351,0.39974,0.532355,0.263919,0.573241,0.171677,0.728577,0.584055,0.535119,0.642284,0.551429,0.64712,0.755824,0.579275,0.210839,0,0,0.423962,0.238063,0,0
0.637388,0.210876,0.525909,0.319811,0.409389,0.314395,0.312404,0.34436,0.385192,0.289842,0.637393,0.325272,0.734502,0.387934,0.681115,0.336187,0.491915,0.521461,0.40459,0.516014,0.29292,0.581388,0.254237,0.742177,0.588968,0.524197,0.681154,0.575991,0.642375,0.742186,0.584077,0.194497,0.637511,0.20816,0.428783,0.232677,0,0
0.637521,0.213573,0.525769,0.319844,0.390035,0.31442,0.317274,0.338939,0.390047,0.29256,0.637497,0.327988,0.734551,0.393388,0.685955,0.338954,0.491971,0.529657,0.404553,0.526926,0.293043,0.581459,0.297819,0.769398,0.588996,0.529638,0.690873,0.54875,0.647223,0.7095,0.593763,0.202659,0.637504,0.21088,0.42887,0.235368,0,0
0.64226,0.216325,0.525892,0.32258,0.404527,0.317124,0.317201,0.336212,0.370714,0.29808,0.637488,0.330713,0.734521,0.398889,0.690797,0.344382,0.511339,0.505113,0.419102,0.505115,0.331847,0.570529,0.331827,0.793967,0.593846,0.50239,0.695612,0.4588,0.642382,0.597799,0.593738,0.202688,0.637555,0.210908,0.438531,0.235426,0,0
0.642383,0.213569,0.521021,0.319891,0.385196,0.319827,0.297805,0.352541,0.356121,0.314369,0.637471,0.32527,0.729608,0.396113,0.686035,0.347108,0.511346,0.502402,0.414297,0.505122,0.331744,0.565078,0.322136,0.788488,0.603462,0.496961,0.69091,0.442431,0.637385,0.595066,0.598553,0.197244,0.63755,0.20813,0.443415,0.235423,0,0
0.642212,0.210891,0.511246,0.325336,0.370721,0.322542,0.249348,0.396161,0.331907,0.317104,0.637314,0.336137,0.7201,0.39889,0.681147,0.347138,0.477376,0.513303,0.380318,0.5106,0.278421,0.532424,0.288102,0.679497,0.574388,0.513311,0.719873,0.43703,0.671373,0.53783,0.589045,0.191765,0.637457,0.202676,0.438426,0.232711,0,0
0.637484,0.21358,0.521017,0.325256,0.394892,0.319847,0.292952,0.352536,0.336683,0.314387,0.63263,0.328018,0.720019,0.398816,0.676207,0.349813,0.487089,0.450636,0.409401,0.450613,0.297897,0.456081,0.297814,0.600513,0.574397,0.450652,0.734472,0.445193,0.671445,0.543292,0.584138,0.194536,0.637387,0.205439,0.428805,0.243556,0,0
0.637472,0.210915,0.525824,0.317045,0.414307,0.311702,0.331754,0.344417,0.375535,0.303496,0.632672,0.31716,0.724773,0.396095,0.686041,0.344395,0.516172,0.453333,0.423932,0.447919,0.30761,0.420638,0.331781,0.472417,0.603512,0.450663,0.758754,0.450587,0,0,0.584151,0.194483,0.637366,0.205352,0.438502,0.238075,0,0
0.637546,0.216331,0.530637,0.317159,0.41911,0.311689,0.331938,0.347083,0.389994,0.295362,0.637433,0.325267,0.72477,0.396165,0.690813,0.355205,0.511299,0.456069,0.419137,0.45337,0.307432,0.420696,0.326976,0.48064,0.589015,0.453394,0.763614,0.447972,0.647166,0.575948,0.589013,0.197272,0.63747,0.20545,0.438597,0.23816,0,0
0.63747,0.221721,0.520909,0.322529,0.404558,0.319871,0.341522,0.358,0.394875,0.308982,0.618111,0.322596,0.724761,0.398851,0.686073,0.352542,0.535531,0.496973,0.433704,0.491522,0,0,0,0,0.632587,0.496945,0,0,0,0,0.588885,0.20261,0.63743,0.208116,0.423946,0.243585,0,0
0.637402,0.22443,0.496767,0.330766,0.365744,0.333509,0.331855,0.363411,0.370743,0.330683,0.627733,0.327964,0.720091,0.401535,0.690787,0.360654,0.525891,0.532397,0,0,0,0,0,0,0.632651,0.524193,0,0,0,0,0.584149,0.202666,0.637382,0.208088,0.41917,0.240872,0,0
0.627688,0.224435,0.487082,0.336233,0.356061,0.338931,0.317215,0.379759,0.370546,0.330723,0.622889,0.33349,0.715177,0.398876,0.681091,0.360703,0.496787,0.46971,0.414227,0.475151,0.268673,0.431577,0.312327,0.551462,0.588951,0.461536,0.758842,0.453382,0.676243,0.548719,0.574336,0.202684,0.622928,0.213587,0.409364,0.243558,0,0
0.608334,0.210848,0.48704,0.328038,0.365689,0.330778,0.307486,0.382519,0.365763,0.330752,0.613255,0.322557,0.715087,0.40162,0.671359,0.352568,0.496784,0.477899,0.414237,0.48331,0.259028,0.445198,0.312462,0.567803,0.588996,0.469714,0.744237,0.453329,0.637401,0.570515,0.554999,0.197242,0.6084,0.205357,0.40455,0.246273,0,0
0.598681,0.213568,0.477367,0.336184,0.331722,0.349783,0.263874,0.420681,0.351192,0.344371,0.61315,0.328042,0.714977,0.404379,0.671441,0.355215,0.501591,0.488799,0.404603,0.494223,0.249344,0.453369,0.302668,0.570506,0.593824,0.483319,0.753897,0.453374,0.647195,0.559623,0.550097,0.199964,0.603657,0.205479,0.399717,0.248929,0,0
0.593863,0.227186,0.48233,0.330786,0.356111,0.336235,0.288031,0.404345,0.341548,0.338953,0.618064,0.322593,0.715047,0.407047,0.676169,0.357904,0.506475,0.483335,0.399724,0.488758,0.244438,0.453367,0.30753,0.581445,0.598715,0.469724,0.758692,0.453377,0.647206,0.559622,0.55975,0.219025,0.598716,0.219027,0.399629,0.249067,0,0
0.593734,0.216277,0.496759,0.322593,0.375463,0.325307,0.28323,0.404333,0.331735,0.336148,0.627731,0.319858,0.715111,0.407051,0.671361,0.355225,0.501599,0.491492,0.40939,0.49424,0.225016,0.45882,0.288026,0.605923,0.59375,0.486049,0.753836,0.453396,0.637447,0.575986,0.545208,0.202685,0.598738,0.20808,0.394858,0.248978,0,0
0.588993,0.232635,0.491976,0.32259,0.370699,0.325298,0.28324,0.407029,0.326913,0.336229,0.627714,0.319854,0.715184,0.409743,0.671318,0.352542,0.491912,0.491519,0.404567,0.496938,0.215349,0.46427,0.278439,0.616831,0.5841,0.488753,0.749105,0.456079,0.632673,0.581403,0.550095,0.216316,0.598561,0.221747,0.390028,0.249024,0,0
0.584035,0.243571,0.496765,0.325253,0.370698,0.322578,0.283307,0.404332,0.322028,0.338965,0.627791,0.322537,0.715153,0.412459,0.666571,0.352531,0.487038,0.502411,0.399742,0.507829,0.205729,0.483354,0.249381,0.635886,0.579228,0.496964,0.744232,0.458828,0.632559,0.58142,0.54046,0.221765,0.593855,0.224489,0.380331,0.24906,0,0
0.574352,0.208194,0.491991,0.322548,0.370684,0.322553,0.288119,0.401595,0.322004,0.338921,0.627748,0.319851,0.71999,0.409782,0.671363,0.35256,0.49188,0.499668,0.404588,0.505116,0.205676,0.486025,0.244427,0.633198,0.584104,0.491514,0.729648,0.472431,0.627785,0.581412,0.525807,0.199947,0.588987,0.205386,0.375515,0.248995,0,0
0.55983,0.216318,0.491941,0.319848,0.370551,0.31716,0.283296,0.398861,0.317279,0.338934,0.632551,0.319813,0.724791,0.417925,0.676272,0.355241,0.491915,0.507873,0.404529,0.507867,0.205614,0.477911,0.244457,0.62502,0.58891,0.507842,0.768484,0.486062,0.642365,0.597772,0.520993,0.210831,0.569595,0.213576,0.370668,0.251766,0,0
0.554906,0.210853,0.501621,0.319808,0.370653,0.31712,0.288028,0.39884,0.317264,0.336235,0.63738,0.319847,0.729623,0.426141,0.68605,0.35804,0.482233,0.513285,0.394835,0.510582,0.205686,0.477896,0.249282,0.625057,0.579201,0.510593,0.783017,0.488795,0.59381,0.586862,0.501629,0.202635,0.56953,0.205414,0.370532,0.251711,0,0
0.545227,0.208133,0.501573,0.322561,0.375418,0.319823,0.292945,0.393388,0.322038,0.336196,0.622912,0.328026,0.724812,0.420643,0.70537,0.355241,0.487077,0.524207,0.404562,0.518774,0.205672,0.488848,0.254166,0.641362,0.579234,0.52423,0.773294,0.540565,0.715056,0.709481,0.491948,0.194561,0.564688,0.205361,0.370501,0.254479,0,0
0.54522,0.208102,0.496823,0.319835,0.37549,0.317125,0.293018,0.387956,0.322121,0.3362,0.618054,0.322587,0.720041,0.398877,0.70545,0.336244,0.491977,0.521511,0.409407,0.518752,0.210463,0.496958,0.254227,0.646793,0.588903,0.524225,0.75888,0.573236,0.719957,0.753103,0.491908,0.194563,0.564682,0.202691,0.365866,0.254458,0,0
0.540492,0.205429,0.506472,0.325274,0.375409,0.319845,0.288074,0.412481,0.331861,0.338907,0.632598,0.328054,0.729704,0.415213,0.724851,0.336197,0.501616,0.532368,0.409429,0.526908,0.210573,0.532332,0.259113,0.684962,0.598564,0.535092,0.705362,0.635916,0.637497,0.815737,0.487174,0.194517,0.564748,0.199982,0.370527,0.251763,0,0
0.540493,0.202655,0.516123,0.322605,0.375474,0.319875,0.293033,0.398835,0.341569,0.336174,0.63747,0.327999,0.749032,0.420647,0.744165,0.333491,0.49675,0.535075,0.404513,0.529638,0.210552,0.548767,0.258991,0.706813,0.598614,0.535126,0.676249,0.605958,0.642245,0.823928,0.486982,0.189045,0.564738,0.19178,0.370578,0.251735,0,0
0.54525,0.202639,0.520974,0.325266,0.385174,0.325267,0.29782,0.396112,0.360849,0.330775,0.637542,0.325283,0.749093,0.412491,0.753817,0.333425,0.49674,0.529664,0.40459,0.526924,0.215325,0.5814,0.249269,0.747601,0.593836,0.532361,0.68108,0.614092,0.686017,0.807597,0.486996,0.189053,0.564729,0.191759,0.370642,0.251734,0,0
0.545241,0.20267,0.520975,0.322543,0.385182,0.31986,0.292918,0.398881,0.351235,0.333478,0.637526,0.322584,0.749,0.409748,0.754012,0.333456,0.501573,0.526936,0.409373,0.524191,0.220163,0.586864,0.239627,0.758521,0.598565,0.529636,0.686032,0.60865,0.710245,0.783057,0.487026,0.189078,0.564739,0.19179,0.370622,0.251713,0,0
0.535557,0.205361,0.501573,0.325267,0.370633,0.325299,0.273624,0.42063,0.341582,0.330736,0.632532,0.325269,0.749001,0.396149,0.763637,0.330753,0.491904,0.526911,0.404501,0.521507,0.229943,0.540589,0.239533,0.706741,0.589008,0.524222,0.681233,0.586879,0.72485,0.76126,0.482195,0.18911,0.564654,0.19994,0.365811,0.251728,0.608346,0.238094
0.530769,0.205424,0.491962,0.328017,0.365798,0.330722,0.273622,0.420689,0.341459,0.333468,0.632537,0.327989,0.744234,0.401545,0.763724,0.333442,0.496731,0.52149,0.404607,0.518758,0.244409,0.505128,0.249397,0.6686,0.593738,0.521482,0.685917,0.589612,0.720005,0.758519,0.477423,0.191832,0.559885,0.202661,0.365701,0.251785,0.593792,0.243559
0.530652,0.205413,0.496785,0.325294,0.370679,0.327986,0.292892,0.398843,0.351159,0.336202,0.62773,0.322602,0.749048,0.396145,0.763627,0.330748,0.501608,0.510565,0.414224,0.502415,0.288078,0.445214,0.302727,0.556929,0.59381,0.513313,0.685977,0.592343,0.71993,0.777645,0.477372,0.191822,0.559777,0.202642,0.365723,0.254425,0.584114,0.240838
0.530749,0.205357,0.506424,0.322554,0.38037,0.325305,0.302637,0.390662,0.36566,0.330736,0.6278,0.319818,0.74905,0.398846,0.763681,0.333454,0.520992,0.496951,0.428818,0.494226,0.297791,0.447916,0.331786,0.502435,0.598658,0.496985,0.705428,0.597752,0.724756,0.77487,0.477353,0.189099,0.559848,0.197222,0.365836,0.251724,0.58895,0.240814
0.545305,0.202678,0.49674,0.330756,0.365677,0.336192,0.297853,0.398851,0.365824,0.336188,0.63746,0.31989,0.758732,0.40431,0.787795,0.336195,0.525825,0.532385,0.423971,0.532378,0.297897,0.488778,0.399712,0.586872,0.618021,0.529674,0.739337,0.554218,0.73452,0.739452,0.486998,0.186395,0.569576,0.19452,0.370588,0.249048,0,0
0.555019,0.202679,0.491985,0.333487,0.356041,0.344352,0.283257,0.412475,0.370538,0.336221,0.637515,0.322609,0.744254,0.423372,0.7927,0.347087,0.550156,0.532369,0.453061,0.535103,0.283273,0.505127,0,0,0.647158,0.521482,0.729667,0.526921,0.74902,0.676802,0.487121,0.186364,0.579238,0.197199,0.375385,0.251722,0,0
0.559878,0.205432,0.491941,0.336156,0.356058,0.344351,0.288106,0.407027,0.365808,0.338923,0.637484,0.32531,0.753965,0.404349,0.79747,0.341668,0.535636,0.510598,0.43856,0.513311,0.210521,0.543273,0.365787,0.600501,0.637469,0.502416,0.70058,0.428827,0.714975,0.567804,0.506435,0.194506,0.588872,0.202675,0.375452,0.251779,0,0
0.559919,0.205438,0.496718,0.333452,0.365723,0.333496,0.297843,0.393414,0.365642,0.333446,0.637487,0.32531,0.75385,0.401541,0.792726,0.338907,0.521038,0.507848,0.423952,0.507856,0.24939,0.464258,0.322101,0.597783,0.603516,0.49697,0.705357,0.423407,0.676311,0.565053,0.51127,0.191825,0.588906,0.202671,0.37555,0.254425,0,0
0.554974,0.205375,0.501599,0.319851,0.375423,0.317111,0.283312,0.396154,0.336708,0.333495,0.627773,0.319891,0.734482,0.401553,0.75888,0.341652,0.496764,0.496969,0.404616,0.499659,0.220194,0.464202,0.249315,0.608679,0.58891,0.494248,0.719958,0.431581,0.666553,0.565079,0.496786,0.189084,0.579248,0.199972,0.375443,0.249036,0,0
0.5549,0.205382,0.501623,0.317149,0.375431,0.31437,0.288089,0.393411,0.336666,0.333508,0.627782,0.319849,0.724759,0.401601,0.753863,0.341635,0.491871,0.507842,0.404523,0.507835,0.210479,0.469713,0.205629,0.616847,0.584126,0.505148,0.715195,0.439731,0.637527,0.5787,0.49672,0.189101,0.579245,0.199939,0.375448,0.251735,0,0
0.550113,0.208084,0.506442,0.319845,0.375501,0.314431,0.288075,0.393385,0.336711,0.333442,0.627736,0.322579,0.724827,0.404349,0.749074,0.347063,0.482288,0.518761,0.399757,0.51606,0.195898,0.494219,0.128064,0.638673,0.579203,0.516049,0.719934,0.447858,0.613213,0.586892,0.491972,0.197216,0.574408,0.202714,0.375393,0.251751,0,0
0.550145,0.208092,0.506471,0.319844,0.375405,0.314403,0.288112,0.390693,0.33186,0.336206,0.632583,0.32259,0.724819,0.407066,0.753844,0.349816,0.482293,0.516005,0.399694,0.513306,0.181439,0.51326,0.118297,0.665877,0.58404,0.513318,0.724876,0.447884,0.613185,0.578719,0.496712,0.197227,0.574352,0.202696,0.375415,0.251742,0,0
0.555012,0.208095,0.50648,0.319864,0.370654,0.319824,0.292902,0.393393,0.336604,0.336222,0.63741,0.319834,0.734473,0.407023,0.763636,0.355286,0.487132,0.524208,0.399664,0.52422,0.181394,0.551495,0.127969,0.709499,0.588998,0.521462,0.749038,0.450699,0.593825,0.586878,0.50161,0.194539,0.579244,0.202657,0.375471,0.251771,0,0
0.559722,0.20547,0.516104,0.319846,0.370698,0.319839,0.29291,0.390701,0.336655,0.336223,0.642216,0.317138,0.744232,0.407065,0.763726,0.357917,0.506469,0.521475,0.40462,0.521504,0.191132,0.559643,0.142586,0.731297,0.598633,0.518731,0.753983,0.456108,0.588907,0.589579,0.50161,0.194536,0.579284,0.20266,0.375492,0.254432,0,0
0.559756,0.208112,0.511296,0.322586,0.37063,0.322565,0.268749,0.40975,0.336657,0.336229,0.637487,0.319877,0.729719,0.415217,0.758812,0.360665,0.525809,0.52148,0.424003,0.524213,0.215267,0.548682,0.210408,0.717664,0.618039,0.516065,0.763583,0.458788,0.642303,0.592333,0.506442,0.197231,0.579278,0.202696,0.375535,0.254442,0,0
0.559799,0.208153,0.496769,0.325308,0.370542,0.325291,0.268769,0.40432,0.336613,0.338955,0.632585,0.322571,0.724806,0.41795,0.754025,0.360666,0.525861,0.524213,0.42886,0.529638,0.234743,0.526933,0.249314,0.695849,0.618039,0.518763,0.763601,0.461511,0.642351,0.603246,0.506472,0.199909,0.579255,0.205346,0.375508,0.257148,0,0
0.55981,0.208163,0.511286,0.322546,0.375429,0.317131,0.292849,0.396113,0.346359,0.336169,0.63256,0.325311,0.729726,0.420594,0.75385,0.358009,0.53555,0.499697,0.443439,0.505114,0.278407,0.464268,0.317296,0.600521,0.627798,0.496943,0.77327,0.464281,0.681101,0.605954,0.501656,0.199964,0.579235,0.20535,0.375537,0.257199,0,0
0.559899,0.208202,0.511271,0.325291,0.380318,0.322568,0.293116,0.393383,0.351207,0.336166,0.62295,0.327977,0.729633,0.420645,0.753794,0.358005,0.545296,0.507872,0.453097,0.502416,0.293074,0.447914,0.297776,0.543266,0.637467,0.507849,0.778207,0.461566,0.6811,0.605944,0.511267,0.202651,0.579231,0.205399,0.375551,0.257169,0,0
0.569608,0.213569,0.520974,0.325278,0.394913,0.319825,0.293047,0.382551,0.36086,0.330708,0.63252,0.328041,0.729604,0.420671,0.729669,0.360722,0.525815,0.535103,0.428852,0.532382,0.239602,0.491503,0.307505,0.603228,0.60832,0.535079,0.787905,0.611386,0.792782,0.79395,0.521021,0.205396,0.588961,0.205424,0.385148,0.254454,0,0
0.574328,0.210891,0.521085,0.325295,0.399699,0.319837,0.293044,0.385242,0.365659,0.330776,0.63738,0.330709,0.729714,0.423331,0.724827,0.360775,0.511359,0.529631,0.414316,0.524183,0.229843,0.49699,0.336624,0.641368,0.603483,0.532342,0.749014,0.625062,0.744223,0.807573,0.521033,0.205382,0.588947,0.205415,0.385208,0.257143,0,0
0.574405,0.213611,0.521042,0.330767,0.380358,0.330718,0.293055,0.396095,0.360931,0.341685,0.642304,0.330758,0.734499,0.420672,0.719908,0.37976,0.491955,0.537807,0.399742,0.532384,0.210554,0.529673,0.283267,0.679483,0.598572,0.537812,0.676307,0.5978,0.681182,0.791235,0.525814,0.208088,0.588979,0.208109,0.394805,0.257203,0,0
0.574347,0.213622,0.520928,0.333442,0.37553,0.333443,0.293016,0.396091,0.360896,0.341663,0.642267,0.330768,0.739349,0.417897,0.715065,0.382493,0.491906,0.540537,0.404492,0.535146,0.205675,0.543315,0.244368,0.706729,0.593736,0.540539,0.676193,0.611378,0.661729,0.826627,0.525819,0.20808,0.588971,0.208122,0.390029,0.25986,0,0
0.569532,0.213624,0.506482,0.33344,0.3755,0.330752,0.288054,0.39884,0.341497,0.352537,0.63253,0.333493,0.734557,0.42065,0.710245,0.388003,0.487071,0.537797,0.399747,0.535115,0.205624,0.565058,0.195959,0.731328,0.584058,0.535131,0.671437,0.595073,0.642235,0.785785,0.521034,0.208108,0.588887,0.208152,0.385188,0.259877,0,0
0.574338,0.221772,0.496776,0.333495,0.375436,0.333462,0.283316,0.396178,0.331903,0.355249,0.622924,0.333488,0.724877,0.42069,0.705386,0.390708,0.487032,0.53513,0.399681,0.535098,0.210394,0.570543,0.205581,0.733989,0.584038,0.535112,0.661776,0.584151,0.598731,0.753117,0.530708,0.208161,0.593707,0.210847,0.380331,0.259864,0,0
0.559836,0.208127,0.487076,0.333491,0.370552,0.333495,0.288134,0.396128,0.331875,0.355252,0.613243,0.330722,0.724807,0.420629,0.695676,0.393393,0.482132,0.52966,0.385217,0.532364,0.205695,0.56234,0.225071,0.72856,0.569514,0.526919,0.647142,0.526915,0.598606,0.668654,0.511245,0.202647,0.569555,0.205423,0.375468,0.257208,0,0
0.555051,0.208108,0.487025,0.333494,0.365825,0.336173,0.288137,0.398828,0.331758,0.357929,0.608435,0.330758,0.729614,0.420686,0.695747,0.396154,0.482168,0.521477,0.394837,0.526919,0.205699,0.556909,0.234782,0.725835,0.569509,0.516033,0.64223,0.486065,0.632591,0.614145,0.506415,0.202642,0.564781,0.205408,0.375442,0.259918,0,0
0.55008,0.205402,0.491965,0.327985,0.370645,0.325274,0.28331,0.3961,0.326876,0.349831,0.618098,0.330748,0.720016,0.417931,0.690885,0.398864,0.477364,0.526931,0.380354,0.526942,0.191081,0.559609,0.181399,0.728568,0.564746,0.521491,0.685971,0.447895,0.642286,0.603217,0.491871,0.194505,0.564776,0.202696,0.370733,0.254501,0.584136,0.259884
