0.210323,0.211261,0.250735,0.415601,0.226787,0.581804,0.252231,0.769815,0.273183,0.829758,0.270192,0.233045,0.413876,0.290249,0.466262,0.271183,0.505176,0.527307,0.484224,0.617226,0.626412,0.568186,0.786559,0.576355,0.52164,0.434664,0.68628,0.36382,0.776082,0.557279,0.175918,0.252057,0.178886,0.219386,0.160911,0.426457,0,0
0.208828,0.211258,0.256722,0.382901,0.225293,0.535479,0.250732,0.758915,0.267199,0.77799,0.271686,0.233038,0.409386,0.260282,0.472247,0.249385,0.497694,0.535488,0.478233,0.611776,0.629403,0.576356,0.788054,0.560005,0.521642,0.451012,0.6773,0.355645,0.78207,0.546396,0.175907,0.252083,0.178895,0.213978,0.162417,0.426538,0,0
0.205835,0.213942,0.259718,0.38018,0.222293,0.540934,0.243252,0.748023,0.312104,0.772543,0.271693,0.233041,0.413875,0.254833,0,0,0.491707,0.549108,0.473743,0.639028,0.59049,0.568185,0.797034,0.562736,0.523136,0.459185,0.662333,0.350197,0.807512,0.50006,0.172914,0.25216,0.180381,0.211228,0.162428,0.434648,0,0
0.207324,0.21668,0.255221,0.393796,0.220801,0.55728,0.271688,0.767094,0.36598,0.837936,0.270196,0.235756,0.410884,0.249376,0,0,0.487218,0.549105,0.472248,0.633578,0.596476,0.56001,0.80901,0.55728,0.521642,0.459195,0.654848,0.352921,0.809009,0.508237,0.172904,0.26027,0.177399,0.219392,0.160916,0.445567,0,0
0.20283,0.230323,0.252238,0.429219,0.24026,0.636301,0.383941,0.903333,0.4498,0.966006,0.264206,0.241201,0.315096,0.192158,0.319611,0.178518,0.524635,0.565457,0.497693,0.6581,0,0,0,0,0.532117,0.464643,0.651856,0.361102,0.815001,0.480987,0.169924,0.276626,0.18189,0.222141,0.157951,0.459201,0,0
0.204346,0.238475,0.25822,0.399244,0.235767,0.565459,0.359996,0.88698,0.466261,0.994614,0.265694,0.243945,0.376459,0.284803,0.446804,0.295703,0.526132,0.56818,0.502183,0.658096,0.668319,0.589982,0.820984,0.554555,0.536607,0.475538,0.663829,0.366546,0.820984,0.478262,0.171412,0.282047,0.184862,0.224899,0.157944,0.464623,0,0
0.208811,0.246638,0.250734,0.442844,0.23876,0.62268,0.349519,0.86246,0.442321,0.995979,0.264213,0.254841,0.410885,0.265728,0.473745,0.17581,0.515655,0.562736,0.494698,0.6581,0.644372,0.584533,0.837449,0.557285,0.530619,0.464645,0.681791,0.380171,0.837445,0.45374,0.172881,0.284808,0.187856,0.230304,0.156447,0.467381,0,0
0.208837,0.24932,0.250738,0.440121,0.237262,0.614508,0.354007,0.878806,0.439323,0.995979,0.265697,0.260275,0.406394,0.246654,0.470754,0.167639,0.520145,0.565452,0.496196,0.663546,0.638383,0.573633,0.84643,0.551836,0.535112,0.470088,0.663828,0.38835,0.837446,0.510962,0.171384,0.287535,0.18637,0.230336,0.154939,0.467389,0,0
0.199859,0.246662,0.249234,0.44556,0.23727,0.636307,0.345031,0.859728,0.43333,0.968736,0.264212,0.252099,0.436327,0.298428,0.490214,0.262996,0.527625,0.562738,0.509667,0.660823,0.666821,0.595428,0.838944,0.54911,0.539602,0.46464,0.677299,0.37745,0.837446,0.470086,0.162444,0.295715,0.178895,0.230327,0.151964,0.480991,0,0
0.196851,0.263002,0.250736,0.456456,0.23726,0.630856,0.333057,0.835205,0.424349,0.93877,0.276182,0.25212,0.410883,0.268454,0.467755,0.271175,0.529122,0.562733,0.511165,0.658108,0.686278,0.581805,0.834457,0.532768,0.542598,0.461916,0.678797,0.382903,0.840446,0.440122,0.157939,0.31482,0.175905,0.246673,0.144463,0.489132,0,0
0.193866,0.301154,0.249238,0.451019,0.23427,0.63085,0.315091,0.799785,0.439323,0.892441,0.277674,0.252102,0.413878,0.260278,0.464765,0.249379,0.526129,0.554553,0.511164,0.649921,0.683286,0.554557,0.841939,0.480986,0.542595,0.456459,0.680292,0.355652,0.846427,0.40742,0.150465,0.350182,0.175887,0.254852,0.150441,0.510985,0,0
0.186375,0.320258,0.255221,0.440117,0.219304,0.619951,0.297133,0.783442,0.39292,0.846121,0.282168,0.252115,0.418369,0.295702,0.463274,0.282088,0.520146,0.540939,0.506675,0.639031,0.696756,0.554557,0.814998,0.472818,0.53511,0.445567,0.66682,0.350191,0.812006,0.382894,0.148932,0.366541,0.1744,0.271154,0.142978,0.524579,0.20733,0.238475
0.183391,0.333851,0.247738,0.453735,0.20883,0.614502,0.261213,0.764367,0.359991,0.837931,0.289649,0.276634,0.421362,0.252107,0.481228,0.254831,0.499189,0.543662,0.475243,0.639026,0.6309,0.551829,0.807512,0.502787,0.523138,0.44829,0.695259,0.347475,0.817992,0.361098,0.138507,0.382869,0.169889,0.279368,0.13547,0.527324,0.181884,0.246654
0.183376,0.336553,0.252231,0.46192,0.214814,0.61723,0.259715,0.777991,0.34054,0.843381,0.286652,0.287529,0.415373,0.260281,0.484224,0.290249,0.482726,0.554561,0.47075,0.655371,0.591988,0.55728,0.771592,0.532757,0.509668,0.456467,0.632398,0.363819,0.800029,0.382894,0.138485,0.382903,0.166929,0.282115,0.139982,0.530039,0.186376,0.249383
0.186383,0.339332,0.247745,0.456459,0.240258,0.652654,0.3121,0.873362,0,0,0.29414,0.265727,0.418365,0.257555,0.472252,0.260283,0.535112,0.560008,0.523138,0.658103,0.689272,0.568184,0.820984,0.467366,0.548582,0.456462,0.647364,0.350199,0.825475,0.418317,0.139971,0.391083,0.169912,0.290229,0.142961,0.535485,0.186378,0.252099
0.189373,0.342011,0.252231,0.451016,0.232775,0.641748,0.307609,0.865189,0.361493,0.994613,0.295634,0.263001,0.424352,0.249378,0.467756,0.243925,0.529122,0.551838,0.515654,0.647203,0.711723,0.562737,0.86289,0.554557,0.535111,0.45647,0.711725,0.396518,0.862892,0.464641,0.142974,0.393776,0.172896,0.292959,0.139975,0.527324,0.187871,0.249376
0.192376,0.358352,0.264196,0.437398,0.234272,0.63085,0.306112,0.86519,0.388432,0.995978,0.29264,0.279349,0.379449,0.241197,0.460277,0.230312,0.532118,0.568185,0.521641,0.682627,0.720704,0.682625,0.913781,0.739842,0.536609,0.45647,0.744653,0.483713,0.894324,0.677175,0.151946,0.404699,0.181872,0.301129,0.151953,0.538204,0.207325,0.26572
0.196854,0.363815,0.264209,0.461908,0.238758,0.655376,0.345029,0.91423,0.520143,0.994614,0.297136,0.287515,0.383944,0.246656,0.463262,0.222132,0.544091,0.609056,0.52613,0.739845,0.765605,0.767088,0.979637,0.810689,0.563548,0.480987,0.756625,0.530034,0.912284,0.649926,0.151972,0.415593,0.184881,0.309323,0.148952,0.546373,0.210338,0.271149
0.201326,0.371991,0.267192,0.478266,0.241754,0.674454,0.365984,0.933302,0.475244,0.995979,0.300126,0.298418,0.380951,0.243934,0.460274,0.205781,0.539603,0.622682,0.52314,0.742568,0.806018,0.788892,0.94671,0.84066,0.559057,0.505513,0.738667,0.494611,0.912281,0.598156,0.156446,0.42105,0.187864,0.31476,0.15046,0.549094,0.217817,0.276658
0.198344,0.374723,0.264209,0.472813,0.238761,0.669004,0.361491,0.903329,0.469258,0.995979,0.30312,0.290264,0.391427,0.23304,0.46027,0.192146,0.542596,0.619952,0.532116,0.731668,0.741659,0.75347,0.951199,0.821587,0.562049,0.508232,0.737169,0.500066,0.910785,0.595427,0.154944,0.423722,0.187852,0.314812,0.154934,0.546374,0.217816,0.279377
0.19085,0.361108,0.259724,0.453748,0.229783,0.641748,0.354006,0.881537,0.461772,0.994617,0.298626,0.279372,0.389924,0.224859,0.448303,0.162203,0.526132,0.59271,0.509666,0.698969,0.669816,0.663545,0.870375,0.753468,0.533617,0.483712,0.734174,0.483713,0.910789,0.644473,0.147469,0.407411,0.181875,0.301171,0.15044,0.530054,0.210322,0.26299
0.187871,0.347488,0.261217,0.445563,0.231275,0.636298,0.354005,0.886986,0.475242,0.994614,0.298625,0.273902,0.38993,0.230304,0.431831,0.148569,0.532116,0.600879,0.51266,0.707142,0.654847,0.65537,0.862894,0.737119,0.54409,0.489161,0.719207,0.475544,0.892828,0.644477,0.145967,0.399214,0.175894,0.292951,0.144462,0.524592,0.208832,0.25214
0.186374,0.342058,0.256715,0.440113,0.219307,0.630846,0.355506,0.878811,0.473748,0.994614,0.297136,0.268459,0.419862,0.263006,0.463267,0.170363,0.527625,0.579082,0.517151,0.674446,0.65335,0.652648,0.852415,0.658105,0.536608,0.486438,0.708731,0.461918,0.865886,0.568182,0.142962,0.396513,0.172929,0.290243,0.142981,0.521886,0.207327,0.252107
0.186391,0.344745,0.259722,0.442849,0.234272,0.63358,0.351014,0.867915,0.442311,0.995977,0.298631,0.268457,0.406395,0.257558,0.41986,0.115859,0.530619,0.587254,0.517151,0.685349,0.666823,0.647198,0.865884,0.579079,0.538106,0.483718,0.702744,0.461915,0.864386,0.554554,0.14446,0.396543,0.174418,0.290256,0.145966,0.524554,0.208827,0.25481
0.187892,0.34747,0.261206,0.440119,0.234274,0.633582,0.348018,0.846118,0.439319,0.955104,0.295638,0.263001,0.392925,0.22758,0.391428,0.0395699,0.520142,0.57636,0.497692,0.677178,0.624913,0.595431,0.832959,0.554559,0.532117,0.478264,0.666823,0.421045,0.859899,0.434667,0.145966,0.399213,0.175913,0.290264,0.141485,0.521895,0.207326,0.252097
0.189369,0.344766,0.259709,0.437388,0.231281,0.633574,0.351013,0.846104,0.434832,0.946926,0.297128,0.260293,0.386937,0.178535,0.370474,0.0531988,0.527628,0.579087,0.508168,0.679904,0.630901,0.644477,0.806019,0.508238,0.545588,0.478263,0.647365,0.421043,0.814996,0.44557,0.147441,0.396514,0.177402,0.290258,0.150441,0.524588,0.207322,0.252128
0.189372,0.342058,0.259713,0.434666,0.231274,0.625409,0.32557,0.813416,0.41837,0.892435,0.294136,0.263007,0.409387,0.27118,0,0,0.515653,0.573636,0.488711,0.677173,0.591986,0.57908,0.803022,0.467364,0.529122,0.472816,0.635391,0.369275,0.812003,0.371994,0.148931,0.393781,0.177386,0.290214,0.150445,0.524559,0.204349,0.252111
0.190861,0.342012,0.258216,0.43467,0.228284,0.619945,0.310602,0.788893,0.403396,0.862463,0.294133,0.265721,0.409386,0.252103,0.391425,0.0368457,0.496196,0.565462,0.478238,0.663554,0.578516,0.570904,0.791051,0.464643,0.520142,0.467366,0.642875,0.350195,0.804523,0.358373,0.148962,0.393798,0.178895,0.290224,0.15195,0.521881,0.204346,0.252159
0.195362,0.342041,0.250734,0.434663,0.214815,0.611787,0.297133,0.775265,0.362986,0.794333,0.289655,0.265737,0.409387,0.254831,0,0,0.521639,0.565459,0.479733,0.666279,0.641379,0.581805,0.822482,0.46464,0.530621,0.470089,0.647366,0.445565,0.853913,0.423767,0.148967,0.393808,0.181871,0.290282,0.153457,0.521846,0.202846,0.25213
0.213323,0.342002,0.253728,0.451017,0.232775,0.641749,0.357003,0.82431,0.355506,0.767095,0.295635,0.260276,0.412382,0.230307,0.401904,0.0232233,0.542594,0.568183,0.530622,0.701697,0.758122,0.780715,0,0,0.557561,0.459192,0.738665,0.584531,0,0,0.162452,0.396475,0.19535,0.290229,0.159429,0.513691,0.21779,0.249386
0.22083,0.350177,0.268701,0.451004,0.237266,0.625408,0.346524,0.786164,0.391425,0.767089,0.301626,0.257569,0.415372,0.243934,0,0,0.556064,0.570904,0.533615,0.685347,0.762613,0.764365,0.985622,0.857013,0.574027,0.464635,0.765607,0.519137,0.925753,0.660829,0.17741,0.396515,0.208794,0.290278,0.163917,0.513701,0.231274,0.25214
0.234259,0.352934,0.262712,0.464638,0.243252,0.630854,0.345028,0.775271,0.422855,0.767096,0.297133,0.260284,0.415376,0.254827,0.412379,0.0940681,0.53661,0.570908,0.524635,0.677175,0.719209,0.698973,0.918271,0.799789,0.569535,0.464637,0.755127,0.475538,0.921262,0.652653,0.184881,0.396524,0.217824,0.295711,0.163934,0.516433,0.211819,0.241209
0.232787,0.34207,0.256722,0.445565,0.244745,0.636305,0.355504,0.810687,0.46626,0.783442,0.295638,0.25483,0.415371,0.26028,0,0,0.526131,0.611776,0.514156,0.715319,0.680291,0.660825,0.858401,0.77254,0.542595,0.494612,0.744651,0.467361,0.912283,0.660829,0.17443,0.391076,0.210346,0.29021,0.166917,0.502788,0.211821,0.241203
0.204349,0.336542,0.268693,0.437386,0.238753,0.617229,0.343537,0.797064,0.463271,0.840654,0.306116,0.254818,0.415374,0.252101,0.400406,0.110415,0.550076,0.573627,0.533615,0.674443,0.701246,0.663555,0.870378,0.67717,0.571032,0.472806,0.74316,0.47281,0.876363,0.639025,0.160909,0.377469,0.193839,0.273909,0.153457,0.50279,0.220813,0.238478
0.205821,0.328422,0.270196,0.431948,0.241751,0.617239,0.349516,0.799783,0.461773,0.846121,0.307615,0.249363,0.415374,0.246652,0,0,0.536609,0.570908,0.526129,0.674454,0.689275,0.658099,0.868878,0.666279,0.562051,0.467369,0.746146,0.467363,0.865885,0.660827,0.160938,0.377434,0.192353,0.273885,0.151958,0.497343,0.219294,0.241218
0.207334,0.33381,0.268692,0.442835,0.238769,0.628134,0.342034,0.794342,0.443809,0.870643,0.306113,0.252107,0.404897,0.235756,0,0,0.532117,0.568186,0.515655,0.671728,0.660834,0.658095,0.847926,0.663545,0.553073,0.467365,0.723699,0.440114,0.862891,0.589978,0.162437,0.377426,0.193862,0.273932,0.150457,0.497348,0.220794,0.243933
0.208804,0.33112,0.271689,0.431943,0.240255,0.62267,0.340542,0.788891,0.437825,0.870619,0.309108,0.252087,0.412379,0.26028,0,0,0.526131,0.565454,0.506672,0.663556,0.64587,0.63085,0.856905,0.630851,0.538104,0.464635,0.708732,0.388344,0.843433,0.625407,0.16395,0.377415,0.196871,0.271217,0.151943,0.494614,0.228278,0.243922
0.208825,0.331114,0.274685,0.434666,0.243257,0.619961,0.337541,0.783448,0.437823,0.86246,0.307604,0.252109,0.422859,0.268452,0.47674,0.249377,0.529123,0.568184,0.514155,0.666278,0.657843,0.658097,0.847924,0.592708,0.542595,0.464639,0.698255,0.407417,0.841939,0.557281,0.16542,0.377427,0.196869,0.273855,0.150453,0.494628,0.229776,0.243945
0.210334,0.328388,0.276176,0.431948,0.240262,0.619957,0.318089,0.775272,0.418371,0.843377,0.306121,0.252089,0.421363,0.268457,0.487218,0.230307,0.518645,0.557285,0.484222,0.655369,0.600968,0.619954,0.80003,0.554553,0.533615,0.459193,0.690772,0.35837,0.829964,0.456471,0.166928,0.377406,0.198371,0.273875,0.159433,0.500059,0.222301,0.235774
0.208808,0.331117,0.274685,0.423769,0.235771,0.581807,0.292642,0.758919,0.392925,0.794344,0.30461,0.254842,0.464767,0.249379,0.518645,0.197608,0.520144,0.551835,0.481231,0.64993,0.629404,0.579081,0.801528,0.49189,0.536607,0.45102,0.660835,0.342024,0.844932,0.410146,0.163941,0.374715,0.195353,0.273884,0.154955,0.510946,0.217804,0.235753
0.20731,0.328393,0.267203,0.42649,0.234267,0.568187,0.291148,0.767089,0.376458,0.786163,0.306107,0.257565,0.452792,0.249385,0.493203,0.213957,0.521641,0.546385,0.481229,0.649922,0.635391,0.565457,0.803025,0.516409,0.539602,0.448288,0.669815,0.347468,0.817991,0.437393,0.162414,0.374722,0.192368,0.273857,0.157935,0.510946,0.216305,0.238477
0.205829,0.317556,0.262705,0.404698,0.222293,0.554557,0.274682,0.758921,0.364483,0.802516,0.300129,0.254825,0.430341,0.254835,0.47824,0.257554,0.524635,0.562731,0.493203,0.666273,0.656345,0.57908,0.829966,0.54638,0.535111,0.459186,0.6773,0.401968,0.834455,0.491889,0.16092,0.369267,0.189359,0.271202,0.150446,0.497342,0.210328,0.241209
0.208834,0.320222,0.264207,0.418319,0.228284,0.568181,0.288153,0.75892,0.367481,0.832486,0.298634,0.257555,0.428843,0.260281,0.479732,0.243932,0.527629,0.560008,0.515654,0.658106,0.713221,0.554556,0.870376,0.568179,0.533616,0.459192,0.699749,0.442841,0.865884,0.560008,0.162429,0.372002,0.19385,0.271184,0.153441,0.494614,0.213319,0.241198
0.229779,0.333845,0.279173,0.431955,0.243255,0.625403,0.315097,0.797067,0.428842,0.867918,0.306106,0.246663,0.424349,0.273904,0,0,0.541098,0.584532,0.527625,0.698972,0.708729,0.707144,0.910788,0.797064,0.568041,0.472813,0.767103,0.527312,0.927252,0.701698,0.183374,0.374697,0.208827,0.273935,0.15645,0.497331,0.211808,0.241176
0.235771,0.336564,0.280668,0.448289,0.247741,0.628126,0.365981,0.84611,0.469255,0.889709,0.303117,0.254834,0.42585,0.252108,0,0,0.563548,0.603605,0.536609,0.73167,0.756626,0.767089,0.918273,0.83521,0.571036,0.478261,0.762612,0.470091,0.91977,0.666277,0.187871,0.380199,0.219319,0.276657,0.16542,0.505514,0.231273,0.241202
0.241762,0.336579,0.28965,0.426486,0.247744,0.641752,0.386937,0.85974,0.505176,0.994614,0.310606,0.249381,0.422857,0.246653,0.446805,0.121315,0.581509,0.595429,0.569535,0.737117,0.858404,0.805241,0.988617,0.797063,0.584504,0.472818,0.752135,0.459197,0.922759,0.655374,0.187873,0.385592,0.220822,0.282053,0.169911,0.516391,0.223804,0.249336
0.234268,0.336566,0.286653,0.44557,0.253732,0.64175,0.374964,0.857004,0.485717,0.994616,0.306112,0.254836,0.416868,0.249384,0.455784,0.154014,0.5396,0.573635,0.524634,0.690796,0.687778,0.690796,0.904801,0.818865,0.572529,0.464637,0.747644,0.456469,0.925757,0.641752,0.184884,0.382927,0.219275,0.282063,0.163923,0.513699,0.231278,0.235759
0.220812,0.336609,0.274682,0.456462,0.24774,0.641753,0.367478,0.862465,0.473743,0.994614,0.303117,0.271186,0.416869,0.235757,0,0,0.542595,0.570904,0.529124,0.67445,0.695261,0.66083,0.889833,0.696246,0.571032,0.461916,0.741657,0.456463,0.891329,0.560004,0.172917,0.382945,0.207334,0.284786,0.153462,0.527292,0.220797,0.249357
0.220786,0.339272,0.273188,0.456463,0.247742,0.644475,0.37047,0.86791,0.475242,0.994614,0.306109,0.271177,0.416867,0.241209,0,0,0.536606,0.628128,0.524634,0.734397,0.698252,0.862456,0,0,0.554569,0.500064,0.740161,0.579082,0,0,0.172915,0.388376,0.207316,0.284832,0.15346,0.530009,0.225291,0.252094
0.220819,0.339318,0.276178,0.451017,0.247739,0.647204,0.37197,0.873356,0.479731,0.994615,0.304621,0.276621,0.419862,0.238484,0.460274,0.12404,0.571033,0.62268,0.536608,0.742571,0,0,0,0,0.581509,0.48099,0,0,0,0,0.172906,0.391037,0.207331,0.287549,0.153458,0.530018,0.2193,0.249397
0.222304,0.339313,0.273188,0.453739,0.246243,0.641748,0.367477,0.865192,0.478237,0.994614,0.301625,0.282076,0.419864,0.243934,0.467757,0.137664,0.533615,0.560013,0.524633,0.660823,0.68179,0.560014,0.847926,0.519138,0.560555,0.459187,0.705736,0.350197,0.861393,0.27118,0.172916,0.39105,0.207332,0.290214,0.154937,0.530022,0.213314,0.246663
0.220822,0.339359,0.27019,0.464634,0.24774,0.644475,0.364486,0.865189,0.47674,0.994613,0.303122,0.279353,0.419863,0.243929,0.487215,0.170361,0.530622,0.581808,0.515655,0.679899,0.645868,0.625402,0.843436,0.489163,0.551575,0.478261,0.687776,0.377447,0,0,0.172923,0.393762,0.207329,0.29027,0.160938,0.527293,0.211819,0.249377
0.223796,0.339348,0.270193,0.45919,0.249235,0.649928,0.364485,0.865192,0.475242,0.994615,0.306115,0.263006,0.427349,0.24938,0.48123,0.192159,0.529126,0.570906,0.514157,0.669001,0.638386,0.606331,0.849422,0.491888,0.542595,0.472811,0.675802,0.363821,0.846428,0.445568,0.174393,0.393772,0.207331,0.290271,0.15944,0.527316,0,0
0.228272,0.344728,0.259717,0.461913,0.249237,0.655374,0.368976,0.867914,0.476739,0.994617,0.301623,0.265727,0.418368,0.233034,0.472247,0.145836,0.542595,0.570906,0.532118,0.666271,0.735672,0.570907,0.858403,0.532761,0.557562,0.451019,0,0,0,0,0.174384,0.396519,0.207306,0.295747,0.159439,0.516414,0.208825,0.249374
0.222319,0.352904,0.26271,0.464635,0.249237,0.652646,0.364483,0.865184,0.479733,0.994614,0.297133,0.271176,0.413878,0.252109,0.478234,0.233032,0.529126,0.573631,0.524632,0.671725,0.705737,0.58998,0,0,0.541095,0.434672,0.69975,0.448291,0,0,0.175912,0.39651,0.207324,0.301123,0.153457,0.524591,0,0
0.240262,0.352938,0.259715,0.467364,0.253725,0.658104,0.371969,0.870631,0.478238,0.994614,0.286656,0.265733,0.410884,0.257556,0.472249,0.24393,0.544091,0.619953,0.530621,0.748015,0.750639,0.788889,0,0,0.566539,0.491885,0,0,0,0,0.186375,0.401981,0.21632,0.306608,0.184874,0.513688,0,0
0.235777,0.358374,0.28067,0.461917,0.256722,0.658099,0.406393,0.99325,0.530623,0.994614,0.300129,0.265733,0.418367,0.249385,0,0,0.583004,0.625405,0.574025,0.748022,0.907795,0.79979,0,0,0.587494,0.489161,0.829965,0.557283,0,0,0.190855,0.407396,0.219323,0.306627,0.181887,0.521858,0,0
0.246259,0.355671,0.282165,0.475539,0.265701,0.663545,0.413876,0.994613,0.532118,0.994614,0.300123,0.287525,0.37197,0.17581,0,0,0.562053,0.598154,0.551576,0.70987,0.768598,0.761647,0.957186,0.788891,0.566538,0.470091,0.75064,0.532761,0.921265,0.560004,0.196853,0.404694,0.223783,0.312089,0.162432,0.538201,0,0
0.234255,0.361145,0,0,0,0,0,0,0,0,0,0,0,0,0,0,0,0,0,0,0,0,0,0,0,0,0,0,0,0,0.196866,0.402007,0.217814,0.312106,0.156436,0.532766,0,0
0.211839,0.363854,0.279164,0.459187,0.226788,0.633581,0.410885,0.976902,0,0,0.309108,0.287531,0.413873,0.276627,0,0,0.580012,0.647202,0,0,0,0,0,0,0.578516,0.513685,0,0,0,0,0.169896,0.412854,0.205823,0.312026,0.15645,0.543657,0.235762,0.290201
0.211823,0.363819,0.273188,0.461924,0.240258,0.644473,0.389929,0.908783,0.527629,0.994614,0.306111,0.292967,0.415375,0.268454,0.470752,0.252109,0.536607,0.609052,0.529124,0.731671,0.738665,0.734394,0.879355,0.704422,0.545589,0.489164,0.741657,0.453741,0.894323,0.448292,0.168428,0.421041,0.201345,0.312053,0.15943,0.551826,0.232786,0.287525
0.217809,0.363861,0.268696,0.472823,0.238765,0.644474,0.410884,0.994613,0.536609,0.994614,0.30162,0.303879,0.515653,0.40742,0,0,0.585999,0.573631,0.584502,0.690799,0.749141,0.666277,0.936232,0.60633,0.584501,0.456469,0.702744,0.415592,0.877859,0.363826,0.171392,0.415581,0.205822,0.314756,0.153455,0.554573,0,0
0.219308,0.366526,0.265701,0.472815,0.253728,0.666276,0.407891,0.994614,0.538104,0.994614,0.295638,0.298431,0.361491,0.192159,0,0,0.580013,0.587255,0.578514,0.693524,0.741657,0.658101,0.9048,0.649928,0.58151,0.470086,0.707234,0.418316,0.879357,0.371998,0.171401,0.412882,0.205824,0.314731,0.151945,0.546372,0,0
0.21631,0.358393,0.262709,0.491886,0.244747,0.65538,0.406393,0.994613,0.53062,0.994614,0.291149,0.309334,0.413877,0.260283,0,0,0.574027,0.592704,0.569534,0.704422,0.713222,0.647197,0.885342,0.652653,0.575521,0.472812,0.692267,0.393793,0.874867,0.535483,0.169915,0.401913,0.201334,0.309287,0.150449,0.560017,0,0
0.211829,0.361057,0.265695,0.475537,0.241752,0.658099,0.370474,0.884256,0.520145,0.994614,0.29564,0.292959,0.413878,0.260278,0.424354,0.126762,0.527626,0.587253,0.520143,0.688072,0.689272,0.649926,0.859899,0.748017,0.532117,0.480987,0.708729,0.434669,0.871874,0.579082,0.166933,0.401942,0.199844,0.306577,0.154934,0.554547,0,0
0.208812,0.355641,0.26122,0.470078,0.223796,0.633572,0.36748,0.881536,0.524633,0.994614,0.295641,0.284804,0.410885,0.260279,0.427347,0.151292,0.523139,0.565458,0.506673,0.668998,0.692269,0.66627,0.861393,0.777995,0.527626,0.470086,0.731182,0.453747,0.874866,0.674452,0.165413,0.399246,0.196845,0.298452,0.154951,0.543668,0,0
0.20882,0.355656,0.264208,0.467376,0.228286,0.636304,0,0,0,0,0.292643,0.287533,0.401905,0.25756,0.424352,0.154013,0.523138,0.576353,0.512658,0.671724,0.687776,0.658094,0.85541,0.764373,0.530621,0.480987,0.728188,0.461915,0.882349,0.658101,0.165421,0.399265,0.195368,0.298416,0.159428,0.546381,0,0
0.217786,0.361051,0.265702,0.46736,0.240257,0.644475,0.368975,0.903331,0,0,0.291146,0.295698,0.407888,0.257551,0.436327,0.148562,0.523138,0.565455,0.512662,0.66083,0.690772,0.652656,0.861395,0.764369,0.529126,0.464641,0.716216,0.437394,0.874866,0.652655,0.171405,0.401997,0.201321,0.309289,0.157939,0.546353,0,0
0.213314,0.358379,0.264202,0.472816,0.23876,0.63903,0.367479,0.895156,0.529125,0.994614,0.289651,0.295707,0.413876,0.276628,0.440818,0.170362,0.521643,0.565452,0.509665,0.660826,0.678795,0.639023,0.859897,0.761648,0.529123,0.464641,0.716217,0.423773,0.873371,0.655379,0.168429,0.401962,0.19985,0.30657,0.160943,0.546357,0,0
0.207328,0.344759,0.264213,0.464647,0.241755,0.652645,0.364484,0.884254,0.476741,0.995978,0.292639,0.27663,0.413877,0.301152,0.479732,0.26573,0.524635,0.576351,0.511164,0.677175,0.692267,0.655369,0.856905,0.767099,0.535108,0.475541,0.711726,0.429226,0.874865,0.649923,0.162422,0.393785,0.19237,0.295685,0.162428,0.54365,0,0
0.208804,0.344756,0.265698,0.46192,0.241754,0.641757,0.362985,0.88153,0.490209,0.994615,0.289652,0.27935,0.412379,0.284802,0.478236,0.268452,0.524633,0.573632,0.511162,0.674445,0.689275,0.652653,0.852417,0.761648,0.533615,0.475538,0.711722,0.431944,0.870374,0.64447,0.162425,0.393815,0.193847,0.295711,0.160942,0.543665,0,0
0.207331,0.342066,0.264207,0.467364,0.241752,0.658102,0.364487,0.892426,0.470751,0.995979,0.292636,0.276628,0.410883,0.312052,0.476739,0.282085,0.532121,0.579083,0.518644,0.68535,0.693763,0.660829,0.849425,0.761651,0.5411,0.478271,0.708727,0.429216,0.868876,0.63903,0.160947,0.39377,0.190869,0.295666,0.159431,0.538213,0,0
0.202855,0.336608,0.262713,0.478256,0.240258,0.644475,0.36299,0.878811,0.499191,0.994615,0.28815,0.295697,0.410882,0.279354,0.467759,0.271178,0.523135,0.568181,0.508169,0.660831,0.683286,0.655378,0.846428,0.761648,0.530623,0.472814,0.707235,0.421043,0.859903,0.6363,0.160923,0.382891,0.189353,0.287544,0.159437,0.538202,0,0
0.202819,0.320267,0.264198,0.464636,0.237258,0.647197,0.359993,0.87608,0.446811,0.957836,0.292642,0.265722,0.409388,0.252109,0,0,0.538101,0.592705,0.523137,0.693522,0.696754,0.663547,0.843439,0.756194,0.551573,0.483712,0.693761,0.421036,0.849421,0.611776,0.159434,0.372016,0.186406,0.276638,0.156447,0.52732,0,0
0.199838,0.322939,0.264208,0.461926,0.238759,0.630856,0.358497,0.867905,0.470752,0.994615,0.292645,0.279351,0.406394,0.252109,0,0,0.529125,0.579079,0.518645,0.674449,0.69376,0.660822,0.850918,0.758921,0.53661,0.475537,0.693767,0.388348,0.852415,0.609052,0.159437,0.372005,0.186398,0.276615,0.160925,0.530028,0,0
0.202834,0.317555,0.261208,0.459197,0.210321,0.614497,0.322578,0.840658,0.416872,0.859728,0.295631,0.284809,0.403401,0.222131,0,0,0.530622,0.568181,0.518646,0.663548,0.678795,0.649923,0.843436,0.756194,0.542594,0.470085,0.693765,0.382892,0.856909,0.609052,0.159424,0.371994,0.186398,0.276624,0.157939,0.527314,0,0
0.20433,0.314801,0.264205,0.461908,0.217807,0.609061,0.304614,0.821587,0.407891,0.843381,0.29863,0.284807,0.389931,0.186709,0,0,0.538105,0.570904,0.524635,0.666277,0.687776,0.652655,0.847925,0.75619,0.560554,0.467367,0.695256,0.382892,0.858401,0.598156,0.159428,0.369258,0.186396,0.273932,0.153444,0.52459,0,0
0.201355,0.314791,0.267199,0.456462,0.235768,0.614508,0.294137,0.818864,0.364491,0.805236,0.295634,0.265731,0.401904,0.178538,0.404895,0.118591,0.536607,0.592705,0.523137,0.685353,0.684781,0.660819,0.853913,0.73439,0.551577,0.486435,0.693766,0.38835,0.850921,0.568179,0.160916,0.366519,0.186397,0.273876,0.15046,0.524586,0,0
0.20582,0.31474,0.264208,0.461917,0.235766,0.609053,0.29115,0.799798,0.362984,0.807964,0.295637,0.271185,0.400406,0.211233,0.412378,0.129493,0.538107,0.595429,0.526128,0.690798,0.687773,0.655372,0.858404,0.718045,0.559057,0.483713,0.689277,0.388356,0.847924,0.560001,0.160951,0.366518,0.187888,0.273871,0.151941,0.524582,0,0
0.207326,0.312022,0.264205,0.453741,0.220801,0.595434,0.285158,0.767095,0.383945,0.840656,0.295638,0.279355,0.443811,0.336573,0.488712,0.276625,0.533611,0.589978,0.51715,0.682624,0.687778,0.652652,0.859899,0.688076,0.539601,0.489165,0.69227,0.374722,0.844935,0.543662,0.162409,0.363813,0.18788,0.273871,0.151943,0.519148,0,0
0.207329,0.312019,0.262705,0.464645,0.2223,0.614498,0.316593,0.807967,0.421366,0.897894,0.292641,0.284797,0.448301,0.339302,0,0,0.538102,0.598151,0.527626,0.690802,0.677298,0.647203,0.859901,0.707148,0.551575,0.49189,0.692272,0.380177,0.859899,0.53548,0.162416,0.363807,0.187885,0.271197,0.151942,0.519161,0,0
0.208814,0.309318,0.265707,0.46191,0.238758,0.622677,0.368974,0.886981,0.500687,0.994614,0.289653,0.279352,0.422859,0.230305,0,0,0.547085,0.570912,0.530623,0.668998,0.696755,0.647203,0.862889,0.690795,0.565046,0.467365,0.695263,0.377443,0.853913,0.540936,0.162428,0.361105,0.189366,0.271145,0.153454,0.519144,0,0
0.208806,0.312002,0.265698,0.456474,0.220803,0.606329,0.362987,0.884258,0.487215,0.994614,0.286655,0.287524,0.412379,0.21396,0.41238,0.137667,0.539603,0.560011,0.529123,0.66082,0.690768,0.639026,0.86439,0.718045,0.559059,0.459188,0.696757,0.371995,0.862895,0.551834,0.163909,0.361101,0.192352,0.271128,0.157931,0.519144,0,0
0.208808,0.312009,0.267193,0.45374,0.2208,0.609062,0.373466,0.911508,0.4947,0.994614,0.288149,0.287531,0.409388,0.252104,0.409386,0.0913425,0.566541,0.568178,0.542597,0.663555,0.702743,0.641752,0.861393,0.669007,0.574024,0.467361,0.695257,0.374727,0.8584,0.535489,0.163926,0.361079,0.192362,0.268472,0.156441,0.519148,0,0
0.208812,0.309346,0.264207,0.461909,0.217808,0.611783,0.364485,0.884256,0.487217,0.994614,0.285158,0.284804,0.410886,0.257556,0.407889,0.0150495,0.57253,0.560003,0.556066,0.660826,0.794044,0.671727,0.859901,0.65811,0.574025,0.456466,0.693765,0.363822,0.861394,0.557284,0.163928,0.361063,0.192364,0.268463,0.154943,0.519137,0,0
0.20882,0.298471,0.261216,0.461925,0.232774,0.617231,0.333053,0.821592,0,0,0.28666,0.282082,0.412379,0.238481,0.403399,0.0259457,0.542594,0.557283,0.530622,0.658097,0.711723,0.639029,0.862894,0.660829,0.556066,0.456471,0.705737,0.371998,0.862891,0.52731,0.160912,0.355668,0.189384,0.263016,0.148962,0.516433,0,0
0.205816,0.29573,0.264207,0.456474,0.228283,0.622678,0.373465,0.878814,0.457281,0.99325,0.292645,0.271175,0.410885,0.235755,0,0,0.560555,0.557282,0.535113,0.660819,0.738664,0.639024,0.865886,0.641752,0.57253,0.453738,0.687775,0.36382,0.86289,0.456465,0.159438,0.355611,0.186379,0.254881,0.151954,0.519138,0,0
0.199848,0.292967,0.268693,0.442845,0.226787,0.595432,0.283663,0.764372,0.361495,0.827037,0.292644,0.271174,0.433334,0.224856,0.475242,0.159465,0.527627,0.56545,0.514157,0.660822,0.683288,0.600877,0.862893,0.652648,0.538103,0.464639,0.683285,0.361093,0.853913,0.456459,0.156451,0.344755,0.184849,0.254818,0.148961,0.516436,0,0
0.198341,0.29024,0.268704,0.42922,0.211822,0.592707,0,0,0,0,0.297135,0.271189,0.42585,0.227585,0.478236,0.164911,0.529126,0.554554,0.52164,0.649926,0.692268,0.595431,0.864391,0.617228,0.539601,0.453745,0.675802,0.358373,0.859896,0.437391,0.153459,0.342051,0.180398,0.25217,0.144473,0.519115,0,0
0.202839,0.29295,0.26271,0.448288,0.202842,0.603595,0.279171,0.85973,0.238759,0.807966,0.301622,0.265726,0.437824,0.238478,0.509665,0.175809,0.538105,0.535485,0.523137,0.658095,0.692266,0.682622,0.874867,0.734396,0.548581,0.483708,0.723698,0.491889,0.895821,0.688073,0.156446,0.344766,0.18485,0.254818,0.145961,0.519141,0,0
0.211811,0.298419,0.259713,0.467365,0.228285,0.619954,0.295637,0.86246,0.247739,0.843389,0.292641,0.290252,0.427348,0.243929,0,0,0.554569,0.584534,0.535112,0.712595,0.77309,0.767089,0.924258,0.829762,0.571032,0.46464,0.750636,0.519138,0.918274,0.633578,0.165413,0.355645,0.190878,0.262988,0.150456,0.524572,0,0
0.216312,0.298431,0.265702,0.461914,0.223795,0.617233,0.295636,0.857009,0,0,0.292645,0.292972,0.422855,0.249382,0.466264,0.143116,0.560556,0.589983,0.539601,0.723496,0.803025,0.772544,0.933237,0.786168,0.574027,0.467364,0.750637,0.540935,0.918273,0.639025,0.169922,0.355622,0.195369,0.265718,0.159436,0.521871,0,0
0.2223,0.309329,0.267193,0.464634,0.232772,0.628133,0.297132,0.799784,0.400408,0.843411,0.288159,0.301149,0.415374,0.273903,0,0,0.539601,0.576352,0.530618,0.685348,0.695261,0.677171,0.90929,0.769817,0.55756,0.461915,0.750638,0.478261,0.921264,0.617228,0.177386,0.363797,0.202854,0.276639,0.162418,0.524585,0,0
0.217806,0.309301,0.264201,0.459195,0.229779,0.639027,0.339039,0.82159,0.464766,0.922412,0.289647,0.284806,0.345026,0.162184,0,0,0.563547,0.579082,0.539601,0.693521,0.816495,0.758914,0.903303,0.742569,0.575522,0.467367,0.780572,0.489164,0.925756,0.60905,0.171401,0.358372,0.198364,0.273872,0.156448,0.521871,0,0
0.208844,0.295729,0.259713,0.475537,0.228285,0.630856,0.367479,0.867907,0.502184,0.994614,0.285157,0.290252,0.331557,0.159466,0.368977,0.0967915,0.565045,0.606328,0.536607,0.73167,0.804521,0.742568,0,0,0.571033,0.478266,0,0,0,0,0.163929,0.350197,0.189356,0.260292,0.150453,0.527316,0,0
0.210332,0.298398,0.261215,0.46191,0.226788,0.636299,0.367478,0.889706,0.529123,0.994614,0.289653,0.284804,0.413879,0.241206,0.428844,0.113141,0.580014,0.58998,0.565046,0.734394,0.834455,0.734395,0,0,0.584505,0.46464,0.86888,0.562735,0,0,0.16392,0.355638,0.189369,0.268421,0.154942,0.524586,0,0
0.211823,0.306602,0.259712,0.47826,0.244745,0.649929,0.358497,0.88426,0.494699,0.994614,0.292642,0.301151,0.43483,0.325676,0.479732,0.238482,0.557561,0.6363,0.533613,0.758914,0.77758,0.72622,0.910788,0.718045,0.575523,0.502788,0.762612,0.489164,0,0,0.16395,0.361121,0.190866,0.273912,0.160934,0.527323,0,0
0.210334,0.306603,0.255224,0.483714,0.243252,0.652651,0.364484,0.994613,0.514158,0.994614,0.286655,0.295699,0.437824,0.336574,0.478236,0.205783,0.566542,0.633575,0.541097,0.753467,0.771594,0.704421,0.906298,0.731668,0.57702,0.508235,0.750638,0.489162,0.921264,0.600881,0.163945,0.361111,0.189384,0.273901,0.156453,0.530026,0,0
0.210336,0.3039,0.259712,0.467364,0.223793,0.625407,0.351014,0.884258,0.449797,0.994614,0.292642,0.287534,0.421362,0.309327,0,0,0.578517,0.61723,0.562053,0.748016,0.803025,0.728945,0,0,0.584503,0.489164,0.812004,0.489163,0,0,0.163917,0.358401,0.189379,0.273894,0.159427,0.530025,0,0
0.211808,0.303873,0.262706,0.475538,0.23876,0.633573,0.362988,0.994613,0.422858,0.994614,0.291148,0.298429,0.43034,0.246654,0,0,0.585998,0.598153,0.58151,0.726219,0.78207,0.750741,0,0,0.593482,0.472815,0.838945,0.494613,0,0,0.162453,0.361084,0.189384,0.273889,0.15943,0.527328,0,0
0.211809,0.306586,0.256723,0.456464,0.243251,0.641754,0.312099,0.86246,0.362986,0.994614,0.295637,0.271176,0.418369,0.268455,0,0,0.585998,0.565458,0.581511,0.67445,0.776083,0.663552,0,0,0.588992,0.456465,0.747644,0.440115,0,0,0.16391,0.358379,0.189361,0.273925,0.157947,0.524592,0,0
0.210314,0.306581,0.258219,0.472811,0.232773,0.630855,0.301622,0.859733,0.336048,0.994614,0.295638,0.276629,0.415374,0.290251,0,0,0.548581,0.560012,0.533614,0.658097,0.732678,0.633579,0,0,0.560556,0.461912,0.705737,0.426492,0.883848,0.480987,0.160951,0.355649,0.187888,0.273876,0.157945,0.521871,0,0
0.21033,0.30114,0.256722,0.467361,0.223793,0.603611,0.271689,0.780717,0.30761,0.906058,0.29265,0.268457,0.391426,0.309331,0.428844,0.164913,0.568039,0.560005,0.547085,0.658106,0.762613,0.669002,0,0,0.575523,0.456467,0,0,0,0,0.160942,0.352936,0.18787,0.271153,0.156454,0.521886,0,0
0.213313,0.298455,0.253733,0.470095,0.219303,0.609052,0.270192,0.816139,0.309105,0.922406,0.292638,0.268463,0.392923,0.271179,0.415373,0.148565,0.571034,0.56546,0.554569,0.671725,0.747646,0.690797,0.913779,0.709872,0.578517,0.45647,0.755128,0.456467,0,0,0.162403,0.352935,0.187868,0.271167,0.156442,0.521882,0,0
0.21183,0.303876,0.261212,0.451017,0.223795,0.606329,0.28067,0.780715,0.349517,0.873356,0.291144,0.265727,0.409386,0.282079,0,0,0.539602,0.598153,0.529122,0.720768,0.699752,0.712598,0.871873,0.777993,0.562051,0.472812,0.747645,0.494611,0.898813,0.589982,0.163911,0.355636,0.189379,0.271182,0.157935,0.524569,0,0
0.211809,0.301181,0.26121,0.448287,0.235768,0.625401,0.301625,0.843383,0.365983,0.867914,0.292649,0.263002,0.406393,0.24938,0,0,0.583004,0.614503,0.568039,0.748016,0.79554,0.775264,0.915276,0.77254,0.587496,0.480992,0.819487,0.554554,0.928747,0.660827,0.165408,0.350203,0.190879,0.268446,0.157935,0.521868,0,0
0.21481,0.295732,0.2657,0.453747,0.22978,0.614506,0.333052,0.837937,0.457282,0.867916,0.295638,0.268452,0.416868,0.249385,0.427346,0.134937,0.566542,0.592707,0.536609,0.731672,0.744652,0.758917,0.912283,0.786164,0.578516,0.470089,0.761117,0.502789,0.915276,0.658098,0.163946,0.350181,0.192361,0.265722,0.162421,0.521854,0,0
0.213312,0.2984,0.265701,0.448297,0.222296,0.622674,0.354009,0.843384,0.464764,0.873362,0.291149,0.268447,0.415372,0.252106,0,0,0.550079,0.614503,0.532116,0.737122,0.78207,0.739845,0,0,0.560556,0.489161,0.753633,0.497338,0,0,0.165414,0.350173,0.189379,0.265746,0.157931,0.51916,0,0
0.210334,0.298433,0.262706,0.456464,0.217807,0.625404,0.364487,0.859738,0.520143,0.994614,0.292642,0.260295,0.413877,0.252109,0,0,0.587497,0.562737,0.581509,0.663553,0.835951,0.557282,0,0,0.588993,0.461915,0,0,0,0,0.160931,0.355607,0.189384,0.268423,0.157928,0.521858,0,0
0.210324,0.298452,0.26271,0.451014,0.222299,0.619952,0.364489,0.865182,0.478235,0.99325,0.289649,0.265735,0.416872,0.257553,0,0,0.569535,0.56001,0.542596,0.660828,0.705738,0.565457,0.858402,0.472816,0.57702,0.459193,0.692267,0.393795,0.862892,0.421041,0.160915,0.355609,0.187861,0.268453,0.160925,0.524599,0,0
0.199839,0.298426,0.271684,0.410145,0.238759,0.622676,0.361492,0.865189,0.473745,0.994614,0.294137,0.252123,0.412379,0.260279,0.424354,0.137665,0.538105,0.568177,0.517152,0.658097,0,0,0,0,0.566541,0.459192,0,0,0,0,0.15044,0.352918,0.181876,0.257544,0.148955,0.508226,0,0
0.201331,0.295719,0.258218,0.44829,0.240258,0.641753,0.362989,0.862464,0.475244,0.994614,0.289652,0.254821,0.416871,0.238485,0.419863,0.134937,0.548582,0.560013,0.529126,0.660822,0.740161,0.576354,0,0,0.568038,0.453743,0,0,0,0,0.150464,0.352906,0.183378,0.260283,0.156428,0.513678,0,0
0.210312,0.295737,0.258221,0.440115,0.23876,0.639024,0.359998,0.862451,0.467761,0.994614,0.288155,0.254829,0.413875,0.22758,0,0,0.527629,0.636304,0.496197,0.756194,0,0,0,0,0.554568,0.491889,0,0,0,0,0.15496,0.35289,0.18638,0.260277,0.156451,0.513673,0,0
0.213312,0.298401,0.261212,0.445569,0.246242,0.6363,0.36299,0.865178,0.476737,0.994614,0.288153,0.243925,0.415376,0.23576,0.422856,0.129489,0.566542,0.61178,0.536609,0.739845,0.806017,0.767093,0,0,0.575524,0.480986,0.756625,0.470086,0.928748,0.644478,0.157948,0.352929,0.189359,0.257586,0.159442,0.510974,0,0
0.214822,0.301153,0.265703,0.451015,0.249236,0.644478,0.370471,0.867907,0.48572,0.994615,0.288154,0.246654,0.416871,0.238482,0.473745,0.159463,0.583004,0.587253,0.571033,0.715319,0.844932,0.75347,0,0,0.583007,0.46464,0.79554,0.478262,0.930245,0.576354,0.165427,0.35289,0.196848,0.257536,0.169919,0.510968,0,0
0.219289,0.301158,0.259718,0.448294,0.246246,0.628127,0.364484,0.862458,0.476739,0.994614,0.28666,0.249387,0.419866,0.233032,0.48123,0.162189,0.580013,0.562729,0.565046,0.663554,0.820984,0.685347,0.943715,0.753471,0.584501,0.459188,0.782069,0.459194,0.970656,0.622677,0.165416,0.352896,0.196857,0.257563,0.169904,0.510942,0,0
0.199854,0.290226,0.26121,0.43739,0.243251,0.61723,0.358497,0.859735,0.470751,0.994616,0.295634,0.238483,0.418368,0.219409,0.446805,0.115866,0.56804,0.568185,0.54409,0.674448,0.771594,0.663548,0.942218,0.748018,0.578515,0.461912,0.783566,0.453743,0.942219,0.55183,0.150468,0.342013,0.183371,0.24939,0.15794,0.491887,0,0
0.195349,0.284817,0.267202,0.391071,0.240255,0.61178,0.3585,0.862453,0.470752,0.994617,0.292636,0.243922,0.418366,0.224857,0.434831,0.113141,0.565045,0.570907,0.542596,0.677175,0.782069,0.660828,0,0,0.574025,0.459189,0.765607,0.44829,0,0,0.148935,0.339338,0.177402,0.246667,0.156438,0.491888,0,0
0.196833,0.301127,0.267192,0.385618,0.23876,0.636298,0.3585,0.862452,0.470751,0.994616,0.291138,0.246642,0.416872,0.260276,0.473752,0.230315,0.551575,0.554553,0.533615,0.658105,0.762613,0.633575,0,0,0.572528,0.445563,0.744651,0.415595,0,0,0.150461,0.344776,0.178902,0.252151,0.156434,0.508219,0,0
0.196845,0.301123,0.262707,0.410149,0.238762,0.633576,0.358499,0.862452,0.469254,0.995977,0.291142,0.249367,0.421359,0.249383,0.484223,0.16219,0.563549,0.549107,0.538104,0.652653,0.776082,0.576356,0,0,0.577018,0.445564,0.759618,0.410142,0,0,0.150445,0.347454,0.178904,0.252151,0.154944,0.505519,0,0
0.189383,0.298441,0.256725,0.423767,0.232773,0.628126,0.3585,0.862467,0.464765,0.994617,0.283663,0.252095,0.412378,0.252104,0.466264,0.143114,0.545588,0.557279,0.533616,0.658097,0.750638,0.644476,0.888337,0.57636,0.566541,0.451017,0.734174,0.39107,0,0,0.141481,0.344776,0.174387,0.252112,0.15194,0.51097,0,0
0.186369,0.303853,0.253729,0.429216,0.235769,0.628127,0.355507,0.862452,0.461773,0.995978,0.282167,0.252118,0.41537,0.238483,0,0,0.527629,0.554553,0.514156,0.655376,0.675803,0.587253,0.867384,0.598157,0.538103,0.45374,0.701246,0.391072,0.867383,0.51641,0.139964,0.347449,0.171429,0.252143,0.150456,0.513677,0.195342,0.230313
0.184899,0.29022,0.250739,0.440118,0.214813,0.587258,0.35251,0.857011,0.458781,0.995977,0.288156,0.252119,0.416868,0.238481,0.466263,0.159464,0.520142,0.532761,0.484222,0.63903,0.662332,0.603606,0.868879,0.606328,0.530619,0.434667,0.69526,0.418316,0.873369,0.52186,0.137004,0.339305,0.1684,0.249394,0.145968,0.505519,0.183384,0.216684
0.183379,0.287504,0.253733,0.431938,0.226787,0.595433,0.351016,0.848841,0.445305,0.995977,0.285158,0.249386,0.418366,0.203061,0.470751,0.154015,0.526132,0.546383,0.512659,0.649924,0.699749,0.614502,0.868878,0.592706,0.535111,0.448288,0.701248,0.426491,0.883846,0.500062,0.136966,0.336608,0.166915,0.246664,0.148958,0.505515,0.187873,0.233033
0.186353,0.287514,0.261205,0.407422,0.232774,0.603604,0.351016,0.851554,0.440825,0.994615,0.285156,0.246648,0.416869,0.18126,0.473745,0.159461,0.544092,0.55456,0.520147,0.652654,0.780574,0.554556,0,0,0.571033,0.442841,0,0,0,0,0.13701,0.339248,0.168409,0.246658,0.151942,0.505492,0,0
0.184896,0.287529,0.25822,0.412874,0.226789,0.584534,0.35401,0.859738,0.448303,0.994614,0.288146,0.24938,0.415376,0.205786,0.472247,0.156737,0.532119,0.54911,0.521642,0.649928,0.735671,0.554555,0.859899,0.453736,0.556065,0.445565,0.728188,0.361095,0.859898,0.39652,0.138484,0.339258,0.16992,0.246665,0.153445,0.502794,0,0
0.189359,0.287501,0.258215,0.410144,0.222298,0.573639,0.351016,0.846107,0.439316,0.994614,0.28815,0.243939,0.412381,0.224857,0.439321,0.121315,0.526133,0.530031,0.515657,0.622677,0.702744,0.500064,0.831462,0.377448,0.539601,0.429219,0,0,0,0,0.142964,0.336557,0.172901,0.246611,0.151946,0.489181,0,0
0.187886,0.284814,0.25972,0.410147,0.229783,0.576354,0.352512,0.846109,0.440818,0.995976,0.288152,0.243922,0.416872,0.224859,0.467761,0.186707,0.521643,0.532762,0.512658,0.622675,0.701246,0.472817,0.825475,0.363819,0.536608,0.431941,0.692267,0.292978,0.816495,0.336569,0.142979,0.333863,0.17442,0.235781,0.157927,0.491887,0,0
0.186392,0.276651,0.261213,0.401971,0.228282,0.568177,0.345027,0.824315,0.439327,0.994617,0.288148,0.241206,0.419867,0.205786,0.466264,0.200329,0.527628,0.516409,0.517149,0.598157,0.678796,0.489165,0.819488,0.366549,0.541098,0.415596,0.678797,0.292978,0.817991,0.284804,0.139975,0.322979,0.172915,0.23032,0.154942,0.48641,0,0
0.186351,0.279324,0.256723,0.423768,0.232775,0.5818,0.349518,0.82704,0.440818,0.994614,0.286653,0.243922,0.418368,0.21396,0,0,0.524634,0.527305,0.514155,0.622678,0.705736,0.513683,0.834453,0.412871,0.542597,0.421045,0.701247,0.352921,0.828468,0.388346,0.139975,0.322977,0.172919,0.230313,0.154948,0.483718,0.192366,0.208513
0.190852,0.276616,0.258212,0.41014,0.2208,0.560007,0.352512,0.816137,0.46027,0.974186,0.288153,0.235752,0.421362,0.156741,0,0,0.565045,0.500061,0.544091,0.61178,0.783567,0.568185,0,0,0.57253,0.388344,0,0,0,0,0.145965,0.322945,0.177403,0.230345,0.159421,0.486394,0,0
0.198352,0.276654,0.262713,0.407418,0.229781,0.565459,0.357003,0.835212,0.454288,0.987801,0.288153,0.238484,0.418365,0.162185,0.445308,0.137662,0.574025,0.546381,0.548581,0.649928,0.806017,0.67445,0,0,0.580011,0.442843,0,0,0,0,0.150445,0.322984,0.183379,0.235774,0.15793,0.48369,0,0
0.205828,0.284824,0.264211,0.426495,0.243248,0.57908,0.362991,0.843386,0.463268,0.994613,0.294142,0.233034,0.418369,0.183984,0,0,0.569533,0.56001,0.541096,0.666275,0.816495,0.753463,0.924257,0.788888,0.578518,0.453742,0.78207,0.480992,0.931742,0.579088,0.159419,0.333859,0.187898,0.238501,0.160935,0.486393,0,0
0.210343,0.282111,0.267202,0.429214,0.229781,0.562736,0.364485,0.854286,0.470753,0.994614,0.295641,0.243936,0.41837,0.159465,0.436327,0.121316,0.571032,0.557283,0.541099,0.663552,0.765607,0.726221,0.940723,0.769815,0.58001,0.456472,0.762613,0.467364,0.91528,0.570903,0.162406,0.336553,0.193852,0.243953,0.163925,0.48372,0,0
0.211814,0.29302,0.270193,0.440118,0.237262,0.589979,0.361493,0.846113,0.458776,0.994616,0.297136,0.252106,0.416867,0.224859,0.446806,0.124039,0.554569,0.565455,0.532117,0.666276,0.738666,0.685351,0.933238,0.758919,0.574027,0.459188,0.756626,0.459184,0.919768,0.5709,0.166914,0.339313,0.198346,0.252061,0.163919,0.489194,0,0
0.205821,0.295707,0.268684,0.437376,0.243249,0.59816,0.355505,0.829766,0.449801,0.995976,0.294146,0.235758,0.416872,0.227584,0.451295,0.12949,0.542593,0.557281,0.530619,0.660833,0.711723,0.666274,0.907795,0.750743,0.565047,0.451021,0.750641,0.45646,0.918271,0.581807,0.160913,0.33928,0.192358,0.249428,0.159437,0.489183,0.210325,0.224853
0.196847,0.284826,0.2657,0.426507,0.238764,0.606331,0.355501,0.829767,0.454285,0.995976,0.294135,0.243929,0.416871,0.238482,0.457283,0.137667,0.545588,0.560009,0.535107,0.660823,0.693762,0.668998,0.865887,0.728947,0.562052,0.456461,0.740163,0.459186,0.89582,0.579085,0.150479,0.333869,0.184858,0.243919,0.160933,0.489126,0,0
0.198338,0.284817,0.265711,0.429227,0.240264,0.611774,0.355504,0.835214,0.44531,0.957827,0.295632,0.24936,0.415374,0.238482,0.428845,0.126764,0.553071,0.565459,0.536609,0.663561,0.698256,0.663546,0.870374,0.693526,0.566543,0.464634,0.743157,0.461914,0.889836,0.584531,0.151934,0.336528,0.184866,0.246638,0.160928,0.489154,0,0
0.199834,0.292943,0.268692,0.429214,0.241754,0.609048,0.349515,0.824317,0.442323,0.960559,0.295642,0.24665,0.41238,0.241209,0.425852,0.110416,0.542594,0.573626,0.533616,0.671724,0.683286,0.660821,0.858401,0.698974,0.56205,0.475532,0.738662,0.448286,0.891328,0.573633,0.154966,0.339311,0.186384,0.249403,0.16691,0.494616,0,0
0.198363,0.293011,0.267207,0.429224,0.241749,0.611782,0.354011,0.835207,0.442312,0.960551,0.297132,0.241202,0.410881,0.238483,0,0,0.539603,0.56819,0.532118,0.666279,0.687778,0.655375,0.86289,0.690798,0.559057,0.472808,0.738664,0.442839,0.889832,0.557288,0.154957,0.342003,0.186379,0.252075,0.165422,0.502769,0,0
0.198355,0.298445,0.267192,0.437379,0.240256,0.614505,0.352514,0.840661,0.440812,0.949652,0.295641,0.249372,0.412381,0.24938,0.431838,0.134941,0.5396,0.568186,0.532115,0.671721,0.731182,0.641753,0.892827,0.598153,0.556064,0.467366,0.70873,0.40742,0.874864,0.530032,0.156426,0.344787,0.186381,0.252132,0.163915,0.508202,0,0
0.198354,0.29845,0.265705,0.431934,0.238756,0.600878,0.340535,0.81342,0.439315,0.941484,0.294133,0.246637,0.415369,0.260284,0.454288,0.151287,0.538103,0.565458,0.532115,0.660832,0.696755,0.598157,0.873369,0.579078,0.554567,0.470086,0.698252,0.388344,0.865884,0.502786,0.156431,0.344783,0.186374,0.252133,0.163922,0.508198,0,0
0.195363,0.303861,0.262702,0.426488,0.23277,0.611778,0.340535,0.813417,0.431834,0.933301,0.289652,0.249394,0.416869,0.254836,0.436328,0.11859,0.53511,0.568177,0.524632,0.663552,0.683286,0.581806,0.856907,0.560013,0.55307,0.467358,0.692265,0.361103,0.861396,0.461912,0.151949,0.350196,0.183394,0.254868,0.153448,0.505493,0,0
0.189358,0.306572,0.25971,0.426503,0.23277,0.62268,0.34353,0.840671,0.434827,0.897883,0.286647,0.249356,0.413872,0.257558,0.43483,0.124041,0.542596,0.562737,0.530621,0.660816,0.728188,0.609053,0,0,0.562051,0.459185,0.695258,0.391069,0.861399,0.453742,0.147471,0.350196,0.178883,0.254848,0.153449,0.510973,0,0
0.186365,0.309296,0.255228,0.431942,0.222299,0.619963,0.31958,0.829768,0.424352,0.886989,0.283662,0.252106,0.410884,0.257552,0.443811,0.134939,0.5396,0.568189,0.530622,0.669001,0.698255,0.647203,0.865887,0.633578,0.548582,0.46736,0.705737,0.42377,0.873369,0.519137,0.139999,0.352946,0.172905,0.257578,0.147452,0.510952,0.196849,0.246653
0.186395,0.309323,0.252238,0.429213,0.21332,0.61178,0.313592,0.816137,0.415369,0.870631,0.283667,0.252103,0.407892,0.257558,0.427347,0.126761,0.526131,0.565461,0.508171,0.668995,0.704241,0.677172,0,0,0.538105,0.459192,0.725195,0.451017,0,0,0.139995,0.352937,0.17291,0.25757,0.148949,0.51096,0.192357,0.246647
0.192375,0.309301,0.250736,0.437392,0.210328,0.600873,0.312096,0.813418,0.412377,0.854284,0.280671,0.252125,0.406395,0.260277,0.442315,0.143114,0.533612,0.554563,0.524633,0.660828,0.750639,0.748018,0.913782,0.846109,0.545587,0.453738,0.747646,0.472814,0.906296,0.614503,0.147452,0.352926,0.177402,0.263001,0.150462,0.513688,0,0
0.196845,0.301167,0.256719,0.445568,0.226785,0.614499,0.312095,0.807969,0.409388,0.854294,0.285156,0.252093,0.397413,0.257553,0.443812,0.132217,0.545589,0.565458,0.533614,0.674445,0.770096,0.761647,0.951199,0.824315,0.560553,0.459192,0.746148,0.483717,0.912285,0.587257,0.150441,0.352905,0.180388,0.260282,0.153439,0.510982,0,0
0.201331,0.303883,0.258216,0.448287,0.226787,0.630846,0.315101,0.818865,0.413868,0.859731,0.283664,0.252095,0.394419,0.233034,0.424358,0.074995,0.542596,0.570904,0.530619,0.67173,0.761117,0.756189,0.927253,0.775267,0.56205,0.467363,0.741658,0.475544,0.904799,0.560005,0.157935,0.350221,0.186379,0.257581,0.154932,0.510974,0,0
0.199845,0.303897,0.256717,0.44012,0.222299,0.622673,0.318089,0.818859,0.41687,0.862455,0.28366,0.249388,0.401902,0.241204,0.425847,0.0750075,0.541098,0.568174,0.527629,0.668999,0.794043,0.758926,0.889833,0.767089,0.556064,0.459193,0.750639,0.470093,0.91378,0.562738,0.156455,0.350213,0.186358,0.260306,0.153458,0.513648,0,0
0.189385,0.309346,0.255216,0.445565,0.222303,0.639031,0.32108,0.816142,0.419868,0.88427,0.280669,0.257552,0.403401,0.25756,0.425854,0.110415,0.530622,0.570913,0.515653,0.677178,0.67281,0.660826,0.88235,0.6908,0.539603,0.470083,0.744654,0.45919,0.892826,0.549109,0.150456,0.352944,0.18337,0.257569,0.147466,0.513685,0.228282,0.24933
0.189383,0.309322,0.253735,0.451016,0.226792,0.647194,0.32707,0.824312,0.41837,0.881538,0.283656,0.25482,0.404896,0.25483,0.42585,0.110419,0.53661,0.573639,0.526129,0.679898,0.713222,0.660821,0.856907,0.663552,0.548583,0.470095,0.747647,0.451012,0.892824,0.508239,0.15048,0.352919,0.181883,0.257534,0.150465,0.513645,0,0
0.198366,0.309339,0.253734,0.44011,0.20584,0.60087,0.359992,0.857012,0.455787,0.949656,0.277676,0.257558,0.407889,0.243932,0.427354,0.0722664,0.530621,0.554558,0.520145,0.652653,0.701247,0.633575,0.864387,0.619953,0.541098,0.45102,0.693765,0.412871,0.877861,0.461914,0.157948,0.355642,0.1864,0.263022,0.154942,0.510986,0,0
0.201327,0.309338,0.25822,0.426499,0.219299,0.606327,0.351019,0.854284,0.439325,0.938759,0.280669,0.25756,0.403398,0.246653,0.428851,0.0722743,0.568039,0.554554,0.536608,0.652655,0.762613,0.619952,0.889833,0.554556,0.575524,0.451015,0.707235,0.412869,0.885343,0.448286,0.159437,0.355613,0.187879,0.265705,0.15494,0.513652,0,0
0.199847,0.303895,0.259707,0.43467,0.225292,0.617232,0.345028,0.846098,0.442311,0.968734,0.283662,0.252103,0.401904,0.252106,0.446805,0.140392,0.541097,0.56001,0.521641,0.658098,0.794043,0.573629,0.846432,0.54366,0.559058,0.453741,0.693763,0.38562,0.868882,0.399247,0.159442,0.347504,0.187884,0.254844,0.154956,0.510923,0,0
0.199829,0.301173,0.261211,0.429214,0.225291,0.617222,0.345029,0.843385,0.439318,0.955108,0.283662,0.24666,0.406391,0.254829,0.433335,0.115862,0.538104,0.562723,0.521638,0.655377,0.67281,0.58726,0.841933,0.530036,0.554569,0.461912,0.683285,0.382894,0.846428,0.393802,0.159429,0.347451,0.187853,0.252178,0.157933,0.510926,0,0
0.196829,0.29294,0.264195,0.404692,0.232773,0.606333,0.351015,0.848829,0.439328,0.994614,0.279176,0.2303,0.410885,0.249386,0.430344,0.0831747,0.536608,0.554557,0.520144,0.652646,0.671314,0.568188,0.83296,0.47554,0.548581,0.456461,0.65934,0.380173,0.829967,0.369273,0.156433,0.342024,0.184892,0.249425,0.159446,0.508197,0,0
0.196858,0.290262,0.261215,0.418313,0.231277,0.609052,0.348024,0.846114,0.439316,0.966002,0.280674,0.238484,0.413874,0.24666,0.433333,0.121317,0.541097,0.549112,0.527625,0.644478,0.68628,0.551836,0.831462,0.475539,0.55756,0.448295,0.696757,0.355643,0.853912,0.35292,0.156428,0.339332,0.186347,0.249399,0.15944,0.505522,0,0
0.198358,0.290248,0.261203,0.426493,0.234273,0.614502,0.351016,0.851552,0.437818,0.995976,0.283661,0.243927,0.413875,0.249381,0.427347,0.118591,0.533615,0.54094,0.51865,0.644475,0.644371,0.560008,0.83595,0.448288,0.542594,0.442844,0.689274,0.347483,0.841937,0.328404,0.159449,0.339255,0.186401,0.249355,0.159429,0.497316,0,0
0.199862,0.287555,0.261217,0.426486,0.235767,0.611778,0.35251,0.848835,0.436323,0.994616,0.283669,0.241201,0.415377,0.230307,0,0,0.536605,0.54911,0.523138,0.647204,0.650358,0.557283,0.834455,0.459188,0.545588,0.445572,0.683285,0.36382,0.825475,0.399245,0.15945,0.33661,0.187863,0.249323,0.160922,0.497342,0,0
0.202833,0.287518,0.262705,0.418321,0.234267,0.598158,0.345028,0.837939,0.430337,0.995976,0.285164,0.249368,0.410881,0.238482,0.413877,0.12949,0.532116,0.543659,0.523136,0.647197,0.699751,0.579083,0.865885,0.562735,0.544092,0.442843,0.701247,0.388344,0,0,0.160952,0.336611,0.189381,0.246663,0.160922,0.49463,0,0
0.205828,0.284787,0.258216,0.434661,0.223795,0.576351,0.355502,0.857013,0.434831,0.994614,0.276178,0.252117,0.409385,0.230309,0.461772,0.235772,0.533614,0.549111,0.521641,0.65265,0.732678,0.617227,0,0,0.544092,0.445564,0,0,0,0,0.162434,0.336615,0.190863,0.246681,0.162422,0.491872,0,0
0.205832,0.2848,0.262714,0.41832,0.225292,0.570913,0.355505,0.846115,0.439321,0.994615,0.282161,0.249388,0.404897,0.222134,0.410884,0.156736,0.541099,0.551837,0.53062,0.6581,0.750639,0.677171,0.92276,0.704422,0.562053,0.451019,0.758121,0.467366,0.880853,0.543657,0.163934,0.336597,0.19235,0.246666,0.163921,0.49188,0,0
0.210305,0.284776,0.276175,0.393792,0.238761,0.576352,0.356999,0.84066,0.437828,0.995977,0.282164,0.238478,0.413877,0.23576,0.47225,0.194886,0.547085,0.557288,0.535109,0.660819,0.746148,0.679897,0.898813,0.758918,0.568037,0.453734,0.746147,0.47826,0.919764,0.606334,0.169924,0.336559,0.196845,0.246624,0.168404,0.489212,0,0
0.211807,0.284797,0.268699,0.418316,0.237263,0.579085,0.355506,0.840659,0.440814,0.995978,0.285158,0.243922,0.413876,0.227584,0.467759,0.162189,0.55457,0.554556,0.536607,0.658097,0.752137,0.660828,0.912282,0.693525,0.566545,0.451017,0.752133,0.461911,0.919766,0.562731,0.172881,0.336547,0.198354,0.243946,0.165432,0.489165,0,0
0.208834,0.282089,0.258214,0.437392,0.231279,0.579079,0.354007,0.846109,0.43932,0.994614,0.285161,0.246652,0.410882,0.205787,0.434831,0.12949,0.536607,0.540936,0.527627,0.636306,0.702742,0.636299,0.880853,0.698974,0.547086,0.445568,0.741657,0.451018,0.916775,0.535489,0.166917,0.333815,0.195369,0.243928,0.162423,0.486402,0,0
0.196863,0.271196,0.262704,0.366554,0.213319,0.557288,0.322577,0.799789,0.421359,0.949655,0.277677,0.224868,0.413877,0.222134,0,0,0.511164,0.524587,0.481229,0.6254,0.636889,0.554557,0.856906,0.652647,0.527625,0.434663,0.690771,0.404692,0.888336,0.516413,0.154963,0.317511,0.184853,0.227565,0.153442,0.478247,0,0
0.193859,0.271214,0.258218,0.39652,0.21631,0.565451,0.307611,0.777989,0.407889,0.938753,0.277674,0.230308,0.41537,0.227584,0,0,0.518646,0.535489,0.490209,0.644472,0.638384,0.557288,0.846428,0.655373,0.529126,0.442843,0.696758,0.421045,0.886839,0.491888,0.154942,0.317497,0.183381,0.227573,0.151943,0.478259,0,0
0.198334,0.27667,0.256722,0.421039,0.237264,0.554559,0.288155,0.758924,0.319583,0.914231,0.274681,0.252106,0.413877,0.233032,0,0,0.49919,0.53276,0.482725,0.62268,0.64437,0.568184,0.856906,0.682626,0.518646,0.442842,0.678796,0.442844,0.897318,0.52186,0.159452,0.325672,0.186346,0.233053,0.154937,0.480959,0,0
