0.322046,0.289514,0.323592,0.469385,0.227111,0.49388,0.210238,0.679152,0.262338,0.469336,0.410895,0.453011,0.504342,0.54019,0.539574,0.5075,0.377204,0.826304,0.306746,0.848099,0,0,0,0,0.456861,0.793612,0,0,0,0,0.274593,0.281315,0.322069,0.243203,0.236297,0.395764,0.384814,0.341307
0.323578,0.278633,0.328187,0.472089,0.231695,0.493882,0.199533,0.700993,0.24547,0.556552,0.424679,0.450303,0.507408,0.583805,0.544173,0.583808,0.401714,0.839927,0.32819,0.85083,0.311344,0.987075,0,0,0.475238,0.812688,0.593185,0.924399,0,0,0.274584,0.270465,0.331247,0.23232,0.236268,0.387594,0.380261,0.305864
0.322042,0.264981,0.340442,0.461157,0.254665,0.480264,0.207159,0.671024,0.231701,0.512916,0.424708,0.436648,0.510464,0.578366,0.551832,0.613755,0.421629,0.861734,0.349634,0.853557,0.292953,0.842653,0,0,0.479835,0.837212,0.583992,0.766362,0,0,0.277622,0.251455,0.317477,0.221401,0.239326,0.365839,0.384837,0.31948
0.317459,0.256809,0.335843,0.433934,0.242413,0.45301,0.210259,0.643752,0.242396,0.452986,0.423171,0.42031,0.504335,0.556568,0.554882,0.553838,0.426222,0.853557,0.366482,0.864457,0.273046,0.766371,0,0,0.484426,0.801784,0.576337,0.673715,0.701944,0.967998,0.279185,0.248614,0.323595,0.224113,0.233209,0.333096,0.374168,0.245946
0.318996,0.243231,0.343515,0.414873,0.273037,0.436645,0.214862,0.611081,0.248529,0.44478,0.420084,0.390349,0.496668,0.488455,0.539567,0.47754,0.426232,0.755462,0.371081,0.77999,0.269979,0.698228,0.39559,0.968008,0.482897,0.709145,0.553368,0.583806,0.680489,0.793637,0.276091,0.229586,0.341974,0.205082,0.237804,0.335857,0.377212,0.254139
0.323584,0.22958,0.343507,0.403983,0.268454,0.428492,0.213316,0.605571,0.239364,0.433953,0.41704,0.39033,0.493622,0.521118,0.522735,0.482976,0.424689,0.730941,0.368013,0.750008,0.265383,0.690078,0.39712,0.93529,0.476772,0.69007,0.55182,0.578356,0.686622,0.758205,0.286821,0.243206,0.343516,0.205055,0.251598,0.308563,0.372605,0.245935
0.309803,0.213253,0.340436,0.384907,0.268442,0.403968,0.219421,0.564719,0.239322,0.379477,0.40784,0.371283,0,0,0,0,0.366482,0.556564,0.309808,0.589245,0.30061,0.695519,0.397121,0.99525,0.421629,0.545656,0,0,0,0,0.273044,0.218697,0,0,0.247011,0.289535,0,0
0.311344,0.237767,0.340449,0.379447,0.266914,0.401228,0.225535,0.545616,0.239336,0.346766,0.412443,0.357635,0.472178,0.510234,0.510489,0.463903,0.401712,0.64102,0.34657,0.673718,0.337384,0.793606,0,0,0.453797,0.60015,0.530382,0.711879,0.708067,0.95165,0.26844,0.221392,0.322064,0.177804,0.245467,0.278646,0.357302,0.20506
0.323606,0.205026,0.34503,0.371296,0.268461,0.401233,0.231696,0.50749,0.239325,0.297676,0.421615,0.346762,0.485958,0.433957,0.522744,0.379427,0.409376,0.657374,0.348104,0.679169,0.366486,0.799053,0,0,0.472176,0.630126,0.583995,0.755448,0.73717,0.993891,0.283773,0.185977,0.34809,0.180519,0.248522,0.284084,0.375665,0.221418
0.331261,0.207809,0.352698,0.368528,0.27305,0.390328,0.240899,0.5211,0.263861,0.333137,0.430814,0.349474,0.512001,0.551093,0.521195,0.447569,0.410911,0.63829,0.358819,0.662822,0.364959,0.807241,0,0,0.469113,0.619231,0.596242,0.750022,0.731046,0.984352,0.302137,0.191424,0.351175,0.185978,0.253117,0.27318,0.384855,0.226855
0.351171,0.207757,0.368019,0.379454,0.276123,0.401208,0.256206,0.572865,0.29601,0.433916,0.44461,0.36312,0.513531,0.469365,0.538049,0.510224,0.443075,0.668276,0.392521,0.703694,0.343512,0.725482,0.499747,0.995249,0.499741,0.654649,0.594718,0.65192,0.705001,0.921679,0.31899,0.1996,0.37106,0.186019,0.274587,0.308562,0.403237,0.237762
0.361907,0.215953,0.386404,0.39848,0.31134,0.423023,0.266933,0.583783,0.288349,0.453026,0.455334,0.376706,0.524255,0.488425,0.545706,0.518392,0.478304,0.717314,0.427757,0.75001,0.334308,0.649193,0.472181,0.886243,0.522723,0.6601,0.593185,0.578363,0.682032,0.845358,0.326668,0.207749,0.380272,0.196849,0.28681,0.313992,0.412439,0.245909
0.37413,0.23232,0.387924,0.401255,0.297556,0.423045,0.279187,0.597394,0.323568,0.466636,0.467574,0.382194,0.522721,0.48298,0.539579,0.444842,0.476779,0.769086,0.423164,0.81541,0.337388,0.575602,0.498217,0.826305,0.533447,0.714591,0.5595,0.49933,0.654461,0.744557,0.338929,0.22413,0.391002,0.210529,0.299058,0.335822,0.424671,0.262263
0.374118,0.23505,0.394059,0.406688,0.309807,0.439396,0.280716,0.597459,0.322046,0.442094,0.464505,0.382148,0.522722,0.46393,0.559483,0.43123,0.482893,0.779985,0.433885,0.826301,0.334322,0.575611,0.466051,0.643751,0.530379,0.730944,0.548755,0.491169,0.631464,0.676438,0.338926,0.226862,0.390977,0.213255,0.297559,0.338549,0.424678,0.262278
0.363434,0.245906,0.375655,0.401229,0.31133,0.431251,0.27611,0.583836,0.277633,0.423017,0.439995,0.371277,0.510482,0.474821,0.544138,0.439396,0.438475,0.692797,0.37415,0.706412,0.34809,0.608317,0.469111,0.545651,0.489025,0.649194,0.547239,0.512938,0.600848,0.624666,0.329735,0.235016,0.381792,0.224106,0.288379,0.314062,0.409388,0.267674
0.36032,0.24858,0.372601,0.404002,0.306747,0.428525,0.273037,0.575565,0.27766,0.395787,0.441545,0.387638,0.510479,0.485714,0.542657,0.393083,0.427753,0.714599,0.371078,0.758188,0.375671,0.649203,0,0,0.49209,0.646472,0.544149,0.542933,0.640678,0.594713,0.320528,0.226818,0.37569,0.226855,0.285303,0.292221,0.403244,0.264965
0.34656,0.254128,0.368013,0.40125,0.291428,0.431188,0.260773,0.53749,0.276108,0.346747,0.432355,0.382182,0.507396,0.477539,0.530384,0.330378,0.438474,0.643745,0.372606,0.660104,0.377205,0.758196,0.47677,0.993886,0.496678,0.611052,0.591651,0.662824,0.723384,0.790882,0.314412,0.248593,0.360348,0.215974,0.273051,0.305853,0.398643,0.254087
0.348103,0.248627,0.371074,0.398491,0.29755,0.425758,0.260789,0.532011,0.266909,0.330365,0.439998,0.373999,0.508937,0.466671,0.530382,0.311346,0.438477,0.681895,0.377202,0.711867,0.386395,0.799068,0.4446,0.993888,0.49821,0.657372,0.602372,0.766368,0.732575,0.992522,0.315938,0.243178,0.366484,0.205023,0.276113,0.308563,0.404785,0.245911
0.360337,0.278612,0.381806,0.455747,0.30675,0.485701,0.273052,0.660107,0.276137,0.521101,0.458368,0.428536,0.538039,0.542939,0.567144,0.488425,0.476768,0.799057,0.423161,0.820859,0.355765,0.709135,0.478296,0.970722,0.527312,0.76092,0.594715,0.662817,0.675907,0.932586,0.325124,0.273183,0.377202,0.254074,0.288342,0.379484,0.413957,0.305849
0.360383,0.275922,0.383317,0.453016,0.306742,0.480253,0.269992,0.643745,0.273057,0.482991,0.458369,0.431196,0.539564,0.551106,0.574791,0.47752,0.47064,0.785437,0.41397,0.81269,0.341965,0.662795,0.456847,0.924397,0.522728,0.747294,0.577881,0.619204,0.660583,0.878055,0.326656,0.27046,0.380265,0.251405,0.283755,0.371236,0.413964,0.300457
0.360368,0.273149,0.374158,0.447545,0.282239,0.466629,0.268459,0.630145,0.300609,0.472102,0.446144,0.431227,0.519659,0.529329,0.550293,0.474827,0.461447,0.818137,0.410907,0.86718,0.328187,0.63559,0.492087,0.872632,0.511998,0.760909,0.542621,0.553816,0.631468,0.736401,0.32515,0.262274,0.377216,0.251315,0.274582,0.346715,0.410943,0.308543
0.357268,0.275872,0.377198,0.4421,0.294497,0.461203,0.265392,0.62466,0.306744,0.474784,0.444609,0.428481,0.508933,0.529293,0.545693,0.477517,0.462988,0.807229,0.41244,0.850824,0.323592,0.649206,0.487497,0.766372,0.511997,0.760915,0.530382,0.545659,0.629952,0.679169,0.323587,0.264977,0.374163,0.251396,0.276105,0.357675,0.409359,0.305843
0.346576,0.273181,0.360339,0.436655,0.273038,0.458428,0.257733,0.602842,0.288346,0.439416,0.429298,0.423016,0.492066,0.545654,0.531936,0.458419,0,0,0,0,0,0,0,0,0,0,0,0,0,0,0.312895,0.251327,0.366483,0.251309,0.276101,0.31947,0.397169,0.305872
0.340461,0.278637,0.357304,0.428454,0.296015,0.444831,0.254654,0.572903,0.274588,0.401204,0.417026,0.401232,0.493609,0.504799,0.531919,0.403955,0.424695,0.621945,0.363418,0.654646,0.375667,0.769096,0.484426,0.993887,0.489026,0.589248,0.585527,0.698245,0.610035,0.750023,0.309806,0.254135,0.340473,0.22955,0.285283,0.311322,0,0
0.352701,0.259526,0.369545,0.3985,0.303677,0.428475,0.259259,0.540226,0.273058,0.349484,0.433881,0.373977,0.512004,0.442119,0.545691,0.335859,0.462983,0.722767,0.403246,0.739113,0.401713,0.834474,0,0,0.51966,0.698241,0.613096,0.823583,0.743296,0.993885,0.320536,0.237774,0.361912,0.21051,0.277645,0.289542,0.401722,0.237761
0.360385,0.248698,0.368018,0.403966,0.273049,0.414875,0.269978,0.564709,0.294498,0.379433,0.443069,0.382188,0.505873,0.466634,0.525791,0.428511,0.475241,0.750011,0.410904,0.75546,0.387938,0.820866,0,0,0.533446,0.692791,0.614629,0.80451,0,0,0.325112,0.23777,0.363428,0.20229,0.276117,0.294991,0,0
0.36191,0.265022,0.374153,0.442109,0.289903,0.466647,0.266921,0.638271,0.299092,0.572924,0.458374,0.423029,0.533442,0.619222,0.553367,0.526564,0.459913,0.755478,0.397116,0.771821,0.383332,0.807223,0,0,0.52119,0.741831,0.619223,0.774529,0,0,0.328188,0.251448,0.3818,0.245949,0.288362,0.360387,0.412442,0.292229
0.36343,0.273124,0.377203,0.450277,0.289905,0.466655,0.269967,0.657376,0.29755,0.591954,0.45838,0.431218,0.534974,0.572901,0.559481,0.551123,0.466048,0.777264,0.398651,0.76636,0.364958,0.752723,0.478298,0.993892,0.524248,0.755468,0.610043,0.730963,0.709598,0.995257,0.328176,0.25686,0.381809,0.251318,0.288355,0.371261,0.412436,0.297673
0.363432,0.251433,0.375683,0.431194,0.288354,0.45027,0.268435,0.638297,0.320526,0.57562,0.455333,0.423031,0.536513,0.567452,0.567141,0.523858,0.470637,0.809954,0.413965,0.845377,0.32667,0.641026,0.45532,0.883541,0.521191,0.755461,0.58247,0.608313,0.668241,0.864465,0.326678,0.248666,0.383315,0.237758,0.286809,0.360345,0.410901,0.284088
0.361909,0.245918,0.375671,0.425792,0.28684,0.444835,0.268447,0.635559,0.318984,0.553833,0.455337,0.412144,0.528853,0.523869,0.561025,0.491182,0.475229,0.790886,0.417033,0.867185,0.320529,0.630137,0.462995,0.834475,0.525791,0.763634,0.559473,0.559278,0.649865,0.793609,0.326659,0.240466,0.381794,0.226835,0.286812,0.354884,0.413984,0.281373
0.360372,0.248591,0.371075,0.425741,0.277649,0.444836,0.265409,0.619248,0.30217,0.521102,0.449188,0.403945,0.527328,0.518401,0.553352,0.466633,0.453794,0.698241,0.415499,0.831754,0.308278,0.679177,0.487498,0.779985,0.505874,0.657371,0.551831,0.545644,0.655988,0.69007,0.326664,0.237767,0.38178,0.229583,0.285307,0.349465,0.412423,0.292305
0.357303,0.248637,0.364943,0.422989,0.276108,0.436628,0.263873,0.600135,0.315925,0.461175,0.446129,0.404013,0.511999,0.542917,0.545686,0.442096,0.421624,0.624676,0.352694,0.649201,0.346566,0.728215,0.4783,0.820869,0.481362,0.61651,0.570216,0.589236,0.708068,0.714598,0.325126,0.237774,0.375682,0.232312,0.279175,0.344053,0.409379,0.297679
0.349644,0.259536,0.371078,0.406703,0.305213,0.425775,0.25924,0.521149,0.279183,0.3386,0.440006,0.390337,0.507403,0.496617,0.542604,0.363075,0.433882,0.662819,0.374141,0.665547,0.394051,0.782718,0.43082,0.992521,0.49515,0.657374,0.602374,0.75546,0.767805,0.993885,0.318993,0.232288,0.364947,0.207763,0.285278,0.308586,0.40171,0.251391
0.352713,0.237783,0.372604,0.382182,0.297561,0.403968,0.251616,0.482986,0.263865,0.281355,0.441535,0.368529,0.516591,0.43124,0.544184,0.300418,0.433884,0.662823,0.37414,0.673717,0.41703,0.853561,0,0,0.498216,0.654642,0.617691,0.80179,0.763214,0.993893,0.325148,0.224119,0.372619,0.202342,0.277637,0.278606,0.409379,0.237754
0.371084,0.248617,0.375696,0.428516,0.305206,0.45575,0.268447,0.619262,0.273036,0.48847,0.453786,0.406689,0.531914,0.515676,0.57174,0.45847,0.455324,0.74729,0.397118,0.758197,0.383333,0.831755,0,0,0.513535,0.725488,0.625349,0.758196,0.763211,0.99525,0.337393,0.235029,0.387942,0.23502,0.288362,0.338579,0.415492,0.292284
0.371082,0.240496,0.377201,0.425795,0.302142,0.444849,0.266932,0.616521,0.274561,0.493873,0.456841,0.406683,0.534977,0.534758,0.562556,0.48845,0.449198,0.717325,0.380266,0.728224,0.368019,0.774531,0.481366,0.995249,0.510473,0.703688,0.625348,0.703703,0.731046,0.965283,0.3374,0.226843,0.389463,0.226878,0.288363,0.335848,0.418547,0.289534
0.372617,0.215949,0.377203,0.423052,0.297553,0.442109,0.265378,0.611067,0.276093,0.510214,0.456869,0.39853,0.531919,0.526587,0.557965,0.482981,0.469112,0.815403,0.418569,0.853558,0.331249,0.621941,0.476777,0.845383,0.524247,0.760919,0.57635,0.56474,0.680485,0.807231,0.338905,0.205027,0.392533,0.21048,0.286821,0.319474,0.420089,0.270515
0.372592,0.218686,0.375685,0.423046,0.300612,0.436668,0.260782,0.608318,0.268436,0.48297,0.453793,0.40124,0.530382,0.512953,0.559497,0.463885,0.469108,0.804508,0.421623,0.845373,0.318995,0.602892,0.470638,0.711871,0.518132,0.766359,0.548763,0.534745,0.633018,0.698246,0.337385,0.205107,0.390993,0.215919,0.283767,0.316802,0.417022,0.270484
0.345047,0.245949,0.345042,0.425792,0.260786,0.450277,0.247009,0.616506,0.311335,0.575589,0.424704,0.40126,0.476779,0.455733,0.5074,0.482983,0.421626,0.76908,0.368014,0.799057,0.420089,0.995248,0,0,0.473715,0.739117,0.579391,0.77998,0.708064,0.995251,0.312885,0.229591,0.36954,0.235053,0.263865,0.338587,0.400175,0.314036
0.37106,0.248619,0.361906,0.436664,0.273055,0.458436,0.254664,0.624658,0.323605,0.578355,0.44308,0.428471,0.518131,0.537473,0.539564,0.510225,0.441533,0.755466,0.380266,0.779991,0.349646,0.842651,0,0,0.496683,0.717315,0.567134,0.643749,0.623832,0.910791,0.332789,0.237752,0.387911,0.248611,0.276134,0.344041,0.410954,0.311333
0.360379,0.248667,0.358829,0.431211,0.266916,0.455735,0.245463,0.624674,0.300604,0.488403,0.440006,0.412126,0.511992,0.499335,0.544174,0.404003,0.427751,0.73639,0.372605,0.755461,0.320541,0.665507,0.452263,0.886247,0.482899,0.700969,0.541109,0.559274,0.594712,0.758189,0.328182,0.235036,0.384837,0.245938,0.27459,0.344042,0.407859,0.30314
0.357295,0.248695,0.358838,0.428444,0.266924,0.450292,0.242402,0.616502,0.288368,0.458475,0.433863,0.406705,0.507424,0.491183,0.542647,0.398527,0.444596,0.820852,0.394053,0.861735,0.309819,0.627408,0.479839,0.853553,0.496682,0.733667,0.531926,0.53748,0.580925,0.717314,0.315927,0.237783,0.375681,0.245926,0.271493,0.341339,0.401723,0.292276
0.341974,0.254076,0.34197,0.414854,0.248522,0.447574,0.237831,0.578377,0.286844,0.368546,0.424683,0.387631,0,0,0,0,0.438476,0.739114,0.394056,0.790884,0.29756,0.600164,0.524256,0.572911,0.472168,0.665539,0,0,0,0,0.308271,0.229619,0.354223,0.199579,0.257704,0.335875,0,0
0.335838,0.24318,0.328193,0.420295,0.247008,0.431266,0.236258,0.567459,0.286821,0.371232,0.395584,0.401205,0.473686,0.469341,0.424682,0.382168,0,0,0,0,0,0,0,0,0,0,0,0,0,0,0.30367,0.22684,0.349611,0.226872,0.257724,0.335817,0,0
0.33277,0.224102,0.33431,0.401227,0.243955,0.423016,0.227108,0.532035,0.276135,0.335859,0.415506,0.395774,0.495143,0.510222,0.527332,0.403985,0.406306,0.611052,0.345042,0.632844,0.351165,0.755469,0.49362,0.809938,0.475242,0.605598,0.542639,0.540198,0.674367,0.537463,0.300616,0.213242,0.3527,0.213209,0.251579,0.314108,0.384882,0.275909
0.326669,0.215986,0.343495,0.393086,0.259264,0.406684,0.227093,0.518392,0.273057,0.316772,0.418556,0.387641,0.490553,0.491155,0.52884,0.373969,0.424698,0.646475,0.361885,0.662817,0.371065,0.785439,0.443073,0.993885,0.4829,0.619221,0.561021,0.602862,0.720313,0.64646,0.297566,0.205024,0.352685,0.186024,0.248534,0.311279,0.386403,0.248627
0.332787,0.221379,0.352686,0.393072,0.280697,0.412151,0.231679,0.521122,0.263855,0.316784,0.424674,0.376747,0.496674,0.48571,0.533444,0.338538,0.413971,0.651923,0.348102,0.692793,0.397116,0.869897,0,0,0.476771,0.613772,0.590121,0.809961,0,0,0.300608,0.19957,0.355757,0.205071,0.273029,0.254161,0.383335,0.256804
0.334305,0.229594,0.352694,0.403958,0.279179,0.431231,0.234752,0.537498,0.256181,0.338551,0.426237,0.384894,0.502803,0.49115,0.538042,0.341313,0.438476,0.700966,0.374146,0.736389,0.395582,0.883537,0,0,0.499746,0.66827,0.6085,0.845387,0,0,0.302141,0.221398,0.355758,0.213251,0.263839,0.278631,0.386389,0.270435
0.34351,0.248593,0.36495,0.428523,0.291421,0.458467,0.25312,0.608319,0.256201,0.376728,0.436959,0.403999,0.516596,0.559283,0.544176,0.488402,0.438473,0.752751,0.377204,0.77999,0.375679,0.891698,0,0,0.498218,0.720041,0.60544,0.750008,0.743296,0.99525,0.308284,0.232302,0.361895,0.224146,0.260803,0.333097,0.397084,0.289531
0.343513,0.24591,0.360352,0.43122,0.27611,0.461165,0.253124,0.630122,0.263869,0.425766,0.440008,0.417587,0.519663,0.611047,0.548769,0.545641,0.449195,0.771806,0.384867,0.78816,0.357295,0.839947,0,0,0.507408,0.752736,0.596258,0.687339,0.703478,0.946189,0.308281,0.229579,0.361896,0.224084,0.262319,0.338553,0.395594,0.286798
0.345027,0.235036,0.35728,0.436676,0.276114,0.463935,0.240858,0.660062,0.247008,0.450289,0.435393,0.420284,0.515058,0.561997,0.544186,0.515683,0.455324,0.750015,0.400183,0.763643,0.31135,0.695523,0.455321,0.929849,0.502815,0.706417,0.557944,0.586533,0.657526,0.831745,0.308272,0.226874,0.361917,0.224119,0.259276,0.341301,0.394068,0.286814
0.343508,0.240494,0.354217,0.436659,0.27151,0.466621,0.23629,0.64648,0.228635,0.450314,0.430824,0.420289,0.508928,0.540211,0.539582,0.482945,0.443073,0.793608,0.39252,0.867178,0.306729,0.641001,0.470644,0.880799,0.495155,0.736391,0.534988,0.55928,0.628426,0.760909,0.305226,0.229561,0.36038,0.224163,0.256182,0.346742,0.389468,0.284056
0.329715,0.237753,0.345038,0.433927,0.266919,0.463893,0.233218,0.62467,0.242426,0.417591,0.421637,0.414854,0.499743,0.51839,0.513525,0.46391,0.42929,0.788158,0.371081,0.834481,0.294493,0.613785,0.44307,0.638298,0.49056,0.750019,0.5212,0.559286,0.637607,0.635585,0.27917,0.221419,0.35117,0.224059,0.250056,0.338545,0.383347,0.281314
0.314415,0.22686,0.337369,0.395771,0.262324,0.425744,0.22709,0.564705,0.224026,0.354909,0.410906,0.379457,0.501279,0.507502,0,0,0.412433,0.643754,0.348107,0.660088,0.355758,0.747287,0.426218,0.987072,0.472178,0.621948,0.588585,0.747277,0.714195,0.902613,0.282239,0.221423,0.335846,0.2105,0.240864,0.294998,0.364951,0.256839
0.315924,0.218699,0.337396,0.384876,0.262321,0.406674,0.22404,0.529284,0.222486,0.319522,0.410904,0.371277,0.496687,0.488436,0.507408,0.428468,0.395591,0.621942,0.341976,0.646465,0.372621,0.809956,0.410905,0.992523,0.449196,0.591981,0.571739,0.796324,0.600838,0.853573,0.283772,0.213224,0.337358,0.205015,0.240865,0.297705,0.369556,0.256841
0.32666,0.218652,0.348087,0.390335,0.273041,0.403987,0.23168,0.54836,0.254669,0.365816,0.420101,0.384886,0.492082,0.453024,0.507399,0.412138,0.407841,0.687339,0.34657,0.714591,0.369548,0.8699,0,0,0.475241,0.662828,0.590117,0.799059,0,0,0.294486,0.207803,0.348092,0.202362,0.243944,0.286806,0.381781,0.259565
0.331257,0.218688,0.343498,0.403954,0.250064,0.431213,0.242416,0.597402,0.271526,0.453014,0.424691,0.393067,0.492085,0.507509,0,0,0.412434,0.747283,0.351171,0.763632,0.368019,0.891698,0,0,0.473705,0.709151,0.59778,0.799065,0,0,0.296031,0.213232,0.358817,0.175084,0.250076,0.319488,0.394065,0.243175
0.329721,0.226814,0.349653,0.431227,0.271503,0.46392,0.246989,0.657379,0.237835,0.540217,0.424706,0.40941,0.495154,0.48297,0.536507,0.518407,0.424693,0.75001,0.357296,0.758192,0.33125,0.834491,0,0,0.487489,0.728219,0.594702,0.733663,0.685089,0.995256,0.29601,0.224127,0.355749,0.210539,0.256205,0.349441,0.387933,0.284052
0.328188,0.229569,0.352699,0.43396,0.27151,0.463922,0.240879,0.660094,0.237805,0.532042,0.429287,0.417604,0.508935,0.496615,0.548762,0.548372,0.441539,0.755465,0.375672,0.763643,0.322072,0.785421,0,0,0.501276,0.736392,0.588589,0.676437,0.671295,0.973444,0.292975,0.226886,0.354221,0.215928,0.25773,0.354932,0.389448,0.284085
0.326663,0.22954,0.351177,0.43123,0.268443,0.455737,0.240859,0.643754,0.262311,0.488449,0.426232,0.420284,0.496685,0.496611,0.534973,0.518383,0.452262,0.760915,0.394056,0.771811,0.306733,0.711886,0.43389,0.978911,0.502807,0.720038,0.565625,0.608292,0.649863,0.859023,0.292966,0.226809,0.354222,0.215931,0.254669,0.346767,0.390967,0.294936
0.325141,0.226819,0.345043,0.425747,0.254665,0.447551,0.239347,0.638291,0.265399,0.480255,0.426223,0.40668,0.499752,0.515678,0.53037,0.502052,0.450726,0.769083,0.392523,0.782713,0.296022,0.692797,0.435421,0.932591,0.499747,0.72276,0.55489,0.57837,0.642193,0.809953,0.292951,0.224087,0.351158,0.210538,0.25009,0.341271,0.386425,0.2922
0.322074,0.224103,0.337381,0.414862,0.248538,0.436676,0.23628,0.621955,0.259258,0.474829,0.41244,0.39853,0.492084,0.461207,0.525801,0.474832,0.444603,0.720043,0.38946,0.752732,0.29448,0.698254,0.429282,0.883522,0.495154,0.673716,0.550305,0.562018,0.637609,0.750015,0.288363,0.218685,0.345033,0.207784,0.248521,0.335864,0.381781,0.286775
0.315944,0.221435,0.331258,0.417567,0.240896,0.436697,0.234743,0.608301,0.274594,0.466614,0.418574,0.401276,0.489022,0.499333,0.519655,0.488408,0.380268,0.605598,0.322065,0.643753,0.300609,0.741827,0.444595,0.913501,0.489026,0.668266,0.557971,0.578329,0.662126,0.725479,0.277665,0.207774,0.338935,0.205048,0.246993,0.335837,0.377189,0.267735
0.312895,0.20779,0.332792,0.401233,0.243939,0.425743,0.228615,0.578377,0.288388,0.450306,0.421633,0.393043,0.504347,0.572897,0.519656,0.510244,0.410906,0.676446,0.345038,0.698244,0.34045,0.8045,0.423159,0.99389,0.473707,0.662821,0.576327,0.657353,0.727977,0.799061,0.279165,0.199606,0.332787,0.180535,0.243944,0.324919,0.3772,0.243206
0.31439,0.196898,0.331261,0.401233,0.240862,0.41757,0.225547,0.575625,0.274552,0.431189,0.423167,0.395808,0.504342,0.581073,0.513533,0.491139,0.398658,0.670998,0.338908,0.692795,0.360359,0.81814,0,0,0.467583,0.665543,0.591641,0.698251,0.720318,0.891696,0.280691,0.194189,0.346567,0.166939,0.24546,0.322206,0.380266,0.251396
0.315925,0.18873,0.340449,0.403955,0.2654,0.428503,0.228614,0.597461,0.236285,0.431226,0.417036,0.395764,0.49975,0.45846,0.528855,0.428506,0.418557,0.7146,0.348109,0.730949,0.358818,0.83176,0,0,0.476777,0.698242,0.594728,0.750015,0.706541,0.948931,0.280693,0.191409,0.345044,0.164201,0.246989,0.305846,0.383326,0.254111
0.314391,0.191435,0.343517,0.412143,0.269992,0.439369,0.231681,0.611045,0.237814,0.453032,0.418569,0.395788,0.507403,0.46392,0.539568,0.431218,0.429283,0.733666,0.36495,0.755455,0.358827,0.837212,0,0,0.495153,0.706418,0.594705,0.7146,0.708075,0.935303,0.280716,0.19414,0.338924,0.161451,0.250083,0.316773,0.384872,0.256811
0.315929,0.180489,0.340437,0.420322,0.251602,0.442096,0.231699,0.630102,0.26998,0.49663,0.424697,0.401261,0.515067,0.515674,0.547226,0.480251,0.444603,0.758183,0.374143,0.782715,0.360361,0.85899,0,0,0.504347,0.72277,0.59319,0.662803,0.726448,0.815431,0.277638,0.194167,0.34503,0.169618,0.257741,0.338546,0.392523,0.284094
0.314412,0.1778,0.34198,0.423043,0.253124,0.44486,0.230156,0.635546,0.273028,0.526562,0.427752,0.401269,0.515067,0.521122,0.545692,0.510231,0.441537,0.752729,0.369552,0.774539,0.374134,0.872632,0,0,0.498221,0.711859,0.587065,0.635571,0.724919,0.758205,0.279187,0.191395,0.343521,0.166941,0.259271,0.338535,0.394047,0.28676
0.309809,0.183262,0.346574,0.425731,0.262326,0.44482,0.225562,0.630125,0.248519,0.521111,0.427766,0.401207,0.502809,0.534746,0.536507,0.518417,0.443071,0.750015,0.372615,0.771818,0.39711,0.869905,0,0,0.501282,0.703699,0.576318,0.589245,0.709612,0.720045,0.274567,0.19142,0.341962,0.164217,0.259278,0.341288,0.392547,0.289525
0.306737,0.18329,0.346563,0.420318,0.263852,0.433964,0.228638,0.616496,0.23935,0.491183,0.427761,0.401204,0.505877,0.551097,0.54263,0.5293,0.441541,0.747281,0.374143,0.766364,0.39406,0.864445,0,0,0.499739,0.700959,0.576332,0.583821,0.709599,0.725503,0.265397,0.188699,0.337388,0.166898,0.259254,0.338581,0.392503,0.28683
0.315937,0.177807,0.345045,0.395804,0.266916,0.406695,0.227097,0.602862,0.240865,0.442131,0.424686,0.390327,0.499742,0.523866,0.53039,0.526544,0.426227,0.720042,0.363424,0.755467,0.395582,0.859004,0.524252,0.995248,0.495147,0.687336,0.580934,0.591964,0.705012,0.755464,0.292956,0.183252,0.335853,0.161461,0,0,0.386376,0.281324
0.292963,0.196891,0.338917,0.398509,0.248535,0.406693,0.22557,0.597395,0.243933,0.431238,0.421626,0.390326,0.504347,0.542928,0.530394,0.512938,0.42623,0.720032,0.363419,0.752731,0.377213,0.842637,0.512001,0.993888,0.49209,0.681895,0.582463,0.581076,0.691204,0.760936,0.265406,0.191427,0.31594,0.164176,0.243945,0.259548,0.383342,0.270494
0.285297,0.169629,0.33432,0.387608,0.251596,0.401219,0.224002,0.600123,0.245479,0.442072,0.417026,0.379437,0.492082,0.526579,0.518138,0.499321,0.426224,0.714599,0.363415,0.747283,0.371087,0.834475,0.502809,0.99525,0.485963,0.679176,0.567147,0.564714,0.639149,0.77998,0.260767,0.188742,0.318997,0.158717,0.240897,0.284088,0.377216,0.26769
0.285298,0.166914,0.331252,0.384904,0.248538,0.401217,0.222485,0.600187,0.243933,0.455702,0.415492,0.379464,0.481364,0.521136,0.510459,0.496615,0.417035,0.703687,0.352698,0.733663,0.372606,0.815417,0.513535,0.995253,0.475237,0.665554,0.561014,0.556537,0.622279,0.779985,0.259247,0.188748,0.325114,0.15599,0.245462,0.311292,0.377216,0.265009
0.279191,0.169624,0.326662,0.398483,0.240884,0.412127,0.219431,0.605606,0.243952,0.463922,0.412442,0.387625,0.478301,0.515672,0.502822,0.493898,0.427754,0.684623,0.364949,0.700966,0.346575,0.755444,0.539576,0.935287,0.48137,0.665543,0.562545,0.551089,0.608515,0.793621,0.253128,0.191478,0.322071,0.150556,0.240892,0.314037,0.375682,0.273132
0.276126,0.17235,0.326671,0.401223,0.243952,0.417587,0.220953,0.605618,0.245485,0.469344,0.41396,0.390349,0.475247,0.521112,0.507392,0.502067,0.424695,0.71187,0.371078,0.736392,0.326655,0.720057,0.527316,0.880796,0.478301,0.684624,0.570216,0.551082,0.613104,0.79087,0.245486,0.194174,0.317471,0.161483,0.239343,0.308576,0.375701,0.275858
0.277627,0.188719,0.34198,0.401236,0.263849,0.40398,0.22098,0.605573,0.248549,0.466621,0.413977,0.395805,0.464522,0.521151,0.510483,0.515697,0.429291,0.793613,0.378744,0.842656,0.29297,0.692774,0.472167,0.790865,0.478304,0.711874,0.574811,0.553845,0.619226,0.807234,0.271497,0.147843,0.309808,0.16419,0,0,0.375688,0.275874
0,0,0,0,0,0,0,0,0,0,0,0,0,0,0,0,0.447668,0.788158,0.395581,0.839931,0.276123,0.695538,0.426223,0.717307,0.493611,0.711874,0.57635,0.553862,0.619237,0.815443,0,0,0,0,0,0,0,0
0.266919,0.202322,0.334313,0.428471,0,0,0,0,0,0,0.409361,0.401268,0.455325,0.50479,0.510471,0.504764,0.43235,0.790885,0.378737,0.845386,0.263861,0.706436,0.470648,0.891719,0.484427,0.709144,0.577875,0.551134,0.619242,0.815396,0,0,0.308254,0.175103,0,0,0.375646,0.270491
0.263854,0.194186,0.328185,0.425779,0.240881,0.44757,0,0,0,0,0.409366,0.401258,0.461454,0.512955,0.51354,0.499313,0.429288,0.769089,0,0,0,0,0,0,0.476764,0.698253,0.577868,0.551054,0.619242,0.815376,0,0,0.300635,0.194115,0,0,0.374166,0.273143
0.259283,0.196884,0.340448,0.403961,0.262326,0.412149,0.217897,0.586542,0.251612,0.458469,0.417037,0.393083,0.482898,0.523854,0.511998,0.488454,0.424685,0.720044,0.355759,0.741842,0.251603,0.769094,0,0,0.484431,0.690061,0.580921,0.548377,0.622284,0.815414,0.239369,0.199616,0.30369,0.169624,0,0,0.371087,0.256796
0.257736,0.194177,0.343503,0.401228,0.268446,0.40668,0.21789,0.586528,0.253137,0.447569,0.418566,0.395785,0.479833,0.510225,0.50894,0.493884,0.424695,0.72822,0.358823,0.747295,0.263851,0.771824,0,0,0.482899,0.700961,0.582449,0.551086,0.622295,0.815423,0.239332,0.183286,0.300615,0.16142,0,0,0.369533,0.251457
0.256197,0.196929,0.341985,0.40398,0.269981,0.412145,0.217916,0.591964,0.254651,0.453006,0.413961,0.395793,0.52732,0.461183,0,0,0.423162,0.744567,0.363419,0.76091,0.28224,0.829042,0,0,0.478298,0.70369,0.584005,0.553818,0.625353,0.826297,0.24242,0.175089,0.302153,0.161455,0,0,0.364973,0.25145
