0.466061,0.199599,0.459901,0.26228,0.397121,0.254154,0.372612,0.338526,0.340462,0.35493,0.521208,0.2677,0.556433,0.335814,0.554904,0.382149,0.444608,0.518405,0.403239,0.510232,0.358831,0.507491,0.363414,0.70098,0.485964,0.523863,0.52577,0.578352,0.444601,0.76366,0.444592,0.166925,0.48598,0.164204,0.410881,0.169637,0.516582,0.166907
0.469112,0.204996,0.459943,0.264981,0.398633,0.256834,0.374122,0.335832,0.34351,0.35762,0.522745,0.267729,0.561003,0.338558,0.559473,0.384882,0.446121,0.515679,0.406313,0.510224,0.358838,0.488392,0.37566,0.665534,0.484442,0.518424,0.528831,0.55111,0.435423,0.725487,0.444623,0.177775,0.489006,0.16691,0.410885,0.172346,0.518115,0.164211
0.473717,0.199619,0.470618,0.259548,0.407826,0.254093,0.378751,0.330379,0.354213,0.354928,0.527338,0.264982,0.56867,0.338583,0.567138,0.38487,0.449205,0.502049,0.410891,0.491159,0.357274,0.510208,0.36954,0.687366,0.490558,0.510217,0.541085,0.526605,0.449198,0.679168,0.450745,0.172342,0.493627,0.164218,0.420075,0.169628,0.522708,0.161456
0.476765,0.202325,0.472163,0.26227,0.409359,0.254127,0.380281,0.333125,0.355759,0.357612,0.530396,0.265004,0.570211,0.338534,0.570201,0.379449,0.459902,0.510219,0.418567,0.504786,0.36035,0.54021,0.34962,0.739105,0.498215,0.512947,0.544185,0.532064,0.459925,0.698219,0.455312,0.172375,0.496672,0.166887,0.421648,0.166916,0.524275,0.164152
0.481348,0.210532,0.473698,0.273177,0.410894,0.267711,0.384849,0.338551,0.358804,0.371229,0.533457,0.275872,0.573255,0.341357,0.574786,0.387602,0.459918,0.532038,0.415508,0.523872,0.364959,0.594713,0.341966,0.848105,0.504344,0.537498,0.541085,0.613771,0.521186,0.831764,0.458397,0.186024,0.499762,0.18324,0.424669,0.183223,0.530362,0.175065
0.481357,0.21866,0.473706,0.275942,0.410921,0.273207,0.384855,0.344,0.358832,0.373983,0.534967,0.278603,0.573285,0.349461,0.574804,0.393078,0.462984,0.545664,0.420098,0.537481,0.361875,0.594692,0.351158,0.869897,0.507385,0.553808,0.531924,0.668258,0,0,0.4599,0.188754,0.501292,0.186026,0.424686,0.185975,0.528849,0.177797
0.479816,0.226856,0.475233,0.292216,0.41398,0.28952,0.387944,0.354943,0.361876,0.384925,0.536498,0.289543,0.573267,0.349469,0.577867,0.398485,0.46912,0.564746,0.424685,0.556561,0.361897,0.58651,0.384855,0.790897,0.508959,0.572917,0.527322,0.698259,0.504349,0.993885,0.45837,0.202314,0.499745,0.19957,0.424674,0.199593,0.530361,0.194151
0.478287,0.229615,0.47679,0.294991,0.420089,0.292279,0.389462,0.357652,0.363438,0.393077,0.53805,0.294986,0.577873,0.363089,0.579377,0.401272,0.470644,0.559287,0.424688,0.553817,0.363431,0.578327,0.404768,0.763641,0.510478,0.567454,0.534974,0.668282,0.492076,0.929846,0.456864,0.205052,0.498219,0.202352,0.424688,0.19962,0.530363,0.199578
0.481352,0.229552,0.481372,0.294961,0.42316,0.292236,0.394065,0.357611,0.37414,0.398498,0.541116,0.294993,0.58095,0.363101,0.579394,0.403936,0.472177,0.553805,0.427761,0.548362,0.369555,0.553831,0.424674,0.75545,0.51048,0.556539,0.544157,0.608318,0.481363,0.807229,0.458414,0.202348,0.502801,0.202302,0.427755,0.20231,0.533445,0.196902
0.484426,0.226902,0.484432,0.294966,0.424677,0.289526,0.397108,0.352185,0.378738,0.398512,0.544177,0.295015,0.583992,0.368565,0.580912,0.406692,0.472162,0.537504,0.429287,0.534755,0.368024,0.534749,0.424698,0.730958,0.508947,0.542931,0.553369,0.578398,0.489013,0.758169,0.462974,0.202338,0.505875,0.199624,0.432329,0.196881,0.534974,0.194188
0.493597,0.226884,0.490565,0.294948,0.42777,0.289527,0.398648,0.352195,0.386391,0.398498,0.55029,0.295018,0.591643,0.374019,0.58245,0.41487,0.473688,0.54021,0.432342,0.532035,0.372582,0.507517,0.413966,0.671019,0.511998,0.548354,0.567132,0.542913,0.508944,0.706399,0.472149,0.202329,0.51201,0.196908,0.438473,0.199583,0.544163,0.194146
0.495142,0.229585,0.492102,0.295012,0.430824,0.292211,0.403252,0.346745,0.390978,0.393068,0.551819,0.297708,0.593162,0.36857,0.587055,0.409446,0.475251,0.545646,0.433893,0.534748,0.374145,0.502065,0.417027,0.668295,0.518118,0.548394,0.565611,0.540228,0.522728,0.684627,0.473698,0.205069,0.516584,0.202291,0.44155,0.199605,0.545692,0.196889
0.496709,0.245885,0.495132,0.297671,0.430818,0.292232,0.404768,0.360384,0.392539,0.403978,0.557933,0.300439,0.599317,0.387627,0.590117,0.420298,0.484415,0.54838,0.441542,0.540217,0.378741,0.512963,0.423178,0.665567,0.527314,0.551105,0.562558,0.578353,0.557967,0.785441,0.475263,0.210541,0.519682,0.207798,0.444624,0.205043,0.548763,0.205005
0.498205,0.245938,0.495155,0.300411,0.43234,0.294985,0.389449,0.428484,0,0,0.557958,0.303144,0.597786,0.390346,0.580954,0.414855,0.489025,0.553845,0.444608,0.548361,0.383322,0.523876,0.42624,0.671026,0.531903,0.559266,0.559475,0.608336,0.561024,0.848111,0.476757,0.215935,0.519678,0.210495,0.446108,0.207811,0.548768,0.207749
0.496675,0.248631,0.498198,0.305879,0.436928,0.30315,0.407833,0.376721,0.395581,0.420311,0.559513,0.303167,0.596238,0.40394,0.564088,0.393072,0.493618,0.57837,0.447673,0.572881,0.386397,0.551093,0.426237,0.706429,0.536515,0.589237,0.559481,0.725489,0,0,0.47522,0.221374,0.519646,0.213245,0.446106,0.215955,0.548768,0.210523
0.49518,0.251337,0.496708,0.311329,0.436932,0.311289,0.394059,0.431213,0.395603,0.425734,0.561006,0.311286,0.594703,0.403958,0.556389,0.384906,0.493625,0.586516,0.449189,0.581055,0.384882,0.556577,0.426214,0.728247,0.536508,0.591964,0.557957,0.703703,0.548769,0.976174,0.473721,0.224088,0.519636,0.21869,0.44462,0.221383,0.548771,0.213257
0.496679,0.251325,0.499732,0.311319,0.438461,0.308573,0.392536,0.431214,0.4002,0.425725,0.561019,0.311337,0.58094,0.403965,0.527302,0.374026,0.485956,0.578337,0.444593,0.570194,0.384848,0.553824,0.415501,0.725496,0.528853,0.581093,0.567155,0.660067,0.524241,0.938039,0.475234,0.224085,0.519659,0.221373,0.446127,0.221429,0.550284,0.221382
0.496702,0.248656,0.496712,0.311335,0.436965,0.308618,0.392538,0.420317,0.401722,0.423043,0.557973,0.311356,0.580947,0.401234,0.519653,0.371238,0.48749,0.578329,0.444598,0.570193,0.384848,0.545672,0.410908,0.714613,0.528864,0.581069,0.568688,0.662787,0.524264,0.883561,0.475252,0.221394,0.521172,0.218664,0.446143,0.221367,0.551826,0.218656
0.498211,0.251328,0.496712,0.313998,0.43694,0.30858,0.406293,0.382194,0.400185,0.428459,0.557976,0.31675,0.576326,0.406729,0.512009,0.376672,0.485962,0.570172,0.443071,0.559275,0.386389,0.532029,0.418571,0.676452,0.528855,0.572925,0.574805,0.646492,0.528861,0.853582,0.47676,0.224095,0.521187,0.218705,0.446159,0.218674,0.554868,0.215941
0.499733,0.251337,0.499756,0.311353,0.440001,0.308592,0.41089,0.376716,0.400199,0.428467,0.561024,0.31675,0.577873,0.406696,0.516586,0.373953,0.485976,0.564731,0.444595,0.556535,0.386414,0.532059,0.424693,0.671005,0.528858,0.572872,0.577873,0.627426,0.528865,0.820861,0.47678,0.224118,0.521208,0.221363,0.447673,0.221423,0.554876,0.218669
0.502793,0.25135,0.502806,0.311335,0.443068,0.308613,0.412453,0.379454,0.409381,0.428493,0.567136,0.311352,0.582454,0.406669,0.521204,0.354939,0.492079,0.556555,0.447657,0.553821,0.397137,0.575637,0.397124,0.733671,0.533435,0.559285,0.588579,0.608334,0.530381,0.779978,0.479827,0.226805,0.522726,0.218695,0.450735,0.221409,0.556432,0.210506
0.505859,0.251313,0.50587,0.311275,0.444609,0.305893,0.415511,0.37942,0.410933,0.431187,0.568673,0.311324,0.588588,0.401237,0.524258,0.349479,0.495162,0.559303,0.4538,0.556583,0.406303,0.611052,0.375682,0.867178,0.53804,0.561997,0.585516,0.613789,0.530366,0.796328,0.481372,0.224103,0.525784,0.215961,0.453802,0.218689,0.557962,0.207772
0.508941,0.251331,0.507394,0.3086,0.444598,0.303135,0.41396,0.374025,0.410936,0.428505,0.570226,0.311326,0.591659,0.401239,0.530389,0.344023,0.489027,0.581078,0.446122,0.578336,0.404785,0.690066,0.391003,0.908067,0.531908,0.581088,0.580929,0.676458,0.562548,0.908061,0.48749,0.224092,0.531897,0.221413,0.458388,0.21868,0.561018,0.224088
0.510455,0.254146,0.507391,0.311338,0.444586,0.305889,0.410905,0.379402,0.409371,0.431179,0.570226,0.316743,0.590121,0.406701,0.528847,0.352212,0.493597,0.59198,0.446123,0.5811,0.404776,0.67917,0.390974,0.916233,0.539577,0.600137,0.579396,0.698247,0,0,0.490538,0.226898,0.531934,0.226868,0.458374,0.218698,0.562553,0.226813
0.508923,0.262272,0.50588,0.319506,0.441548,0.314004,0.409365,0.382159,0.403248,0.433945,0.570205,0.333098,0.584008,0.425794,0.525799,0.360341,0.484445,0.597435,0.443072,0.594684,0.403235,0.706397,0.400199,0.929831,0.530383,0.600129,0.573268,0.706443,0.553359,0.951642,0.487493,0.232327,0.531906,0.23232,0.458366,0.226836,0.561036,0.232332
0.507398,0.259558,0.504338,0.319533,0.441535,0.314007,0.409364,0.382188,0.403242,0.436666,0.568668,0.335803,0.583979,0.4258,0.522752,0.360371,0.484427,0.5974,0.443074,0.586543,0.398662,0.69007,0.410916,0.910771,0.528847,0.600147,0.573281,0.725455,0.539579,0.95164,0.485948,0.229631,0.530373,0.232295,0.456848,0.224132,0.559504,0.235008
0.504349,0.259551,0.5028,0.319492,0.44,0.314002,0.407823,0.382217,0.401723,0.436688,0.567132,0.33311,0.579394,0.431224,0.521187,0.363124,0.487496,0.578375,0.444591,0.575605,0.397111,0.660081,0.424705,0.853583,0.530395,0.583816,0.573289,0.690048,0.52886,0.897144,0.482891,0.229605,0.527303,0.232285,0.452259,0.221431,0.557978,0.229571
0.504347,0.254138,0.501282,0.316771,0.43847,0.311295,0.407822,0.382195,0.404763,0.439384,0.565604,0.327688,0.580905,0.428512,0.525779,0.363072,0.492072,0.572904,0.446131,0.564746,0.39863,0.638249,0.429271,0.837217,0.533438,0.575656,0.57634,0.671013,0.528862,0.853546,0.482899,0.22954,0.525806,0.229539,0.452256,0.218697,0.557968,0.226839
0.50891,0.248683,0.505851,0.314033,0.441534,0.308559,0.409347,0.379441,0.409349,0.433933,0.568666,0.316824,0.580952,0.425741,0.530396,0.346775,0.493611,0.561998,0.449193,0.556554,0.398635,0.600134,0.42623,0.78544,0.533439,0.567441,0.580948,0.613794,0.525776,0.831755,0.485961,0.224071,0.530371,0.218687,0.455326,0.215935,0.557983,0.221392
0.508935,0.251357,0.505873,0.314035,0.443071,0.308571,0.406318,0.387635,0.410902,0.43122,0.568677,0.316813,0.58245,0.425803,0.531914,0.344017,0.492101,0.564727,0.449205,0.556577,0.398654,0.594694,0.424712,0.777259,0.531917,0.570174,0.584008,0.600126,0.530375,0.769089,0.48598,0.224106,0.530384,0.22137,0.456862,0.215963,0.559487,0.221419
0.508939,0.256841,0.507399,0.314024,0.443084,0.305891,0.409345,0.382178,0.410882,0.428474,0.571737,0.316757,0.583998,0.425769,0.539574,0.344048,0.49362,0.562003,0.449209,0.559277,0.401711,0.627417,0.418568,0.839905,0.534983,0.56472,0.583994,0.621952,0.544178,0.820868,0.487501,0.229609,0.531887,0.226852,0.456835,0.215968,0.55951,0.226808
0.50892,0.256815,0.505858,0.314079,0.441532,0.308596,0.40783,0.384914,0.409392,0.431192,0.568687,0.316824,0.583998,0.425732,0.536521,0.34401,0.487502,0.572882,0.444615,0.567471,0.40018,0.660075,0.421617,0.872617,0.531902,0.572918,0.577864,0.641006,0.571746,0.875331,0.485983,0.229577,0.530387,0.226857,0.453801,0.215933,0.559475,0.224141
0.502798,0.262249,0.499758,0.316761,0.43695,0.311319,0.407819,0.384928,0.40629,0.442071,0.562554,0.319498,0.580932,0.423015,0.530383,0.346767,0.487494,0.59468,0.443087,0.583805,0.394051,0.6683,0.424686,0.872625,0.53193,0.597443,0.5748,0.714593,0,0,0.481347,0.232324,0.524257,0.229603,0.449202,0.224164,0.556398,0.224153
0.496686,0.264985,0.496703,0.319493,0.435409,0.314047,0.403234,0.395801,0.400172,0.447546,0.559474,0.324959,0.576346,0.425756,0.524275,0.352216,0.489017,0.586536,0.444586,0.578386,0.392523,0.657386,0.423147,0.856282,0.531919,0.594705,0.570212,0.692789,0.571731,0.973448,0.475244,0.23774,0.521167,0.232299,0.446143,0.226834,0.55336,0.226877
0.493623,0.25407,0.495125,0.314029,0.430824,0.311287,0.401709,0.395789,0.395605,0.450303,0.556437,0.316744,0.573295,0.425731,0.521167,0.34402,0.487496,0.575636,0.44462,0.575595,0.392504,0.581061,0.417028,0.782702,0.528855,0.57565,0.574799,0.651906,0.527318,0.869913,0.472188,0.226863,0.515062,0.224127,0.443056,0.221436,0.545707,0.221395
0.495135,0.251348,0.495141,0.311328,0.432333,0.308562,0.400168,0.390359,0.395578,0.444795,0.557944,0.314034,0.574797,0.423066,0.524249,0.344022,0.485963,0.56473,0.444596,0.559285,0.392501,0.559266,0.412444,0.728212,0.527327,0.56474,0.571732,0.635593,0.518125,0.826315,0.472193,0.224121,0.516599,0.221361,0.44155,0.215962,0.547218,0.215933
0.499761,0.248673,0.496709,0.305849,0.433882,0.295003,0.404763,0.371293,0.397105,0.425763,0.561006,0.311358,0.57941,0.425741,0.530403,0.352185,0.481373,0.551082,0.443062,0.542921,0.386404,0.545664,0.417039,0.69551,0.524252,0.553832,0.574803,0.594684,0.51354,0.74998,0.478298,0.221436,0.521215,0.215957,0.446126,0.207803,0.550307,0.210533
0.504344,0.248629,0.499745,0.303141,0.436938,0.294968,0.40783,0.368552,0.398658,0.417599,0.56103,0.311308,0.580925,0.425753,0.531927,0.344056,0.482886,0.551087,0.44307,0.545665,0.386408,0.556588,0.410894,0.722769,0.524261,0.553805,0.576343,0.578404,0.515072,0.73639,0.481369,0.221392,0.524262,0.213206,0.447653,0.205097,0.554868,0.207822
0.507407,0.248593,0.502821,0.29774,0.436942,0.294937,0.395569,0.425767,0.403244,0.409396,0.567129,0.305868,0.584007,0.423032,0.539561,0.343997,0.48903,0.551111,0.446129,0.548376,0.397106,0.619226,0.374146,0.897155,0.530395,0.553814,0.576335,0.616497,0.541102,0.834485,0.484449,0.218686,0.528828,0.210501,0.449217,0.205036,0.556414,0.207783
0.507424,0.248593,0.502796,0.300398,0.435427,0.294943,0.394073,0.425795,0.404765,0.403994,0.567131,0.303174,0.585524,0.420335,0.541101,0.343989,0.481376,0.56472,0.436944,0.559297,0.394068,0.681895,0.383337,0.902611,0.528835,0.564722,0.573264,0.651902,0.565601,0.894429,0.485962,0.218674,0.528839,0.210516,0.449196,0.205041,0.55642,0.207763
0.507369,0.251404,0.498205,0.308588,0.433863,0.300417,0.390989,0.433929,0.397122,0.420281,0.562548,0.311317,0.582462,0.425723,0.536515,0.346758,0.482889,0.575602,0.438475,0.567439,0.395569,0.668287,0.398667,0.894443,0.527332,0.578363,0.570215,0.698268,0.567147,0.992522,0.482898,0.22685,0.52579,0.221389,0.447678,0.22137,0.554886,0.215947
0.50433,0.251405,0.496692,0.308593,0.430825,0.300448,0.387939,0.433949,0.398646,0.420317,0.55951,0.311334,0.582474,0.425749,0.53344,0.357628,0.482885,0.572919,0.438481,0.570159,0.394054,0.662814,0.407816,0.883531,0.527335,0.578326,0.571745,0.668242,0.542642,0.92167,0.481354,0.226864,0.522746,0.221428,0.446162,0.221361,0.553365,0.215972
