0.456864,0.202286,0.466045,0.327689,0.392533,0.349456,0.372614,0.474829,0.346569,0.491128,0.541088,0.303154,0.574815,0.423064,0.606991,0.376695,0.485964,0.621947,0.435424,0.630118,0.366485,0.687345,0.390987,0.940739,0.536513,0.613796,0.606991,0.654628,0.587057,0.883524,0.424713,0.185949,0.473719,0.161512,0.386411,0.235024,0.507368,0.183293
0.459945,0.207756,0.470627,0.338535,0.395595,0.354932,0.372602,0.477542,0.346566,0.507471,0.541098,0.314058,0.577861,0.428513,0.610038,0.387605,0.489015,0.627403,0.43847,0.63556,0.366484,0.684605,0.412434,0.989798,0.536509,0.619209,0.606983,0.643753,0.585527,0.878071,0.430807,0.191439,0.479823,0.169632,0.391005,0.248646,0.508917,0.191402
0.472184,0.218646,0.475223,0.341314,0.40324,0.363076,0.374147,0.466662,0.348109,0.526553,0.544189,0.324938,0.580941,0.433937,0.619226,0.41757,0.493627,0.619215,0.446121,0.624699,0.37413,0.651916,0.413971,0.867178,0.541096,0.611043,0.606973,0.608306,0.59012,0.755459,0.441534,0.2023,0.489009,0.185938,0.398653,0.254102,0.516607,0.205099
0.476751,0.2268,0.475243,0.346724,0.404787,0.368564,0.375665,0.472103,0.34811,0.534731,0.545716,0.330387,0.582477,0.436676,0.620772,0.428456,0.493631,0.613801,0.446143,0.621978,0.37569,0.654643,0.458389,0.804502,0.53956,0.6056,0.605438,0.602925,0.652923,0.916227,0.446122,0.207777,0.493622,0.191424,0.401711,0.254146,0.521174,0.207801
0.47832,0.248593,0.476767,0.357656,0.406318,0.374027,0.37722,0.485686,0.349638,0.54291,0.547242,0.338618,0.582475,0.436672,0.619208,0.444823,0.496702,0.619232,0.450738,0.627415,0.406313,0.687348,0.492088,0.897151,0.542643,0.608349,0.59011,0.630111,0,0,0.447687,0.22416,0.495162,0.207755,0.407824,0.270466,0.522704,0.221375
0.47679,0.25135,0.476752,0.363071,0.406319,0.37947,0.381786,0.493869,0.349629,0.534756,0.547224,0.341286,0.580921,0.45029,0.610037,0.45298,0.496676,0.632833,0.450722,0.641007,0.401712,0.700952,0.430817,0.940755,0.542636,0.621928,0.580923,0.676443,0.603913,0.913502,0.447659,0.229622,0.49364,0.213257,0.406304,0.275918,0.521178,0.224165
0.473713,0.281318,0.475243,0.379418,0.406303,0.395793,0.3818,0.523843,0.338916,0.491192,0.545685,0.360361,0.580909,0.477528,0.608502,0.463916,0.490564,0.714588,0.441531,0.722756,0.413963,0.99389,0,0,0.541102,0.706437,0.593186,0.96255,0,0,0.444618,0.259524,0.492085,0.248598,0.401719,0.295006,0.519651,0.251418
0.473726,0.297718,0.475227,0.390331,0.40478,0.403989,0.378741,0.526563,0.334326,0.482974,0.544175,0.371296,0.577865,0.477536,0.606992,0.472084,0.4936,0.692793,0.443085,0.698256,0.406308,0.87263,0.421629,0.993894,0.542626,0.684629,0.594717,0.935299,0,0,0.446117,0.275934,0.492104,0.262271,0.401709,0.308609,0.51963,0.27312
0.473682,0.308569,0.473732,0.398543,0.406297,0.414888,0.381796,0.532048,0.345054,0.512925,0.542644,0.379437,0.579388,0.477529,0.608529,0.493917,0.498214,0.673707,0.455332,0.681909,0.401728,0.739095,0.50127,0.970723,0.542647,0.665551,0.587071,0.725497,0.580924,0.970725,0.444622,0.289475,0.490567,0.273141,0.404784,0.316766,0.519639,0.278593
0.472182,0.300401,0.475228,0.401268,0.407832,0.423054,0.384857,0.540213,0.352701,0.532052,0.544161,0.382205,0.5794,0.477539,0.610034,0.496612,0.495162,0.668246,0.453799,0.671015,0.403253,0.706424,0.498218,0.891702,0.539559,0.662801,0.587054,0.706446,0.570207,0.943474,0.444583,0.281378,0.490536,0.265005,0.404787,0.316811,0.518115,0.278596
0.472167,0.297718,0.475221,0.406685,0.407823,0.42849,0.384867,0.53749,0.361888,0.581049,0.544149,0.390322,0.580909,0.488394,0.610022,0.502066,0.495156,0.665522,0.455315,0.665581,0.395567,0.668267,0.501283,0.796319,0.536517,0.660101,0.59165,0.668281,0.530375,0.886261,0.444578,0.281365,0.489017,0.265021,0.404782,0.319516,0.516595,0.281387
0.472181,0.30316,0.475262,0.40669,0.407838,0.428492,0.386375,0.532047,0.368012,0.583816,0.544183,0.390353,0.57942,0.491191,0.606983,0.507468,0.493622,0.654659,0.44921,0.657393,0.387935,0.673715,0.499745,0.777261,0.536497,0.649209,0.596262,0.657345,0.554885,0.804509,0.443092,0.286801,0.489023,0.270445,0.404762,0.327684,0.516595,0.284114
0.47369,0.311334,0.473718,0.4203,0.406315,0.433918,0.384839,0.534758,0.360328,0.578418,0.542653,0.398525,0.579378,0.499329,0.605447,0.499327,0.493634,0.690081,0.447669,0.698255,0,0,0,0,0.539574,0.679166,0.613101,0.668265,0.628414,0.992521,0.446113,0.294941,0.490555,0.278604,0.407816,0.335867,0.515072,0.29229
0.473721,0.314086,0.473712,0.420336,0.406306,0.433958,0.384847,0.537464,0.357298,0.575614,0.542646,0.401196,0.577864,0.496608,0.606939,0.496597,0.49362,0.692794,0.447673,0.698252,0.389454,0.676446,0,0,0.539568,0.676441,0.652926,0.722767,0.642199,0.992522,0.446122,0.297682,0.492076,0.284059,0.406319,0.33852,0.516609,0.294971
0.475231,0.314068,0.475218,0.420305,0.407831,0.43393,0.386389,0.534748,0.358818,0.572877,0.544146,0.398515,0.579415,0.491161,0.611556,0.493873,0.495155,0.671004,0.452261,0.684611,0.390982,0.670994,0.485963,0.908053,0.538038,0.662835,0.608507,0.662816,0.636074,0.987071,0.447642,0.297667,0.49359,0.284062,0.407858,0.335858,0.518125,0.294988
0.475249,0.311322,0.475261,0.414856,0.409361,0.431206,0.386385,0.53205,0.358826,0.575604,0.544163,0.395813,0.580909,0.488428,0.61614,0.491205,0.495168,0.665526,0.452273,0.671007,0.386412,0.665539,0.487495,0.86718,0.539566,0.651934,0.602376,0.654662,0.533448,0.842659,0.447668,0.292287,0.493612,0.278625,0.40937,0.335824,0.519646,0.292253
0.476771,0.297674,0.476755,0.401259,0.409365,0.423014,0.38332,0.526558,0.354221,0.572916,0.544162,0.3822,0.580938,0.472067,0.625375,0.491112,0.495167,0.660106,0.450724,0.668269,0.390992,0.657386,0,0,0.54262,0.64919,0.608499,0.657378,0.636073,0.987072,0.447672,0.278609,0.493629,0.264984,0.407858,0.314088,0.519654,0.275931
0.476752,0.292277,0.473723,0.398499,0.406296,0.414864,0.381786,0.52114,0.351183,0.567463,0.542654,0.37675,0.580946,0.463947,0.628406,0.49118,0.495132,0.649205,0.450741,0.657379,0.383339,0.671003,0.482897,0.801794,0.538045,0.641033,0.606962,0.649209,0.557954,0.823585,0.447659,0.273223,0.49362,0.256831,0.407833,0.313996,0.519659,0.273145
0.47675,0.294932,0.473715,0.398492,0.406299,0.414871,0.380257,0.523857,0.351166,0.564718,0.542639,0.379409,0.582446,0.466639,0.626907,0.496618,0.495154,0.651919,0.452268,0.660101,0.387911,0.703691,0.4783,0.938039,0.538049,0.643763,0.600839,0.665555,0.599315,0.859006,0.447661,0.275878,0.493616,0.259532,0.407826,0.31132,0.519658,0.273144
0.475241,0.303152,0.473692,0.40124,0.406306,0.420302,0.381798,0.521153,0.351151,0.556602,0.539571,0.3849,0.580914,0.469392,0.629922,0.50478,0.496673,0.681899,0.44921,0.692795,0.383341,0.771819,0,0,0.542648,0.668279,0.602375,0.763631,0.625352,0.989799,0.447668,0.28136,0.49363,0.270485,0.406319,0.314011,0.519639,0.284083
0.475241,0.31129,0.473704,0.401287,0.407822,0.423009,0.380277,0.523847,0.349648,0.559256,0.53958,0.387628,0.58091,0.47208,0.62993,0.507487,0.49513,0.671015,0.447662,0.681898,0.38945,0.758167,0,0,0.541098,0.668275,0.599313,0.779984,0.554881,0.943486,0.447681,0.289489,0.495123,0.275933,0.407847,0.316792,0.519679,0.292199
0.476753,0.305869,0.475224,0.401282,0.409365,0.420307,0.380279,0.52384,0.348103,0.561982,0.541097,0.387624,0.580924,0.474789,0.626901,0.510265,0.496674,0.665541,0.452265,0.668303,0.397101,0.736398,0,0,0.541104,0.660095,0.600835,0.730947,0.606974,0.948931,0.449189,0.284053,0.495129,0.273194,0.409339,0.31406,0.519658,0.289485
0.478284,0.297714,0.475234,0.401235,0.407854,0.417589,0.383328,0.518436,0.348097,0.559293,0.542636,0.384875,0.582444,0.472109,0.629943,0.512929,0.499736,0.665561,0.456866,0.671023,0.398662,0.728186,0,0,0.544151,0.660079,0.594739,0.709118,0.61463,0.940739,0.449197,0.275934,0.495149,0.267742,0.407851,0.311288,0.519675,0.281342
0.479842,0.297696,0.475258,0.401236,0.409352,0.420296,0.384858,0.526584,0.348123,0.559311,0.544162,0.382176,0.585516,0.472073,0.633024,0.510249,0.4967,0.662825,0.453802,0.668283,0.397121,0.709124,0.481361,0.970721,0.542631,0.654638,0.596242,0.68461,0.593181,0.894439,0.452248,0.275929,0.496685,0.267687,0.409394,0.311319,0.521214,0.281377
0.47985,0.3004,0.476757,0.401209,0.409351,0.41758,0.384859,0.523884,0.349646,0.561992,0.544172,0.382159,0.584004,0.472062,0.633018,0.510239,0.496683,0.662803,0.453797,0.668263,0.39406,0.698228,0.485953,0.962551,0.541101,0.651935,0.599318,0.673728,0.583996,0.894434,0.452265,0.278613,0.496691,0.267744,0.409396,0.311347,0.521216,0.28136
0.479831,0.300422,0.475251,0.4012,0.407851,0.41488,0.38333,0.521152,0.346582,0.562019,0.544149,0.382157,0.583999,0.469373,0.634538,0.507497,0.493619,0.670989,0.452261,0.676434,0.389477,0.66282,0.475248,0.905331,0.534975,0.66553,0.608508,0.681881,0.562548,0.889007,0.452252,0.278622,0.496681,0.270409,0.409376,0.311331,0.521208,0.281364
0.479812,0.297687,0.475231,0.398512,0.409349,0.412125,0.383327,0.518444,0.346567,0.562033,0.542645,0.379444,0.584008,0.466668,0.634547,0.507517,0.493632,0.668275,0.453786,0.670992,0.386389,0.646502,0.482896,0.872646,0.534981,0.665521,0.608507,0.684612,0.565606,0.899872,0.45074,0.275905,0.495178,0.267695,0.40937,0.311274,0.521205,0.278666
0.478294,0.289548,0.476765,0.395816,0.409389,0.409441,0.384845,0.518401,0.346574,0.570146,0.544163,0.376733,0.587066,0.466649,0.634558,0.507489,0.495145,0.670994,0.450727,0.681888,0.371076,0.662827,0.417031,0.967998,0.53957,0.665522,0.608504,0.668271,0.553367,0.946206,0.449201,0.270461,0.495144,0.25411,0.409345,0.308597,0.521193,0.273152
0.478288,0.289541,0.478287,0.395796,0.410894,0.412131,0.384865,0.515716,0.346575,0.570157,0.544186,0.376684,0.587067,0.463939,0.636073,0.504802,0.499755,0.662801,0.458383,0.668262,0.386407,0.641059,0.415498,0.905328,0.544159,0.654637,0.611559,0.64922,0.553368,0.913501,0.449199,0.27048,0.495131,0.254109,0.409353,0.311265,0.52119,0.273143
0.479815,0.294942,0.47983,0.395792,0.410924,0.409414,0.383325,0.510203,0.34809,0.567473,0.545723,0.376689,0.588601,0.461214,0.639132,0.496587,0.498228,0.660097,0.4584,0.665563,0.384865,0.641043,0.484432,0.777258,0.542639,0.646489,0.608489,0.651918,0.565614,0.771814,0.45073,0.275863,0.495181,0.259547,0.409398,0.311267,0.521214,0.275879
0.47984,0.297666,0.479841,0.395809,0.412432,0.409422,0.384865,0.504794,0.346588,0.562021,0.545721,0.376738,0.590107,0.455731,0.640649,0.491128,0.496676,0.665523,0.456846,0.670987,0.394032,0.572908,0.452265,0.801793,0.541099,0.651923,0.605436,0.662788,0.550297,0.81541,0.450749,0.275922,0.496681,0.262244,0.410902,0.311325,0.521223,0.273215
0.481352,0.297725,0.479836,0.395758,0.410918,0.4067,0.387949,0.515679,0.345038,0.553867,0.54724,0.376717,0.591659,0.452989,0.643752,0.466659,0.496677,0.654659,0.452261,0.660111,0.398664,0.72005,0.401719,0.929843,0.541111,0.649217,0.59624,0.709158,0.617693,0.932574,0.452279,0.278639,0.496682,0.262278,0.410929,0.31136,0.52122,0.273189
0.481352,0.300433,0.47983,0.398481,0.412433,0.409423,0.389448,0.512977,0.343521,0.553817,0.545717,0.379437,0.591663,0.450319,0.646785,0.453003,0.49821,0.668271,0.452261,0.673727,0.400192,0.774549,0.372606,0.992523,0.544184,0.662823,0.602372,0.771821,0.605436,0.987073,0.452272,0.281348,0.496691,0.267697,0.410916,0.314051,0.522719,0.2759
0.482874,0.308624,0.479848,0.401226,0.413961,0.420289,0.38792,0.518387,0.343522,0.559266,0.545709,0.382174,0.588592,0.450297,0.643737,0.436667,0.498223,0.665556,0.453795,0.670999,0.40018,0.760911,0.395587,0.954372,0.544153,0.660114,0.594726,0.730946,0.599313,0.951647,0.455326,0.289497,0.498228,0.27322,0.413961,0.316811,0.522734,0.286775
0.481368,0.303149,0.481348,0.395818,0.413971,0.41214,0.387923,0.518386,0.343518,0.559298,0.54572,0.376735,0.588605,0.447563,0.642205,0.431244,0.498204,0.665525,0.452271,0.668259,0.403247,0.72545,0.420099,0.938032,0.544164,0.660079,0.593181,0.725468,0.597776,0.951644,0.4538,0.284055,0.498218,0.270409,0.412424,0.313999,0.522736,0.275943
0.481372,0.289524,0.482888,0.393041,0.415512,0.406705,0.387942,0.512981,0.343489,0.559256,0.550288,0.371301,0.593174,0.442112,0.645291,0.425811,0.499759,0.66279,0.458378,0.665516,0.395595,0.687352,0.521191,0.820881,0.54416,0.654659,0.594706,0.692795,0.570205,0.943475,0.453784,0.270462,0.496701,0.251394,0.412439,0.308611,0.524253,0.26501
0.481363,0.289524,0.481373,0.39305,0.413977,0.406711,0.387928,0.515675,0.341984,0.562019,0.548774,0.371295,0.593162,0.444835,0.646785,0.428535,0.499736,0.660106,0.458391,0.662811,0.395571,0.668281,0.504349,0.823574,0.542631,0.654657,0.600836,0.673737,0.559494,0.899879,0.452278,0.270461,0.496697,0.251395,0.412437,0.308606,0.524256,0.264985
0.479838,0.292214,0.479846,0.390364,0.413959,0.406695,0.386411,0.515679,0.341988,0.562018,0.547242,0.371287,0.593159,0.444843,0.645274,0.444793,0.499752,0.649191,0.458393,0.65465,0.39101,0.668279,0.501272,0.815401,0.544159,0.643742,0.605453,0.654627,0.557962,0.861724,0.450745,0.273182,0.495168,0.251422,0.410916,0.308617,0.522727,0.26501
0.478318,0.294932,0.481354,0.395762,0.413982,0.409409,0.387932,0.512991,0.343504,0.559278,0.547231,0.374012,0.593167,0.447528,0.643739,0.447591,0.498221,0.646471,0.455327,0.651935,0.397119,0.690048,0.40631,0.938019,0.544155,0.641,0.605445,0.662807,0.56102,0.853567,0.450724,0.275906,0.495149,0.254133,0.410904,0.313987,0.522717,0.267716
0.476767,0.305851,0.479828,0.401234,0.412447,0.423003,0.386398,0.518424,0.343496,0.559284,0.545713,0.379475,0.590115,0.450319,0.642202,0.444878,0.496668,0.662827,0.449209,0.668277,0.397115,0.782704,0.372607,0.992526,0.542636,0.654653,0.605425,0.676442,0.573272,0.891704,0.449185,0.286792,0.493627,0.270436,0.4094,0.322199,0.521162,0.273203
0.476762,0.308579,0.479824,0.403943,0.413967,0.425739,0.387929,0.518446,0.343515,0.559321,0.545692,0.384877,0.588581,0.455715,0.642218,0.444815,0.496683,0.665546,0.452253,0.67099,0.392532,0.760911,0.386396,0.993884,0.54263,0.660097,0.605446,0.687358,0.567139,0.918952,0.44919,0.289508,0.49362,0.273166,0.409387,0.322245,0.519682,0.275906
0.476783,0.303172,0.478314,0.403976,0.412452,0.425782,0.386388,0.526595,0.34505,0.570163,0.544187,0.384912,0.585534,0.458427,0.64068,0.444879,0.493636,0.66825,0.450738,0.670982,0.392524,0.698218,0.440009,0.89443,0.534977,0.662838,0.605424,0.665564,0.547236,0.891704,0.449217,0.284105,0.49364,0.270486,0.410887,0.31952,0.521192,0.281389
0.479822,0.297741,0.47983,0.401245,0.413967,0.420324,0.3864,0.521136,0.345035,0.56474,0.545682,0.382192,0.58705,0.455734,0.642176,0.447566,0.496665,0.662793,0.456842,0.665549,0.392522,0.665519,0.478302,0.845369,0.536519,0.654636,0.600846,0.646485,0.538043,0.845388,0.452251,0.281324,0.495164,0.26771,0.410904,0.316736,0.521224,0.278649
0.481379,0.297685,0.481383,0.39851,0.417027,0.412159,0.387931,0.515694,0.345047,0.562038,0.547244,0.379432,0.590126,0.45304,0.643717,0.447585,0.501284,0.649205,0.458384,0.660096,0.397133,0.62473,0.429285,0.993884,0.545699,0.643727,0.605431,0.624698,0,0,0.453807,0.27859,0.498211,0.26227,0.412456,0.314072,0.522736,0.275937
0.482879,0.295016,0.48288,0.395808,0.418548,0.409417,0.389459,0.515691,0.348079,0.564707,0.547247,0.376748,0.591665,0.453022,0.643761,0.447542,0.502821,0.635574,0.461451,0.643732,0.398651,0.63553,0.515064,0.714597,0.545698,0.624671,0.600837,0.638269,0.553356,0.760922,0.455321,0.275917,0.49822,0.259558,0.41246,0.311314,0.52274,0.273203
0.4829,0.295015,0.484415,0.395778,0.420077,0.406722,0.390972,0.512981,0.351175,0.559265,0.548778,0.376714,0.591659,0.45027,0.643754,0.439407,0.50586,0.643738,0.462992,0.649195,0.409373,0.684615,0.508942,0.853551,0.545701,0.638272,0.596258,0.687334,0.594718,0.89171,0.455335,0.275913,0.498222,0.259524,0.413988,0.311337,0.522751,0.270482
0.482911,0.300399,0.484433,0.398472,0.418564,0.412156,0.390988,0.515691,0.349644,0.559272,0.551827,0.376743,0.59317,0.453026,0.645286,0.433962,0.510471,0.660095,0.469115,0.665549,0.418564,0.730955,0.507405,0.946209,0.554895,0.654652,0.59472,0.758187,0.599312,0.948928,0.456855,0.281329,0.499743,0.264972,0.415499,0.314032,0.52424,0.275887
0.487483,0.31135,0.48595,0.403928,0.42162,0.425721,0.389462,0.521119,0.348111,0.572904,0.550293,0.384902,0.593184,0.461173,0.64985,0.442076,0.507402,0.684611,0.461462,0.692786,0.413968,0.788149,0.481362,0.99525,0.551834,0.670999,0.605446,0.741845,0.597783,0.965275,0.459904,0.292189,0.504352,0.275945,0.421608,0.32493,0.528839,0.289529
0.485982,0.311264,0.485981,0.401247,0.421612,0.423019,0.389472,0.521162,0.351153,0.572931,0.553347,0.382177,0.594701,0.461206,0.649859,0.447536,0.508936,0.679166,0.464529,0.687357,0.410906,0.741854,0,0,0.553349,0.668303,0.608485,0.728207,0.590123,0.97345,0.459909,0.286815,0.505849,0.275876,0.421608,0.319485,0.528867,0.28951
0.487486,0.28955,0.487484,0.393076,0.421625,0.406707,0.389468,0.515657,0.345047,0.567431,0.554872,0.374001,0.594704,0.455737,0.65291,0.447546,0.50435,0.660094,0.461455,0.662834,0.403247,0.671007,0.493621,0.837207,0.547222,0.651936,0.606961,0.679174,0.561017,0.938031,0.459899,0.270426,0.504353,0.251433,0.420097,0.311292,0.530374,0.267729
0.485975,0.286818,0.487483,0.390317,0.421622,0.403978,0.390984,0.512986,0.345037,0.559266,0.554871,0.371289,0.593197,0.455718,0.648327,0.447533,0.502799,0.649199,0.456864,0.651942,0.401707,0.662859,0.484426,0.880806,0.545689,0.643736,0.605432,0.660059,0.57327,0.812695,0.458396,0.267704,0.50435,0.251333,0.420082,0.30859,0.530387,0.259544
0.484458,0.292259,0.482894,0.387655,0.418565,0.403942,0.392525,0.51294,0.349634,0.551132,0.54876,0.373978,0.584018,0.433972,0.623824,0.458444,0.498218,0.635596,0.458373,0.64373,0.413969,0.698253,0.502809,0.883523,0.541098,0.627419,0.591642,0.654656,0.551829,0.856279,0.458385,0.273155,0.502811,0.251427,0.420085,0.311301,0.528859,0.262299
0.484438,0.300416,0.482916,0.387637,0.420093,0.403932,0.394043,0.50749,0.349635,0.548362,0.548761,0.373968,0.584006,0.428466,0.600837,0.455723,0.498213,0.641032,0.458379,0.646485,0.429291,0.736394,0.38946,0.940759,0.542636,0.632834,0.58554,0.684609,0.605442,0.927124,0.458371,0.281314,0.501292,0.259571,0.420076,0.313999,0.527308,0.270453
0.481372,0.316753,0.481376,0.401262,0.420104,0.420302,0.386385,0.510223,0.340427,0.559313,0.545713,0.384887,0.587067,0.43936,0.585541,0.496613,0.50433,0.692787,0.456863,0.695522,0.421611,0.809959,0,0,0.550286,0.684621,0.597785,0.804517,0.610036,0.946205,0.455329,0.297676,0.496712,0.281356,0.415492,0.330392,0.524239,0.28683
0.476762,0.330379,0.482904,0.409437,0.423132,0.428458,0.386394,0.51294,0.338919,0.567448,0.545705,0.395774,0.585529,0.455721,0.596251,0.52113,0.504335,0.687367,0.458387,0.695512,0.420081,0.788177,0.464517,0.995252,0.547246,0.673739,0.600841,0.766358,0.626876,0.989798,0.450735,0.308605,0.495147,0.292287,0.413968,0.333129,0.522741,0.297699
0.462976,0.319517,0.485953,0.40397,0.423179,0.425768,0.386399,0.499327,0.335826,0.556543,0.550301,0.387605,0.593192,0.466655,0.610044,0.545662,0.508958,0.665518,0.470636,0.668286,0.417032,0.728242,0.519662,0.940745,0.551829,0.657362,0.605457,0.703669,0.583986,0.973452,0.438481,0.303124,0.482903,0.286816,0.410909,0.327665,0.521192,0.29223
0.4599,0.311274,0.485971,0.398528,0.423178,0.414882,0.384872,0.493878,0.326664,0.553793,0.554871,0.379472,0.594743,0.463945,0.617691,0.537486,0.508952,0.654661,0.472168,0.662825,0.420084,0.706458,0.580934,0.927132,0.550295,0.643779,0.608518,0.684641,0.554891,0.93804,0.435397,0.292268,0.478317,0.273162,0.409393,0.319517,0.521187,0.278616
0.450742,0.297704,0.48598,0.390337,0.423185,0.404017,0.381808,0.488453,0.32513,0.548351,0.55488,0.373991,0.594704,0.447596,0.616157,0.510191,0.505863,0.643727,0.464518,0.646494,0.407834,0.665598,0.541108,0.842639,0.547223,0.638274,0.613103,0.660094,0.553358,0.908043,0.426226,0.284073,0.472197,0.254139,0.409392,0.319505,0.521204,0.278614
0.444617,0.297694,0.484438,0.390327,0.423139,0.404009,0.380263,0.48842,0.323589,0.545645,0.551839,0.373968,0.594726,0.447529,0.614645,0.491157,0.504349,0.646482,0.461471,0.649199,0.401713,0.662824,0.556421,0.831761,0.547241,0.641026,0.617685,0.654656,0.553353,0.886244,0.423156,0.284061,0.467587,0.254119,0.407843,0.32222,0.521167,0.273201
0.430826,0.300421,0.482894,0.393068,0.420083,0.409432,0.375663,0.488414,0.318998,0.54021,0.550297,0.373983,0.594719,0.439413,0.610058,0.469418,0.498222,0.643754,0.453803,0.646461,0.398634,0.66011,0.504346,0.760936,0.545688,0.641004,0.613094,0.638316,0.538041,0.842662,0.41244,0.284079,0.455306,0.25685,0.398643,0.319505,0.51353,0.275876
0.427745,0.300449,0.481348,0.395808,0.4155,0.41215,0.374141,0.488442,0.317454,0.54292,0.548766,0.37673,0.593208,0.439392,0.611562,0.469344,0.496694,0.646467,0.45379,0.654636,0.400185,0.651912,0.53038,0.848111,0.542635,0.641008,0.605441,0.641027,0.531919,0.842653,0.410895,0.286807,0.449191,0.259544,0.398644,0.324963,0.510479,0.278588
0.429278,0.303133,0.482882,0.401195,0.420099,0.414867,0.375674,0.485711,0.322079,0.532042,0.545721,0.38487,0.591667,0.504788,0.603925,0.461207,0.498212,0.624699,0.459914,0.630144,0.423168,0.665563,0.490556,0.804515,0.539577,0.61922,0.606981,0.611088,0.548773,0.7555,0.412438,0.286789,0.45225,0.265015,0.398661,0.319515,0.51047,0.286786
0.429301,0.305896,0.481374,0.401271,0.421626,0.42031,0.375677,0.485689,0.323564,0.529336,0.544184,0.387639,0.588581,0.491145,0.600846,0.450281,0.498229,0.643764,0.456853,0.651909,0.412449,0.733678,0.52732,0.910775,0.544151,0.635572,0.594733,0.651926,0.628414,0.875359,0.413973,0.289533,0.452277,0.270454,0.400185,0.324958,0.510483,0.292248
0.432329,0.314048,0.481373,0.406724,0.421638,0.425794,0.378742,0.485733,0.323616,0.532029,0.542642,0.395802,0.587055,0.491143,0.603878,0.433943,0.499752,0.673737,0.456866,0.684624,0.42009,0.779973,0.42469,0.965272,0.545719,0.665569,0.616151,0.744553,0.628405,0.973452,0.41704,0.295025,0.455322,0.278659,0.400195,0.333131,0.510484,0.305874
0.433856,0.31678,0.48138,0.409444,0.423133,0.428473,0.380255,0.488417,0.325126,0.532051,0.542654,0.398484,0.588577,0.491159,0.605439,0.43391,0.504335,0.673737,0.459932,0.684608,0.421623,0.771836,0.429283,0.987072,0.547238,0.665578,0.626866,0.758172,0.623813,0.954376,0.420085,0.297709,0.456857,0.284057,0.404772,0.335803,0.513533,0.30858
0.435393,0.303135,0.484446,0.398542,0.423146,0.412136,0.377198,0.482994,0.323571,0.529316,0.548761,0.38218,0.594705,0.485661,0.616141,0.442058,0.507419,0.662826,0.464517,0.668253,0.415494,0.752719,0.4538,0.995249,0.551821,0.654633,0.616158,0.692783,0.631493,0.894432,0.420102,0.284069,0.458383,0.267707,0.4063,0.316757,0.518142,0.289507
0.435427,0.29227,0.48748,0.390361,0.423155,0.406708,0.375693,0.482971,0.322055,0.532045,0.553351,0.373999,0.59471,0.472107,0.620758,0.442078,0.50894,0.66281,0.466047,0.66825,0.41089,0.728187,0.467582,0.957099,0.553368,0.651917,0.623811,0.670999,0.636077,0.88081,0.421597,0.27314,0.4584,0.254147,0.404776,0.305869,0.519665,0.281364
0.438469,0.29222,0.485966,0.387602,0.423144,0.403973,0.377201,0.482993,0.320529,0.537471,0.553343,0.371258,0.590134,0.458451,0.625364,0.447535,0.507389,0.660101,0.461455,0.665563,0.39405,0.687326,0.482893,0.899882,0.548775,0.646469,0.629967,0.662806,0.636069,0.886253,0.421639,0.27041,0.461447,0.254116,0.404774,0.294996,0.5212,0.278653
0.43849,0.292268,0.485955,0.384938,0.423137,0.403954,0.375671,0.485706,0.319004,0.537511,0.551833,0.371251,0.591637,0.453022,0.626863,0.452984,0.504336,0.665554,0.459913,0.66829,0.384876,0.681865,0.498217,0.848108,0.547244,0.660075,0.633016,0.670991,0.634549,0.921669,0.421649,0.270424,0.461469,0.254143,0.404775,0.29499,0.521203,0.281356
