0.168882,0.575603,0.265386,0.556566,0.262316,0.730952,0.377205,0.839936,0.466043,0.916238,0.251598,0.379427,0.343517,0.270473,0.447662,0.221393,0.585524,0.485709,0.588587,0.602868,0.729509,0.616502,0.88269,0.542922,0.5794,0.360374,0.723386,0.344027,0.871967,0.39306,0.14897,0.638286,0.139763,0.507515,0.164288,0.690062,0.14132,0.409414
0.171957,0.575646,0.269981,0.559288,0.271508,0.728211,0.386404,0.84267,0.481368,0.910785,0.260781,0.379438,0.352695,0.264992,0.459927,0.207791,0.594714,0.480264,0.591651,0.594699,0.741766,0.616505,0.885753,0.542933,0.587057,0.363097,0.734108,0.346754,0,0,0.152046,0.638301,0.141319,0.510215,0.167357,0.692776,0.155103,0.414854
0.175013,0.57565,0.274581,0.562001,0.276101,0.733661,0.397109,0.853568,0.49822,0.940741,0.263854,0.37672,0.358816,0.265003,0.470645,0.202323,0.603907,0.480261,0.602376,0.611048,0.780059,0.616491,0.934768,0.485708,0.602376,0.349476,0.770869,0.349471,0,0,0.156622,0.638296,0.142867,0.510235,0.165827,0.698238,0.15815,0.412143
0.187269,0.583807,0.288366,0.570163,0.277648,0.736399,0.394067,0.883531,0.499751,0.995255,0.273046,0.371272,0.377202,0.256815,0.487489,0.202329,0.603906,0.496604,0.597779,0.616498,0.772399,0.638295,0.86584,0.518407,0.59778,0.371262,0.718792,0.341277,0.864308,0.376716,0.164271,0.646454,0.153585,0.515662,0.175022,0.709136,0.164286,0.41216
0.191856,0.583804,0.288366,0.567455,0.280699,0.74457,0.395574,0.897152,0.479839,0.995253,0.279167,0.36855,0.41397,0.248639,0.505874,0.210519,0.602377,0.482987,0.599314,0.616493,0.738703,0.665549,0.812229,0.466636,0.602377,0.354927,0.734109,0.324948,0.82448,0.341301,0.170405,0.649198,0.159697,0.518391,0.184207,0.714587,0.170415,0.420299
0.193406,0.594696,0.297547,0.575628,0.28683,0.749994,0.400178,0.902615,0.479838,0.995251,0.292951,0.37399,0.390988,0.254103,0.530382,0.245933,0.602374,0.523854,0.599311,0.627404,0.712661,0.717325,0.786187,0.521132,0.596244,0.401243,0.723384,0.308605,0.826012,0.403969,0.175019,0.660067,0.165832,0.523884,0.188802,0.717295,0.175016,0.425759
0.197983,0.594698,0.296031,0.575617,0.289888,0.75271,0.400176,0.899892,0.487493,0.995255,0.29142,0.376728,0.38946,0.273182,0.530382,0.251385,0.600841,0.534752,0.599307,0.641022,0.720317,0.736394,0.810697,0.526584,0.593184,0.417587,0.705006,0.308595,0.839798,0.428487,0.175028,0.657382,0.16736,0.529289,0.190335,0.720017,0.17656,0.428458
0.193381,0.597433,0.292951,0.575608,0.28683,0.752708,0.400173,0.886268,0.501271,0.99525,0.286828,0.374006,0.384865,0.273167,0.525784,0.245931,0.590122,0.545658,0.58859,0.6492,0.752486,0.703692,0.888816,0.559282,0.587054,0.428488,0.706539,0.344003,0,0,0.165817,0.660098,0.159714,0.529285,0.182669,0.706424,0.171938,0.425755
0.19339,0.602862,0.29143,0.572904,0.28837,0.750023,0.407829,0.878067,0.515064,0.965276,0.285297,0.376723,0.378741,0.264987,0.534978,0.191434,0.613099,0.526577,0.616161,0.641023,0.859711,0.651915,0.982253,0.641024,0.614628,0.395784,0.898005,0.36854,0,0,0.161221,0.662812,0.159691,0.526566,0.167371,0.725501,0.168874,0.423038
0.234751,0.583804,0.311333,0.553831,0.306752,0.733653,0.4247,0.839936,0.521193,0.902585,0.30828,0.349474,0.395582,0.215965,0.499745,0.096056,0.669772,0.455736,0.662114,0.597423,0.858179,0.646468,0,0,0.669774,0.330391,0.948553,0.357647,0,0,0.197978,0.638315,0.201038,0.493912,0.204115,0.700975,0.202579,0.398469
0.219427,0.589239,0.299087,0.5511,0.296018,0.739125,0.417027,0.83995,0.513536,0.897166,0.30062,0.349462,0.383329,0.20507,0.475251,0.0715112,0.645263,0.477533,0.640667,0.611053,0.799972,0.657365,0.898006,0.575615,0.637607,0.349471,0.793846,0.34403,0,0,0.182676,0.63833,0.185737,0.496626,0.190336,0.703701,0.188811,0.393086
0.207177,0.600134,0.292948,0.551114,0.291431,0.736411,0.410906,0.837203,0.518128,0.872615,0.291419,0.346741,0.369544,0.205041,0.470643,0.0333913,0.628415,0.469365,0.626885,0.60832,0.752489,0.690073,0.81835,0.482993,0.623817,0.344023,0,0,0,0,0.175029,0.643786,0.176555,0.504802,0.179606,0.714589,0.18267,0.398513
0.197997,0.591983,0.282233,0.553826,0.285299,0.730948,0.409377,0.812695,0.512006,0.842656,0.276102,0.354907,0.357287,0.164193,0.444602,0.01705,0.602375,0.477535,0.599309,0.594702,0.700402,0.744553,0.784659,0.504789,0.597779,0.363091,0,0,0,0,0.165807,0.643749,0.165797,0.507497,0.175011,0.709153,0.17043,0.398488
0.190315,0.583798,0.274566,0.548371,0.276114,0.730923,0.400189,0.815431,0.499741,0.845352,0.26999,0.354925,0.348106,0.164173,0.427758,0.0170496,0.603911,0.472084,0.602369,0.5947,0.689681,0.755466,0.783128,0.512956,0.597781,0.365824,0.689688,0.755452,0.792311,0.512948,0.158175,0.643749,0.158152,0.502077,0.168893,0.706434,0.167351,0.398528
0.174994,0.583793,0.263855,0.553831,0.260804,0.73097,0.372608,0.834474,0.462991,0.875339,0.266911,0.35492,0.338915,0.166907,0.415508,0.0116193,0.587058,0.485706,0.58859,0.605597,0.706531,0.739123,0.830603,0.559273,0.582461,0.371262,0.720321,0.330392,0,0,0.141297,0.641045,0.141336,0.496617,0.145918,0.709137,0.153563,0.395811
0.17194,0.586507,0.257728,0.5511,0.251598,0.73094,0.361894,0.834499,0.450733,0.899859,0.262316,0.352192,0.340445,0.161477,0.423166,0.0143134,0.576336,0.493885,0.582462,0.61651,0.76168,0.717318,0.966934,0.643747,0.561018,0.382168,0.637608,0.303157,0,0,0.136728,0.641008,0.136712,0.499347,0.142856,0.709149,0.142863,0.393097
0.175013,0.575648,0.25926,0.55656,0.253126,0.728237,0.358817,0.842683,0.446134,0.932574,0.260795,0.360371,0.34504,0.169637,0.44307,0.0170483,0.577866,0.48571,0.587057,0.616504,0.764741,0.65738,0.986847,0.67372,0.55183,0.382162,0.596255,0.251392,0.758619,0.442114,0.13979,0.63826,0.139791,0.491152,0.144374,0.709119,0.152053,0.393037
0.176548,0.575637,0.260789,0.551114,0.256188,0.728206,0.360357,0.842638,0.449202,0.932596,0.26692,0.346756,0.348098,0.175088,0.44614,0.014319,0.574804,0.488431,0.583995,0.613767,0.764741,0.646478,0.97919,0.673726,0.550298,0.384894,0.594722,0.23504,0.775461,0.442115,0.142871,0.632833,0.142867,0.488397,0.155094,0.703678,0.15357,0.384909
0.176557,0.567427,0.265393,0.548388,0.25926,0.728217,0.371066,0.837219,0.467584,0.89987,0.271511,0.344038,0.357294,0.183244,0.450741,0.0333861,0.585526,0.510232,0.583996,0.613781,0.824481,0.668276,0,0,0.58093,0.368548,0.654453,0.245929,0,0,0.147446,0.621958,0.144377,0.485671,0.156642,0.70099,0.158155,0.382156
0.173486,0.567452,0.263859,0.55111,0.257733,0.730938,0.374139,0.831758,0.473718,0.891696,0.269981,0.344016,0.35269,0.18871,0.45074,0.0361138,0.590121,0.480258,0.590119,0.613772,0.787719,0.709136,0.939364,0.643746,0.583992,0.360364,0.956212,0.34402,0,0,0.142845,0.621954,0.141319,0.483001,0.155111,0.700985,0.153577,0.382173
0.171943,0.5756,0.262316,0.553821,0.260798,0.733658,0.3772,0.826322,0.475243,0.880808,0.265382,0.344009,0.351165,0.161459,0.461455,0.0197645,0.608501,0.444836,0.600841,0.586524,0.72032,0.752739,0.833679,0.559274,0.602373,0.324942,0.735637,0.286795,0.766273,0.248645,0.139781,0.638258,0.13824,0.488447,0.150513,0.706403,0.148964,0.382195
0.171949,0.578367,0.260798,0.548387,0.259271,0.730954,0.377202,0.820854,0.485965,0.872611,0.265389,0.338575,0.346569,0.161473,0.447667,0.0170582,0.628414,0.428483,0.610032,0.567455,0.680493,0.758181,0.816823,0.502056,0.611566,0.294975,0.724915,0.286799,0,0,0.13977,0.638296,0.136712,0.493881,0.147439,0.709132,0.142849,0.382194
0.161221,0.581102,0.260801,0.540212,0.263859,0.733677,0.392533,0.812668,0.504345,0.804521,0.260787,0.338577,0.345046,0.161476,0.44613,0.0170494,0.594716,0.412141,0.583992,0.567445,0.654462,0.747292,0.793851,0.575636,0.583992,0.2541,0.904133,0.139658,0,0,0.13367,0.643746,0.129057,0.49933,0.142853,0.711903,0.142842,0.395802
0.158167,0.583812,0.262324,0.54292,0.262324,0.725494,0.394051,0.804524,0.516595,0.804517,0.260791,0.33857,0.349634,0.158727,0.458392,0.0170338,0.577868,0.466636,0.5794,0.56745,0.654449,0.733664,0.81223,0.567455,0.561016,0.33857,0.643718,0.709157,0.82295,0.564709,0.132136,0.64373,0.127506,0.504766,0.144371,0.711848,0.141309,0.395813
0.150504,0.578326,0.259262,0.542928,0.256185,0.728206,0.380264,0.820852,0.508933,0.829032,0.260789,0.33858,0.360354,0.158737,0.467584,0.0579022,0.565611,0.474807,0.579399,0.605594,0.708066,0.670995,0.905662,0.55927,0.550298,0.354924,0.557951,0.284076,0.781589,0.284069,0.126003,0.640994,0.119864,0.496597,0.14131,0.706389,0.138251,0.387607
0.153561,0.578357,0.257725,0.542933,0.2516,0.728224,0.375666,0.845358,0.49822,0.853567,0.259266,0.338569,0.363415,0.156019,0.469108,0.0606498,0.53498,0.472089,0.545703,0.578353,0.712663,0.616502,0.999103,0.624673,0.516597,0.368546,0.524258,0.270456,0.724914,0.292235,0.122925,0.63831,0.116792,0.491203,0.135182,0.703674,0.135181,0.379441
0.144383,0.57019,0.257717,0.534759,0.247014,0.72823,0.354235,0.888987,0.435413,0.995251,0.259253,0.338573,0.361889,0.15601,0.461463,0.0497305,0.54417,0.474811,0.547233,0.551099,0.677437,0.605595,0,0,0.516594,0.403965,0.685092,0.611048,0,0,0.116823,0.63014,0.115253,0.488403,0.13365,0.700981,0.141304,0.376704
0.144375,0.570179,0.259261,0.542921,0.248532,0.73094,0.341981,0.894443,0,0,0.260795,0.344022,0.364949,0.150564,0,0,0.547231,0.466638,0.545702,0.570176,0.711129,0.578358,0.864304,0.564727,0.52579,0.382164,0.698875,0.605596,0,0,0.116815,0.627383,0.115258,0.48572,0.135183,0.698274,0.138249,0.374017
0.148971,0.564737,0.262317,0.532033,0.251599,0.722757,0.320536,0.957099,0,0,0.26232,0.338559,0.364949,0.150552,0.45685,0.014323,0.553359,0.469361,0.557956,0.572905,0.740236,0.575639,0.891876,0.485707,0.541105,0.354919,0.556421,0.273179,0.75709,0.316782,0.122933,0.619258,0.119887,0.485693,0.13979,0.698212,0.141332,0.371247
0.153562,0.562,0.259266,0.532028,0.2516,0.722763,0.303686,0.973455,0,0,0.259266,0.341284,0.363416,0.156005,0.458394,0.0170515,0.559484,0.469355,0.55949,0.572905,0.76321,0.570175,0.881154,0.461184,0.547232,0.363097,0.588588,0.289529,0.763213,0.2868,0.122927,0.619258,0.121408,0.480237,0.139764,0.695539,0.141329,0.368532
0.158151,0.562005,0.259251,0.537466,0.247014,0.722758,0.276113,0.946204,0.240877,0.995252,0.260789,0.335841,0.371071,0.161449,0.461456,0.0388022,0.582463,0.461188,0.582466,0.575622,0.734107,0.589255,0.853584,0.354914,0.571737,0.338576,0.694279,0.240471,0,0,0.125978,0.619204,0.124481,0.474813,0.141295,0.692774,0.141292,0.36854
0.161238,0.556538,0.259252,0.540191,0.247004,0.722766,0.277652,0.946209,0.240875,0.995252,0.262323,0.341295,0.372612,0.166902,0.466057,0.0415519,0.593181,0.463911,0.59012,0.572906,0.708073,0.624671,0.8107,0.349458,0.576338,0.341303,0.703471,0.251372,0,0,0.133649,0.619218,0.130598,0.47482,0.14286,0.692785,0.142868,0.37129
0.19032,0.567441,0.27304,0.540202,0.260794,0.7146,0.294503,0.932591,0.25773,0.995252,0.276109,0.341292,0.383327,0.191432,0.475239,0.0578995,0.606973,0.455735,0.60697,0.567461,0.686619,0.624677,0.784646,0.390354,0.596244,0.33312,0,0,0,0,0.153573,0.619215,0.155097,0.482974,0.162761,0.681885,0.161234,0.379423
0.199526,0.562007,0.279172,0.5402,0.273041,0.706418,0.308274,0.932593,0.268454,0.99525,0.286831,0.341308,0.392523,0.19143,0.476772,0.0579239,0.605437,0.46119,0.603911,0.570189,0.701936,0.630129,0.783125,0.371263,0.593187,0.333122,0.678966,0.245924,0,0,0.159684,0.611042,0.164284,0.477533,0.168886,0.676443,0.170407,0.376724
0.193395,0.548401,0.292957,0.532042,0.285295,0.706417,0.319005,0.927131,0.299091,0.995254,0.292957,0.341297,0.398646,0.18325,0.484434,0.0143171,0.617692,0.455737,0.614627,0.570167,0.70654,0.624665,0.781597,0.346747,0.599307,0.338564,0,0,0,0,0.165803,0.60833,0.16429,0.469388,0.176531,0.684623,0.176564,0.371246
0.20257,0.548393,0.297547,0.526594,0.294485,0.706411,0.332786,0.932579,0,0,0.299083,0.333121,0.400184,0.16147,0.490554,0.0197612,0.610035,0.447563,0.610037,0.553836,0.70194,0.605602,0.781599,0.330388,0.602373,0.308601,0,0,0,0,0.171954,0.605607,0.171941,0.466649,0.18268,0.681872,0.184213,0.36581
0.201059,0.542938,0.294485,0.529314,0.289896,0.709145,0.326662,0.929839,0.306746,0.995255,0.296016,0.333107,0.395584,0.15872,0.475232,0.0170612,0.602375,0.428493,0.602378,0.542928,0.680493,0.608327,0.78312,0.297696,0.58859,0.300425,0.626884,0.202332,0.830607,0.207789,0.173478,0.605593,0.171959,0.46663,0.184203,0.67644,0.179598,0.363116
0.194926,0.548353,0.291421,0.537474,0.27458,0.714585,0.32207,0.929846,0.305212,0.995257,0.294494,0.333126,0.394057,0.158719,0.476765,0.0197596,0.599314,0.447565,0.599314,0.570175,0.674365,0.613775,0.786188,0.265003,0.582464,0.324949,0.614628,0.199609,0.830608,0.210504,0.168893,0.611026,0.165835,0.469365,0.17961,0.684624,0.176533,0.368523
0.188792,0.55654,0.280698,0.548392,0.271511,0.720032,0.314414,0.938017,0.297552,0.995259,0.280707,0.344018,0.384867,0.177807,0.470643,0.0197766,0.594716,0.45301,0.602376,0.570182,0.657521,0.635577,0.778523,0.22958,0.579395,0.303149,0.599307,0.202326,0.790783,0.205067,0.158166,0.619211,0.156633,0.480244,0.171946,0.698212,0.170424,0.376712
0.187274,0.561992,0.276119,0.548393,0.268458,0.733662,0.311334,0.951641,0,0,0.279169,0.344027,0.384863,0.19143,0.475239,0.0170477,0.588587,0.466634,0.591655,0.57291,0.654455,0.654635,0.760149,0.248657,0.557952,0.360366,0.582462,0.213227,0.773933,0.205066,0.155093,0.621932,0.153545,0.485686,0.168889,0.700965,0.164304,0.376731
0.173469,0.570156,0.273038,0.548382,0.265385,0.736389,0.300624,0.96528,0.274584,0.995259,0.276103,0.349477,0.378739,0.196881,0.473706,0.0170468,0.571739,0.455738,0.577861,0.572905,0.645267,0.657353,0.741763,0.259557,0.55029,0.344017,0.574795,0.215951,0.807632,0.237744,0.144374,0.627417,0.142836,0.488439,0.158165,0.700984,0.156626,0.384907
0.171937,0.561999,0.269985,0.556563,0.259259,0.744564,0.29907,0.970719,0.271507,0.995261,0.273049,0.34676,0.377205,0.199609,0.47371,0.0143315,0.571739,0.480254,0.576331,0.578355,0.649852,0.657381,0.749422,0.267726,0.551832,0.346745,0.573267,0.221409,0.801505,0.245925,0.141333,0.630105,0.141299,0.488436,0.156633,0.70367,0.153569,0.384894
0.173463,0.567462,0.268449,0.570171,0.259256,0.750011,0.29908,0.973477,0,0,0.269984,0.354925,0.374151,0.207768,0.475231,0.0170344,0.577868,0.47481,0.582465,0.589252,0.648322,0.662816,0.740234,0.311324,0.548767,0.368545,0.57174,0.199605,0.789252,0.248659,0.14132,0.632843,0.141285,0.491119,0.155093,0.706398,0.152034,0.393059
0.173462,0.57292,0.271508,0.567461,0.260794,0.750015,0.300606,0.973472,0,0,0.273043,0.352205,0.375679,0.205045,0.475232,0.0170341,0.577868,0.477526,0.579404,0.583803,0.646801,0.662829,0.737179,0.300433,0.551828,0.371267,0.570203,0.199612,0.787719,0.251361,0.142865,0.635563,0.141336,0.491159,0.156632,0.706456,0.159705,0.395778
0.184204,0.572925,0.27458,0.567439,0.266917,0.752738,0.306752,0.995247,0.288362,0.995264,0.279172,0.357648,0.383331,0.207769,0.475229,0.0143235,0.579402,0.482987,0.582461,0.591976,0.651394,0.660098,0.749422,0.308595,0.55336,0.382159,0.564077,0.183251,0.783132,0.251374,0.153577,0.638325,0.148969,0.496633,0.164303,0.711873,0.162755,0.395805
0.18726,0.572898,0.277649,0.570182,0.266923,0.755449,0.311331,0.993884,0.296021,0.995258,0.280709,0.365816,0.389459,0.205061,0.47524,0.0143302,0.579395,0.474808,0.587054,0.600147,0.648331,0.66283,0.749425,0.300422,0.548768,0.373988,0.55643,0.172362,0.780065,0.245929,0.158147,0.638306,0.155113,0.499321,0.168888,0.711877,0.165816,0.398504
0.190319,0.575619,0.282231,0.57019,0.269981,0.755448,0.3144,0.973449,0,0,0.288362,0.360368,0.395585,0.202335,0.482901,0.0143315,0.580927,0.474817,0.585522,0.581085,0.639136,0.668284,0,0,0.553357,0.379451,0.548756,0.164191,0.760148,0.22141,0.159709,0.640984,0.158166,0.496615,0.173472,0.71188,0.173467,0.398484
0.190327,0.572925,0.280704,0.567449,0.268452,0.755461,0.317465,0.973453,0,0,0.286836,0.352185,0.397109,0.199612,0.484428,0.0143271,0.588587,0.472086,0.593181,0.575624,0.639136,0.670992,0.738699,0.305865,0.570208,0.379445,0.544166,0.164198,0.754014,0.213239,0.161215,0.640977,0.15817,0.496636,0.175014,0.709158,0.171951,0.395788
0.19033,0.572923,0.286824,0.572894,0.268455,0.755461,0.319004,0.993886,0,0,0.29142,0.354923,0.397109,0.205046,0.489022,0.0143249,0.579399,0.472079,0.585522,0.581071,0.631472,0.676444,0.741765,0.335853,0.557953,0.379432,0.534975,0.164193,0.734102,0.205054,0.162741,0.638285,0.161221,0.493906,0.175022,0.711869,0.175021,0.395805
0.191862,0.575632,0.288365,0.572892,0.271516,0.755462,0.320524,0.995248,0,0,0.29143,0.360374,0.39711,0.207775,0.490555,0.0143217,0.577866,0.450292,0.582462,0.570171,0.629947,0.676445,0.738698,0.346752,0.557953,0.36581,0.534982,0.164187,0.729506,0.202329,0.16277,0.638303,0.161246,0.496598,0.176528,0.711855,0.178074,0.395806
0.191847,0.578329,0.289892,0.572913,0.271512,0.755467,0.341975,0.987074,0,0,0.291428,0.365812,0.398644,0.213228,0.49362,0.0115949,0.576332,0.469358,0.580932,0.589252,0.62689,0.676444,0.735644,0.371266,0.554895,0.371268,0.531921,0.169631,0.726444,0.194157,0.16277,0.638314,0.161245,0.496614,0.176527,0.711876,0.176546,0.3985
0.191854,0.575665,0.288364,0.5729,0.271509,0.75548,0.348102,0.948916,0,0,0.292948,0.368531,0.400189,0.210494,0.493619,0.0415606,0.574805,0.482984,0.577868,0.608318,0.628408,0.6819,0.732582,0.368557,0.556425,0.371272,0.530388,0.1669,0.718786,0.196884,0.162753,0.64097,0.162741,0.496615,0.17501,0.714602,0.178078,0.398487
0.193406,0.57566,0.291423,0.572891,0.271517,0.758174,0.377215,0.916221,0.472176,0.993891,0.292962,0.365825,0.400189,0.22412,0.499737,0.0633729,0.580927,0.482981,0.588592,0.611045,0.62229,0.684614,0.732566,0.384892,0.551823,0.382162,0.53192,0.196876,0.709598,0.20233,0.164268,0.638325,0.16277,0.496631,0.176557,0.714605,0.178087,0.398496
0.194922,0.578323,0.292956,0.567453,0.276119,0.760909,0.39558,0.891694,0.511998,0.993885,0.29296,0.363093,0.400183,0.235027,0.507414,0.0660734,0.577865,0.480264,0.583989,0.611052,0.61769,0.700964,0.731052,0.379435,0.551828,0.390335,0.530387,0.194152,0.708066,0.221404,0.164285,0.638329,0.164262,0.496612,0.178071,0.717289,0.178081,0.39851
0.196464,0.575633,0.296025,0.567441,0.289892,0.763656,0.404784,0.869917,0.513537,0.883511,0.299093,0.357642,0.403236,0.240477,0.505871,0.101517,0.577866,0.477531,0.582458,0.608331,0.613095,0.703682,0.729503,0.357642,0.551829,0.387624,0.527328,0.19687,0.711128,0.24048,0.16583,0.638299,0.16431,0.493928,0.181135,0.717315,0.178094,0.395802
0.197978,0.575657,0.296028,0.564736,0.289894,0.763651,0.410901,0.861733,0.519652,0.869901,0.299089,0.352206,0.398643,0.245911,0.499754,0.112407,0.567145,0.46664,0.57787,0.58653,0.606967,0.714603,0.727978,0.376714,0.547233,0.382167,0.528854,0.191431,0.706531,0.264998,0.167345,0.638318,0.165806,0.496593,0.182669,0.717309,0.184199,0.395788
0.197975,0.578331,0.2945,0.567439,0.2899,0.760916,0.406312,0.872603,0.516606,0.872637,0.297551,0.363096,0.398647,0.243212,0.495145,0.1315,0.561019,0.480254,0.571741,0.616502,0.605435,0.722777,0.723383,0.382173,0.547229,0.382161,0.528853,0.205067,0.692749,0.270454,0.167376,0.641023,0.165797,0.49932,0.185728,0.720021,0.184199,0.401211
0.1934,0.575655,0.294498,0.567451,0.288366,0.760934,0.404779,0.872636,0.519662,0.869883,0.296027,0.365821,0.397111,0.248651,0.489014,0.150542,0.567146,0.49661,0.568677,0.624679,0.600849,0.741848,0.720317,0.382171,0.5457,0.398518,0.524249,0.232294,0.708066,0.311322,0.167343,0.641028,0.165796,0.496609,0.187274,0.72275,0.181136,0.401244
0.191879,0.578378,0.296015,0.564718,0.289893,0.760923,0.40171,0.869894,0.525782,0.850833,0.299082,0.368541,0.398658,0.254131,0.476759,0.180535,0.565611,0.521134,0.561021,0.646471,0.582467,0.758206,0.706542,0.40942,0.544168,0.433944,0.518129,0.25683,0,0,0.164302,0.643728,0.164298,0.502073,0.181142,0.728193,0.179619,0.401285
0.194918,0.581068,0.296034,0.572894,0.291422,0.763641,0.404773,0.878064,0.521187,0.85356,0.299085,0.374002,0.395585,0.267732,0.467573,0.202318,0.58246,0.548382,0.564085,0.670994,0.568675,0.796354,0.703473,0.425774,0.557952,0.463905,0,0,0,0,0.1643,0.643782,0.164304,0.504798,0.178086,0.730923,0.178076,0.403989
0.191869,0.59195,0.297553,0.572906,0.288354,0.763646,0.406309,0.872621,0.512,0.845379,0.302142,0.376709,0.392514,0.275898,0.43541,0.248666,0.561017,0.5729,0.556424,0.670995,0.605445,0.750033,0.697346,0.496611,0.561017,0.469364,0,0,0,0,0.162758,0.651932,0.162773,0.510225,0.176545,0.730923,0.179618,0.4094
0.190341,0.591958,0.296027,0.575623,0.288367,0.760925,0.401723,0.875348,0.505874,0.842664,0.300611,0.371275,0.38946,0.270444,0.42775,0.25684,0.539573,0.556553,0.534978,0.651926,0.639137,0.703688,0.71113,0.581078,0.52732,0.469357,0.645261,0.352205,0.663647,0.395792,0.161213,0.660096,0.159708,0.515655,0.176547,0.736405,0.176556,0.417567
0.179608,0.608311,0.294481,0.575628,0.285295,0.766354,0.398652,0.875348,0.501272,0.842654,0.300615,0.371276,0.444603,0.294971,0,0,0.593186,0.504785,0.579402,0.638293,0.666708,0.747287,0.818355,0.728214,0.623819,0.409416,0.62076,0.700965,0.809168,0.750018,0.152047,0.665523,0.152022,0.521142,0.168891,0.750018,0.173468,0.42032
0.173487,0.613752,0.292953,0.583801,0.282235,0.779989,0.398641,0.878081,0.501286,0.845365,0.297549,0.390349,0.351167,0.259551,0.413968,0.305873,0.594718,0.52113,0.585527,0.635577,0.706538,0.739117,0.885749,0.752741,0.611564,0.401244,0.709597,0.700964,0.88116,0.758178,0.145909,0.665594,0.145926,0.523872,0.16582,0.752738,0.170415,0.423021
0.173465,0.616524,0.289899,0.589249,0.289889,0.774542,0.413968,0.86717,0.525791,0.829032,0.291422,0.393075,0.378736,0.262267,0.4155,0.354921,0.599308,0.537478,0.580933,0.662823,0.734108,0.744565,0.931705,0.711876,0.620753,0.398512,0.727972,0.660091,0,0,0.139776,0.679183,0.139778,0.532023,0.162749,0.755441,0.162761,0.428452
0.167345,0.63013,0.292957,0.583798,0.292957,0.785433,0.42162,0.88897,0.510464,0.875343,0.292963,0.384888,0.390986,0.278611,0.426236,0.420316,0.646796,0.529307,0.65139,0.551107,0,0,0,0,0.640669,0.447565,0,0,0,0,0.138233,0.687317,0.138242,0.534781,0.15664,0.758191,0.164286,0.431182
0.175,0.638314,0.294482,0.59197,0.294489,0.793609,0.432348,0.88899,0.530382,0.886242,0.291426,0.395795,0.383331,0.292238,0.456855,0.39307,0.591654,0.575627,0.585525,0.692792,0.700405,0.839929,0.876559,0.651926,0.582463,0.47481,0.803035,0.567451,0.88116,0.638302,0.141307,0.700958,0.142849,0.553795,0.158158,0.763647,0.167347,0.444803
0.187251,0.660067,0.296023,0.589253,0.296014,0.796339,0.429282,0.888973,0.541109,0.927124,0.292964,0.401249,0.387927,0.300423,0.485959,0.371269,0.605435,0.572902,0.597777,0.676443,0.683559,0.867177,0.836738,0.646468,0.600843,0.466635,0.735639,0.532027,0.89494,0.537478,0.145914,0.709119,0.150509,0.556598,0.162768,0.774548,0.174996,0.447566
0.197977,0.665522,0.30062,0.602881,0.299079,0.804505,0.441541,0.899871,0.547228,0.993888,0.302143,0.401228,0.390988,0.262273,0.496685,0.191418,0.64833,0.578354,0.628414,0.706416,0.683564,0.880808,0,0,0.649861,0.466631,0.694281,0.872633,0,0,0.161231,0.720022,0.162774,0.570203,0.178063,0.730944,0.181145,0.453002
0.204118,0.66553,0.305205,0.611062,0.302144,0.804494,0.436948,0.89443,0.536507,0.99389,0.303676,0.401253,0.38486,0.254091,0.482903,0.136957,0.651391,0.572899,0.626881,0.698244,0.711133,0.872627,0.868903,0.796331,0.645264,0.458456,0.86584,0.512954,0,0,0.173468,0.725492,0.168897,0.575665,0.194923,0.75547,0.188805,0.458445
0.214839,0.662832,0.308266,0.611065,0.30369,0.804497,0.436942,0.897148,0.533445,0.99525,0.305212,0.406701,0.375681,0.243191,0.472172,0.0878866,0.636072,0.608329,0.633009,0.722766,0.839799,0.867175,0,0,0.643731,0.474806,0.884219,0.491162,0,0,0.178088,0.725463,0.176536,0.57563,0.194937,0.760915,0.190349,0.461146
0.211773,0.662823,0.306736,0.60832,0.302152,0.804509,0.432345,0.910779,0.53191,0.99525,0.30827,0.398523,0.374143,0.240482,0.459938,0.0770151,0.648327,0.608316,0.646797,0.709155,0.757081,0.799066,0,0,0.649856,0.482992,0.743294,0.477539,0,0,0.17654,0.722778,0.174997,0.575625,0.194933,0.760925,0.188797,0.458471
0.199511,0.660103,0.296026,0.616512,0.291423,0.809944,0.409368,0.943485,0,0,0.306735,0.398516,0.369554,0.215965,0.456854,0.0524687,0.665179,0.578355,0.671304,0.706421,0.803035,0.72277,0,0,0.66058,0.461191,0,0,0,0,0.167338,0.714615,0.164274,0.567436,0.184207,0.771808,0.178086,0.452994
0.191844,0.641042,0.292964,0.608336,0.280709,0.809942,0.39865,0.981628,0,0,0.29908,0.387626,0.366481,0.20232,0.456858,0.0143154,0.665179,0.57018,0.660583,0.698247,0.812228,0.71459,0,0,0.659051,0.444838,0.836736,0.455729,0,0,0.161219,0.709151,0.159706,0.561989,0.173472,0.766348,0.175026,0.450279
0.188796,0.635567,0.285304,0.602875,0.268463,0.804528,0.34351,0.995252,0,0,0.291425,0.3849,0.348106,0.164196,0.421633,0.0170609,0.683557,0.556551,0.67896,0.681896,0,0,0,0,0.677433,0.412144,0.79997,0.376707,0,0,0.159685,0.703684,0.156626,0.553861,0.174997,0.769065,0.175005,0.444797
0.191867,0.635563,0.282238,0.602875,0.269984,0.80451,0.302149,0.995248,0,0,0.289895,0.382171,0.338905,0.161452,0.394059,0.0170399,0.694282,0.518408,0.683561,0.665555,0.888816,0.733662,0,0,0.682025,0.382156,0,0,0,0,0.159702,0.698235,0.156617,0.551114,0.175009,0.766365,0.174988,0.439392
0.187269,0.621952,0.273057,0.589242,0.266929,0.807223,0.240883,0.995261,0,0,0.279169,0.376737,0.314412,0.126038,0,0,0.674366,0.518406,0.662116,0.660105,0.861243,0.668272,0,0,0.672837,0.379446,0,0,0,0,0.155101,0.692801,0.152017,0.542915,0.173476,0.758199,0.170424,0.433971
0.175026,0.613791,0.269987,0.586522,0.265397,0.799047,0.227089,0.995261,0,0,0.276114,0.37126,0.308286,0.117868,0,0,0.674367,0.482981,0.65905,0.654644,0.816824,0.668266,0.898006,0.641024,0.668242,0.349469,0,0,0,0,0.147452,0.687349,0.144376,0.540212,0.170406,0.758176,0.165829,0.42849
0.165829,0.608347,0.263857,0.578347,0.265387,0.79089,0,0,0,0,0.269979,0.365813,0.312868,0.126024,0,0,0.662112,0.521132,0.65445,0.654653,0.798439,0.709148,0.832134,0.649183,0.657518,0.384888,0.801505,0.357637,0,0,0.139797,0.676428,0.139805,0.529318,0.16275,0.75271,0.161223,0.423063
0.168882,0.605601,0.262318,0.578364,0.263848,0.785436,0.234751,0.995265,0,0,0.266929,0.365813,0.311334,0.15599,0.363426,0.0116232,0.660582,0.521127,0.652923,0.654648,0.781589,0.74729,0.888814,0.512953,0.655987,0.384886,0.793845,0.37127,0,0,0.141318,0.668292,0.141309,0.526593,0.164285,0.752709,0.16123,0.420337
0.171953,0.597428,0.263847,0.575625,0.26386,0.782701,0,0,0,0,0.266919,0.360357,0.315936,0.147839,0.383335,0.0197629,0.631478,0.545653,0.628411,0.657366,0.781592,0.744564,0.864307,0.559282,0.626882,0.406692,0.807631,0.36582,0,0,0.14286,0.665562,0.141343,0.521106,0.161238,0.747273,0.161219,0.414848
0.170416,0.600154,0.260793,0.575628,0.265395,0.77727,0.240888,0.993888,0,0,0.263851,0.357638,0.312871,0.134216,0,0,0.63454,0.540207,0.631481,0.657371,0.801505,0.706424,0.859718,0.630119,0.629943,0.393063,0.662107,0.34947,0.86125,0.390347,0.142853,0.665524,0.141309,0.521117,0.161231,0.739123,0.159689,0.412132
0.17195,0.586518,0.260788,0.57289,0.263859,0.763646,0.231698,0.995246,0,0,0.26079,0.346758,0.297553,0.112402,0,0,0.669774,0.442112,0.662113,0.611045,0.783125,0.630118,0,0,0.665177,0.35219,0,0,0,0,0.147432,0.662821,0.142829,0.515667,0.164289,0.730956,0.158146,0.403935
0.176555,0.586529,0.262325,0.572901,0.265386,0.777252,0.23628,0.993883,0,0,0.26538,0.344007,0.294482,0.142379,0,0,0.651392,0.518402,0.652927,0.624677,0.786188,0.621957,0,0,0.646798,0.390341,0,0,0,0,0.152026,0.662825,0.148961,0.515655,0.165829,0.730928,0.161217,0.401274
0.181137,0.578368,0.268445,0.562011,0.265393,0.760908,0.246998,0.978912,0,0,0.268454,0.338579,0.309808,0.128762,0,0,0.651393,0.510229,0.655988,0.646464,0.786186,0.632848,0,0,0.643732,0.387608,0,0,0,0,0.1551,0.654646,0.148979,0.507518,0.173484,0.736385,0.162743,0.398545
0.173477,0.578374,0.263848,0.551115,0.262321,0.758197,0.254671,0.984353,0,0,0.265387,0.344003,0.317463,0.136933,0,0,0.652926,0.50206,0.654451,0.646471,0.786189,0.646468,0,0,0.642202,0.382162,0,0,0,0,0.147449,0.643762,0.142844,0.504777,0.16581,0.72005,0.158153,0.398478
0.167354,0.578335,0.253131,0.553824,0.256196,0.747282,0.265387,0.976172,0,0,0.260781,0.338578,0.309808,0.15327,0,0,0.668241,0.485708,0.654457,0.649199,0.885752,0.681897,0,0,0.65905,0.349477,0,0,0,0,0.136715,0.64101,0.129083,0.491155,0.153575,0.709177,0.14897,0.387615
0.165812,0.570174,0.254657,0.551118,0.256192,0.739106,0.276119,0.970741,0,0,0.259272,0.341289,0.305214,0.139653,0.363426,0.0143249,0.654452,0.493881,0.6422,0.64919,0.810694,0.698243,0.902598,0.662809,0.64986,0.360363,0,0,0,0,0.139772,0.638286,0.135178,0.491189,0.156631,0.709117,0.148963,0.382189
0.173469,0.56202,0.26079,0.537475,0.257732,0.720042,0.306737,0.97073,0,0,0.266915,0.316782,0.300609,0.126038,0,0,0.639138,0.466634,0.633011,0.630126,0.775466,0.736393,0.868904,0.651923,0.640669,0.333118,0,0,0,0,0.145914,0.638265,0.142828,0.488387,0.164302,0.703723,0.153567,0.379481
0.170427,0.561991,0.257734,0.537468,0.253132,0.717325,0.319,0.951645,0,0,0.265386,0.316761,0.300622,0.126019,0,0,0.626883,0.472086,0.616161,0.627401,0.763212,0.752737,0.864305,0.61922,0.626885,0.344013,0.767806,0.319499,0,0,0.145898,0.635552,0.141312,0.485705,0.164275,0.706407,0.152012,0.379471
0.167344,0.575632,0.247014,0.540195,0.250071,0.711874,0.322053,0.9353,0,0,0.251606,0.327671,0.299077,0.123306,0,0,0.599312,0.480265,0.597776,0.613773,0.740234,0.750001,0.833669,0.553834,0.605435,0.346751,0.760149,0.333123,0,0,0.138241,0.638291,0.127511,0.491125,0.153549,0.706381,0.139792,0.382146
0.153572,0.578384,0.243953,0.537471,0.247001,0.711873,0.317462,0.932576,0,0,0.245474,0.33039,0.292955,0.117864,0,0,0.590119,0.485706,0.59012,0.616497,0.737167,0.744564,0.826012,0.551096,0.591652,0.349463,0.763212,0.303147,0,0,0.12752,0.63828,0.116824,0.491193,0.144371,0.698238,0.13519,0.382194
0.136722,0.578338,0.228626,0.526597,0.22709,0.709158,0.3144,0.921682,0,0,0.231695,0.333115,0.282232,0.123301,0,0,0.59625,0.474811,0.591655,0.630122,0.750957,0.670999,0,0,0.602376,0.322222,0,0,0,0,0.110681,0.640995,0.0999668,0.491193,0.130601,0.703682,0.118331,0.382187
0.124471,0.572894,0.22556,0.532038,0.224021,0.706427,0.314414,0.899868,0.407841,0.993887,0.228634,0.32767,0.280708,0.126039,0,0,0.608503,0.474813,0.610036,0.616495,0.890348,0.583801,0,0,0.605438,0.338573,0,0,0,0,0.104559,0.638253,0.0938493,0.491161,0.125991,0.698263,0.11372,0.382177
0.121408,0.559265,0.227088,0.526589,0.217896,0.71732,0.352702,0.875355,0.492088,0.970723,0.224028,0.319497,0.292955,0.153285,0,0,0.587057,0.493884,0.590123,0.621944,0.717261,0.605605,0,0,0.564079,0.371265,0.651394,0.278638,0,0,0.103019,0.619243,0.0938403,0.485721,0.119876,0.69553,0.109151,0.379422
0.124454,0.556565,0.22862,0.521125,0.222495,0.722776,0.374141,0.845371,0.493623,0.842649,0.220965,0.300429,0.308267,0.158745,0,0,0.576334,0.480256,0.577872,0.605598,0.706534,0.616512,0,0,0.562548,0.379436,0.617688,0.28137,0.749424,0.463928,0.0999634,0.616509,0.0923005,0.482978,0.118336,0.695498,0.10609,0.376695
0.121397,0.559282,0.237809,0.523842,0.222501,0.72005,0.36802,0.763637,0.478307,0.700952,0.224027,0.333123,0.32206,0.221408,0,0,0.553361,0.482986,0.553364,0.60832,0.743298,0.624678,0.884219,0.616498,0.550294,0.368547,0.593191,0.300438,0.77853,0.463911,0.0923109,0.621952,0.0892176,0.488416,0.112217,0.698254,0.101494,0.38216
0.116802,0.572874,0.227089,0.532041,0.214835,0.720025,0.348097,0.760915,0.456862,0.71458,0.227089,0.333113,0.332782,0.224129,0.459917,0.218676,0.539574,0.49388,0.541104,0.6165,0.700409,0.646475,0.885751,0.581083,0.53651,0.384885,0.706534,0.360368,0.784661,0.428481,0.0907681,0.632835,0.0830975,0.491159,0.107623,0.695524,0.0923029,0.384876
0.113744,0.578358,0.21943,0.540206,0.207187,0.725501,0.331254,0.788131,0.435411,0.752754,0.219431,0.341311,0.32972,0.24865,0.452259,0.226854,0.538038,0.512954,0.528848,0.616505,0.686622,0.66828,0.868902,0.581074,0.538043,0.390351,0.65905,0.39579,0.86737,0.393065,0.0907806,0.641026,0.0815789,0.507517,0.11068,0.695502,0.0907691,0.395767
0.118341,0.594699,0.220958,0.548399,0.208706,0.730939,0.328201,0.788173,0.42775,0.755481,0.220964,0.346743,0.32819,0.251361,0.444598,0.226858,0.534977,0.512959,0.525786,0.619227,0.65905,0.711876,0.822951,0.540203,0.534976,0.387625,0.662114,0.423043,0.885749,0.425766,0.0907724,0.654634,0.0861637,0.521122,0.113744,0.690061,0.0922875,0.401269
0.118347,0.608345,0.225552,0.553828,0.21791,0.733668,0.343524,0.788179,0.450734,0.755453,0.219434,0.363094,0.332783,0.259557,0.441545,0.243211,0.541102,0.493888,0.52885,0.605597,0.610031,0.758181,0.706533,0.605591,0.547228,0.382165,0.680494,0.423036,0.870434,0.393063,0.0968858,0.665572,0.092278,0.534743,0.110689,0.698247,0.107606,0.425754
0.126003,0.616486,0.230152,0.562004,0.222503,0.733677,0.34964,0.790875,0.453799,0.760921,0.222498,0.371267,0.32819,0.267729,0.441548,0.240478,0.539571,0.507508,0.528847,0.613768,0.6085,0.766364,0.703478,0.616498,0.544168,0.38762,0.685088,0.425766,0.86737,0.425754,0.106076,0.668258,0.0984205,0.537486,0.119874,0.692791,0.112211,0.428487
0.138258,0.611044,0.236287,0.56199,0.225574,0.733657,0.352689,0.790865,0.461447,0.769077,0.227096,0.37128,0.331251,0.264993,0.441545,0.229582,0.551823,0.518409,0.53651,0.624678,0.649863,0.75,0.755553,0.63557,0.556423,0.390345,0.747893,0.406687,0,0,0.115255,0.668245,0.107631,0.537482,0.12753,0.703682,0.121397,0.425773
0.136726,0.611065,0.239344,0.559286,0.227085,0.73366,0.348113,0.793616,0.46145,0.782716,0.233215,0.371254,0.337382,0.270458,0.444602,0.240466,0.545699,0.529308,0.531917,0.635568,0.683561,0.709151,0.864306,0.597426,0.550293,0.412135,0.688154,0.412141,0.901071,0.47208,0.113737,0.665565,0.107627,0.537471,0.132129,0.698259,0.122918,0.425763
0.144375,0.608324,0.243939,0.561995,0.23016,0.728238,0.348104,0.812688,0.438478,0.839913,0.24854,0.357652,0.349632,0.275893,0.458378,0.248621,0.579396,0.491159,0.579397,0.61377,0.689684,0.632847,0.888818,0.627398,0.57174,0.382165,0.683558,0.39851,0,0,0.119865,0.662773,0.116794,0.529316,0.144373,0.703672,0.135177,0.425724
0.1551,0.600173,0.251598,0.56201,0.237822,0.725509,0.346568,0.815409,0.450735,0.859017,0.257727,0.36582,0.358826,0.278641,0.464524,0.245938,0.577863,0.488434,0.576333,0.613782,0.683567,0.63558,0.884211,0.61376,0.567146,0.376716,0.685092,0.393074,0,0,0.127541,0.654651,0.126017,0.52387,0.152036,0.695518,0.142864,0.423013
0.168877,0.586526,0.26079,0.559285,0.245465,0.72277,0.34658,0.804497,0.423164,0.845368,0.268446,0.371275,0.371069,0.281353,0.481365,0.2541,0.585525,0.47753,0.585524,0.597427,0.692746,0.619221,0.888819,0.611037,0.573272,0.360375,0,0,0,0,0.141283,0.641043,0.1398,0.515672,0.159697,0.698246,0.158151,0.41214
0.173488,0.581089,0.265392,0.553813,0.247008,0.714599,0.349644,0.793615,0.429283,0.837198,0.271506,0.373975,0.372605,0.281359,0.481367,0.254079,0.594716,0.472083,0.597778,0.602876,0.69428,0.619233,0.899536,0.581073,0.583991,0.35764,0,0,0,0,0.144373,0.641009,0.142841,0.515704,0.161229,0.695531,0.159694,0.406708
0.176547,0.583786,0.274568,0.551085,0.259269,0.709134,0.366491,0.777273,0.45226,0.815399,0.276113,0.357647,0.374136,0.273159,0.476788,0.226838,0.582464,0.493887,0.574804,0.613765,0.724917,0.627404,0.899539,0.526593,0.582461,0.368548,0.706528,0.379443,0,0,0.152047,0.640986,0.150509,0.518386,0.165823,0.695526,0.165808,0.41213
0.178082,0.583794,0.276103,0.542913,0.26539,0.706422,0.375675,0.771792,0.479838,0.815391,0.271516,0.368546,0.366491,0.275903,0.476762,0.215931,0.593183,0.482985,0.582463,0.605593,0.715726,0.638296,0.881158,0.515679,0.58859,0.354921,0.711135,0.368545,0,0,0.156628,0.638324,0.15356,0.521111,0.176545,0.68462,0.16582,0.412123
0.190336,0.583809,0.283767,0.537475,0.271518,0.706432,0.380264,0.760926,0.484431,0.790913,0.277649,0.357653,0.375669,0.273162,0.482897,0.218668,0.593182,0.485709,0.583995,0.602879,0.727984,0.643749,0.822952,0.507505,0.59012,0.357645,0.714192,0.360364,0,0,0.165808,0.640988,0.161239,0.521132,0.181139,0.692782,0.17348,0.414848
0.190338,0.583821,0.285298,0.537495,0.273059,0.706437,0.380267,0.760944,0.479831,0.793627,0.280703,0.360372,0.377205,0.262281,0.487492,0.224147,0.585527,0.477536,0.580928,0.591978,0.708063,0.660087,0.793846,0.510233,0.587055,0.34948,0.711133,0.360375,0,0,0.165833,0.641039,0.16277,0.521146,0.188793,0.68463,0.175017,0.412131
0.193389,0.597407,0.286833,0.542933,0.273052,0.706423,0.374151,0.769093,0.467582,0.812664,0.289889,0.349484,0.38793,0.25683,0.487497,0.235021,0.591651,0.48843,0.579402,0.597425,0.66671,0.706413,0.757081,0.480266,0.590121,0.376722,0.709595,0.360365,0.928641,0.286802,0.170412,0.643754,0.165833,0.526599,0.191843,0.692792,0.178082,0.417583
0.194911,0.594677,0.286824,0.548368,0.273043,0.709116,0.374135,0.766379,0.466051,0.812688,0.286828,0.35764,0.386396,0.270447,0.492084,0.235038,0.58553,0.488436,0.577867,0.602875,0.666709,0.725481,0.744829,0.485709,0.58246,0.379436,0.701939,0.365823,0.871968,0.333122,0.171953,0.643732,0.16735,0.529279,0.190315,0.695518,0.176548,0.420301
0.194931,0.589255,0.283766,0.548351,0.274559,0.709116,0.37413,0.76093,0.458395,0.807227,0.279174,0.363098,0.375678,0.278614,0.481361,0.229581,0.585524,0.507503,0.576333,0.613772,0.675896,0.736383,0.758622,0.518397,0.585526,0.387619,0.720321,0.37944,0.905664,0.289523,0.173494,0.641066,0.168875,0.526593,0.190329,0.69281,0.178086,0.420316
0.193411,0.583827,0.28529,0.545637,0.27456,0.709121,0.374134,0.760935,0.449193,0.804525,0.280699,0.363102,0.374149,0.281332,0.478305,0.22142,0.587059,0.510228,0.576334,0.616489,0.677439,0.733656,0.769339,0.537479,0.587059,0.387611,0.729513,0.38489,0.982253,0.256825,0.17502,0.64101,0.168891,0.523875,0.191876,0.690055,0.181132,0.41759
0.197987,0.578368,0.285299,0.540216,0.274559,0.706395,0.371075,0.7609,0.435418,0.804493,0.285292,0.357645,0.375664,0.278595,0.476769,0.221382,0.576333,0.504786,0.573273,0.613777,0.697346,0.709151,0.810684,0.586541,0.576333,0.393067,0.729512,0.344007,0,0,0.1796,0.632855,0.173487,0.518388,0.194918,0.679184,0.187261,0.41212
0.19798,0.578338,0.288364,0.537477,0.27459,0.70098,0.371088,0.760899,0.444601,0.799079,0.288361,0.357637,0.377202,0.278589,0.478314,0.224088,0.561014,0.51296,0.562546,0.608315,0.700405,0.676439,0.871967,0.624671,0.553357,0.401243,0.735639,0.294969,0,0,0.178102,0.632822,0.174987,0.515678,0.191879,0.684623,0.188774,0.4094
0.19492,0.578334,0.286835,0.545643,0.276114,0.703677,0.378749,0.758225,0.461463,0.796318,0.289886,0.357634,0.378729,0.278618,0.485961,0.226847,0.553359,0.491161,0.556421,0.589255,0.71879,0.654633,0,0,0.544163,0.393074,0.655982,0.251388,0.862773,0.123313,0.176557,0.632831,0.170436,0.515724,0.19339,0.679166,0.187264,0.412142
0.194936,0.578353,0.288374,0.545644,0.27613,0.703718,0.380277,0.763633,0.458378,0.793627,0.291417,0.357632,0.380267,0.281345,0.489024,0.224131,0.553356,0.493884,0.554894,0.602872,0.72645,0.657378,0.931706,0.750011,0.53957,0.395786,0.63454,0.243202,0.77087,0.0688171,0.17655,0.632868,0.171952,0.518391,0.19034,0.684637,0.185724,0.41215
0.197987,0.583792,0.292944,0.556566,0.277644,0.717316,0.375679,0.774555,0.440004,0.812658,0.291423,0.37126,0.384858,0.289542,0.487505,0.226859,0.542637,0.518405,0.542638,0.597424,0.735642,0.673718,0.902604,0.752748,0.534977,0.412136,0.67743,0.387615,0,0,0.178082,0.641012,0.176514,0.523855,0.191854,0.69281,0.191842,0.423069
0.199518,0.589254,0.292941,0.559288,0.279171,0.722751,0.375682,0.782712,0.435417,0.829023,0.289887,0.376708,0.383321,0.2977,0.485967,0.226869,0.565611,0.493879,0.568676,0.583796,0.743299,0.684617,0.911793,0.758178,0.550301,0.387615,0.668242,0.136935,0,0,0.179615,0.643743,0.17655,0.529273,0.193393,0.698231,0.191868,0.425799
0.197986,0.600163,0.29294,0.564737,0.279182,0.728191,0.383324,0.785423,0.44307,0.839935,0.288358,0.382154,0.377205,0.300399,0.48291,0.226823,0.564079,0.49116,0.568676,0.583799,0.743296,0.687348,0.916387,0.741832,0.550294,0.387613,0.746363,0.703687,0.914856,0.741848,0.182677,0.65463,0.178052,0.534763,0.196465,0.703676,0.19034,0.431177
0.196473,0.600194,0.291427,0.567454,0.279173,0.730943,0.38639,0.79088,0.450737,0.837215,0.285304,0.38217,0.378743,0.294957,0.482888,0.221396,0.562551,0.499334,0.570206,0.600153,0.749427,0.703689,0.920983,0.744567,0.550296,0.39306,0.668242,0.180531,0,0,0.182681,0.657362,0.176551,0.537486,0.196462,0.706416,0.191856,0.433946
0.199519,0.602873,0.291431,0.572879,0.282231,0.733682,0.387932,0.793589,0.455328,0.848102,0.286837,0.393056,0.380259,0.294989,0.481359,0.213231,0.567142,0.504779,0.567144,0.608325,0.749426,0.714603,0.917921,0.747289,0.550299,0.40396,0,0,0,0,0.182687,0.660081,0.176525,0.540236,0.196455,0.70642,0.188795,0.436665
0.197985,0.602877,0.291423,0.572902,0.279175,0.736412,0.389448,0.796368,0.453798,0.858977,0.286838,0.387627,0.378742,0.297694,0.484448,0.21593,0.571737,0.507503,0.573268,0.608322,0.747895,0.720042,0.914853,0.747286,0.55183,0.406685,0,0,0,0,0.184193,0.660079,0.17652,0.542913,0.194936,0.70643,0.188776,0.436662
0.196457,0.602867,0.288367,0.572899,0.276119,0.741834,0.380277,0.804492,0.446139,0.872625,0.289892,0.382163,0.390982,0.294969,0.492084,0.226899,0.568674,0.51296,0.571739,0.608331,0.741766,0.717328,0.986848,0.755459,0.553357,0.406684,0,0,0,0,0.18113,0.660107,0.175009,0.545626,0.19187,0.71185,0.187278,0.439377
0.194922,0.608308,0.288358,0.575596,0.274589,0.74183,0.378733,0.804511,0.443064,0.872637,0.289892,0.387618,0.394062,0.292265,0.492099,0.243199,0.571737,0.51568,0.573273,0.613771,0.741762,0.717312,0.922514,0.750003,0.551824,0.409411,0,0,0,0,0.179609,0.662811,0.173478,0.548385,0.193385,0.709155,0.184207,0.439414
0.196459,0.613742,0.282234,0.575601,0.273051,0.741844,0.377196,0.807251,0.435419,0.872603,0.2807,0.3958,0.390984,0.297696,0.490559,0.248623,0.567146,0.50751,0.567144,0.613769,0.737164,0.722759,0.917918,0.747296,0.548764,0.401241,0,0,0,0,0.176552,0.662862,0.168905,0.548391,0.190339,0.709142,0.179607,0.442125
0.191889,0.605629,0.280696,0.572894,0.27152,0.744547,0.37566,0.809952,0.436936,0.875349,0.280704,0.393058,0.389462,0.294983,0.489033,0.243194,0.559488,0.502059,0.559487,0.611052,0.734104,0.720052,0.922514,0.752732,0.547227,0.398525,0.712662,0.131484,0,0,0.175024,0.66283,0.167365,0.548393,0.190324,0.709143,0.176564,0.442103
0.191862,0.6165,0.277633,0.578349,0.268451,0.747273,0.374137,0.81265,0.432347,0.875344,0.279178,0.39308,0.375664,0.30315,0.478315,0.226862,0.556424,0.510231,0.561019,0.613765,0.734105,0.730957,0.873495,0.739106,0.54723,0.406689,0,0,0,0,0.173464,0.665563,0.165799,0.551111,0.184215,0.717315,0.176543,0.444821
0.191841,0.619198,0.276107,0.578341,0.269983,0.749999,0.37262,0.809965,0.430815,0.875338,0.276119,0.398499,0.375663,0.303123,0.476771,0.224142,0.556424,0.50751,0.559485,0.613766,0.729515,0.747284,0.862787,0.736395,0.547232,0.406686,0,0,0,0,0.17195,0.668273,0.16431,0.553792,0.184211,0.720042,0.176531,0.447571
