0.260808,0.447545,0.325145,0.532028,0.312874,0.600151,0.325137,0.700981,0.328184,0.801771,0.334327,0.466608,0.398651,0.431257,0.444584,0.371256,0.545705,0.512958,0.544177,0.570193,0.645274,0.518392,0.795376,0.556558,0.544162,0.453009,0.637606,0.352207,0.758627,0.333133,0.228643,0.485713,0.248542,0.428532,0.217906,0.632869,0,0
0.262325,0.44479,0.32513,0.532044,0.309818,0.605614,0.326663,0.70644,0.334311,0.809941,0.337367,0.463917,0.404773,0.433927,0.456852,0.363094,0.545695,0.515682,0.544162,0.57289,0.642204,0.518392,0.790785,0.564743,0.542631,0.458446,0.633022,0.352201,0.760138,0.335846,0.231685,0.480241,0.250059,0.428456,0.21791,0.627401,0,0
0.262343,0.444794,0.325125,0.532039,0.309805,0.605585,0.326655,0.711878,0.335829,0.812709,0.337389,0.466596,0.407841,0.436646,0.458397,0.368515,0.54723,0.518388,0.545704,0.5729,0.642187,0.518397,0.790783,0.570198,0.542642,0.458471,0.631485,0.354899,0.758612,0.338551,0.230162,0.480241,0.250061,0.428474,0.217903,0.627404,0,0
0.262317,0.442114,0.323612,0.537478,0.308283,0.608346,0.325148,0.717326,0.334324,0.818129,0.337383,0.469336,0.409371,0.444857,0.461439,0.379409,0.545705,0.518414,0.544169,0.572904,0.64219,0.523856,0.790789,0.575607,0.541107,0.461187,0.631489,0.354924,0.757086,0.338565,0.228637,0.477521,0.248548,0.428482,0.216374,0.624675,0,0
0.262339,0.442078,0.323612,0.537471,0.308264,0.608346,0.32512,0.720058,0.331249,0.820843,0.338902,0.466664,0.409372,0.455734,0.459936,0.390318,0.547227,0.521142,0.544175,0.578367,0.642187,0.52385,0.789241,0.578371,0.542638,0.463896,0.629939,0.357649,0.755561,0.341296,0.228647,0.472106,0.248537,0.428445,0.214858,0.621998,0,0
0.262333,0.439377,0.323602,0.537485,0.305222,0.608326,0.323599,0.720041,0.329716,0.820884,0.338916,0.46934,0.410899,0.455736,0.461457,0.38762,0.544175,0.521115,0.542629,0.575639,0.640679,0.526569,0.781586,0.57834,0.541108,0.461172,0.629943,0.36035,0.75402,0.341277,0.22864,0.469392,0.24852,0.425819,0.213325,0.62192,0,0
0.263844,0.439356,0.323601,0.537509,0.305209,0.611035,0.323584,0.720036,0.328186,0.823569,0.338908,0.469354,0.41243,0.453009,0.464515,0.384867,0.542639,0.521119,0.541099,0.572905,0.640674,0.521141,0.786186,0.586526,0.538044,0.46391,0.629937,0.36038,0.754023,0.341279,0.228642,0.469324,0.248544,0.425783,0.21333,0.619199,0,0
0.263839,0.436648,0.323591,0.534783,0.302145,0.608345,0.32359,0.725483,0.328193,0.823589,0.340445,0.469328,0.415493,0.447564,0.470647,0.379431,0.54417,0.518417,0.544163,0.575625,0.657521,0.526592,0.801504,0.61923,0.539573,0.461173,0.629942,0.357621,0.747888,0.344006,0.230151,0.466609,0.248533,0.425701,0.213305,0.616492,0,0
0.265375,0.433911,0.323594,0.534769,0.302141,0.608337,0.323603,0.72549,0.328202,0.826294,0.340441,0.466659,0.420089,0.458488,0.473694,0.406689,0.550291,0.485723,0.545697,0.540203,0.721858,0.409426,0,0,0.5457,0.436676,0.628423,0.354892,0.718786,0.314027,0.233213,0.455753,0.250084,0.420313,0.213299,0.602925,0,0
0.26844,0.43123,0.325109,0.529326,0.300628,0.605606,0.323589,0.722756,0.328205,0.823581,0.341989,0.466615,0.426223,0.461185,0.4737,0.412118,0.557948,0.493875,0.557962,0.542939,0.669774,0.423022,0.826008,0.303158,0.554885,0.439393,0.636073,0.352178,0,0,0.236291,0.450293,0.251614,0.420307,0.213281,0.600122,0,0
0.269986,0.428523,0.325125,0.529321,0.302149,0.602878,0.323596,0.720025,0.329712,0.820883,0.343507,0.466621,0.424705,0.461193,0.473677,0.409407,0.550294,0.488435,0.551819,0.534744,0.672833,0.403997,0,0,0.545709,0.439375,0.625356,0.352176,0,0,0.239327,0.447541,0.25312,0.417562,0.21331,0.591964,0,0
0.273043,0.425774,0.326667,0.532015,0.299094,0.597435,0.322072,0.709134,0.337382,0.815432,0.349639,0.472076,0.435409,0.466636,0.469096,0.4067,0.548759,0.493896,0.545698,0.529309,0.677431,0.403995,0.738704,0.36856,0.5457,0.453005,0.622291,0.357634,0.724921,0.379437,0.240864,0.439399,0.254655,0.403976,0.213318,0.58106,0,0
0.273049,0.425747,0.326669,0.529295,0.299092,0.591987,0.322066,0.711861,0.343496,0.812668,0.354225,0.466645,0.436939,0.463921,0.464523,0.409409,0.545696,0.499331,0.545699,0.545638,0.645265,0.428461,0.732568,0.379441,0.542634,0.453004,0.616163,0.360351,0.723388,0.38216,0.240866,0.43936,0.256182,0.403945,0.213313,0.578367,0,0
0.271498,0.425774,0.325125,0.529313,0.297556,0.594691,0.320528,0.703692,0.323583,0.711889,0.34504,0.47207,0.443067,0.472076,0.475219,0.423045,0.538042,0.504775,0.542641,0.548376,0.634548,0.431216,0.727979,0.40127,0.531921,0.458472,0.608511,0.354945,0.718799,0.395802,0.239338,0.436655,0.250085,0.403995,0.210244,0.578345,0,0
0.268439,0.425803,0.323586,0.532048,0.297544,0.602863,0.320535,0.714592,0.341976,0.812698,0.340454,0.472078,0.424702,0.461186,0.47219,0.420321,0.541102,0.493892,0.541109,0.534774,0.628431,0.439413,0.731038,0.447565,0.538036,0.450286,0.608492,0.360322,0.705017,0.344024,0.23781,0.436693,0.250068,0.403997,0.207194,0.578383,0,0
0.26846,0.425821,0.322066,0.532034,0.294503,0.602875,0.320539,0.714596,0.340447,0.809975,0.34198,0.472064,0.433877,0.461206,0.470636,0.420293,0.548758,0.496621,0.544166,0.553835,0.636066,0.46392,0.743294,0.491172,0.544172,0.450285,0.608499,0.360366,0.727973,0.363099,0.237795,0.439366,0.250077,0.40401,0.207182,0.578411,0,0
0.26844,0.42582,0.322064,0.532015,0.294506,0.600157,0.319004,0.711882,0.341961,0.815423,0.341983,0.469381,0.430822,0.458485,0.46911,0.422998,0.547229,0.504782,0.54417,0.564728,0.640667,0.491177,0.755546,0.534767,0.544175,0.45029,0.611557,0.363092,0.741764,0.398502,0.236286,0.439389,0.250073,0.404008,0.207159,0.578416,0,0
0.268442,0.428456,0.320535,0.53203,0.294498,0.600159,0.317472,0.711868,0.340431,0.812691,0.340437,0.472068,0.427755,0.458453,0.466049,0.425731,0.551822,0.512961,0.551823,0.572901,0.64526,0.545638,0.754023,0.589258,0.548765,0.453009,0.614633,0.371282,0.766274,0.398513,0.236264,0.442086,0.250068,0.406673,0.205641,0.581089,0,0
0.265377,0.428517,0.319,0.540215,0.292973,0.611034,0.319004,0.739115,0.33891,0.823578,0.335852,0.480254,0.424694,0.461182,0.463001,0.428527,0.551825,0.512963,0.539574,0.534758,0.606979,0.365812,0.727963,0.357625,0.550298,0.461178,0.606981,0.360392,0.726446,0.357656,0.231689,0.444868,0.250049,0.409429,0.205659,0.58926,0,0
0.263854,0.428528,0.314413,0.545651,0.291441,0.611049,0.31594,0.722772,0.334309,0.820877,0.329726,0.482973,0.430817,0.46664,0.46759,0.428527,0.554884,0.512949,0.55642,0.548379,0.606971,0.360378,0.723374,0.363089,0.551822,0.463916,0.605433,0.357648,0.727963,0.360345,0.230151,0.44759,0.24853,0.412127,0.205663,0.594718,0,0
0.263847,0.43124,0.314398,0.548355,0.291441,0.611061,0.315933,0.728201,0.331251,0.820888,0.329719,0.482996,0.426225,0.472092,0.469108,0.431183,0.553359,0.510223,0.557953,0.545655,0.60392,0.360367,0.724917,0.36579,0.545705,0.46391,0.602378,0.354937,0.726438,0.360386,0.230144,0.450296,0.250058,0.412152,0.205647,0.59742,0,0
0.263839,0.433968,0.315932,0.545666,0.292976,0.613764,0.315924,0.728211,0.328203,0.82089,0.328199,0.485687,0.429285,0.477514,0.470626,0.433905,0.550296,0.515677,0.559484,0.575624,0.655979,0.61648,0.750956,0.695499,0.542642,0.461187,0.597792,0.354919,0.723391,0.376738,0.227104,0.455727,0.250045,0.417565,0.202602,0.600179,0,0
0.262332,0.43665,0.314404,0.548378,0.292965,0.61378,0.315943,0.730935,0.329728,0.829019,0.326658,0.485705,0.423163,0.480258,0.469096,0.433933,0.55642,0.512946,0.564081,0.562007,0.654465,0.611033,0.752502,0.692818,0.550298,0.463907,0.597775,0.357679,0.721853,0.382218,0.227071,0.455753,0.248515,0.417594,0.204103,0.602843,0,0
0.260778,0.439368,0.312876,0.548371,0.292962,0.611067,0.312882,0.722769,0.328184,0.826318,0.325128,0.485687,0.426221,0.477546,0.463004,0.436649,0.553359,0.515686,0.567145,0.567456,0.654445,0.608324,0.752477,0.692786,0.548763,0.463915,0.597771,0.360398,0.718797,0.390318,0.225568,0.458477,0.243949,0.420317,0.202578,0.605593,0,0
0.259254,0.442075,0.311342,0.548388,0.292949,0.613778,0.312876,0.728218,0.326662,0.823596,0.325112,0.482985,0.426216,0.469363,0.461439,0.431214,0.544172,0.521134,0.54417,0.597428,0.652927,0.597425,0.752488,0.695535,0.539574,0.469348,0.596258,0.360396,0.718789,0.401253,0.224044,0.463871,0.240905,0.425723,0.201045,0.608364,0,0
0.257714,0.44211,0.309817,0.548379,0.291428,0.613772,0.312863,0.725508,0.326651,0.823606,0.323595,0.482973,0.421631,0.469356,0.459891,0.431227,0.534973,0.532039,0.534978,0.602867,0.649854,0.597416,0.754007,0.698219,0.52886,0.474799,0.59624,0.36039,0.717259,0.403955,0.224012,0.463898,0.239378,0.425748,0.201029,0.611091,0,0
0.256186,0.442114,0.309797,0.54839,0.291415,0.613778,0.312858,0.72823,0.325148,0.826315,0.323587,0.482988,0.412439,0.474807,0.458367,0.433919,0.534975,0.534745,0.534982,0.602866,0.649856,0.594696,0.752478,0.695528,0.528854,0.474816,0.594743,0.360404,0.717271,0.403969,0.222504,0.463936,0.239368,0.425769,0.199526,0.613762,0,0
0.256189,0.442121,0.309795,0.55108,0.291412,0.613788,0.311356,0.728236,0.325143,0.82632,0.323583,0.482992,0.413977,0.472075,0.458371,0.43391,0.534972,0.534768,0.536514,0.602888,0.649869,0.594683,0.750963,0.695501,0.528854,0.47752,0.596234,0.360388,0.718785,0.406709,0.222497,0.463942,0.239362,0.425787,0.199532,0.613779,0,0
0.256189,0.444794,0.309803,0.5484,0.289884,0.616477,0.311334,0.733651,0.323608,0.831761,0.323601,0.48568,0.418562,0.482994,0.456868,0.43938,0.536508,0.534759,0.53804,0.605593,0.648327,0.591963,0.747904,0.692796,0.530386,0.4748,0.594737,0.365839,0.715734,0.417603,0.222483,0.466603,0.239331,0.425805,0.197995,0.616476,0,0
0.254673,0.444808,0.30829,0.551104,0.289883,0.613798,0.309808,0.730924,0.323598,0.829022,0.325116,0.485689,0.413963,0.48299,0.455334,0.439373,0.534983,0.534764,0.536508,0.605597,0.648324,0.589257,0.746355,0.69277,0.528856,0.474825,0.594718,0.368525,0.71418,0.423045,0.222481,0.466612,0.239327,0.425818,0.197986,0.616489,0,0
0.254658,0.44482,0.308281,0.551102,0.288373,0.616496,0.309799,0.730926,0.323587,0.829025,0.323596,0.485722,0.410912,0.48296,0.455313,0.439354,0.534981,0.532039,0.538038,0.602867,0.646807,0.586538,0.744826,0.6901,0.530376,0.477524,0.594696,0.365845,0.712663,0.428518,0.220973,0.466631,0.237834,0.425827,0.197986,0.616496,0,0
0.254665,0.444868,0.308285,0.551125,0.289881,0.61651,0.30827,0.730939,0.322063,0.826328,0.323593,0.488444,0.40784,0.482991,0.452271,0.439381,0.534981,0.532028,0.53498,0.602875,0.646803,0.589248,0.743303,0.692789,0.530379,0.47753,0.593181,0.371283,0.709604,0.447567,0.22096,0.466664,0.237816,0.428477,0.194941,0.619188,0,0
0.254668,0.447541,0.308287,0.553819,0.288368,0.619227,0.30826,0.730949,0.320523,0.829024,0.323596,0.48843,0.410906,0.482995,0.450735,0.439418,0.538037,0.537474,0.538042,0.608309,0.646798,0.591981,0.743295,0.695501,0.53191,0.477538,0.593163,0.37401,0.704997,0.466621,0.220962,0.469337,0.237821,0.428503,0.194936,0.619234,0,0
0.257711,0.450287,0.308268,0.553834,0.286833,0.621938,0.305208,0.733675,0.318985,0.831772,0.320532,0.488461,0.409367,0.480243,0,0,0.530388,0.540203,0.53038,0.602883,0.648319,0.589251,0.74177,0.695503,0.528846,0.482985,0.5947,0.382138,0.688147,0.521127,0.220971,0.47207,0.239338,0.431205,0.194923,0.621932,0,0
0.257721,0.452997,0.306743,0.553844,0.285292,0.621943,0.303676,0.730958,0.31747,0.826315,0.320525,0.49114,0.401714,0.480242,0.444595,0.436698,0.527314,0.548376,0.525784,0.608306,0.645272,0.586517,0.734105,0.695507,0.525794,0.491143,0.606988,0.406722,0.683563,0.589251,0.22096,0.472064,0.239348,0.43393,0.193405,0.619264,0,0
0.257722,0.452994,0.306744,0.553854,0.285301,0.619234,0.303684,0.730952,0.317478,0.826308,0.320533,0.491175,0.401718,0.485689,0.443065,0.439393,0.527314,0.553834,0.527327,0.605603,0.643746,0.581113,0.73106,0.69279,0.525779,0.50206,0.610025,0.428504,0.68356,0.597423,0.22096,0.472061,0.239336,0.433913,0.193399,0.619246,0,0
0.257735,0.453006,0.306752,0.55654,0.28683,0.619226,0.303683,0.730948,0.318986,0.826315,0.32206,0.48846,0.397116,0.480269,0.443061,0.433984,0.528849,0.556533,0.530384,0.605612,0.643737,0.581065,0.732574,0.692826,0.525793,0.504777,0.610054,0.431185,0.686624,0.591984,0.22097,0.472059,0.239345,0.433931,0.194919,0.619227,0,0
0.259244,0.452982,0.308273,0.556554,0.288352,0.619236,0.305213,0.730947,0.319001,0.829019,0.322065,0.49115,0.401719,0.477541,0.443061,0.433937,0.528842,0.553816,0.528852,0.605598,0.643733,0.578398,0.732564,0.69549,0.527313,0.499342,0.610029,0.42852,0.686618,0.594678,0.222482,0.469367,0.239357,0.431214,0.194937,0.619182,0,0
0.257735,0.450263,0.306751,0.559295,0.283768,0.613796,0.300609,0.728198,0.318991,0.829036,0.323594,0.499326,0.397124,0.485691,0.443073,0.433966,0.525774,0.553837,0.525779,0.611031,0.645259,0.58923,0.729532,0.695551,0.524252,0.502068,0.611548,0.431189,0.686619,0.594716,0.220949,0.466654,0.239343,0.43121,0.193394,0.613785,0,0
0.253136,0.447559,0.303686,0.556579,0.279178,0.616497,0.302151,0.736391,0.319,0.837199,0.320529,0.496613,0.398656,0.482984,0.443091,0.433951,0.527309,0.553847,0.525786,0.611045,0.643719,0.591983,0.731043,0.698248,0.525778,0.502073,0.61004,0.431175,0.685085,0.5974,0.220953,0.466619,0.237815,0.428547,0.193373,0.611088,0,0
0.254653,0.447509,0.305208,0.559275,0.279179,0.616509,0.29908,0.730971,0.318994,0.834498,0.32359,0.499339,0.400185,0.482971,0.446117,0.431259,0.527322,0.556544,0.527315,0.611062,0.642214,0.591995,0.731031,0.698259,0.524261,0.504792,0.610025,0.431183,0.685086,0.594712,0.219437,0.46659,0.237822,0.428476,0.191851,0.611037,0,0
0.253126,0.444786,0.305217,0.556558,0.277636,0.616522,0.299078,0.733676,0.315931,0.829042,0.325114,0.493895,0.401706,0.480273,0.44921,0.428522,0.525778,0.556558,0.525782,0.611043,0.642204,0.594702,0.731036,0.69823,0.522719,0.502069,0.610048,0.431205,0.682043,0.597439,0.219431,0.461191,0.236268,0.425785,0.191844,0.605579,0,0
0.253116,0.439382,0.306737,0.556539,0.277635,0.616503,0.29756,0.733685,0.317466,0.837213,0.325125,0.493879,0.403241,0.477548,0.450733,0.42848,0.524257,0.556562,0.524257,0.611053,0.642183,0.594693,0.731048,0.695531,0.519664,0.502067,0.610033,0.431206,0.683562,0.600138,0.220973,0.455744,0.237785,0.423032,0.191858,0.600155,0,0
0.256184,0.433941,0.308267,0.561999,0.283768,0.61378,0.29602,0.733661,0.320528,0.837212,0.323593,0.50205,0.401715,0.480276,0.453784,0.428464,0.522725,0.553848,0.525789,0.605584,0.640675,0.594688,0.738684,0.692789,0.519656,0.502065,0.611554,0.431204,0.685094,0.600157,0.22401,0.447521,0.239346,0.417552,0.190345,0.58378,0,0
0.259243,0.428506,0.305215,0.559291,0.280701,0.613758,0.292957,0.730934,0.317473,0.839945,0.328188,0.491194,0.403243,0.477521,0.455323,0.428504,0.527308,0.556544,0.527311,0.611048,0.642182,0.594682,0.746371,0.690036,0.525774,0.502074,0.613111,0.431204,0.68968,0.60558,0.225527,0.436667,0.242406,0.404014,0.191851,0.567448,0,0
0.260795,0.428543,0.305204,0.564736,0.276104,0.616503,0.292946,0.730945,0.318986,0.842669,0.328188,0.49387,0.398656,0.480289,0.455321,0.431203,0.528845,0.559267,0.533444,0.611057,0.642192,0.594702,0.752483,0.679159,0.525774,0.50751,0.614621,0.431194,0.694286,0.597397,0.225555,0.433901,0,0,0.193376,0.556549,0,0
0.260783,0.428489,0.305201,0.553843,0.277642,0.605603,0.28989,0.70913,0.306739,0.826297,0.328197,0.491186,0.400184,0.480274,0.455308,0.433943,0.5258,0.556569,0.52885,0.611054,0.64373,0.594689,0.758626,0.668329,0.524255,0.504781,0.616177,0.431205,0.694293,0.591967,0.225589,0.431211,0,0,0.193417,0.553772,0,0
0.260776,0.428469,0.306745,0.551119,0.276125,0.60559,0.288369,0.709134,0.297547,0.818131,0.328192,0.491175,0.397128,0.480276,0.453802,0.436679,0.530381,0.551121,0.534982,0.602894,0.643741,0.5947,0.757071,0.665514,0.527313,0.502078,0.619215,0.428542,0.697356,0.594686,0.227103,0.431185,0.182671,0.453016,0.194935,0.551053,0,0
0.257722,0.425787,0.305209,0.545669,0.27459,0.602866,0.282234,0.709163,0.28989,0.823566,0.326658,0.493881,0.395592,0.482977,0.450743,0.436632,0.533455,0.551104,0.533444,0.600129,0.643761,0.597398,0.767797,0.646484,0.530388,0.50206,0.622315,0.431213,0.689698,0.567444,0.22708,0.428532,0.193394,0.450287,0.19494,0.537459,0,0
0.257721,0.425752,0.303675,0.548381,0.276103,0.602879,0.280696,0.709152,0.289879,0.823587,0.325134,0.493865,0.395574,0.480267,0.450717,0.433959,0.530393,0.551127,0.530388,0.600158,0.643751,0.591947,0.766271,0.635556,0.528858,0.504795,0.623811,0.431271,0.691202,0.562016,0.225587,0.428534,0.176545,0.45574,0.194934,0.534811,0,0
0.256196,0.436653,0.299095,0.553861,0.274587,0.608349,0.279174,0.714587,0.279179,0.83993,0.322055,0.493917,0.392515,0.485685,0.452268,0.436683,0.527323,0.551114,0.527316,0.597436,0.631496,0.578303,0.775463,0.60288,0.527309,0.504783,0.626858,0.439365,0.752477,0.619223,0.225551,0.442071,0,0,0.191852,0.556609,0,0
0.25618,0.439366,0.299079,0.559265,0.274583,0.613753,0.277658,0.722761,0.276106,0.839922,0.320528,0.49933,0.395578,0.488399,0.452273,0.436644,0.528843,0.556537,0.528847,0.608326,0.629949,0.575667,0.769333,0.621915,0.525794,0.502065,0.623828,0.436648,0.69274,0.561997,0.225533,0.442131,0,0,0.190345,0.564714,0,0
0.253146,0.439347,0.297539,0.553855,0.273036,0.613801,0.276115,0.722777,0.274569,0.834507,0.317462,0.493875,0.392513,0.480292,0.453787,0.433935,0.525776,0.556529,0.524259,0.608321,0.628416,0.578354,0.766284,0.643748,0.524245,0.502068,0.620744,0.431277,0.732573,0.646465,0.224015,0.444819,0.179604,0.600146,0.190327,0.570139,0.194929,0.575626
0.251606,0.439365,0.29755,0.553816,0.274558,0.611062,0.274599,0.720053,0.269981,0.839894,0.317461,0.493914,0.394047,0.48299,0.455322,0.433921,0.527308,0.556549,0.524256,0.608314,0.628421,0.581132,0.767809,0.668278,0.525784,0.504791,0.617703,0.43392,0.708081,0.605596,0.222486,0.447529,0.176544,0.643746,0.190293,0.572926,0.196458,0.570174
0.253125,0.442117,0.300617,0.55381,0.276124,0.608333,0.271523,0.72276,0.257739,0.842668,0.32053,0.496604,0.397108,0.485731,0.456874,0.436656,0.524256,0.559303,0.519656,0.611028,0.629938,0.583821,0.764751,0.703691,0.524245,0.515667,0.619206,0.442115,0.708061,0.594722,0.224022,0.45032,0,0,0.190328,0.581085,0,0
0.253146,0.444792,0.300624,0.553832,0.27763,0.608323,0.273043,0.714607,0.25774,0.839925,0.320535,0.502047,0.397125,0.491151,0.45837,0.442072,0.519662,0.56472,0.510469,0.613757,0.628415,0.583804,0.76475,0.706385,0.519662,0.518386,0.619237,0.444805,0.709582,0.597439,0.22402,0.45302,0,0,0.190326,0.586549,0,0
0.253142,0.44753,0.302144,0.553836,0.277634,0.608329,0.273046,0.714604,0.257731,0.837202,0.322059,0.499343,0.398662,0.491165,0.455321,0.447576,0.521192,0.564743,0.508945,0.613778,0.629936,0.58925,0.766285,0.709173,0.522719,0.518403,0.619243,0.4448,0.708089,0.600136,0.224009,0.455772,0,0,0.19036,0.594676,0,0
0.251584,0.45028,0.300628,0.559274,0.277629,0.611054,0.27305,0.717328,0.2562,0.83723,0.322067,0.5075,0.400192,0.491167,0.452272,0.444835,0.521191,0.570181,0.510471,0.621941,0.631495,0.602871,0.767816,0.728238,0.524246,0.518421,0.617699,0.442091,0.705005,0.60559,0.219441,0.466602,0.234759,0.431272,0.190329,0.60832,0,0
0.250053,0.453042,0.30061,0.559291,0.276107,0.616494,0.273055,0.722754,0.25618,0.839906,0.322069,0.504774,0.398659,0.488392,0.45532,0.433985,0.521186,0.570167,0.515067,0.616505,0.637613,0.605624,0.767813,0.741856,0.521195,0.518428,0.614631,0.436644,0.697338,0.602863,0.219414,0.469343,0.233224,0.436643,0.190368,0.613817,0,0
0.25006,0.461221,0.303685,0.55927,0.27611,0.619244,0.274568,0.733659,0.256194,0.845355,0.331243,0.49388,0.403255,0.477554,0.452265,0.428538,0.516598,0.570184,0.516593,0.621945,0.645275,0.624678,0.772396,0.758166,0.516599,0.518388,0.594743,0.409411,0.677442,0.57018,0.217895,0.480235,0.234748,0.444788,0.191848,0.627405,0,0
0.250085,0.463911,0.305217,0.559301,0.276104,0.624689,0.274563,0.741858,0.257735,0.848139,0.329712,0.496593,0.406306,0.482961,0.456861,0.431198,0.513535,0.570188,0.519664,0.62468,0.65138,0.613788,0.773939,0.749981,0.508932,0.51567,0.564071,0.382164,0.659063,0.502054,0.217906,0.482995,0.234759,0.444822,0.191852,0.632835,0,0
0.25008,0.463917,0.305204,0.562017,0.27459,0.627396,0.274562,0.744556,0.257741,0.848116,0.328188,0.499319,0.409361,0.482998,0.458402,0.433926,0.518122,0.564725,0.524246,0.619225,0.651388,0.616512,0.775451,0.741854,0.505871,0.504782,0.54571,0.382174,0.655992,0.474796,0.216392,0.483006,0.23475,0.444796,0.190351,0.630133,0,0
0.248548,0.463873,0.300628,0.562008,0.27458,0.624668,0.274575,0.741838,0.259264,0.848129,0.326655,0.496612,0.407838,0.485682,0.459926,0.433942,0.508935,0.564726,0.518126,0.613762,0.651401,0.619237,0.775452,0.744555,0.498218,0.496603,0.528843,0.379444,0.649867,0.442102,0.216357,0.482976,0.231692,0.44479,0.190332,0.630108,0,0
0.24853,0.463875,0.2991,0.561996,0.27457,0.621975,0.274558,0.741836,0.259247,0.84809,0.325135,0.496612,0.409376,0.482996,0.461441,0.433897,0.510465,0.55927,0.519658,0.605593,0.651381,0.619236,0.775456,0.744584,0.496683,0.477535,0.519667,0.379451,0.6468,0.425763,0.214858,0.480285,0.231679,0.444796,0.190333,0.627378,0,0
0.250043,0.461198,0.300623,0.561997,0.274578,0.621967,0.274574,0.73638,0.259253,0.845423,0.326664,0.496599,0.412433,0.482944,0.459967,0.431228,0.515062,0.551095,0.521188,0.608312,0.652912,0.619225,0.776978,0.747296,0.499748,0.477542,0.510475,0.384868,0.622292,0.346748,0.216383,0.480233,0.231694,0.444794,0.191841,0.624649,0,0
0.250063,0.461205,0.303686,0.559272,0.276109,0.621947,0.274582,0.736401,0.259247,0.848128,0.331247,0.491184,0.412438,0.480285,0.459936,0.433912,0.513536,0.548384,0.522722,0.608318,0.651383,0.619209,0.775473,0.747305,0.499749,0.488427,0.519656,0.382154,0.623822,0.327664,0.217893,0.480235,0.233214,0.444827,0.191869,0.624647,0,0
0.250083,0.461214,0.303674,0.556585,0.276114,0.619235,0.274594,0.733687,0.260785,0.85082,0.328191,0.493892,0.407846,0.482989,0.458405,0.433964,0.515061,0.55382,0.524254,0.61105,0.651397,0.616512,0.775476,0.747285,0.499745,0.488441,0.524267,0.373987,0,0,0.219428,0.47755,0.236263,0.44481,0.191883,0.624647,0,0
0.250078,0.461196,0.305217,0.556554,0.277632,0.616518,0.274589,0.736398,0.257716,0.850818,0.329715,0.493899,0.407834,0.485712,0.4584,0.436632,0.515069,0.553822,0.524258,0.605591,0.652932,0.616521,0.775468,0.747291,0.499751,0.480261,0.528845,0.365804,0.610029,0.248672,0.219431,0.477541,0.234759,0.444814,0.193374,0.621971,0,0
0.250075,0.461214,0.305211,0.556557,0.276118,0.616503,0.274584,0.736387,0.256199,0.848118,0.328192,0.493902,0.404781,0.485713,0.458387,0.436644,0.510472,0.556561,0.522723,0.600145,0.652911,0.616526,0.775461,0.747299,0.499746,0.485716,0.527317,0.371281,0.602365,0.240488,0.217918,0.477537,0.234741,0.444774,0.191881,0.621942,0,0
0.25006,0.463856,0.300629,0.559272,0.276097,0.616522,0.27458,0.736389,0.25771,0.850828,0.32665,0.496597,0.406312,0.485689,0.456872,0.436696,0.508939,0.553825,0.518127,0.594703,0.649856,0.619204,0.77393,0.747307,0.496689,0.485702,0.522718,0.40125,0.593191,0.213222,0.217906,0.477529,0.233205,0.444788,0.191851,0.62192,0,0
0.250057,0.461217,0.30061,0.559283,0.274584,0.619243,0.274586,0.736394,0.257723,0.853569,0.325114,0.496592,0.403243,0.483009,0.456829,0.436689,0.508938,0.548384,0.519658,0.60559,0.649854,0.616493,0.773925,0.747307,0.496685,0.485699,0.521193,0.401247,0.577865,0.196893,0.219429,0.474814,0.233212,0.44215,0.190355,0.619231,0,0
0.25005,0.461182,0.300628,0.559264,0.274588,0.619238,0.274591,0.736395,0.257731,0.856256,0.326649,0.493897,0.406305,0.48299,0.456845,0.436667,0.511998,0.548372,0.521194,0.602879,0.651394,0.616499,0.772404,0.747307,0.49975,0.482997,0.510468,0.431204,0.571745,0.194139,0.219421,0.474792,0.234731,0.442138,0.190354,0.619197,0,0
0.250042,0.461165,0.300626,0.559265,0.274584,0.619245,0.274593,0.733688,0.257722,0.856255,0.326653,0.493878,0.406301,0.485686,0.455336,0.433976,0.512007,0.545662,0.522724,0.605598,0.649867,0.613781,0.770869,0.747289,0.499752,0.480269,0.510469,0.428489,0.561016,0.19144,0.219415,0.472117,0.233218,0.442111,0.19035,0.619176,0,0
0.250055,0.461152,0.300628,0.559265,0.274588,0.61921,0.274584,0.733677,0.257717,0.853577,0.325123,0.493906,0.406315,0.485699,0.453786,0.436642,0.512003,0.542936,0.522727,0.602877,0.64987,0.61376,0.770861,0.747266,0.499746,0.480261,0.510473,0.425757,0.557946,0.194137,0.217903,0.472098,0.234739,0.442068,0.190347,0.616515,0,0
0.248532,0.45575,0.300609,0.556562,0.274573,0.616503,0.274589,0.733665,0.257707,0.853565,0.325126,0.491197,0.400191,0.485674,0.447691,0.439362,0.50587,0.556552,0.516593,0.605598,0.651397,0.611074,0.76629,0.741856,0.496679,0.485716,0.648318,0.611036,0.763205,0.739096,0.217888,0.469351,0.230161,0.439371,0.190335,0.613756,0,0
0.248528,0.455763,0.300608,0.55654,0.27458,0.616488,0.274587,0.733685,0.256202,0.856248,0.32512,0.491177,0.398661,0.483003,0.444605,0.439396,0.505869,0.548387,0.511999,0.597418,0.651388,0.611073,0.766275,0.741842,0.49668,0.48572,0.648329,0.608353,0.761681,0.7364,0.217903,0.469343,0.230159,0.439377,0.190327,0.61105,0,0
0.248513,0.455736,0.300628,0.556529,0.276095,0.613771,0.274598,0.733689,0.256205,0.856257,0.325125,0.493899,0.397123,0.485689,0.441544,0.442089,0.504341,0.551102,0.511996,0.594707,0.649864,0.611066,0.766262,0.741839,0.496686,0.488439,0.648326,0.60834,0.761683,0.736396,0.217897,0.469322,0.228615,0.439386,0.190298,0.611052,0.196459,0.564725
0.248531,0.452976,0.30061,0.556543,0.27459,0.616474,0.2746,0.73367,0.2562,0.856282,0.32359,0.493922,0.392538,0.4857,0.443069,0.433978,0.501286,0.54838,0.510467,0.597428,0.651381,0.613758,0.764748,0.741823,0.495145,0.485695,0.648332,0.605604,0.761668,0.736382,0.217921,0.466627,0.228629,0.436622,0.190304,0.605624,0,0
0.250033,0.450345,0.300621,0.556548,0.276095,0.613787,0.276086,0.733685,0.256206,0.856276,0.323587,0.496614,0.394046,0.485704,0.443078,0.433935,0.502816,0.545653,0.510469,0.589252,0.64986,0.611037,0.764749,0.739136,0.495157,0.482996,0.646789,0.608319,0.760153,0.736394,0.219424,0.466582,0.234749,0.431242,0.190317,0.605564,0,0
0.250066,0.450257,0.302147,0.556543,0.276097,0.616479,0.276109,0.739117,0.257721,0.856273,0.323604,0.496636,0.395585,0.485718,0.44306,0.436656,0.504341,0.545657,0.512001,0.583801,0.651401,0.608332,0.764731,0.739108,0.495158,0.488432,0.649852,0.608317,0.760161,0.736374,0.222471,0.463895,0.23627,0.428495,0.190362,0.600165,0,0
0.250089,0.447545,0.303674,0.553861,0.276101,0.61649,0.276127,0.736402,0.25926,0.850863,0.325134,0.493903,0.397113,0.485735,0.441524,0.439405,0.504343,0.542923,0.510474,0.570188,0.651393,0.608311,0.764733,0.736373,0.496684,0.485718,0.648333,0.605606,0.760147,0.730978,0.22248,0.461199,0.237772,0.425772,0.190354,0.600115,0.193395,0.608325
0.250088,0.447543,0.305217,0.553836,0.274593,0.616504,0.277632,0.736404,0.259268,0.850862,0.328182,0.491176,0.398655,0.485701,0.440017,0.442147,0.507403,0.545647,0.516596,0.589248,0.651394,0.608311,0.763224,0.733698,0.499754,0.480259,0.649864,0.600141,0.758624,0.730943,0.220973,0.461192,0.236267,0.425828,0.19035,0.600115,0,0
0.250085,0.447544,0.306731,0.553838,0.274592,0.616516,0.276124,0.73639,0.259268,0.850847,0.32819,0.491167,0.40325,0.488457,0.441536,0.444795,0.508938,0.548372,0.516595,0.597429,0.649861,0.602897,0.761688,0.733689,0.499755,0.480254,0.648326,0.594706,0.758613,0.728241,0.220977,0.461188,0.236268,0.425804,0.191841,0.600114,0,0
0.250083,0.447557,0.306732,0.553821,0.276102,0.616494,0.276126,0.736381,0.259271,0.850847,0.328184,0.491145,0.403254,0.488442,0.440014,0.444851,0.512005,0.540197,0.521187,0.583795,0.646808,0.600161,0.761688,0.733683,0.501285,0.472089,0.512,0.431217,0.550299,0.175083,0.220978,0.461203,0.236259,0.425826,0.191842,0.600122,0,0
0.250073,0.447574,0.306741,0.55381,0.276104,0.616479,0.27764,0.736393,0.259264,0.850846,0.329715,0.491137,0.406304,0.491159,0.440008,0.444858,0.510475,0.54293,0.516599,0.583806,0.649863,0.586552,0.758629,0.736393,0.501276,0.474819,0.510473,0.431207,0.548769,0.177809,0.222474,0.461216,0.236252,0.428468,0.191848,0.600151,0,0
0.250068,0.4476,0.306743,0.553817,0.276114,0.613787,0.276128,0.739105,0.259265,0.850848,0.329723,0.491167,0.404784,0.491161,0.440018,0.444867,0.507408,0.545657,0.511998,0.578354,0.646793,0.586547,0.757075,0.733692,0.499741,0.485699,0.645259,0.589258,0.750956,0.728239,0.220975,0.463868,0.236254,0.428453,0.190361,0.602839,0,0
0.250056,0.447598,0.303687,0.553823,0.2761,0.613798,0.27763,0.736412,0.26077,0.850845,0.328187,0.491158,0.401722,0.491142,0.438475,0.447539,0.50741,0.54837,0.513533,0.575633,0.646785,0.586518,0.75556,0.733668,0.499741,0.485712,0.64373,0.594695,0.749424,0.728186,0.22096,0.463871,0.236251,0.42846,0.191843,0.602854,0,0
0.250061,0.447586,0.306736,0.55112,0.274591,0.616498,0.276113,0.739114,0.259259,0.85086,0.328191,0.491139,0.404772,0.488465,0.438468,0.450309,0.508937,0.545661,0.516593,0.583802,0.64527,0.589245,0.755548,0.73097,0.499749,0.482988,0.643739,0.58653,0.749416,0.728183,0.219444,0.463922,0.234752,0.428519,0.191852,0.605596,0,0
0.250043,0.447587,0.306732,0.551121,0.276097,0.616484,0.276113,0.739108,0.25926,0.850856,0.326663,0.491157,0.403244,0.488435,0.438474,0.450281,0.508943,0.542928,0.516594,0.586523,0.645272,0.586547,0.755551,0.730949,0.501278,0.480256,0.643735,0.583811,0.749425,0.728189,0.219447,0.463934,0.234747,0.428526,0.191838,0.605605,0,0
0.250037,0.447606,0.303684,0.553824,0.274582,0.6165,0.276125,0.739108,0.259273,0.853541,0.325133,0.49117,0.401712,0.488423,0.438458,0.450258,0.508938,0.542926,0.515061,0.583798,0.645276,0.586536,0.755551,0.730945,0.501278,0.480249,0.643729,0.586513,0.749419,0.728194,0.219435,0.463943,0.234757,0.428546,0.191841,0.608292,0,0
0.248537,0.447609,0.305213,0.55113,0.27459,0.616506,0.27611,0.73912,0.257741,0.850828,0.325132,0.488445,0.404784,0.488441,0.43696,0.450293,0.513536,0.545649,0.519658,0.578354,0.646806,0.586518,0.755562,0.73094,0.502809,0.482979,0.643738,0.597428,0.747895,0.728189,0.217916,0.466584,0.230149,0.431243,0.191845,0.60832,0,0
0.248544,0.447609,0.306733,0.551119,0.276099,0.616495,0.276107,0.74183,0.257733,0.850812,0.325135,0.491154,0.404784,0.488445,0.436945,0.450316,0.513532,0.545649,0.519657,0.570185,0.646808,0.589243,0.75556,0.730937,0.504341,0.485712,0.645256,0.600151,0.747896,0.725513,0.219419,0.463937,0.230161,0.431247,0.191844,0.608302,0,0
0.248533,0.447609,0.305219,0.553825,0.2761,0.616498,0.276111,0.741832,0.25774,0.850805,0.326653,0.49117,0.40477,0.491172,0.43543,0.452989,0.510474,0.54566,0.516595,0.570173,0.646805,0.591982,0.75708,0.730924,0.502812,0.485716,0.645267,0.60015,0.749431,0.725507,0.219417,0.463931,0.23016,0.431248,0.190356,0.608309,0,0
0.248527,0.447616,0.303686,0.553826,0.276097,0.616504,0.2761,0.741846,0.257731,0.850834,0.325124,0.488436,0.403247,0.488446,0.435415,0.452988,0.511997,0.548382,0.515062,0.572907,0.648319,0.597419,0.757094,0.73094,0.502808,0.482989,0.645273,0.602871,0.750949,0.728197,0.217919,0.463943,0.23015,0.431245,0.190359,0.608301,0,0
0.248515,0.447616,0.302155,0.553839,0.27458,0.616505,0.276098,0.739133,0.259239,0.85085,0.3236,0.488443,0.398659,0.485683,0.435427,0.450312,0.504343,0.548374,0.507404,0.548377,0.64985,0.605581,0.75863,0.728249,0.498217,0.510228,0.64985,0.608333,0.754024,0.725513,0.217908,0.463938,0.228633,0.431251,0.190359,0.608308,0,0
0.248517,0.450262,0.300628,0.553854,0.274583,0.6165,0.276098,0.739124,0.259254,0.850864,0.323588,0.491156,0.39865,0.480281,0.435411,0.450315,0.504342,0.545652,0,0,0,0,0,0,0.498218,0.521132,0.651402,0.608318,0.755564,0.725513,0.217909,0.466589,0.230149,0.43126,0.191841,0.60832,0,0
0.248539,0.44761,0.303682,0.553835,0.276111,0.613784,0.274588,0.736391,0.259252,0.848116,0.323589,0.491166,0.403252,0.482976,0.436932,0.450299,0.502812,0.545655,0,0,0,0,0,0,0.495156,0.515682,0.649865,0.611072,0.755563,0.728204,0.217909,0.466585,0.230157,0.431263,0.191846,0.608338,0,0
0.248523,0.450252,0.30215,0.553837,0.274581,0.616521,0.276096,0.736399,0.259267,0.850859,0.32206,0.491161,0.401716,0.482985,0.436931,0.450305,0.505876,0.5402,0.508942,0.553822,0.649856,0.611051,0.761691,0.728247,0.499751,0.491156,0.649858,0.613768,0.757091,0.728213,0.217921,0.466608,0.231671,0.431242,0.191851,0.608347,0,0
0.248533,0.450257,0.302155,0.553843,0.274589,0.616502,0.274589,0.739107,0.259261,0.850863,0.322057,0.491175,0.400189,0.482996,0.436929,0.450291,0.504348,0.540204,0.507411,0.548383,0.648338,0.611064,0.761676,0.72824,0.499748,0.493887,0.649856,0.613765,0.757095,0.728205,0.217917,0.46661,0.231688,0.431253,0.191852,0.608362,0,0
0.248537,0.45026,0.302154,0.556542,0.27611,0.616501,0.274574,0.73912,0.259256,0.848134,0.322053,0.491164,0.403242,0.482991,0.436943,0.450293,0.505875,0.537477,0.50894,0.540209,0.648327,0.611057,0.761679,0.728234,0.499749,0.493888,0.648322,0.613779,0.757084,0.728186,0.217906,0.466609,0.231673,0.433922,0.191844,0.608363,0,0
0.248534,0.447606,0.300608,0.556548,0.274581,0.616524,0.274568,0.736403,0.2562,0.84814,0.318996,0.49116,0.404781,0.482994,0.435391,0.450287,0.505874,0.540198,0.510473,0.542937,0.648321,0.621951,0.763203,0.728251,0.499741,0.491161,0.646796,0.627394,0.760134,0.728189,0.216388,0.466581,0.231685,0.431209,0.190342,0.608347,0,0
0.248526,0.447596,0.300615,0.556548,0.27458,0.616503,0.274566,0.736399,0.256205,0.848116,0.322067,0.488444,0.410901,0.482977,0.435388,0.450252,0.505874,0.534753,0.508939,0.542934,0.646803,0.621963,0.763212,0.730921,0.499745,0.485708,0.646793,0.630117,0.758615,0.728212,0.216383,0.46658,0.230153,0.43122,0.190323,0.608328,0.201054,0.455738
0.248524,0.447589,0.299095,0.556565,0.274578,0.616523,0.274569,0.733669,0.257718,0.848093,0.32206,0.488438,0.412435,0.477528,0.433871,0.450276,0.505875,0.537481,0.508935,0.551109,0.648334,0.624662,0.763204,0.730921,0.499752,0.482984,0.645273,0.630114,0.760135,0.728202,0.216383,0.463944,0.22863,0.431214,0.190326,0.608323,0,0
0.248525,0.447587,0.299087,0.556549,0.274563,0.616511,0.274564,0.730957,0.256197,0.850808,0.322056,0.488431,0.410908,0.477525,0.432362,0.447582,0.508932,0.542926,0.513529,0.564727,0.651384,0.627393,0.763213,0.728245,0.50128,0.482988,0.646795,0.632855,0.76014,0.728209,0.216379,0.46393,0.228625,0.431199,0.190325,0.6083,0,0
0.248515,0.447584,0.299087,0.551121,0.27305,0.616495,0.273057,0.730952,0.253133,0.848132,0.320527,0.485715,0.412438,0.469366,0.4308,0.444879,0.507402,0.540204,0.515064,0.556554,0.651388,0.630132,0.766279,0.730937,0.499744,0.480266,0.646791,0.638304,0.761676,0.728225,0.216378,0.463931,0.228627,0.431196,0.190327,0.608292,0,0
0.24701,0.447564,0.29909,0.548399,0.27456,0.613788,0.273043,0.730943,0.251608,0.848085,0.318999,0.482991,0.426222,0.458454,0.557928,0.19961,0.505874,0.540198,0.513532,0.553831,0.651386,0.641028,0.772401,0.733656,0.498213,0.491154,0.645261,0.649194,0.763206,0.728205,0.216377,0.463922,0.228617,0.428533,0.19034,0.608295,0,0
0.248519,0.447568,0.300605,0.55108,0.273055,0.616495,0.273036,0.730935,0.251601,0.845362,0.320532,0.482991,0.429284,0.433936,0.557978,0.205034,0.50894,0.537483,0.518128,0.56201,0.649859,0.641032,0.773929,0.730934,0.502806,0.48298,0.643727,0.649187,0.7678,0.725471,0.216387,0.46391,0.228618,0.431185,0.19036,0.60563,0,0
0.24854,0.447572,0.300613,0.551089,0.27456,0.616488,0.27304,0.730934,0.250079,0.845419,0.322055,0.482987,0.398651,0.458453,0.409375,0.428502,0.515066,0.534753,0.525789,0.562007,0.6468,0.643761,0.77393,0.733667,0.505872,0.477532,0.518134,0.45845,0.559497,0.202342,0.217894,0.46389,0.231681,0.428513,0.190363,0.605599,0,0
0.248545,0.447563,0.302141,0.548389,0.274564,0.613768,0.273047,0.728205,0.251586,0.845369,0.32359,0.485687,0.400186,0.447563,0.410906,0.425745,0.516593,0.534758,0.525789,0.564726,0.642199,0.643754,0.769334,0.730938,0.507405,0.477541,0.636077,0.651921,0.766278,0.720038,0.217897,0.463885,0.233199,0.428489,0.191841,0.605596,0,0
0.248547,0.44757,0.300624,0.551082,0.274571,0.611062,0.273052,0.728191,0.250066,0.84539,0.32207,0.485721,0.400181,0.453017,0.4109,0.431209,0.518125,0.542931,0.527318,0.564731,0.643733,0.646462,0.770868,0.728208,0.505872,0.482985,0.636073,0.651918,0.767805,0.725479,0.2179,0.463888,0.233207,0.42849,0.191846,0.605597,0,0
0.248549,0.447544,0.302141,0.545651,0.274584,0.608339,0.271516,0.711867,0.245461,0.839956,0.322066,0.48571,0.404774,0.455728,0.410922,0.436624,0.518124,0.54293,0.527321,0.567459,0.646794,0.649196,0.770872,0.711879,0.505872,0.488432,0.52426,0.455728,0.579411,0.194155,0.219437,0.461223,0.233219,0.428493,0.193383,0.605563,0,0
0.248536,0.447519,0.302144,0.545646,0.276097,0.611034,0.269986,0.714606,0.239345,0.842651,0.323597,0.488405,0.392517,0.46663,0.410896,0.428472,0.516594,0.534756,0.524253,0.559283,0.646794,0.646477,0.769342,0.711865,0.508932,0.477539,0.527323,0.428485,0.585525,0.199594,0.219436,0.461218,0.233199,0.42847,0.193383,0.602911,0,0
0.248537,0.447535,0.300627,0.542953,0.274581,0.611049,0.269967,0.711882,0.234754,0.842689,0.323598,0.485697,0.395581,0.453007,0.409356,0.423059,0.522721,0.523864,0.536508,0.567457,0.648327,0.646481,0.76934,0.711866,0.510474,0.47209,0.534982,0.373994,0.596244,0.194163,0.21943,0.461224,0.231686,0.428485,0.193374,0.602908,0,0
0.248525,0.444871,0.300604,0.54567,0.274578,0.611065,0.269963,0.711874,0.23016,0.842704,0.32205,0.488421,0.380278,0.466659,0.404788,0.423054,0.52272,0.529302,0.52885,0.570185,0,0,0,0,0.511999,0.474814,0.533442,0.360378,0.605452,0.202349,0.217897,0.461218,0.228617,0.428497,0.191866,0.602911,0,0
0.246991,0.444831,0.297554,0.553814,0.27306,0.616523,0.266915,0.720028,0.228619,0.845351,0.318992,0.491181,0.374143,0.47207,0.397142,0.42851,0.525782,0.523849,0.527318,0.537478,0.643733,0.641037,0.767802,0.709134,0.521194,0.477534,0.553361,0.360387,0.645272,0.248625,0.216357,0.461182,0.22557,0.428518,0.190333,0.602872,0,0
0.246988,0.444843,0.297551,0.553803,0.273056,0.616504,0.265402,0.722763,0.228612,0.845345,0.318986,0.493866,0.372607,0.472107,0.398627,0.42846,0.524254,0.553822,0,0,0,0,0,0,0.525783,0.510235,0.591655,0.39034,0.694275,0.3113,0.214862,0.461191,0.225577,0.428503,0.190322,0.602878,0,0
0.247007,0.444838,0.299074,0.551118,0.273055,0.616481,0.2654,0.714593,0.227106,0.839946,0.320533,0.491179,0.372615,0.472103,0.398641,0.428474,0.516594,0.548387,0.505875,0.56746,0.637607,0.641025,0.769335,0.709135,0.525789,0.488435,0.588588,0.395805,0.698875,0.335858,0.216368,0.461195,0.225577,0.428496,0.190334,0.602855,0,0
0.246987,0.444835,0.296025,0.553839,0.273033,0.616517,0.265378,0.714605,0.227091,0.839958,0.317464,0.493867,0.371076,0.474801,0.397093,0.428513,0.516596,0.55384,0.511998,0.605591,0.637603,0.63831,0.767811,0.700981,0.516599,0.493885,0.582458,0.390334,0.694285,0.34129,0.214856,0.461197,0.225566,0.428498,0.190314,0.602864,0,0
0.243949,0.444819,0.2945,0.556532,0.273028,0.61651,0.26385,0.717331,0.227095,0.842671,0.314394,0.499318,0.364961,0.472086,0.392549,0.425805,0.522719,0.551106,0.516595,0.559286,0.648325,0.641013,0.766271,0.700954,0.525788,0.482989,0.587056,0.390344,0.698877,0.346733,0.214822,0.461176,0.225534,0.428472,0.188805,0.60287,0,0
0.243927,0.444855,0.291444,0.556589,0.271515,0.61922,0.265377,0.725501,0.237804,0.845384,0.311326,0.499319,0.361902,0.472099,0.392536,0.428477,0.508933,0.545657,0.504343,0.564732,0.646797,0.608344,0.749433,0.711883,0.510468,0.482987,0.573275,0.390347,0.692749,0.354903,0.213304,0.458464,0.220964,0.428502,0.187274,0.597423,0,0
0.242425,0.444795,0.29296,0.556555,0.271513,0.619215,0.265394,0.725502,0.239345,0.845384,0.312874,0.493893,0.36801,0.47754,0.395572,0.436649,0.508933,0.551097,0.508941,0.581073,0.648319,0.611029,0.750951,0.709162,0.502809,0.485709,0.571742,0.390331,0.692741,0.3549,0.213299,0.455757,0.222491,0.42582,0.187256,0.594683,0,0
0.242403,0.442141,0.292975,0.553852,0.271507,0.616493,0.265397,0.725473,0.239332,0.845384,0.315943,0.491191,0.374131,0.485688,0.398638,0.447545,0.505876,0.556546,0.507404,0.586524,0.646792,0.613758,0.747901,0.70916,0.501282,0.491163,0.574807,0.393067,0.692742,0.35491,0.211793,0.45573,0.222487,0.425796,0.187246,0.591954,0,0
0.242427,0.444774,0.294497,0.551119,0.269986,0.613759,0.263876,0.720033,0.23629,0.842695,0.318996,0.49116,0.380273,0.483003,0.409394,0.444858,0.513529,0.545663,0.502812,0.581077,0.642205,0.611062,0.743297,0.709149,0.515062,0.485716,0.577868,0.390352,0.694286,0.352181,0.213287,0.453023,0.222491,0.425784,0.18573,0.58655,0,0
0.242416,0.444782,0.292957,0.553823,0.266926,0.616503,0.262319,0.722771,0.233223,0.842678,0.317456,0.491164,0.375676,0.485714,0.404787,0.444863,0.511998,0.548376,0.508937,0.594698,0.634545,0.586538,0.737169,0.703673,0.507407,0.491156,0.576335,0.387632,0.69429,0.349478,0.213282,0.453029,0.220959,0.425804,0.185733,0.589232,0,0
0.242402,0.444802,0.292948,0.553828,0.266919,0.616506,0.257723,0.730958,0.225539,0.845378,0.315939,0.491199,0.374157,0.48297,0.403234,0.442086,0.512004,0.545657,0.512003,0.575622,0.634547,0.570174,0.726448,0.681888,0.499745,0.499328,0.571741,0.379453,0.692735,0.346762,0.211789,0.455709,0.220972,0.425799,0.185724,0.591949,0,0
0.240883,0.444801,0.291412,0.55385,0.265376,0.616479,0.251612,0.73096,0.21637,0.85083,0.312873,0.493923,0.374128,0.477527,0.403247,0.428502,0.49515,0.537489,0.50128,0.591967,0.610043,0.523851,0.704996,0.59471,0.482904,0.485711,0.559483,0.368552,0.683557,0.338573,0.210248,0.455766,0.224022,0.425804,0.181133,0.597386,0,0
0.239364,0.442128,0.289888,0.556532,0.263865,0.619223,0.254658,0.736404,0.217894,0.864443,0.31135,0.491197,0.372607,0.477546,0.401722,0.433906,0.505876,0.52385,0.51353,0.575624,0.597787,0.488442,0.704998,0.532034,0.492086,0.474803,0.554878,0.363085,0.680483,0.33587,0.207164,0.458425,0.220962,0.425795,0.176563,0.597403,0,0
0.239329,0.442117,0.288349,0.55112,0.262332,0.613775,0.257721,0.730957,0.239333,0.850854,0.308273,0.491137,0.377206,0.472074,0.404777,0.43666,0.499751,0.521119,0.504346,0.570175,0.58093,0.466644,0.683561,0.47482,0.492083,0.466623,0.550286,0.357642,0.675909,0.333123,0.2026,0.458429,0.217891,0.425764,0.176523,0.597444,0,0
0.237829,0.442093,0.286823,0.551094,0.260795,0.613772,0.279168,0.771807,0,0,0.30215,0.488452,0.440003,0.39852,0,0,0.495149,0.532023,0.495154,0.551098,0.538053,0.354914,0.666713,0.333132,0.484428,0.4857,0.534994,0.346744,0.669771,0.344031,0.202572,0.455744,0.214832,0.42578,0.176524,0.597432,0,0
0.239328,0.442058,0.28835,0.548359,0.262329,0.602879,0.263848,0.660106,0.28071,0.755485,0.300623,0.491174,0.441536,0.395783,0,0,0.496678,0.518409,0.50588,0.548378,0.544178,0.409411,0.660593,0.458453,0.479837,0.46119,0.5365,0.341296,0.663653,0.34129,0.202607,0.455705,0.216376,0.423057,0.176538,0.591996,0,0
0.239348,0.442073,0.288354,0.548387,0.260799,0.605605,0.273043,0.700962,0.296032,0.763664,0.305207,0.491168,0.441543,0.398535,0,0,0.493618,0.515686,0.505866,0.551095,0.556405,0.423064,0.66671,0.480269,0.481371,0.463924,0.539561,0.344021,0.669769,0.352205,0.204123,0.453009,0.216375,0.423043,0.176557,0.589259,0,0
0.240861,0.44207,0.289902,0.551117,0.262331,0.608343,0.274585,0.703684,0.303672,0.785423,0.309805,0.493897,0.424685,0.450284,0,0,0.495145,0.515685,0.505876,0.548388,0.565618,0.428491,0.674364,0.502076,0.484426,0.469359,0.541118,0.349457,0.666703,0.365799,0.207185,0.450306,0.216369,0.423066,0.176555,0.58655,0,0
0.242412,0.444818,0.289896,0.559291,0.26385,0.616504,0.300622,0.848114,0,0,0.309811,0.507516,0.447671,0.431225,0,0,0.493626,0.52387,0.505871,0.570179,0.585529,0.447529,0.686623,0.575621,0.484424,0.477546,0.545723,0.357617,0.671296,0.37674,0.210233,0.450278,0.220967,0.423058,0.176548,0.583781,0,0
0.242413,0.44479,0.289889,0.553826,0.263856,0.611074,0.271527,0.733657,0.262315,0.848089,0.31287,0.499337,0.435412,0.428493,0,0,0.496683,0.523851,0.504344,0.564729,0.613106,0.472103,0.677433,0.63831,0.485964,0.48025,0.551836,0.368521,0.669785,0.384919,0.208704,0.447589,0.22403,0.42307,0.176541,0.578319,0,0
0.243919,0.442143,0.291425,0.551105,0.266926,0.611049,0.268461,0.744557,0.248544,0.85083,0.257716,0.602889,0.269982,0.733682,0.253118,0.845396,0.499752,0.523855,0.505872,0.551102,0.623823,0.483011,0.675905,0.662796,0.492085,0.482979,0.553371,0.376723,0.672822,0.398527,0.21026,0.444876,0.1551,0.65192,0.176535,0.575595,0.184205,0.570178
0.248548,0.439378,0.29143,0.54837,0.265399,0.605604,0.268442,0.73094,0.24241,0.848115,0,0,0,0,0,0,0.502814,0.521155,0.511993,0.556563,0.625366,0.482974,0.675913,0.654663,0.49669,0.480249,0.559493,0.39031,0.674368,0.444803,0.214861,0.442086,0,0,0.184215,0.556616,0,0
0.211781,0.660093,0.299081,0.532025,0.332788,0.474822,0,0,0,0,0.263878,0.58108,0.271527,0.733676,0.247018,0.848121,0.527326,0.537464,0.528851,0.493874,0.610028,0.458445,0.689696,0.673717,0.527323,0.581074,0.62994,0.591983,0.69122,0.671005,0,0,0.190331,0.635563,0,0,0.185741,0.532043
0.205642,0.649192,0.299091,0.529335,0.334322,0.474819,0,0,0,0,0.263854,0.578397,0.262322,0.809952,0.256181,0.850825,0.527326,0.537471,0.524251,0.499343,0.62843,0.5729,0.691213,0.684605,0.531915,0.586519,0.628429,0.578376,0.689676,0.679163,0,0,0.190331,0.619238,0,0,0.188802,0.529325
0.211774,0.660089,0.30063,0.529317,0.337385,0.474806,0,0,0,0,0.263855,0.578368,0.263838,0.82359,0.260779,0.872623,0.518133,0.537475,0.5166,0.499337,0.608522,0.45572,0.689695,0.676426,0.513538,0.578368,0.628416,0.578346,0.688161,0.665553,0,0,0.191851,0.638287,0,0,0.187272,0.534761
0.199525,0.662819,0.296024,0.537459,0.329725,0.483001,0,0,0,0,0.263834,0.578382,0.268459,0.81266,0.268462,0.850814,0.522717,0.542916,0.524254,0.499322,0.61001,0.455752,0.691209,0.681881,0.51966,0.581097,0.626887,0.581061,0.688159,0.681859,0,0,0.187264,0.64375,0,0,0.187271,0.52932
0.201058,0.662823,0.296013,0.540186,0.326664,0.488404,0,0,0,0,0.262319,0.581072,0.268431,0.812668,0.266934,0.85628,0.521191,0.542942,0.522724,0.502061,0.61004,0.455724,0.691191,0.681878,0.524253,0.583812,0.628406,0.581086,0.688155,0.681862,0,0,0.187265,0.643735,0,0,0.187267,0.529331
0.247,0.442101,0.29448,0.542938,0.323599,0.491159,0,0,0,0,0.262322,0.581101,0.266923,0.81542,0.265397,0.861732,0.521191,0.545637,0.521194,0.502061,0.610055,0.455732,0.683555,0.621956,0.525783,0.586525,0.628431,0.578364,0.688157,0.679162,0.220959,0.43127,0.187271,0.643743,0.188813,0.529285,0.187265,0.529303
0.248516,0.431184,0,0,0.260797,0.586526,0.268459,0.700971,0.271504,0.815422,0,0,0,0,0,0,0,0,0,0,0,0,0,0,0,0,0,0,0,0,0.222509,0.428453,0,0,0.190279,0.526585,0,0
0.20105,0.662803,0.294501,0.5375,0.332791,0.480267,0,0,0,0,0.262337,0.578392,0.2669,0.807223,0.266906,0.848092,0.519659,0.537491,0.52119,0.49934,0.610043,0.444855,0.686629,0.608331,0.515064,0.586525,0.631484,0.616482,0.691207,0.668281,0,0,0.188793,0.635578,0,0,0.188798,0.526559
0.208712,0.662821,0.294507,0.53748,0.335851,0.47754,0,0,0,0,0.263828,0.578367,0.266906,0.804512,0.265391,0.848086,0.525786,0.548368,0.524248,0.510222,0.608522,0.442125,0.683558,0.589249,0.519663,0.583801,0.629939,0.619218,0.692732,0.660087,0,0,0.190332,0.641015,0,0,0.190314,0.523881
0.239349,0.428438,0.282241,0.540207,0.259254,0.600154,0.266916,0.703677,0.265393,0.815429,0.303672,0.491151,0,0,0,0,0.48749,0.523861,0.499746,0.534755,0.626866,0.512991,0.688156,0.660039,0.479833,0.488423,0.620763,0.521128,0,0,0.211797,0.431233,0,0,0.179636,0.551146,0,0
0.236269,0.42853,0.282243,0.537508,0.257741,0.5947,0.263862,0.700989,0.259266,0.815434,0.303689,0.485693,0.364946,0.480228,0.400197,0.442147,0.493616,0.518396,0.501278,0.545659,0.625335,0.504779,0.688149,0.649174,0.485956,0.480249,0.507408,0.341299,0.528867,0.169629,0.204115,0.444822,0.220953,0.409437,0.176544,0.578334,0,0
0.236284,0.428536,0.282245,0.540196,0.259267,0.594712,0.263842,0.700955,0.256211,0.815369,0.302159,0.485679,0.375674,0.469351,0.400198,0.439395,0.495149,0.515692,0.505871,0.559272,0.625354,0.504795,0.688145,0.64646,0.485966,0.472089,0.502812,0.341289,0.538041,0.16964,0.204107,0.444871,0.210252,0.420297,0.17653,0.581123,0,0
0.236277,0.43119,0.283768,0.537485,0.259262,0.597423,0.262337,0.703678,0.253139,0.815416,0.303681,0.482957,0.395586,0.458456,0.400201,0.433925,0.495147,0.518392,0.505873,0.551094,0.626866,0.502073,0.688148,0.646456,0.487497,0.477534,0.50434,0.447572,0.545704,0.172345,0.204106,0.447539,0.210243,0.42031,0.17652,0.583831,0,0
0.23626,0.431189,0.282226,0.537461,0.259247,0.597409,0.260806,0.709136,0.24853,0.815443,0.303674,0.480258,0.380273,0.463915,0.401718,0.433934,0.496678,0.518406,0.508941,0.559279,0.626866,0.510205,0.686619,0.643767,0.485963,0.4748,0.508941,0.423043,0.550291,0.177815,0.204107,0.447556,0.210234,0.420322,0.176544,0.586521,0,0
0.236261,0.428516,0.283772,0.532026,0.260781,0.586549,0.257737,0.709164,0.240872,0.818165,0.30674,0.474818,0.36802,0.463922,0.398651,0.442054,0.498214,0.521129,0.505877,0.545657,0.626896,0.512949,0.685089,0.641044,0.490556,0.480256,0.508942,0.450297,0.554891,0.188695,0.202602,0.447558,0.21025,0.420293,0.176569,0.589246,0,0
0.231682,0.428514,0.285305,0.529323,0.260793,0.58924,0.257745,0.706445,0.240876,0.815442,0.308277,0.472104,0.366484,0.466586,0.401721,0.439372,0.499753,0.523852,0.515064,0.5511,0.628395,0.512977,0.685083,0.640988,0.492083,0.482996,0.510467,0.455735,0.554901,0.191418,0.202564,0.450275,0.211783,0.420324,0.176546,0.5974,0,0
0.228638,0.428541,0.286816,0.532017,0.260805,0.589255,0.259256,0.706418,0.242404,0.818134,0.30827,0.47482,0.371083,0.463926,0.403245,0.439374,0.499743,0.523867,0.508938,0.559275,0.626901,0.510233,0.680488,0.635605,0.492085,0.482992,0.513538,0.45574,0.556427,0.188695,0.201051,0.453018,0.21176,0.422991,0.176555,0.600195,0,0
0.234734,0.442075,0.285292,0.534778,0.260779,0.594683,0.262334,0.70372,0.248534,0.818119,0.306746,0.482966,0.378736,0.4639,0.403235,0.436676,0.498217,0.521138,0.505876,0.570177,0.622274,0.491148,0.680511,0.630128,0.490554,0.477522,0.510474,0.439379,0.561028,0.188697,0.199502,0.461208,0.211758,0.425793,0.176526,0.611061,0,0
0.233216,0.444791,0.285297,0.537475,0.260794,0.597409,0.263845,0.706411,0.250087,0.81544,0.306748,0.482963,0.374145,0.463943,0.400175,0.436674,0.496678,0.521123,0.50128,0.570179,0.61617,0.485723,0,0,0.48749,0.48025,0.512,0.433934,0.56715,0.185982,0.197973,0.46392,0.211769,0.425783,0.175019,0.613811,0,0
0.236285,0.447568,0.283761,0.540205,0.260782,0.600152,0.26386,0.706425,0.251604,0.818102,0.30521,0.482981,0.366496,0.466633,0.398628,0.433933,0.492091,0.521142,0.49974,0.575631,0,0,0,0,0.482892,0.480263,0.515062,0.382167,0.574806,0.19142,0.194937,0.469341,0.213311,0.428487,0.17348,0.619196,0,0
0.225587,0.45031,0.282237,0.548373,0.260798,0.60833,0.268441,0.714605,0.260785,0.818157,0.303676,0.485685,0.462984,0.444836,0,0,0.498212,0.523845,0.501282,0.575625,0.606967,0.499323,0.67436,0.583827,0.49056,0.47753,0.530383,0.360368,0.610045,0.207788,0.191892,0.480243,0.211752,0.436637,0.168907,0.627415,0,0
0.225571,0.452981,0.280711,0.548389,0.260785,0.611036,0.268449,0.717318,0.262311,0.820836,0.303676,0.482984,0.381805,0.458465,0.386412,0.433937,0.505873,0.51841,0.504342,0.567457,0.747889,0.532024,0,0,0.501281,0.469365,0.54264,0.354921,0.631477,0.243185,0.191887,0.480249,0.211749,0.436663,0.168898,0.627419,0,0
0.225576,0.450313,0.282237,0.548369,0.260787,0.608335,0.268451,0.717309,0.262339,0.820842,0.30368,0.482987,0.394056,0.447556,0,0,0.507406,0.526576,0.513532,0.570176,0.622287,0.54293,0.6759,0.556547,0.504344,0.472094,0.551825,0.368551,0.655982,0.273168,0.191891,0.480244,0.210256,0.433961,0.170404,0.627415,0,0
0.227088,0.4503,0.283771,0.545652,0.260799,0.608319,0.268448,0.714598,0.262332,0.818177,0.303683,0.482975,0.397115,0.436671,0,0,0.525788,0.523862,0.530383,0.572907,0.640667,0.570183,0.692755,0.586524,0.519657,0.472074,0.57174,0.379433,0.678965,0.308608,0.193399,0.477554,0.211765,0.433915,0.17043,0.627377,0,0
0.231674,0.45302,0.285294,0.551076,0.26233,0.608345,0.269967,0.720045,0.260783,0.823585,0.302148,0.488428,0.380268,0.466632,0.386395,0.442131,0.507406,0.529313,0.515065,0.597424,0.645266,0.613773,0.682029,0.660075,0.507406,0.480258,0.574808,0.384884,0.686617,0.322224,0.196462,0.477533,0.213329,0.433947,0.173472,0.624689,0,0
0.225537,0.453009,0.277639,0.551084,0.259245,0.611055,0.268436,0.725496,0.260778,0.834471,0.299091,0.485722,0.371082,0.469372,0.386416,0.439357,0.496685,0.529309,0.501277,0.59198,0.628418,0.59742,0.680502,0.662793,0.499746,0.474805,0.570205,0.379436,0.683559,0.324959,0.191856,0.480235,0.208718,0.433953,0.16734,0.627393,0,0
0.22249,0.450306,0.277639,0.551088,0.257734,0.611071,0.265402,0.728202,0.260796,0.837221,0.302152,0.48572,0.368014,0.47479,0.386412,0.439366,0.496689,0.532028,0.498214,0.600148,0.628418,0.591982,0.680492,0.662816,0.496686,0.47753,0.56714,0.382154,0.680503,0.335841,0.1903,0.477516,0.205632,0.433927,0.165798,0.627392,0,0
0.222479,0.450288,0.274579,0.551131,0.256188,0.613773,0.265395,0.728229,0.259269,0.839932,0.296023,0.488427,0.368009,0.474821,0.381787,0.442076,0.498209,0.529311,0.499743,0.594698,0.626885,0.581087,0.685083,0.662833,0.495153,0.474816,0.567141,0.374,0.682038,0.338579,0.188805,0.474806,0.205629,0.431257,0.1658,0.624679,0,0
0.224025,0.447598,0.276102,0.551115,0.256198,0.613757,0.265396,0.728226,0.259269,0.839904,0.297558,0.488421,0.366482,0.474811,0.378726,0.442078,0.49821,0.529308,0.498218,0.597429,0.626887,0.581091,0.686626,0.665536,0.495154,0.474801,0.55795,0.376705,0.68049,0.341297,0.190334,0.4721,0.205663,0.428533,0.16582,0.621967,0,0
0.225586,0.44752,0.276105,0.551117,0.257714,0.611053,0.266907,0.728194,0.259258,0.839927,0.296028,0.48846,0.36649,0.477533,0.380275,0.442106,0.50128,0.526587,0.501275,0.591976,0.626879,0.583797,0.689678,0.668249,0.498214,0.469361,0.554884,0.373991,0.677427,0.344048,0.193385,0.466634,0.208708,0.428488,0.167354,0.616504,0,0
0.227116,0.436687,0.279182,0.548355,0.257716,0.60832,0.263869,0.717326,0.257723,0.837182,0.303684,0.482992,0.36035,0.480251,0.394079,0.439399,0.502809,0.529301,0.502813,0.591971,0.625355,0.572914,0.689688,0.668254,0.496681,0.47208,0.55642,0.371278,0.677441,0.349459,0.199519,0.447581,0.207178,0.423021,0.167379,0.589255,0,0
0.230152,0.433939,0.277632,0.545634,0.256187,0.605607,0.263846,0.717317,0.257705,0.837184,0.299088,0.482986,0.368018,0.474797,0.40017,0.439399,0.502812,0.523854,0.496686,0.564728,0.625341,0.564722,0.688159,0.665531,0.501276,0.469358,0.559481,0.371281,0.680484,0.346756,0.201026,0.442137,0.210234,0.409408,0.168885,0.578364,0,0
0.23015,0.431214,0.276119,0.545645,0.254676,0.605603,0.262328,0.717311,0.254657,0.837203,0.29756,0.483004,0.366491,0.472087,0.4002,0.442138,0.499748,0.523851,0.499744,0.578355,0.622295,0.556575,0.691203,0.665524,0.499744,0.466644,0.562547,0.373995,0.680494,0.346761,0.201026,0.439381,0.211775,0.406674,0.168878,0.575572,0,0
0.230152,0.428538,0.276101,0.545643,0.25466,0.605597,0.26078,0.711866,0.253141,0.83721,0.297557,0.482987,0.371073,0.47479,0.403237,0.444843,0.50128,0.526584,0.501279,0.578356,0.620765,0.556567,0.688154,0.660118,0.498214,0.469363,0.557956,0.37944,0.680505,0.346764,0.201028,0.436661,0.213313,0.403997,0.167345,0.567466,0,0
0.228615,0.428506,0.276097,0.542937,0.253138,0.605584,0.259262,0.7146,0.251611,0.837184,0.299079,0.482977,0.368014,0.4748,0.400195,0.44482,0.498219,0.526571,0.507403,0.581075,0.625353,0.542927,0.688143,0.651936,0.489025,0.474803,0.550287,0.387604,0.67744,0.346759,0.199501,0.433945,0.213313,0.406689,0.165849,0.56202,0,0
0.228631,0.428521,0.276106,0.54564,0.25313,0.605585,0.260791,0.711873,0.254656,0.837174,0.300612,0.482984,0.364948,0.472098,0.397147,0.444833,0.495153,0.526572,0.502812,0.583795,0.62383,0.532013,0.689678,0.649187,0.485966,0.474821,0.55335,0.382174,0.675908,0.346759,0.199503,0.433949,0.214837,0.406689,0.165838,0.561996,0,0
0.230147,0.428523,0.276115,0.542949,0.253129,0.602878,0.262325,0.714602,0.254678,0.837188,0.300613,0.483003,0.375671,0.466635,0.398665,0.442127,0.495149,0.526575,0.502806,0.581082,0.625344,0.526585,0.691205,0.649205,0.487495,0.474815,0.556414,0.382162,0.675897,0.346743,0.199504,0.433942,0.214839,0.406674,0.165833,0.562,0,0
0.233209,0.431181,0.276125,0.545654,0.251594,0.605612,0.265387,0.722768,0.254661,0.839941,0.303675,0.482994,0.36649,0.46661,0.397135,0.439381,0.495155,0.521139,0.501278,0.570181,0.623818,0.521137,0.688153,0.649184,0.489028,0.477523,0.557953,0.384899,0.671308,0.346761,0.201038,0.433921,0.217903,0.404023,0.165838,0.559316,0,0
0.233205,0.428516,0.276105,0.548375,0.251598,0.608329,0.26692,0.725479,0.254654,0.839911,0.300616,0.485721,0.364963,0.466642,0.39863,0.436688,0.496684,0.521138,0.502813,0.567442,0.623814,0.518393,0.686625,0.646485,0.490551,0.474801,0.556429,0.387612,0.672826,0.346768,0.201045,0.43393,0.219427,0.404004,0.167369,0.556608,0,0
0.234738,0.428498,0.276122,0.545669,0.251589,0.608336,0.266931,0.725492,0.254663,0.839919,0.30368,0.482987,0.368023,0.463935,0.397126,0.436686,0.498209,0.521143,0.505873,0.564731,0.623822,0.512986,0.68968,0.651911,0.490558,0.472096,0.55794,0.384916,0.671308,0.34945,0.202563,0.431261,0.22247,0.403967,0.16888,0.556556,0,0
0.233213,0.428481,0.27612,0.545662,0.251594,0.608303,0.26692,0.725473,0.256178,0.839939,0.302148,0.485688,0.371086,0.46121,0.397116,0.436686,0.496678,0.523856,0.504341,0.56474,0.62228,0.507493,0.68202,0.641043,0.489025,0.474807,0.556412,0.387623,0.669771,0.34678,0.201073,0.431253,0.220949,0.403956,0.167367,0.556525,0,0
