0.292859,0.535119,0.388801,0.605897,0.303086,0.559606,0.166346,0.537827,0.0357368,0.513312,0.496979,0.682141,0.492865,0.951702,0.345938,0.993923,0.770432,0.733871,0.772478,0.731155,0,0,0,0,0,0,0,0,0,0,0.252084,0.445227,0.358181,0.483325,0,0,0.496942,0.505133
0.276566,0.554172,0.37656,0.608618,0.260227,0.55962,0.168394,0.537856,0.0357212,0.510622,0.496955,0.682136,0.490847,0.94899,0.343905,0.993923,0.737776,0.731156,0.73982,0.7366,0,0,0,0,0,0,0,0,0,0,0.237754,0.458874,0.345948,0.494263,0,0,0.488798,0.507846
0.276573,0.554173,0.374514,0.608604,0.258184,0.562335,0.168384,0.540519,0.0357147,0.510623,0.496966,0.682128,0.492868,0.946276,0.343901,0.993923,0.735734,0.733873,0.735738,0.736598,0,0,0,0,0,0,0,0,0,0,0.237755,0.458882,0.345953,0.494257,0,0,0.48879,0.507856
0.268378,0.573176,0.378591,0.605904,0.241866,0.559608,0.166339,0.535129,0.0357199,0.507884,0.496974,0.673974,0.494922,0.946254,0.345941,0.993923,0.727571,0.717543,0,0,0,0,0,0,0,0,0,0,0,0,0.231635,0.48875,0.337763,0.518797,0,0,0.480653,0.507887
0.27043,0.603172,0.388794,0.611335,0.272471,0.567774,0.184712,0.535123,0.0357608,0.505129,0.499011,0.665814,0.499,0.938101,0.345944,0.993923,0.747982,0.739321,0,0,0,0,0,0,0,0,0,0,0,0,0.227563,0.521499,0.333701,0.540525,0,0,0.476546,0.499699
0.170427,0.668529,0.39288,0.605903,0.368391,0.559601,0,0,0,0,0.41329,0.660357,0.505126,0.935371,0.288799,0.995287,0.80921,0.712089,0.801046,0.679415,0,0,0,0,0.823493,0.728431,0,0,0,0,0.123507,0.627669,0.188811,0.586821,0,0,0.358172,0.477908
0.172456,0.663068,0.39696,0.611336,0.37043,0.565055,0,0,0,0,0.423486,0.663092,0.503092,0.935373,0.290833,0.995287,0.819413,0.725704,0.807166,0.641297,0,0,0,0,0.839815,0.752942,0,0,0,0,0.13979,0.603169,0.207154,0.578627,0,0,0.376564,0.488833
0.176567,0.663075,0.405126,0.619513,0.364308,0.573222,0,0,0,0,0.429626,0.671246,0.509212,0.940828,0.294917,0.995289,0.831655,0.736599,0.809208,0.665799,0,0,0,0,0.870429,0.761106,0,0,0,0,0.145967,0.581387,0.22962,0.573241,0,0,0.396982,0.496981
0.203073,0.660365,0.441859,0.619507,0.447981,0.540547,0,0,0,0,0.443897,0.690303,0.525524,0.943558,0.303087,0.99529,0.864309,0.755659,0,0,0,0,0,0,0.876552,0.782887,0,0,0,0,0.16636,0.575903,0.258182,0.575911,0,0,0.421447,0.510586
0.205106,0.660379,0.431652,0.61951,0.396962,0.565049,0,0,0,0,0.439822,0.690302,0.523504,0.946257,0.303079,0.995291,0.868392,0.758385,0,0,0,0,0,0,0.884719,0.777442,0,0,0,0,0.166353,0.57594,0.258181,0.575908,0,0,0.417366,0.521474
0.252067,0.679421,0.443897,0.654908,0.350023,0.548714,0,0,0,0,0.486766,0.714805,0.529603,0.993921,0.309216,0.995297,0.878593,0.766553,0.856145,0.785612,0,0,0,0,0.915329,0.761103,0,0,0,0,0.205131,0.592271,0.301058,0.608598,0,0,0.456141,0.540552
0.276565,0.71207,0.435737,0.668526,0.341861,0.57594,0,0,0,0,0.501051,0.744775,0.527588,0.995289,0.303091,0.995298,0.850024,0.761109,0.823493,0.771998,0,0,0,0,0.880637,0.761105,0,0,0,0,0.225529,0.603143,0.337801,0.641284,0,0,0.476546,0.589544
0.288787,0.703924,0.421451,0.663077,0.301043,0.592279,0,0,0,0,0.50105,0.752917,0.523495,0.995289,0.299012,0.995296,0.860226,0.758384,0,0,0,0,0,0,0.876556,0.75838,0,0,0,0,0.243897,0.592279,0.354093,0.643987,0,0,0.492886,0.608627
0.28881,0.706638,0.417368,0.66308,0.284717,0.605894,0,0,0,0,0.49902,0.750199,0.523495,0.99529,0.301048,0.995297,0.862267,0.761105,0,0,0,0,0,0,0.882675,0.761102,0,0,0,0,0.243891,0.59228,0.356129,0.644033,0,0,0.49288,0.608616
0.299018,0.676706,0.419414,0.66852,0.350025,0.63857,0,0,0,0,0.501056,0.739319,0.521449,0.995289,0.299007,0.995298,0.868392,0.771999,0,0,0,0,0,0,0,0,0,0,0,0,0.256124,0.554147,0.370442,0.622262,0,0,0.509211,0.594993
0.301048,0.641297,0.413292,0.646737,0.347985,0.578666,0,0,0,0,0.499006,0.725708,0.51941,0.995286,0.290844,0.995294,0.864309,0.761107,0,0,0,0,0,0,0.882676,0.771998,0,0,0,0,0.262276,0.516068,0.376547,0.586819,0.225514,0.464308,0.517355,0.573219
0.299019,0.638595,0.417375,0.646736,0.347985,0.578664,0,0,0,0,0.499006,0.725714,0.519409,0.995286,0.290847,0.995295,0.870431,0.766554,0,0,0,0,0,0,0.896962,0.780166,0,0,0,0,0.260249,0.516043,0.376548,0.584115,0.223505,0.47518,0.515323,0.575919
0.299002,0.622259,0.417372,0.624966,0.386761,0.586832,0,0,0,0,0.496947,0.714814,0.517382,0.993922,0.286766,0.995295,0.872471,0.76655,0.860228,0.782891,0,0,0,0,0.896962,0.769271,0,0,0,0,0.264301,0.494262,0.370435,0.567759,0.231627,0.439785,0.503093,0.573208
0.290824,0.611342,0.423495,0.627675,0.390842,0.578664,0,0,0,0,0.492867,0.703932,0.50717,0.995283,0.280641,0.995296,0.847981,0.771995,0.811249,0.812844,0,0,0,0,0.870435,0.766549,0,0,0,0,0.254115,0.488852,0.362245,0.55691,0,0,0.496938,0.565063
0.280648,0.627687,0.443897,0.641293,0.417367,0.597726,0,0,0,0,0.488799,0.701209,0.507158,0.976223,0,0,0.868392,0.771998,0,0,0,0,0,0,0,0,0,0,0,0,0.237801,0.510615,0.345958,0.565061,0,0,0.486764,0.556878
0.270433,0.649471,0.46839,0.646736,0.431658,0.630402,0,0,0,0,0.488806,0.693039,0.505136,0.970781,0.278587,0.995295,0.872475,0.791057,0,0,0,0,0,0,0.905127,0.780164,0,0,0,0,0.227573,0.56778,0.327567,0.592273,0,0,0.468397,0.55418
0.272476,0.652177,0.470432,0.649464,0.437777,0.627679,0,0,0,0,0.488789,0.695748,0.50716,0.9735,0,0,0.874511,0.799228,0,0,0,0,0,0,0.907167,0.785614,0,0,0,0,0.227578,0.567772,0.327569,0.58956,0,0,0.468403,0.554173
0,0,0.496908,0.622235,0.507147,0.537862,0,0,0,0,0.476549,0.693014,0.505136,0.968045,0.272474,0.995293,0.829615,0.736598,0,0,0,0,0,0,0,0,0,0,0,0,0,0,0,0,0,0,0.431597,0.559601
0,0,0.46023,0.624965,0,0,0,0,0,0,0.466336,0.687588,0.509193,0.970783,0.272477,0.995297,0.823495,0.722982,0,0,0,0,0,0,0.852063,0.750212,0,0,0,0,0,0,0,0,0,0,0.390846,0.575913
0.26023,0.932652,0.398995,0.627688,0.362271,0.543275,0,0,0,0,0.441853,0.695758,0.505114,0.995285,0.303084,0.995285,0.680638,0.668533,0,0,0,0,0,0,0.688803,0.684865,0,0,0,0,0,0,0.245937,0.886347,0,0,0.296953,0.673969
0.264306,0.924481,0.401045,0.630384,0.370428,0.543274,0,0,0,0,0.437782,0.693025,0.505126,0.995285,0.311244,0.995288,0.696959,0.671253,0,0,0,0,0,0,0,0,0,0,0,0,0,0,0.250026,0.886357,0,0,0.294931,0.679403
0.292858,0.622214,0.392875,0.619508,0,0,0,0,0,0,0.417377,0.687586,0.515322,0.968041,0.327568,0.995297,0.866349,0.777441,0,0,0,0,0,0,0.909207,0.766551,0,0,0,0,0.2582,0.660332,0.25207,0.592278,0.260222,0.829174,0.2541,0.510602
0.284713,0.810116,0.392881,0.573223,0.347981,0.521483,0,0,0,0,0.425536,0.652182,0.515333,0.973493,0.290833,0.99392,0.890839,0.780166,0.852064,0.750212,0,0,0,0,0.945939,0.834626,0,0,0,0,0,0,0.254114,0.804678,0,0,0.290834,0.56232
0.276555,0.812848,0.405121,0.57867,0.360226,0.494261,0,0,0,0,0.429623,0.657633,0.52348,0.976224,0.278598,0.962584,0.790838,0.722987,0,0,0,0,0,0,0,0,0,0,0,0,0.250023,0.810137,0.25207,0.791058,0,0,0.294919,0.565036
0.286752,0.807386,0.405129,0.586834,0.364313,0.496982,0,0,0,0,0.431671,0.66307,0.52145,0.995282,0.280632,0.962611,0.788801,0.72026,0,0,0,0,0,0,0,0,0,0,0,0,0.252057,0.826466,0.250022,0.793784,0,0,0.294926,0.562338
0.298998,0.818285,0.396959,0.597723,0.362269,0.505144,0,0,0,0,0.431668,0.67124,0.531674,0.965319,0.299002,0.973497,0.774511,0.68214,0.71737,0.635845,0,0,0,0,0.860227,0.731153,0.950029,0.848236,0,0,0,0,0.258192,0.801959,0,0,0.301065,0.57865
0.292885,0.821028,0.394925,0.611344,0.360222,0.516033,0,0,0,0,0.429621,0.67942,0.531671,0.968039,0.288813,0.970763,0.788797,0.722984,0.73982,0.687585,0,0,0,0,0.905125,0.752934,0,0,0,0,0,0,0.252057,0.799225,0,0,0.30104,0.592273
0.296953,0.619488,0.388806,0.60318,0.343902,0.483353,0,0,0,0,0.419418,0.69303,0.537764,0.968057,0.296955,0.976228,0.774512,0.701202,0.723491,0.744769,0,0,0,0,0,0,0,0,0,0,0.272483,0.654885,0.262242,0.605864,0,0,0.264324,0.551418
0.296949,0.614041,0.388806,0.605896,0.352068,0.483353,0,0,0,0,0.423488,0.693023,0.535732,0.965339,0.301037,0.993919,0.770429,0.682141,0.717371,0.64674,0,0,0,0,0.796964,0.6658,0.970426,0.870025,0,0,0.270443,0.649462,0.262255,0.605886,0,0,0.260223,0.483365
0,0,0.386758,0.663092,0,0,0,0,0,0,0.456156,0.742049,0.580629,0.98167,0.335739,0.995287,0.756146,0.622234,0.701041,0.565052,0,0,0,0,0.805122,0.654909,0.941859,0.878213,0,0,0,0,0,0,0,0,0.368405,0.73121
0,0,0.407164,0.660362,0,0,0,0,0,0,0.47247,0.752939,0.592865,0.976224,0.352062,0.995288,0.747982,0.61678,0.719413,0.548712,0,0,0,0,0.7888,0.630404,0,0,0,0,0,0,0.276554,0.848249,0,0,0.366378,0.752953
0.258202,0.940813,0.405129,0.663075,0,0,0,0,0,0,0.470429,0.752931,0.590832,0.978945,0.366345,0.995292,0.741862,0.600449,0.71533,0.548717,0,0,0,0,0.782673,0.627685,0,0,0,0,0,0,0.272475,0.848246,0,0,0.366349,0.752955
0,0,0.384716,0.663079,0,0,0,0,0,0,0.47247,0.7366,0.596971,0.976224,0.376551,0.995291,0.743902,0.57595,0.703084,0.535091,0,0,0,0,0.792882,0.624956,0,0,0,0,0,0,0.374518,0.752998,0,0,0.372456,0.755652
0,0,0.396963,0.663075,0.11329,0.671249,0,0,0,0,0.470428,0.739321,0.59289,0.970784,0.368392,0.995285,0.741866,0.575949,0.709209,0.53238,0,0,0,0,0.788794,0.614061,0,0,0,0,0,0,0.288801,0.848229,0,0,0.368421,0.750221
0.305125,0.872745,0.419415,0.660354,0.364314,0.57594,0,0,0,0,0.476555,0.75022,0.599002,0.96534,0.384728,0.995291,0.73778,0.573212,0.711248,0.529658,0,0,0,0,0.786762,0.59228,0.945938,0.940821,0,0,0,0,0.266346,0.837343,0,0,0.36839,0.736602
0.315324,0.867292,0.419411,0.663069,0.362269,0.573214,0,0,0,0,0.476551,0.752933,0.59901,0.965334,0.384715,0.995293,0.741863,0.570494,0.723494,0.529647,0,0,0,0,0.786761,0.600447,0.943909,0.957163,0,0,0,0,0.268396,0.834632,0,0,0.368406,0.736602
0.286758,0.905425,0.419404,0.663088,0.364312,0.58139,0,0,0,0,0.474506,0.747491,0.601047,0.965328,0.392893,0.995291,0.760232,0.5705,0.739819,0.529648,0,0,0,0,0.796966,0.608614,0,0,0,0,0,0,0.268388,0.837348,0,0,0.364323,0.731135
0.290839,0.889101,0.421455,0.671234,0.382671,0.58683,0,0,0,0,0.462268,0.752931,0.621451,0.962599,0.405127,0.99529,0.752064,0.581394,0.758184,0.540549,0,0,0,0,0.786759,0.614068,0,0,0,0,0,0,0.252056,0.834628,0,0,0.345965,0.725737
0,0,0.405132,0.673966,0,0,0,0,0,0,0.454111,0.750216,0.6296,0.935387,0.421455,0.995291,0.750025,0.595002,0.745943,0.540549,0,0,0,0,0.776561,0.638572,0,0,0,0,0,0,0.227579,0.853685,0,0,0.32555,0.725702
0.270428,0.752926,0.325531,0.627676,0.180634,0.516036,0,0,0,0,0.470427,0.739314,0.67248,0.872766,0.527574,0.995286,0.662268,0.581394,0.6439,0.548709,0,0,0,0,0.707167,0.611343,0.874511,0.793788,0.956143,0.668524,0.209211,0.668516,0.323488,0.703913,0.125529,0.516041,0.423496,0.644015
0.276548,0.752957,0.317371,0.624953,0.176556,0.494252,0,0,0,0,0.470427,0.739322,0.672482,0.872763,0.529619,0.995286,0.662272,0.58139,0.631657,0.556879,0,0,0,0,0.707167,0.608622,0.874504,0.796499,0.945945,0.671249,0.215326,0.663086,0.331655,0.703928,0.133701,0.526923,0.427561,0.644011
0.18676,0.739323,0.309208,0.654913,0.16839,0.554162,0,0,0,0,0.46227,0.752945,0.670426,0.883654,0.525525,0.99529,0.670433,0.603172,0.66431,0.567766,0,0,0,0,0.70104,0.638571,0.886754,0.801951,0,0,0.152066,0.65491,0.24798,0.70937,0,0,0.409202,0.673976
0.213285,0.769277,0.307165,0.654907,0.170433,0.516038,0,0,0,0,0.458192,0.758379,0.67043,0.889086,0.527573,0.995294,0.674513,0.575945,0.658185,0.537826,0,0,0,0,0.703088,0.627684,0.907175,0.812849,0,0,0.184707,0.709362,0.274506,0.71754,0,0,0.40717,0.668541
0.135741,0.701203,0.329617,0.635846,0.178595,0.499698,0,0,0,0,0.44186,0.755673,0.666333,0.891805,0.521465,0.995296,0.664304,0.559607,0.656142,0.529657,0,0,0,0,0.703082,0.622233,0.892881,0.812844,0.943895,0.638571,0.113287,0.597724,0.194926,0.693025,0,0,0.394926,0.660343
0.133699,0.703918,0.31941,0.633127,0.176553,0.516035,0,0,0,0,0.445946,0.758374,0.664323,0.89179,0.523484,0.995297,0.662268,0.562328,0.654104,0.532376,0,0,0,0,0.703084,0.622231,0.89084,0.810111,0.941862,0.638569,0.10513,0.57866,0.194933,0.693026,0,0,0.394926,0.660353
0.150019,0.668515,0.3439,0.654906,0.221453,0.586834,0,0,0,0,0.458187,0.758369,0.664319,0.891811,0.515341,0.995294,0,0,0,0,0,0,0,0,0,0,0,0,0,0,0.117373,0.573225,0.21125,0.654918,0,0,0.409203,0.616798
0.158182,0.660346,0.343902,0.649464,0.237778,0.556879,0,0,0,0,0.470436,0.747491,0.662287,0.889084,0.513296,0.995292,0.662269,0.605898,0.652065,0.567775,0,0,0,0,0.703084,0.627681,0.91737,0.837353,0.97247,0.635851,0.119416,0.540541,0.225534,0.60319,0,0,0.417391,0.581402
0.168393,0.627663,0.33982,0.62496,0.268392,0.545992,0.18676,0.486082,0.0990162,0.486068,0.466356,0.731148,0.658189,0.883625,0.505121,0.995291,0.694918,0.616781,0.676556,0.573227,0,0,0,0,0.711251,0.652185,0.915338,0.826456,0.976564,0.622221,0.145937,0.518742,0.23573,0.554178,0,0,0.429622,0.543263
0.168396,0.630399,0.352063,0.630401,0.268388,0.543268,0.184716,0.477918,0.101043,0.483368,0.466356,0.731151,0.658188,0.883633,0.499009,0.99529,0.694922,0.616783,0.678593,0.573224,0,0,0,0,0.711251,0.654905,0.915335,0.829184,0.976559,0.627677,0.143921,0.518769,0.235724,0.554182,0,0,0.429628,0.540559
0.188781,0.592269,0.352066,0.633128,0.266352,0.556886,0.176552,0.486086,0.096953,0.483374,0.478596,0.695761,0.654102,0.878203,0.464309,0.978953,0.672473,0.619511,0.654105,0.578661,0,0,0,0,0.707165,0.657637,0.923491,0.801968,0,0,0.160227,0.486054,0.252082,0.516083,0,0,0.435738,0.518796
0.186759,0.573205,0.354107,0.633124,0.262267,0.562322,0.145943,0.505145,0.086751,0.488811,0.47247,0.690313,0.645945,0.878205,0.466347,0.976235,0.676555,0.622239,0.652064,0.578664,0,0,0,0,0.705122,0.657634,0.921456,0.804685,0.9439,0.701205,0.160211,0.477898,0.252054,0.51332,0,0,0.431653,0.51605
0.170429,0.575946,0.358189,0.627677,0.26227,0.556879,0.125532,0.483362,0.0745171,0.496966,0.462269,0.698473,0.633698,0.886351,0.44186,0.995287,0.688799,0.619503,0.664312,0.578663,0,0,0,0,0.709211,0.652187,0.923489,0.804663,0,0,0.152045,0.477906,0.237773,0.516094,0,0,0.423494,0.524222
0.170414,0.573207,0.356142,0.624961,0.26023,0.556878,0.123495,0.480641,0.0744985,0.496971,0.462269,0.701195,0.6337,0.88364,0.441859,0.995287,0.688799,0.616791,0.662268,0.573226,0,0,0,0,0.713287,0.654905,0.923491,0.801955,0,0,0.150032,0.477899,0.237761,0.516072,0,0,0.423496,0.524203
0.160246,0.5732,0.358187,0.635843,0.264311,0.559609,0.0520532,0.516045,0.0398162,0.510598,0.462256,0.712085,0.629609,0.894535,0.443901,0.99529,0.688801,0.624952,0.664307,0.575941,0,0,0,0,0.715328,0.652184,0.937778,0.818292,0,0,0.147961,0.486048,0.231654,0.524219,0,0,0.41737,0.537841
0.160243,0.573206,0.360229,0.638566,0.26839,0.562329,0.0439024,0.518752,0.0316644,0.51602,0.460225,0.714816,0.629595,0.899974,0.45206,0.995291,0.715331,0.633123,0.680637,0.578666,0,0,0,0,0.735738,0.665808,0.939822,0.812836,0,0,0.148003,0.486064,0.231675,0.526954,0,0,0.419414,0.540534
0.166326,0.575931,0.362268,0.638568,0.268389,0.562327,0.0439018,0.521494,0.0296207,0.518753,0.462262,0.717547,0.629613,0.90814,0.452059,0.995288,0.711249,0.633127,0.674513,0.581386,0,0,0,0,0.733699,0.668522,0.933692,0.81829,0,0,0.152056,0.486092,0.239811,0.529662,0,0,0.425536,0.537851
0.166346,0.575942,0.364309,0.63857,0.268389,0.562326,0.137778,0.521486,0.0316496,0.518741,0.462261,0.720257,0.629614,0.908144,0.450029,0.995289,0.707164,0.627681,0.662271,0.575942,0,0,0,0,0.725533,0.665795,0.933697,0.818292,0,0,0.152056,0.486096,0.239809,0.529653,0,0,0.425533,0.537853
0.172461,0.597699,0.370433,0.63313,0.258187,0.556885,0,0,0,0,0.466345,0.71754,0.629606,0.908148,0.452067,0.995292,0.707166,0.638576,0.670432,0.592275,0,0,0,0,0.729615,0.671251,0.937771,0.837352,0,0,0.156162,0.502402,0.252043,0.540529,0,0,0.431658,0.537828
0.190856,0.622256,0.368388,0.635843,0.243901,0.540539,0.111244,0.532372,0.0112602,0.524187,0.468389,0.722987,0.629608,0.935364,0.437779,0.995288,0.701043,0.641296,0.654104,0.589556,0,0,0,0,0.71941,0.673967,0.927574,0.829183,0,0,0.164317,0.540561,0.254109,0.570521,0,0,0.433678,0.537858
0.190855,0.66304,0.392884,0.646746,0.229615,0.532376,0.107165,0.526931,0,0,0.48064,0.722978,0.629623,0.94626,0.429613,0.995287,0.711246,0.644017,0.664308,0.592277,0,0,0,0,0.737778,0.690307,0.935731,0.821019,0,0,0.162258,0.575966,0.25407,0.608587,0,0,0.433694,0.545968
0.190828,0.663034,0.392882,0.646744,0.227575,0.53237,0.109204,0.526925,0,0,0.480639,0.720268,0.629597,0.943556,0.427577,0.995287,0.701045,0.638579,0.66635,0.595006,0,0,0,0,0.717369,0.676692,0.93369,0.818296,0,0,0.160235,0.575984,0.252087,0.605927,0,0,0.433697,0.545968
0.186757,0.690313,0.327572,0.616788,0.174512,0.494252,0.0194131,0.52965,0,0,0.478594,0.720263,0.623494,0.951723,0.419416,0.995288,0.705124,0.638572,0.662267,0.586835,0,0,0,0,0.721454,0.665806,0.933698,0.821011,0,0,0.150018,0.58684,0.25206,0.652182,0,0,0.429617,0.556875
0.327581,0.886351,0.427565,0.668512,0,0,0,0,0,0,0.480633,0.75293,0.692873,0.878201,0.484717,0.970815,0.692884,0.548711,0.668389,0.532368,0,0,0,0,0.729611,0.57594,0,0,0,0,0,0,0.303085,0.86458,0,0,0.392894,0.695751
0.327569,0.875474,0.429617,0.66581,0,0,0,0,0,0,0.478599,0.752926,0.69288,0.88089,0.484721,0.973491,0.692879,0.548708,0.66227,0.529656,0,0,0,0,0.729617,0.575945,0,0,0,0,0,0,0,0,0,0,0.394918,0.695775
0,0,0.452064,0.663085,0.370431,0.575941,0,0,0,0,0.494906,0.758391,0.692879,0.894547,0.501038,0.995285,0.688799,0.594999,0.645944,0.556882,0,0,0,0,0.719408,0.624964,0,0,0,0,0,0,0.305127,0.842783,0,0,0.433701,0.654924
0.305122,0.796495,0.323493,0.668521,0.103085,0.646738,0,0,0,0,0.482678,0.755656,0.692872,0.932647,0.525533,0.99529,0,0,0,0,0,0,0,0,0,0,0,0,0,0,0.239821,0.758377,0.325537,0.788331,0,0,0.456148,0.622224
0.29084,0.79378,0.321453,0.668523,0.105125,0.644015,0,0,0,0,0.480633,0.755657,0.690849,0.932658,0.529619,0.99529,0.786759,0.725705,0.705128,0.611339,0,0,0,0,0.878596,0.818289,0,0,0,0,0.247982,0.761098,0.331655,0.769269,0,0,0.454126,0.619545
0.286755,0.736601,0.343902,0.627678,0.201044,0.480636,0,0,0,0,0.488803,0.752937,0.682674,0.940832,0.517366,0.995287,0.833698,0.777442,0,0,0,0,0,0,0.89492,0.84824,0,0,0,0,0.252066,0.657634,0.33778,0.671248,0,0,0.474519,0.575955
0.256143,0.644018,0.356145,0.584113,0.231655,0.477912,0.113291,0.469742,0.0704218,0.483343,0.505125,0.725705,0.680643,0.943551,0.478592,0.995284,0.719412,0.586832,0,0,0,0,0,0,0,0,0,0,0,0,0.211253,0.532381,0.33574,0.600449,0,0,0.496954,0.526941
0.350007,0.55687,0.388792,0.611344,0.231656,0.532382,0.0459433,0.48881,0.0438929,0.499691,0.515334,0.682145,0.566344,0.957149,0.40921,0.995286,0.562271,0.856408,0.435737,0.812842,0,0,0,0,0.654105,0.878195,0,0,0,0,0.296957,0.467023,0.431635,0.483345,0.227572,0.442515,0.523476,0.464299
0.366362,0.513333,0.376553,0.608608,0.219408,0.535101,0.186744,0.516034,0.0337091,0.502405,0.52145,0.665808,0.545946,0.948998,0.396963,0.993926,0.572469,0.905424,0.484715,0.875473,0,0,0,0,0,0,0,0,0,0,0.311264,0.426208,0.447983,0.437055,0.233697,0.404395,0.537774,0.426185
0.392888,0.472449,0.364301,0.592282,0.225532,0.535105,0,0,0,0,0.513295,0.652185,0.529629,0.932649,0.366348,0.993927,0.576552,0.993921,0.486758,0.891809,0,0,0,0,0.654107,0.993921,0.539818,0.993922,0,0,0.329608,0.388062,0.464278,0.404364,0.231643,0.36627,0.541834,0.409864
0.423481,0.437063,0.388813,0.575928,0.247981,0.532393,0.0234728,0.510548,0.0132855,0.516046,0.523492,0.638583,0.527557,0.919046,0.354105,0.995285,0.568393,0.993921,0.472474,0.870023,0,0,0,0,0.647984,0.99392,0.529617,0.993922,0,0,0.354116,0.360789,0.484714,0.38259,0.252071,0.388043,0.547995,0.415285
0.419404,0.439788,0.388801,0.575948,0.24595,0.535096,0.0214361,0.510552,0.0112626,0.518746,0.51941,0.641296,0.527572,0.919046,0.354104,0.995285,0.570429,0.993921,0.472473,0.870025,0,0,0,0,0.650023,0.99392,0.525534,0.993922,0,0,0.354113,0.358097,0.484722,0.379924,0.245943,0.363531,0.547993,0.409862
0.439816,0.412557,0.394921,0.575959,0.254089,0.535095,0.0193961,0.513286,0.0132795,0.535093,0.531655,0.638577,0.529607,0.913605,0.358186,0.995287,0.572472,0.993921,0.480638,0.878194,0,0,0,0,0.652067,0.99392,0.537779,0.993921,0,0,0.376551,0.336362,0.5031,0.360838,0.264305,0.382644,0.562253,0.404402
0.452075,0.396256,0.403095,0.575946,0.266346,0.532376,0.0234912,0.516074,0.0112679,0.532369,0.539814,0.635862,0.529613,0.916309,0.364309,0.995287,0.574512,0.993921,0.482676,0.993921,0,0,0,0,0.656144,0.993921,0.523493,0.993921,0,0,0.390856,0.317279,0.515354,0.344519,0.276546,0.379916,0.570442,0.385344
0.460238,0.385312,0.403085,0.581377,0.26839,0.540542,0.0275859,0.521513,0.0132946,0.529656,0.537783,0.641296,0.52962,0.913594,0.392882,0.993927,0.572472,0.99392,0.486759,0.891808,0,0,0,0,0.650027,0.993921,0.527576,0.993921,0,0,0.398978,0.311794,0.519446,0.341773,0.278605,0.379861,0.572448,0.398945
0.460226,0.382644,0.405118,0.581376,0.270425,0.540546,0.0296055,0.521498,0.013295,0.53238,0.537788,0.641289,0.529621,0.913604,0.388796,0.995285,0.572474,0.993921,0.48676,0.89181,0,0,0,0,0.652064,0.993921,0.525535,0.993922,0,0,0.396973,0.311787,0.521443,0.341782,0.28063,0.379915,0.572466,0.398934
0.462257,0.379915,0.40512,0.586841,0.264307,0.548713,0.0316712,0.532362,0.0133029,0.545985,0.539829,0.64403,0.531647,0.910864,0,0,0.609207,0.993921,0.505126,0.968053,0,0,0,0,0.674515,0.993921,0.523493,0.993922,0,0,0.401016,0.309115,0.521448,0.341804,0.284725,0.374447,0.57246,0.404413
0.456138,0.382584,0.405123,0.597728,0.262265,0.556868,0.0377712,0.543254,0.0234941,0.551441,0.537787,0.652178,0.531655,0.913603,0,0,0.59492,0.993921,0.492877,0.899979,0,0,0,0,0.672474,0.99392,0.521453,0.993923,0,0,0.394932,0.311829,0.515344,0.344482,0.284715,0.382613,0.566335,0.417999
0.447989,0.379906,0.411246,0.60046,0.272478,0.559623,0.0398205,0.551418,0.0173632,0.559604,0.539819,0.64946,0.529619,0.92449,0,0,0.613287,0.99392,0.492883,0.891805,0,0,0,0,0.686757,0.992559,0.523491,0.993923,0,0,0.384732,0.314532,0.507165,0.341801,0.276542,0.398943,0.562266,0.423451
0.447976,0.379907,0.40922,0.600457,0.272459,0.562311,0.0398093,0.551422,0.0132974,0.562324,0.54185,0.649459,0.529626,0.910883,0,0,0.603085,0.992559,0.492883,0.886363,0,0,0,0,0.678594,0.992559,0.525533,0.993923,0,0,0.38471,0.314539,0.50716,0.3418,0.276549,0.398912,0.562267,0.423433
0.429631,0.382655,0.411256,0.605896,0.274521,0.565068,0.176553,0.537798,0,0,0.537774,0.654922,0.527561,0.910882,0,0,0.625532,0.993921,0.509207,0.899978,0,0,0,0,0.696963,0.993921,0,0,0,0,0.36636,0.319978,0.492885,0.341806,0.268372,0.398943,0.554105,0.418031
0.415313,0.398899,0.413298,0.605906,0.276558,0.570484,0.182676,0.535097,0,0,0.535745,0.654897,0.527583,0.908149,0,0,0.611248,0.993921,0.499006,0.899977,0,0,0,0,0.684719,0.993921,0.517371,0.993922,0,0,0.354087,0.339031,0.478592,0.349958,0.260221,0.401672,0.545956,0.415272
0.398995,0.407123,0.405125,0.611348,0.264314,0.573241,0.0459556,0.545982,0.013283,0.562328,0.535728,0.657625,0.527567,0.910868,0,0,0.639817,0.993921,0.550024,0.993921,0,0,0,0,0.707168,0.993921,0,0,0,0,0.335722,0.360793,0.464295,0.368981,0.254073,0.418014,0.537778,0.412551
0.39901,0.407108,0.405139,0.611342,0.264317,0.573239,0.0459431,0.54597,0.0112647,0.56234,0.535742,0.657623,0.527561,0.913591,0,0,0.637778,0.993921,0.543903,0.992559,0,0,0,0,0.707165,0.993921,0,0,0,0,0.335729,0.360797,0.464298,0.368971,0.25407,0.418004,0.537768,0.41527
0.378587,0.475203,0.390844,0.616778,0.258191,0.570514,0.186762,0.540531,0.0439063,0.546006,0.527568,0.665802,0.531672,0.940816,0,0,0.601045,0.993921,0.492881,0.978944,0,0,0,0,0.684718,0.993921,0,0,0,0,0.321438,0.401654,0.443894,0.407129,0.247982,0.393493,0.527548,0.426169
0.29697,0.573219,0.388796,0.611347,0.250022,0.554161,0.194909,0.545986,0.0459447,0.554108,0.523493,0.673962,0.539818,0.948992,0,0,0.737778,0.993921,0,0,0,0,0,0,0,0,0,0,0,0,0.270435,0.480652,0.390835,0.486091,0,0,0.501054,0.453395
0.282676,0.736601,0.409209,0.657637,0.333698,0.622233,0,0,0,0,0.503085,0.676691,0.639813,0.927205,0.478593,0.993922,0.827576,0.919037,0,0,0,0,0,0,0.872474,0.938099,0,0,0,0,0.268389,0.687583,0.309211,0.654907,0,0,0.43165,0.540561
0.258188,0.684855,0.341867,0.616787,0.196965,0.565052,0.107165,0.548716,0,0,0.501046,0.641289,0.631647,0.897272,0.558185,0.99529,0.823491,0.891807,0,0,0,0,0,0,0.868388,0.924483,0,0,0,0,0.190848,0.58956,0.329619,0.614058,0.137776,0.458854,0.452057,0.469731
0.264315,0.671255,0.341863,0.619504,0.199006,0.562331,0.109204,0.551429,0,0,0.50309,0.644013,0.631654,0.897267,0.560223,0.995292,0.831654,0.89453,0,0,0,0,0,0,0,0,0,0,0,0,0.194916,0.589562,0.331665,0.605908,0.131649,0.46975,0.452071,0.469721
0.303079,0.641299,0.35615,0.630401,0.235738,0.562323,0.107164,0.548717,0.068397,0.543256,0.50512,0.635859,0.617359,0.886375,0.525533,0.995285,0.74186,0.992558,0.503087,0.993921,0,0,0,0,0.839818,0.894532,0.647984,0.993923,0,0,0.235721,0.578636,0.349992,0.546015,0,0,0.460211,0.467043
0.298996,0.622201,0.345948,0.635846,0.223487,0.556887,0.180628,0.535099,0.0581833,0.554173,0.503081,0.65218,0.60717,0.891796,0.490839,0.993924,0.713288,0.989836,0.494925,0.993921,0,0,0,0,0.839819,0.889086,0.63982,0.993923,0,0,0.235737,0.573167,0.350014,0.537806,0.178607,0.567765,0.454101,0.461577
0.296962,0.630413,0.352069,0.635846,0.231659,0.567771,0.186754,0.545988,0.0581928,0.565054,0.501053,0.654913,0.609201,0.897268,0.496964,0.993927,0.737778,0.992559,0.501045,0.989836,0,0,0,0,0.864308,0.872745,0.658185,0.993924,0,0,0.231672,0.578646,0.345937,0.543259,0,0,0.452042,0.467003
0.296947,0.627702,0.352069,0.63585,0.231659,0.567765,0.186766,0.545992,0.0581792,0.567741,0.50308,0.6549,0.609215,0.897262,0.501043,0.993927,0.750023,0.970775,0.501046,0.993921,0,0,0,0,0,0,0,0,0,0,0.23165,0.578641,0.345933,0.543272,0,0,0.450046,0.469716
0.270446,0.638553,0.364306,0.638578,0.256142,0.573216,0.188804,0.540531,0.0541054,0.567744,0.496959,0.657629,0.599008,0.90816,0,0,0.829615,0.867304,0,0,0,0,0,0,0.878597,0.880916,0.633701,0.995284,0,0,0.209216,0.578709,0.31945,0.554171,0,0,0.437767,0.4752
0.254128,0.633141,0.360231,0.641295,0.286759,0.589558,0.186748,0.540545,0.0561441,0.565032,0.494908,0.663065,0.596979,0.924462,0,0,0.837779,0.894534,0,0,0,0,0,0,0.874515,0.899979,0,0,0,0,0.194938,0.575973,0.309215,0.554113,0,0,0.433717,0.475213
0.252043,0.627702,0.364308,0.649464,0.309208,0.62768,0.164305,0.532391,0,0,0.490845,0.668523,0.596944,0.935396,0,0,0.862267,0.870027,0,0,0,0,0,0,0,0,0,0,0,0,0.190861,0.570463,0.309205,0.546002,0,0,0.435758,0.480644
0.252044,0.627691,0.36431,0.649468,0.311248,0.627678,0.164308,0.535108,0.0500409,0.565022,0.490842,0.668514,0.596945,0.935392,0,0,0.856146,0.87275,0,0,0,0,0,0,0,0,0,0,0,0,0.190868,0.570466,0.309194,0.546008,0,0,0.435751,0.483352
0.256149,0.627709,0.360234,0.646748,0.266354,0.592282,0.182678,0.52967,0.052061,0.55959,0.492882,0.673962,0.596963,0.932652,0,0,0.837776,0.880914,0,0,0,0,0,0,0,0,0,0,0,0,0.203093,0.562323,0.321438,0.548699,0,0,0.452045,0.486063
0.2745,0.630423,0.364309,0.652184,0.256145,0.578665,0.18676,0.535101,0.0561637,0.556875,0.496974,0.676693,0.601054,0.935401,0,0,0.829615,0.880916,0,0,0,0,0,0,0,0,0,0,0,0,0.215334,0.559589,0.339799,0.551418,0,0,0.460228,0.502404
