0.446123,0.428536,0.482919,0.409434,0.482906,0.401168,0.485949,0.466662,0.46606,0.502075,0.482915,0.423072,0.489001,0.491165,0.472176,0.548362,0.556428,0.450291,0.553348,0.453019,0.536545,0.515751,0.593175,0.493918,0.559481,0.447552,0.55644,0.540208,0.610035,0.523816,0.441532,0.425711,0.446133,0.420318,0,0,0.463005,0.398495
0.444592,0.428527,0.48288,0.409432,0.482867,0.398537,0.48595,0.466658,0.466056,0.502086,0.482876,0.425694,0.487501,0.491178,0.47218,0.548373,0.556427,0.450272,0.553356,0.452993,0.538029,0.515774,0.59317,0.493877,0.55947,0.447537,0.55645,0.54024,0.61005,0.523817,0.439995,0.423087,0.444614,0.420316,0,0,0.461463,0.398515
0.444583,0.428528,0.482865,0.409415,0.481382,0.398524,0.485947,0.46668,0.46604,0.504758,0.481385,0.425697,0.487484,0.491201,0.472178,0.548394,0.556442,0.447612,0.554884,0.450275,0.536543,0.515752,0.593168,0.493892,0.559467,0.447548,0.55645,0.542892,0.61005,0.523826,0.439989,0.425717,0.444593,0.420311,0,0,0.459965,0.398505
0.443075,0.428555,0.481364,0.409408,0.481361,0.398481,0.484462,0.466686,0.466044,0.504774,0.481353,0.425733,0.485985,0.49124,0.472175,0.548408,0.556435,0.447578,0.554903,0.447563,0.53653,0.515763,0.593151,0.493872,0.557981,0.447535,0.556436,0.542906,0.610051,0.523868,0.438473,0.425718,0.443084,0.42034,0,0,0.459916,0.398548
0.443074,0.431163,0.481344,0.4094,0.481338,0.398507,0.484459,0.466683,0.466056,0.504783,0.479852,0.425711,0.485984,0.491239,0.472176,0.548402,0.556411,0.447601,0.553371,0.450279,0.538038,0.518384,0.591673,0.493857,0.557969,0.44752,0.556439,0.542906,0.610049,0.523883,0,0,0.443073,0.422971,0,0,0.458428,0.398539
0.441564,0.431184,0.479822,0.409428,0.479821,0.398542,0.484457,0.469347,0.466055,0.50478,0.479816,0.425711,0.48599,0.491191,0.472199,0.548383,0.554897,0.450259,0.551816,0.453011,0.538054,0.515772,0.591658,0.493945,0.557941,0.444846,0.556439,0.540241,0.610039,0.523894,0.436945,0.425764,0.443048,0.422994,0,0,0.458417,0.398523
0.441553,0.4312,0.479806,0.409449,0.479807,0.401196,0.484452,0.469367,0.466052,0.504788,0.478321,0.425704,0.485992,0.491184,0.472199,0.548381,0.55488,0.450276,0.550292,0.455708,0.539585,0.518423,0.591662,0.493943,0.557925,0.444836,0.556431,0.54024,0.61004,0.523894,0.436923,0.425768,0.441561,0.423006,0,0,0.458418,0.398518
0.441548,0.431251,0.478308,0.409452,0.478293,0.40119,0.484436,0.469363,0.466055,0.504786,0.478317,0.425707,0.485991,0.491191,0.472192,0.548393,0.554859,0.447576,0.550311,0.450285,0.541109,0.518434,0.591643,0.493907,0.556425,0.444831,0.556416,0.540244,0.610038,0.52388,0.435417,0.425806,0.441547,0.42304,0,0,0.458407,0.398517
0.441546,0.431252,0.478296,0.409426,0.476794,0.398551,0.484429,0.469327,0.466055,0.504768,0.478319,0.423076,0.485984,0.491172,0.472192,0.548389,0.553357,0.447592,0.548784,0.452993,0.542649,0.52113,0.591647,0.493894,0.55641,0.444818,0.556413,0.540238,0.610032,0.523883,0.435414,0.428448,0.441549,0.423048,0,0,0.458402,0.398526
0.44306,0.433913,0.478284,0.409431,0.476775,0.401177,0.484441,0.469316,0.466062,0.504793,0.478315,0.423072,0.485979,0.491188,0.472192,0.548398,0.551827,0.450255,0.547252,0.455699,0.544156,0.526539,0.590141,0.493914,0.556395,0.444822,0.55642,0.542893,0.610032,0.523883,0.436927,0.428484,0.443056,0.423078,0,0,0.458391,0.398521
0.44306,0.433896,0.478285,0.40943,0.476784,0.401185,0.484442,0.469332,0.467555,0.507459,0.478305,0.423065,0.485987,0.491176,0.472186,0.548402,0.551825,0.450262,0.547248,0.455707,0.54263,0.523853,0.590119,0.493946,0.556398,0.444825,0.556417,0.54291,0.610043,0.523885,0.435438,0.428478,0.443056,0.423065,0,0,0.458392,0.398507
0.443049,0.433904,0.476797,0.412133,0.476775,0.401225,0.484423,0.469378,0.466061,0.507513,0.4783,0.423078,0.485963,0.49121,0.472172,0.551051,0.55183,0.447618,0.548747,0.453022,0.542644,0.523833,0.590121,0.493902,0.556389,0.444819,0.556416,0.542913,0.610045,0.523899,0.435426,0.428481,0.443044,0.423067,0,0,0.458382,0.398511
0.443042,0.433912,0.476783,0.412133,0.476756,0.401225,0.484419,0.469371,0.466059,0.507518,0.478289,0.425692,0.485953,0.491237,0.472169,0.551062,0.55182,0.447605,0.548748,0.452984,0.544178,0.523861,0.590137,0.493881,0.554909,0.444845,0.556417,0.542929,0.610038,0.52653,0.435424,0.428487,0.441559,0.423073,0,0,0.458368,0.398509
0.443046,0.433935,0.476779,0.412134,0.476758,0.401213,0.484416,0.469394,0.46606,0.507529,0.478279,0.425697,0.485956,0.491214,0.472175,0.551071,0.551815,0.44754,0.550303,0.444876,0.568678,0.512962,0.591639,0.493924,0.554865,0.444858,0.556407,0.542942,0.610024,0.526554,0.43542,0.428493,0.44156,0.42309,0,0,0.458358,0.398514
0.443048,0.433939,0.476769,0.412141,0.476752,0.401219,0.4844,0.469377,0.466055,0.507497,0.476793,0.425696,0.485952,0.4912,0.472175,0.551065,0.551817,0.447523,0.550312,0.444839,0.568686,0.512968,0.591641,0.493939,0.554858,0.44486,0.556407,0.542952,0.608537,0.526563,0.435425,0.428488,0.441562,0.423086,0,0,0.458355,0.398506
0.441542,0.433924,0.476756,0.412151,0.47525,0.401232,0.482924,0.469361,0.466059,0.5075,0.476798,0.425701,0.485942,0.491224,0.47219,0.551063,0.551808,0.447547,0.550284,0.447538,0.545695,0.526537,0.591649,0.4966,0.554861,0.444855,0.556406,0.542952,0.608535,0.526559,0.435394,0.428466,0.441545,0.423077,0,0,0.458356,0.398494
0.441523,0.433893,0.475268,0.412155,0.475231,0.401235,0.482919,0.469359,0.46606,0.50753,0.476792,0.425701,0.484469,0.491225,0.472188,0.551072,0.55031,0.447548,0.550285,0.447535,0.545669,0.523867,0.59164,0.496641,0.553373,0.444861,0.556402,0.54296,0.608539,0.526552,0.433902,0.428449,0.441518,0.42305,0,0,0.45835,0.398487
0.440024,0.431235,0.475261,0.412164,0.475214,0.401236,0.482907,0.46935,0.466055,0.507511,0.476787,0.425707,0.485943,0.491214,0.472192,0.551078,0.550294,0.447578,0.548779,0.447586,0.545691,0.526576,0.591656,0.496638,0.553356,0.444879,0.556406,0.545615,0.610035,0.526567,0.433892,0.425799,0.440029,0.423021,0,0,0.458349,0.398484
0.440026,0.431252,0.475258,0.412167,0.475209,0.401252,0.482905,0.46935,0.466055,0.507518,0.476789,0.425696,0.485953,0.491213,0.472194,0.551084,0.550285,0.447594,0.548753,0.450261,0.545675,0.526545,0.591658,0.496623,0.553361,0.444883,0.556403,0.542965,0.610039,0.52658,0.433881,0.425802,0.44003,0.423035,0,0,0.458353,0.398478
0.439985,0.431208,0.475247,0.414847,0.473717,0.401244,0.48291,0.466695,0.467555,0.507478,0.476788,0.42572,0.485957,0.49124,0.472197,0.551092,0.550284,0.447603,0.548759,0.450262,0.544149,0.523875,0.593165,0.499349,0.55335,0.447531,0.556406,0.545628,0.610043,0.526594,0.433859,0.425764,0.440004,0.423003,0,0,0.458357,0.398462
0.439984,0.431181,0.475245,0.414841,0.473711,0.401224,0.482901,0.466698,0.467564,0.50749,0.476784,0.425724,0.485959,0.49124,0.472206,0.551092,0.550279,0.447594,0.548766,0.447602,0.545683,0.526585,0.593179,0.502043,0.553346,0.447526,0.556408,0.545613,0.61005,0.526593,0.433873,0.425746,0.440006,0.422986,0,0,0.45835,0.398478
0.438491,0.431181,0.475228,0.414859,0.473679,0.401236,0.482895,0.469328,0.467557,0.507492,0.476776,0.425742,0.485945,0.493888,0.472196,0.551127,0.548779,0.447614,0.548776,0.447588,0.542642,0.523847,0.59317,0.502063,0.551824,0.447572,0.556399,0.545659,0.610037,0.529243,0.433858,0.425731,0.440004,0.42298,0,0,0.458359,0.398464
0.438479,0.428552,0.475216,0.414845,0.47368,0.401238,0.482896,0.469344,0.467559,0.50752,0.47675,0.425733,0.485944,0.493895,0.472192,0.551129,0.548756,0.447593,0.548758,0.447567,0.541116,0.521146,0.591662,0.499338,0.55031,0.447554,0.556402,0.545652,0.610041,0.529248,0.433857,0.423072,0.439987,0.420335,0,0,0.458342,0.398458
0.43849,0.428528,0.473729,0.412143,0.472192,0.401224,0.481383,0.466681,0.467554,0.507478,0.47525,0.425717,0.484469,0.493861,0.472199,0.551132,0.548756,0.447558,0.550282,0.444812,0.57174,0.512953,0.593163,0.499337,0.550288,0.447581,0.556398,0.545668,0.61004,0.529262,0.433867,0.423041,0.439999,0.420293,0,0,0.458342,0.395812
0.438476,0.428521,0.473723,0.412155,0.472195,0.401233,0.482873,0.466683,0.466061,0.507484,0.475235,0.425732,0.484459,0.493874,0.4722,0.551132,0.548758,0.447569,0.550306,0.442146,0.571736,0.510247,0.591639,0.499346,0.55028,0.450257,0.556385,0.548319,0.610038,0.529269,0.433852,0.423034,0.439987,0.42029,0,0,0.458339,0.395813
0.43849,0.428525,0.47373,0.412145,0.472194,0.401201,0.482899,0.466636,0.467564,0.507529,0.47524,0.42576,0.484431,0.496583,0.472202,0.551153,0.547235,0.447586,0.547245,0.444869,0.545684,0.523839,0.593167,0.50208,0.550274,0.447586,0.556411,0.545655,0.61006,0.529263,0.433857,0.423005,0.439997,0.420289,0,0,0.45835,0.395817
0.438495,0.42853,0.473722,0.412143,0.472198,0.401218,0.482905,0.466645,0.466061,0.50753,0.475228,0.425743,0.484435,0.493933,0.472204,0.551141,0.547214,0.447602,0.545721,0.44757,0.545706,0.526603,0.591651,0.499368,0.548778,0.447567,0.556406,0.545641,0.61006,0.529253,0.433856,0.423011,0.439989,0.420288,0,0,0.458341,0.395808
0.438483,0.428545,0.473707,0.412135,0.472176,0.401204,0.482904,0.466606,0.467557,0.507517,0.475222,0.42575,0.484427,0.493916,0.472216,0.551128,0.54573,0.447599,0.545704,0.447571,0.545695,0.529252,0.591659,0.502039,0.548775,0.447559,0.556407,0.545656,0.610066,0.529248,0.432338,0.423033,0.439987,0.42032,0,0,0.456879,0.395805
0.438489,0.431164,0.473713,0.412149,0.472189,0.401214,0.482907,0.466627,0.467561,0.510168,0.475218,0.425751,0.484433,0.493894,0.473679,0.551106,0.545731,0.44758,0.545712,0.447547,0.5457,0.526605,0.591652,0.499342,0.548759,0.447545,0.556404,0.545638,0.610066,0.526623,0.432346,0.423047,0.439993,0.42034,0,0,0.458339,0.398445
0.438493,0.431168,0.473725,0.409452,0.472198,0.401187,0.482899,0.466618,0.467554,0.507528,0.475227,0.425746,0.48443,0.493885,0.473682,0.551101,0.547224,0.447564,0.547227,0.44486,0.542643,0.523883,0.590129,0.496659,0.548778,0.44756,0.556405,0.545632,0.610065,0.526609,0.432338,0.423061,0.440006,0.420338,0,0,0.458364,0.395808
0.439986,0.431168,0.473719,0.412133,0.472195,0.401215,0.482896,0.466614,0.466064,0.507531,0.475226,0.42575,0.484426,0.493893,0.47368,0.551101,0.547226,0.447567,0.547227,0.444867,0.542637,0.523849,0.590141,0.499316,0.548782,0.447558,0.556405,0.545642,0.610059,0.526616,0.432348,0.423058,0.440023,0.420338,0,0,0.458378,0.395808
0.441535,0.428546,0.475227,0.409448,0.475217,0.398548,0.482918,0.466582,0.467575,0.507496,0.475215,0.425761,0.484435,0.493854,0.473681,0.551087,0.54724,0.447561,0.547251,0.44485,0.545702,0.526575,0.593177,0.499321,0.550284,0.447559,0.55641,0.54295,0.610066,0.526602,0.433899,0.423069,0.44156,0.420318,0,0,0.458406,0.395769
0.441541,0.428542,0.475228,0.412127,0.475221,0.401178,0.482927,0.466581,0.467578,0.507511,0.475226,0.425761,0.484433,0.49387,0.473683,0.551091,0.547254,0.447578,0.547253,0.44753,0.54569,0.526545,0.591667,0.499355,0.550304,0.447563,0.556402,0.542953,0.611562,0.526612,0.4354,0.42306,0.443055,0.420315,0,0,0.458428,0.395762
0.44307,0.428501,0.47675,0.409429,0.476771,0.398539,0.48441,0.466663,0.467581,0.507534,0.475243,0.425728,0.484443,0.493851,0.473689,0.551082,0.548762,0.447568,0.548769,0.447521,0.54725,0.526571,0.594699,0.504763,0.551807,0.447548,0.55642,0.54294,0.61158,0.526591,0.436948,0.423052,0.444567,0.420262,0,0,0.459919,0.393059
0.44307,0.428503,0.476771,0.409395,0.476796,0.398496,0.484412,0.466648,0.467585,0.507504,0.475254,0.425718,0.484455,0.493855,0.473682,0.551082,0.548772,0.447549,0.550286,0.444816,0.547265,0.52661,0.594705,0.502086,0.551808,0.447564,0.556417,0.542942,0.611581,0.526589,0.436961,0.423044,0.444569,0.420273,0,0,0.459935,0.393059
0.443079,0.428503,0.476791,0.406732,0.478296,0.398475,0.48441,0.466651,0.467579,0.507475,0.475257,0.425709,0.484457,0.493855,0.473681,0.551091,0.550293,0.447547,0.551827,0.442145,0.548764,0.526593,0.594726,0.504778,0.551827,0.447571,0.556412,0.542944,0.611575,0.52658,0.436968,0.423054,0.444576,0.420272,0,0,0.459943,0.393052
0.444573,0.428509,0.476797,0.406735,0.478305,0.398471,0.484409,0.466688,0.467568,0.507497,0.475259,0.425712,0.484461,0.491212,0.473689,0.551076,0.551837,0.447516,0,0,0,0,0,0,0.553342,0.447576,0.556412,0.542938,0.611574,0.526574,0.438463,0.423073,0.444596,0.420291,0,0,0.459947,0.393063
0.444615,0.428516,0.478292,0.406717,0.479808,0.398456,0.484407,0.466647,0.467575,0.50748,0.475267,0.425716,0.484466,0.491179,0.4737,0.551052,0.551844,0.447554,0.553369,0.442136,0.550297,0.526585,0.596241,0.504801,0.553363,0.447591,0.556426,0.542923,0.611579,0.526544,0.438492,0.425714,0.444625,0.420308,0,0,0.459948,0.393073
0.444619,0.428516,0.478295,0.406713,0.479815,0.398456,0.484405,0.466659,0.467577,0.507485,0.475263,0.425712,0.485944,0.491169,0.473697,0.551054,0.553345,0.447541,0.554865,0.442108,0.551844,0.526573,0.59623,0.504775,0.55486,0.447574,0.556427,0.542936,0.611579,0.526549,0.43999,0.42571,0.444624,0.420316,0,0,0.459929,0.395744
0.446107,0.431241,0.478292,0.406717,0.479826,0.398473,0.484421,0.469319,0.469084,0.510174,0.475261,0.425705,0.485966,0.491162,0.473711,0.55104,0.553347,0.447607,0.551816,0.447585,0.545688,0.526557,0.593193,0.502038,0.556384,0.447563,0.557918,0.542924,0.611588,0.523903,0.441516,0.42581,0.444627,0.423059,0,0,0.458427,0.398528
0.446123,0.433963,0.478289,0.406731,0.479811,0.398497,0.484458,0.469334,0.469099,0.510188,0.475251,0.425706,0.485963,0.49119,0.473713,0.551038,0.553351,0.447594,0.551815,0.447586,0.545721,0.526562,0.593176,0.499352,0.556387,0.44754,0.557913,0.542913,0.611571,0.523893,0.443049,0.428491,0.444618,0.425727,0,0,0.458352,0.401225
0.446133,0.439394,0.478304,0.409402,0.478321,0.398545,0.485951,0.469379,0.469118,0.510203,0.475274,0.425698,0.48598,0.491213,0.473718,0.548406,0.554875,0.447604,0.553353,0.447605,0.547246,0.526558,0.593192,0.499317,0.556406,0.447518,0.557913,0.542917,0.611577,0.526534,0,0,0.444603,0.428485,0,0,0.456828,0.404001
0.453776,0.450313,0.476796,0.414841,0.478307,0.40397,0.489022,0.474805,0.470626,0.512881,0.475235,0.42306,0.48902,0.491203,0.473716,0.551048,0.556387,0.450281,0.554874,0.450333,0.545687,0.523871,0.594725,0.499367,0.556438,0.444878,0.557933,0.542904,0.613085,0.52653,0,0,0.449206,0.442064,0,0,0.455335,0.425754
0.458429,0.496588,0.476745,0.425817,0.479833,0.423047,0.495155,0.493871,0.475267,0.532038,0.473706,0.423057,0.489035,0.493857,0.473689,0.548384,0.554885,0.450281,0.551818,0.455702,0.548778,0.529308,0.596251,0.504765,0.556426,0.44481,0.557926,0.5429,0.613084,0.523895,0.453788,0.507458,0.456833,0.488391,0,0,0.455335,0.45304
0.45994,0.496588,0.476794,0.431256,0.481372,0.436685,0.496658,0.49934,0.475255,0.537465,0.473709,0.425752,0.492069,0.493907,0.473695,0.548408,0.554875,0.450267,0.551811,0.45573,0.550317,0.529331,0.596242,0.502091,0.556421,0.442126,0.557921,0.542891,0.613087,0.523899,0.452251,0.507476,0.456863,0.488385,0,0,0.455336,0.455752
0.464507,0.515654,0.478287,0.458431,0.485947,0.455735,0.502828,0.504805,0.476795,0.542889,0.4737,0.444864,0.495143,0.507472,0.473685,0.551058,0.556387,0.444801,0.55642,0.439369,0.568655,0.523821,0.599304,0.50479,0.554912,0.444853,0.557913,0.542941,0.611574,0.526528,0.458387,0.521171,0.459909,0.510217,0,0,0.459913,0.485697
0.46146,0.518395,0.478315,0.453033,0.482903,0.450276,0.501288,0.507493,0.475266,0.542938,0.473743,0.447552,0.496669,0.510204,0.47221,0.551074,0.55792,0.444827,0.557951,0.442075,0.568687,0.523854,0.60389,0.507527,0.556446,0.444845,0.557942,0.542955,0.61311,0.526554,0.456845,0.523837,0.458405,0.5102,0,0,0.459938,0.482989
0.459905,0.526597,0.481334,0.461213,0.482898,0.45847,0.501273,0.512988,0.475249,0.548332,0.478293,0.455704,0.498233,0.512981,0.473676,0.551072,0.55796,0.444841,0.55947,0.442105,0.570184,0.523868,0.600836,0.49936,0.55795,0.444842,0.557955,0.542914,0.613083,0.526563,0.453791,0.526592,0.45534,0.515671,0,0,0.459934,0.488371
0.466055,0.518444,0.482877,0.461212,0.484458,0.461176,0.50128,0.515668,0.475254,0.548415,0.479823,0.455724,0.501283,0.51569,0.472205,0.55109,0.559495,0.444792,0.562558,0.43668,0.577869,0.502088,0.603911,0.502051,0.557987,0.44488,0.557941,0.542899,0.611574,0.52662,0.45838,0.526566,0.459902,0.515637,0,0,0.461464,0.48839
0.462998,0.523866,0.48596,0.461179,0.487482,0.455729,0.499764,0.518379,0.475247,0.548413,0.484439,0.458416,0.502829,0.521133,0.472204,0.551123,0.56104,0.444826,0.565618,0.436702,0.57482,0.512956,0.605409,0.504808,0.561007,0.447565,0.55794,0.540204,0.611569,0.52658,0.459904,0.523853,0.459944,0.512999,0,0,0.467557,0.488408
0.461474,0.526536,0.487515,0.463868,0.489032,0.463884,0.501271,0.518435,0.47523,0.551048,0.485962,0.453003,0.504343,0.521113,0.473682,0.551137,0.564061,0.447557,0.56562,0.444807,0.573251,0.521098,0.606941,0.512993,0.564063,0.447573,0.557968,0.540211,0.613089,0.526551,0.459934,0.521159,0.458408,0.512995,0,0,0.469103,0.48574
0.469118,0.518431,0.490573,0.463882,0.492078,0.463908,0.501273,0.521119,0.475245,0.551104,0.489043,0.452991,0.50436,0.521161,0.473693,0.551146,0.568653,0.450296,0.570184,0.450276,0.576333,0.523825,0.608498,0.515733,0.567148,0.447599,0.557986,0.540242,0.614617,0.523854,0.459942,0.52382,0.462983,0.512953,0,0,0.470632,0.485725
0.473697,0.515679,0.492077,0.463874,0.492082,0.46391,0.49976,0.521149,0.475239,0.551083,0.490568,0.452994,0.505842,0.523814,0.473681,0.553754,0.570207,0.450283,0.573249,0.447591,0.576353,0.523839,0.608514,0.515709,0.568687,0.45025,0.557974,0.542909,0.614625,0.523867,0.467573,0.518378,0.470626,0.510203,0,0,0.472181,0.485691
0.472186,0.518423,0.492095,0.463871,0.492087,0.4639,0.501267,0.523825,0.475258,0.551107,0.492083,0.452976,0.50585,0.52385,0.47368,0.551152,0.570203,0.452991,0.570224,0.453006,0.571734,0.531984,0.608514,0.515701,0.570203,0.447622,0.557973,0.542911,0.614634,0.523884,0.467565,0.521126,0.469115,0.51292,0,0,0.472168,0.485731
0.473688,0.518387,0.492097,0.463872,0.492097,0.463908,0.501272,0.523819,0.475261,0.551091,0.492073,0.450336,0.505849,0.523816,0.473685,0.551154,0.570208,0.452993,0.570229,0.453001,0.571755,0.529324,0.60852,0.51571,0.570206,0.45025,0.55798,0.54292,0.614639,0.523879,0.46757,0.521134,0.470632,0.510264,0,0,0.472169,0.485709
0.472187,0.515675,0.492095,0.463901,0.492098,0.466652,0.501286,0.521175,0.475275,0.551075,0.492059,0.450329,0.504359,0.521184,0.473682,0.551132,0.570197,0.450318,0.570227,0.450325,0.571756,0.529283,0.608515,0.515735,0.570185,0.447597,0.557963,0.540236,0.614623,0.523877,0.464516,0.521129,0.469099,0.51019,0,0,0.470659,0.485676
0.472189,0.515651,0.492097,0.463904,0.493595,0.469355,0.501284,0.523821,0.475262,0.551104,0.490574,0.450307,0.504354,0.521169,0.473681,0.551129,0.568698,0.450327,0.570212,0.450333,0.571741,0.529319,0.608514,0.518372,0.568687,0.447602,0.557962,0.542891,0.614622,0.523884,0.464512,0.521124,0.469114,0.507522,0,0,0.472146,0.485661
0.47372,0.51294,0.492099,0.46388,0.49211,0.466647,0.502805,0.521139,0.475274,0.551132,0.492067,0.450313,0.504357,0.521158,0.473682,0.551155,0.568674,0.450332,0.56869,0.453013,0.571747,0.529299,0.608492,0.518368,0.568676,0.44758,0.557963,0.542886,0.613109,0.523894,0.467566,0.518384,0.470659,0.504785,0,0,0.472173,0.485646
0.472162,0.512989,0.492102,0.461207,0.492104,0.463934,0.50282,0.521145,0.476782,0.551149,0.492089,0.450309,0.50435,0.521145,0.473691,0.551145,0.568691,0.450334,0.5702,0.452995,0.571755,0.529313,0.608502,0.518378,0.568687,0.447596,0.557963,0.542894,0.613109,0.523891,0.462985,0.521128,0.467587,0.507486,0,0,0.472151,0.482957
0.469111,0.512934,0.492078,0.453029,0.490565,0.450313,0.501293,0.518378,0.476766,0.548392,0.492092,0.44757,0.504325,0.518448,0.473682,0.551153,0.570193,0.452997,0.571727,0.450334,0.571745,0.5293,0.608479,0.515743,0.570184,0.450279,0.557962,0.542913,0.613095,0.523893,0.459933,0.515726,0.464522,0.504763,0,0,0.472149,0.474819
0.47067,0.507503,0.492085,0.447553,0.490558,0.442128,0.502812,0.515673,0.476778,0.545656,0.493592,0.444872,0.502821,0.518418,0.472212,0.551151,0.570202,0.453003,0.571726,0.450324,0.571759,0.529296,0.608495,0.515742,0.570204,0.450288,0.557949,0.542924,0.613098,0.523894,0.461453,0.510259,0.46759,0.493925,0,0,0.470672,0.469386
0.46452,0.507484,0.493612,0.436653,0.492093,0.428539,0.502826,0.496635,0.479823,0.52117,0.493616,0.442095,0.501283,0.515689,0.472214,0.551154,0.570218,0.452989,0.573256,0.447607,0.571742,0.526602,0.606998,0.515659,0.5702,0.453002,0.557924,0.545604,0.611567,0.526535,0.458362,0.510221,0.459953,0.491209,0,0,0.470625,0.455763
0.469085,0.488402,0.493621,0.433957,0.493591,0.428545,0.501268,0.491203,0.476753,0.512996,0.493592,0.43936,0.499768,0.515629,0.473682,0.551141,0.570201,0.452988,0.57175,0.450278,0.571737,0.526609,0.606995,0.515668,0.570182,0.452994,0.557916,0.545607,0.611573,0.526557,0.458404,0.488466,0.46145,0.480281,0,0,0.470615,0.450283
0.462975,0.469358,0.493608,0.428438,0.493584,0.42029,0.498232,0.482976,0.475249,0.507506,0.493593,0.433919,0.498248,0.512902,0.473694,0.551153,0.568697,0.453025,0.571741,0.447609,0.573292,0.5239,0.606991,0.515665,0.568686,0.453053,0.557913,0.545643,0.610045,0.52658,0.45687,0.466634,0.458417,0.461158,0,0,0.466042,0.436657
0.461436,0.466564,0.492089,0.428494,0.489013,0.42033,0.496673,0.477514,0.47372,0.504805,0.493616,0.433937,0.498192,0.510236,0.473678,0.551137,0.567155,0.453052,0.568665,0.452999,0.570216,0.52928,0.606947,0.51564,0.568665,0.452993,0.556446,0.545645,0.610044,0.526569,0.45534,0.463864,0.459892,0.453034,0,0,0.469111,0.431187
0.458415,0.461197,0.490565,0.425819,0.487479,0.417573,0.49362,0.474829,0.472159,0.510169,0.493585,0.431266,0.496661,0.510168,0.473675,0.553754,0.562533,0.455734,0.561014,0.455746,0.547247,0.526612,0.603885,0.513003,0.56561,0.453015,0.556448,0.545636,0.610061,0.526553,0.456865,0.453012,0.458372,0.44756,0,0,0.470633,0.425714
0.4584,0.455762,0.490532,0.42576,0.487476,0.412159,0.493642,0.472123,0.472178,0.507524,0.492077,0.431205,0.495172,0.507519,0.473676,0.551157,0.562538,0.453032,0.562537,0.45299,0.547226,0.526574,0.60236,0.512952,0.564096,0.453008,0.556448,0.545642,0.610059,0.526556,0.455336,0.44759,0.458357,0.444788,0,0,0.470626,0.420339
0.455344,0.450292,0.48901,0.423074,0.485953,0.409424,0.493603,0.46941,0.470665,0.510165,0.492058,0.428476,0.495135,0.504771,0.473683,0.55115,0.559505,0.453041,0.557969,0.455731,0.544141,0.523843,0.597764,0.507494,0.564078,0.450305,0.556449,0.545642,0.610062,0.526557,0.449219,0.444807,0.453812,0.439351,0,0,0.47063,0.414845
0.453788,0.447547,0.487489,0.423056,0.484448,0.4094,0.492095,0.469353,0.470652,0.507539,0.490546,0.428471,0.495109,0.502026,0.473689,0.551134,0.559496,0.455696,0.559468,0.4557,0.544151,0.521169,0.599324,0.510213,0.56254,0.452983,0.556454,0.545643,0.610063,0.526549,0.446163,0.439385,0.453778,0.433946,0,0,0.470636,0.409431
0.452276,0.444774,0.484458,0.42298,0.484405,0.406666,0.490536,0.46667,0.470635,0.50748,0.487509,0.425798,0.493612,0.496647,0.47369,0.551103,0.557977,0.453049,0.556429,0.455749,0.539594,0.521102,0.596239,0.504788,0.561009,0.450285,0.557913,0.545633,0.610061,0.526544,0.444628,0.436628,0.452275,0.431177,0,0,0.470602,0.404022
0.450743,0.43941,0.484455,0.42033,0.482925,0.404001,0.490535,0.46666,0.470638,0.507501,0.487507,0.425793,0.493602,0.496622,0.473691,0.551112,0.557941,0.455698,0.554879,0.458454,0.538062,0.521108,0.594699,0.502047,0.561005,0.45025,0.557913,0.545627,0.610065,0.526537,0.444607,0.431226,0.450754,0.428486,0,0,0.470611,0.403948
0.449182,0.436651,0.484406,0.420281,0.482874,0.403965,0.487493,0.466666,0.470625,0.507486,0.485986,0.425763,0.493579,0.496617,0.47368,0.551097,0.556449,0.455727,0.553371,0.458497,0.541091,0.521179,0.594716,0.502088,0.559482,0.450258,0.557914,0.542958,0.610054,0.526536,0.443085,0.428508,0.449191,0.425768,0,0,0.469114,0.401253
0.447667,0.433985,0.484404,0.420276,0.48288,0.403964,0.485985,0.466646,0.470603,0.507483,0.485976,0.425755,0.492094,0.496614,0.473679,0.551099,0.556437,0.455714,0.553351,0.458498,0.542637,0.52389,0.594727,0.504763,0.559477,0.447593,0.557918,0.542961,0.610055,0.523899,0.443059,0.428472,0.44768,0.425727,0,0,0.469103,0.401216
0.446164,0.433897,0.482899,0.420293,0.481334,0.403979,0.484445,0.466639,0.469114,0.507489,0.485969,0.425764,0.492055,0.496636,0.472204,0.551116,0.556415,0.455706,0.550305,0.461178,0.542619,0.523894,0.593195,0.502035,0.559482,0.447586,0.557925,0.545623,0.610042,0.523897,0.443045,0.425792,0.447665,0.423088,0,0,0.469096,0.401188
0.446155,0.43122,0.482894,0.420287,0.481335,0.403971,0.484442,0.466653,0.469095,0.507484,0.485958,0.425767,0.490558,0.499308,0.472202,0.551111,0.556403,0.455706,0.550284,0.461185,0.542613,0.52389,0.593175,0.499358,0.559472,0.447569,0.55792,0.545613,0.610041,0.523902,0.441562,0.425754,0.447663,0.423035,0,0,0.469104,0.398534
0.446149,0.428538,0.482892,0.417579,0.481337,0.401282,0.484428,0.466637,0.469092,0.504798,0.485942,0.425759,0.490537,0.49659,0.472196,0.551106,0.556406,0.453033,0.550308,0.458492,0.54263,0.523866,0.593187,0.499337,0.557991,0.447555,0.556452,0.545622,0.610036,0.523901,0.443042,0.423045,0.447666,0.420306,0,0,0.469122,0.39845
0.44614,0.428491,0.482885,0.417583,0.479846,0.403924,0.484424,0.46662,0.469079,0.504789,0.48446,0.425767,0.490532,0.493933,0.472191,0.551095,0.556398,0.453042,0.550302,0.458502,0.541116,0.523829,0.593176,0.499355,0.557989,0.447558,0.556444,0.542963,0.610031,0.523896,0.44304,0.422983,0.447664,0.417613,0,0,0.469122,0.395804
0.446113,0.428429,0.482876,0.417552,0.479827,0.401269,0.484421,0.463952,0.467593,0.504767,0.484453,0.425757,0.48904,0.493911,0.472183,0.551096,0.554909,0.455699,0.548784,0.461176,0.541125,0.523862,0.593182,0.502051,0.557981,0.447551,0.556441,0.542948,0.610033,0.52654,0.441537,0.417604,0.447652,0.414857,0,0,0.470618,0.393094
0.446101,0.425809,0.482876,0.417568,0.479832,0.403922,0.484426,0.466593,0.467584,0.504768,0.484452,0.425749,0.489041,0.493917,0.472182,0.551093,0.554907,0.45305,0.548784,0.461167,0.541114,0.523849,0.593188,0.502038,0.557975,0.447552,0.556443,0.542941,0.610047,0.526549,0.44152,0.41758,0.447642,0.412158,0,0,0.47061,0.393054
0.444622,0.423087,0.482864,0.414862,0.479807,0.401294,0.4844,0.463893,0.467567,0.502089,0.484431,0.425707,0.489033,0.493889,0.472179,0.551101,0.554911,0.453035,0.550295,0.458485,0.541125,0.523843,0.593183,0.499365,0.557966,0.447547,0.556447,0.542955,0.610055,0.526545,0.441519,0.409443,0.447647,0.406676,0,0,0.470648,0.387633
0.446124,0.420345,0.482886,0.414856,0.479837,0.403946,0.484441,0.463939,0.467569,0.504762,0.484423,0.423071,0.489021,0.493877,0.472189,0.551095,0.554888,0.453045,0.548764,0.461173,0.542638,0.526564,0.593178,0.502087,0.55796,0.447537,0.556442,0.542936,0.610044,0.526544,0.44156,0.406672,0.447691,0.40392,0,0,0.470671,0.384908
0.446131,0.409439,0.482878,0.414872,0.479827,0.403974,0.482923,0.466609,0.466051,0.50475,0.482926,0.423068,0.489014,0.49385,0.472191,0.551081,0.554905,0.453016,0.550301,0.458448,0.541125,0.523886,0.59316,0.499353,0.557952,0.447564,0.556426,0.542941,0.610035,0.526564,0.441563,0.401238,0.449195,0.398524,0,0,0.472187,0.382172
0.446139,0.404038,0.481385,0.417587,0.479809,0.404,0.482922,0.466613,0.466055,0.504747,0.484407,0.423079,0.489013,0.493866,0.472188,0.551087,0.554902,0.453027,0.550295,0.458466,0.541104,0.523861,0.593179,0.499369,0.557955,0.447567,0.556433,0.542957,0.610036,0.526579,0.443041,0.398494,0.450722,0.395756,0,0,0.473692,0.382113
0.44617,0.401234,0.482875,0.417558,0.479815,0.40399,0.48441,0.466631,0.467559,0.50479,0.484431,0.42307,0.489006,0.493894,0.472187,0.55109,0.554903,0.453044,0.550292,0.458476,0.54111,0.523847,0.593183,0.499371,0.557958,0.447579,0.556431,0.542952,0.610032,0.526584,0.443085,0.387638,0.453791,0.384929,0,0,0.475244,0.376721
0.447675,0.398541,0.482875,0.417574,0.478301,0.404011,0.482915,0.466626,0.467563,0.504794,0.48444,0.423077,0.489015,0.493904,0.472187,0.551093,0.554895,0.455697,0.548772,0.461167,0.542647,0.526555,0.593208,0.502034,0.557957,0.447547,0.55644,0.542958,0.610046,0.526563,0.444594,0.384898,0.455343,0.382178,0,0,0.476764,0.37402
0.450734,0.398462,0.482915,0.414836,0.479839,0.401302,0.484418,0.463902,0.46908,0.502075,0.485951,0.423065,0.489043,0.493941,0.472178,0.551125,0.55639,0.45571,0.548775,0.461208,0.544163,0.529276,0.59318,0.502031,0.557993,0.44756,0.556438,0.542961,0.61005,0.526552,0.446137,0.382191,0.458384,0.379463,0,0,0.479825,0.373954
0.452249,0.395789,0.482907,0.414833,0.478312,0.403941,0.484418,0.463884,0.469082,0.502057,0.485972,0.423043,0.489037,0.496639,0.472168,0.551132,0.556386,0.45575,0.54876,0.4639,0.545696,0.52929,0.593178,0.499324,0.55799,0.447562,0.556441,0.542948,0.610055,0.526551,0.446158,0.382132,0.458406,0.379425,0,0,0.481338,0.371311
0.455316,0.393067,0.48292,0.414882,0.478307,0.40397,0.484431,0.463893,0.469094,0.502059,0.487492,0.423064,0.490546,0.496627,0.472165,0.551136,0.55639,0.458425,0.548758,0.466586,0.545698,0.529323,0.593197,0.502038,0.559468,0.447574,0.556446,0.542936,0.610058,0.526547,0.447677,0.379459,0.45995,0.376756,0,0,0.482878,0.373963
0.456825,0.393036,0.484419,0.414865,0.47984,0.403961,0.484428,0.463875,0.469097,0.50204,0.48749,0.423063,0.490556,0.496614,0.472172,0.551116,0.556423,0.455754,0.551815,0.461214,0.547227,0.529303,0.594691,0.502063,0.559473,0.447608,0.556437,0.542947,0.610058,0.526553,0.447699,0.379443,0.461445,0.376728,0,0,0.482903,0.37131
0.456875,0.390358,0.484445,0.417558,0.479845,0.40398,0.484421,0.463878,0.469097,0.502036,0.489035,0.423077,0.490557,0.499324,0.472166,0.551122,0.556442,0.45577,0.551828,0.46389,0.547227,0.5293,0.5947,0.50475,0.559485,0.447605,0.556433,0.542946,0.610058,0.52655,0.44922,0.379407,0.462997,0.376707,0,0,0.485943,0.371306
0.458373,0.390331,0.485953,0.414874,0.481367,0.40396,0.484434,0.461205,0.469101,0.499365,0.489042,0.425706,0.490554,0.499326,0.472163,0.551123,0.557935,0.45573,0.55337,0.461168,0.561019,0.532,0.596267,0.50753,0.559491,0.447614,0.556428,0.542938,0.610056,0.526554,0.450733,0.379397,0.46453,0.376692,0,0,0.485962,0.371294
0.459918,0.387633,0.48598,0.41488,0.481381,0.403966,0.485944,0.46117,0.469119,0.499355,0.490564,0.425701,0.492062,0.496603,0.472171,0.551075,0.557984,0.455736,0.556428,0.458466,0.544179,0.523871,0.594739,0.504758,0.561028,0.450291,0.556432,0.54024,0.610049,0.523895,0.455312,0.376738,0.469126,0.374003,0,0,0.489004,0.371273
0.459942,0.387638,0.487476,0.414884,0.481371,0.403973,0.484448,0.458496,0.469102,0.499329,0.49208,0.425698,0.492064,0.496638,0.47216,0.551076,0.55798,0.45572,0.556412,0.45847,0.545682,0.523845,0.594686,0.499359,0.562537,0.447609,0.556436,0.540223,0.610041,0.523888,0.456826,0.376735,0.470638,0.374012,0,0,0.490542,0.371273
0.462996,0.387641,0.487516,0.417575,0.481369,0.404002,0.482901,0.458473,0.469099,0.496634,0.493617,0.423077,0.492079,0.496622,0.472155,0.551059,0.55948,0.455732,0.556418,0.461156,0.542654,0.52115,0.594694,0.499355,0.564078,0.450257,0.556427,0.5402,0.610031,0.523879,0.45838,0.376719,0.472192,0.374004,0,0,0.49211,0.373967
0.46603,0.387626,0.489045,0.417563,0.482881,0.403999,0.482864,0.458446,0.469094,0.496614,0.495127,0.423084,0.492088,0.499315,0.472158,0.55104,0.561031,0.453024,0.559482,0.455726,0.550309,0.526569,0.597789,0.507486,0.56561,0.450253,0.556418,0.540188,0.610018,0.523843,0.458415,0.376702,0.473694,0.373996,0,0,0.493622,0.373976
0.469127,0.384952,0.493587,0.414856,0.484446,0.403994,0.482898,0.458486,0.469099,0.496649,0.496656,0.423073,0.493607,0.496586,0.472168,0.548392,0.562566,0.455716,0.559479,0.461154,0.561017,0.532038,0.60236,0.512966,0.568666,0.447567,0.556415,0.540186,0.608537,0.523816,0.459969,0.376684,0.475253,0.373992,0,0,0.49516,0.374012
0.470627,0.384943,0.49362,0.414874,0.485967,0.404008,0.482912,0.458477,0.469096,0.496627,0.496702,0.423072,0.493604,0.499319,0.472147,0.548396,0.565591,0.455704,0.559507,0.46115,0.559485,0.532027,0.602382,0.512996,0.570179,0.447586,0.556413,0.537525,0.60853,0.523812,0.461452,0.376671,0.476754,0.373963,0,0,0.496667,0.373979
0.472153,0.387597,0.495124,0.417558,0.487502,0.40401,0.484415,0.455715,0.469117,0.496638,0.498231,0.425713,0.493634,0.49933,0.472142,0.548376,0.565617,0.458431,0.559497,0.463901,0.559486,0.532078,0.603925,0.515682,0.570229,0.447621,0.556427,0.537526,0.610013,0.523812,0.462994,0.376689,0.478294,0.373974,0.458377,0.376694,0.498197,0.373983
0.472178,0.387581,0.495139,0.414878,0.489018,0.40398,0.484424,0.452994,0.469128,0.496609,0.498242,0.425715,0.49364,0.49664,0.472144,0.548373,0.567136,0.458427,0.561006,0.463904,0.559496,0.532064,0.605403,0.515684,0.571728,0.447609,0.556433,0.537504,0.608532,0.521181,0.464523,0.376681,0.478327,0.373982,0,0,0.498219,0.373988
0.473682,0.3876,0.495178,0.417594,0.490556,0.404016,0.48444,0.453007,0.47061,0.496586,0.501275,0.425754,0.493646,0.496642,0.472154,0.548367,0.567153,0.458468,0.561021,0.46393,0.557956,0.532019,0.603923,0.515662,0.571748,0.450276,0.55643,0.537478,0.60853,0.521174,0.467587,0.376695,0.48134,0.37402,0.459938,0.373992,0.499744,0.376691
0.47369,0.387614,0.495184,0.417603,0.49206,0.404018,0.484451,0.453016,0.469125,0.49659,0.501278,0.425758,0.495112,0.496623,0.472147,0.548365,0.568659,0.458432,0.562547,0.463868,0.547255,0.523866,0.603904,0.51568,0.571762,0.45028,0.556411,0.537467,0.608525,0.521159,0.469091,0.376707,0.481351,0.374031,0,0,0.499768,0.376689
0.473694,0.387623,0.496659,0.420281,0.492069,0.406673,0.484435,0.455709,0.469095,0.496618,0.501289,0.425783,0.493639,0.499324,0.470671,0.548369,0.568673,0.458427,0.564071,0.461212,0.545726,0.52111,0.603898,0.515687,0.573249,0.450274,0.556406,0.537452,0.608514,0.521157,0.4691,0.376719,0.481357,0.376673,0.461447,0.373999,0.501259,0.3767
0.473686,0.387629,0.496657,0.417608,0.492072,0.404005,0.484448,0.453019,0.469099,0.493943,0.501284,0.425777,0.493647,0.496614,0.472144,0.548367,0.568664,0.458437,0.562547,0.463877,0.54567,0.51844,0.603882,0.515669,0.571766,0.450286,0.556396,0.537467,0.608514,0.521167,0.467595,0.376714,0.481349,0.37667,0.459941,0.374002,0.499769,0.376703
0.472209,0.387642,0.495187,0.417585,0.492071,0.403983,0.484455,0.450339,0.469094,0.493918,0.501272,0.425765,0.493645,0.496628,0.470661,0.548379,0.567142,0.458466,0.559489,0.466589,0.539569,0.515721,0.599304,0.512979,0.57176,0.45027,0.556382,0.53482,0.608499,0.521176,0.467562,0.376732,0.479849,0.376675,0.459918,0.374025,0.499753,0.376689
0.472194,0.387645,0.495179,0.41758,0.490568,0.403994,0.484433,0.453,0.467573,0.496586,0.501268,0.425745,0.493639,0.496617,0.470655,0.548362,0.567133,0.458457,0.559487,0.463942,0.538073,0.515762,0.597801,0.512956,0.57175,0.450269,0.556378,0.537444,0.608497,0.521177,0.466044,0.376731,0.479829,0.376675,0.459916,0.374018,0.499735,0.376677
0.472185,0.390326,0.495156,0.417605,0.489036,0.406686,0.482925,0.453023,0.467565,0.496603,0.499756,0.425738,0.49363,0.496589,0.470647,0.548366,0.564065,0.461173,0.556431,0.469349,0.539593,0.518441,0.597768,0.515679,0.571725,0.450261,0.5549,0.537446,0.608491,0.521171,0.464529,0.379386,0.478319,0.376691,0.459915,0.376714,0.498213,0.373991
0.472174,0.390355,0.495153,0.417606,0.489036,0.406683,0.482914,0.453041,0.466053,0.496623,0.499749,0.425735,0.493616,0.496621,0.470633,0.54836,0.56407,0.461158,0.556442,0.466675,0.53959,0.518394,0.59628,0.515649,0.571722,0.450265,0.554894,0.534812,0.608478,0.521166,0.46451,0.379412,0.478303,0.376709,0.458398,0.376697,0.498202,0.373998
0.472154,0.393048,0.495143,0.41758,0.490537,0.403993,0.482904,0.453054,0.466026,0.496622,0.498237,0.425745,0.493605,0.499308,0.470613,0.54837,0.564075,0.458492,0.557948,0.466616,0.541103,0.51843,0.596278,0.515673,0.570229,0.450281,0.55488,0.537459,0.606997,0.523819,0.462995,0.379436,0.478279,0.376752,0,0,0.496697,0.374025
0.472136,0.393066,0.495138,0.417596,0.489036,0.404006,0.482892,0.453024,0.464525,0.496605,0.498239,0.425756,0.493598,0.499308,0.470607,0.548374,0.564068,0.458502,0.557945,0.466614,0.539595,0.518447,0.596269,0.515657,0.570222,0.450296,0.554862,0.537478,0.606986,0.52382,0.462973,0.379469,0.47678,0.379375,0,0,0.496697,0.374029
0.470664,0.39308,0.495133,0.417607,0.489026,0.404031,0.482881,0.45305,0.464519,0.496612,0.498234,0.425743,0.493595,0.49663,0.470604,0.548379,0.564079,0.458494,0.557953,0.466602,0.539598,0.518437,0.596275,0.515649,0.570228,0.450301,0.553371,0.537481,0.606987,0.523817,0.461488,0.379487,0.476772,0.379391,0,0,0.496689,0.376658
0.470657,0.393094,0.495129,0.417592,0.489017,0.404,0.482885,0.452991,0.466028,0.493945,0.498232,0.425746,0.493588,0.499313,0.469124,0.54836,0.564068,0.458491,0.557948,0.466597,0.5396,0.518464,0.596257,0.51565,0.570222,0.450297,0.553373,0.537474,0.606977,0.523812,0.461481,0.379491,0.476764,0.379401,0,0,0.496688,0.376666
0.470631,0.395762,0.49512,0.417566,0.487507,0.40399,0.482881,0.452996,0.46603,0.493932,0.498229,0.425722,0.4921,0.496634,0.46912,0.548344,0.562564,0.458503,0.557937,0.466604,0.541101,0.518488,0.596272,0.515658,0.570214,0.45029,0.553366,0.537452,0.606983,0.521163,0.461458,0.382121,0.475266,0.379425,0,0,0.496678,0.374029
0.470606,0.395825,0.493643,0.417565,0.487492,0.403982,0.482885,0.450346,0.466045,0.493901,0.498207,0.425728,0.492095,0.496645,0.46911,0.548341,0.562561,0.45848,0.557945,0.463925,0.538038,0.518384,0.59627,0.515643,0.570208,0.450291,0.55336,0.537454,0.606987,0.521164,0.459965,0.382158,0.47524,0.379476,0,0,0.496653,0.376675
0.466037,0.403911,0.493639,0.420267,0.489034,0.404005,0.482901,0.453079,0.466028,0.496582,0.496709,0.42577,0.492106,0.499329,0.469099,0.548338,0.564083,0.458447,0.55797,0.463889,0.538064,0.518369,0.597772,0.515671,0.570226,0.450297,0.554857,0.53482,0.606985,0.52115,0.458428,0.393064,0.472188,0.390321,0,0,0.493633,0.379452
0.462981,0.40945,0.495145,0.420285,0.493595,0.403999,0.484397,0.458488,0.466031,0.493939,0.496699,0.425766,0.493586,0.499324,0.469104,0.545694,0.565615,0.455766,0.559511,0.461162,0.544154,0.521139,0.597804,0.515671,0.57023,0.450326,0.553372,0.534802,0.606979,0.521148,0.458386,0.401204,0.470628,0.398493,0,0,0.49056,0.382155
0.461447,0.433982,0.495119,0.42299,0.492098,0.409407,0.482887,0.463949,0.466059,0.496608,0.496669,0.42583,0.493596,0.499307,0.469106,0.548339,0.56714,0.45575,0.56254,0.458477,0.53958,0.515747,0.59933,0.515699,0.571727,0.450342,0.553371,0.534801,0.606986,0.521153,0.458352,0.428475,0.461465,0.425723,0,0,0.479817,0.401204
0.467578,0.444851,0.495159,0.420322,0.495134,0.406666,0.485962,0.466607,0.467573,0.496618,0.495185,0.425786,0.493592,0.496626,0.469102,0.54567,0.565628,0.455702,0.562546,0.45575,0.538062,0.515737,0.599307,0.51566,0.570218,0.45033,0.553356,0.534783,0.606971,0.521142,0,0,0.462997,0.433936,0,0,0.473724,0.40943
0.469085,0.466665,0.489035,0.42582,0.487483,0.425749,0.485948,0.482959,0.464506,0.510168,0.492074,0.425732,0.492101,0.493918,0.469121,0.545646,0.562557,0.455723,0.561019,0.45577,0.536534,0.515746,0.597799,0.512995,0.567145,0.450309,0.553351,0.534781,0.606967,0.52116,0.467582,0.463932,0.466033,0.46115,0,0,0.470642,0.436651
0.462973,0.474795,0.489015,0.428533,0.489009,0.428466,0.490552,0.493884,0.470635,0.51845,0.487499,0.428436,0.493638,0.502064,0.469102,0.545649,0.564068,0.453041,0.564065,0.452989,0.536539,0.515756,0.597797,0.512974,0.567119,0.452998,0.551826,0.534818,0.606954,0.521163,0,0,0.458404,0.469322,0,0,0.462984,0.442081
0.472184,0.496621,0.489029,0.44485,0.492086,0.44208,0.498227,0.515695,0.473688,0.545669,0.484444,0.442092,0.49667,0.518378,0.466056,0.548393,0.56713,0.447621,0.568689,0.444826,0.562557,0.523861,0.602383,0.515676,0.56562,0.450336,0.551816,0.534815,0.606936,0.521169,0.459924,0.512978,0.467576,0.493889,0,0,0.46451,0.47206
0.472202,0.507492,0.49055,0.453019,0.492091,0.450275,0.496663,0.521127,0.472191,0.548321,0.485972,0.447514,0.496679,0.52382,0.466032,0.548403,0.56713,0.450274,0.568676,0.447523,0.559475,0.529266,0.600848,0.512977,0.56562,0.450316,0.551806,0.534796,0.606933,0.521157,0.464518,0.513003,0.469114,0.499342,0,0,0.469103,0.477548
0.472188,0.504783,0.490551,0.455694,0.489018,0.450258,0.498207,0.521117,0.472163,0.545696,0.492073,0.45027,0.496665,0.526537,0.464521,0.548426,0.568693,0.455735,0.567159,0.455763,0.553351,0.534724,0.602366,0.515642,0.570241,0.450316,0.553346,0.534758,0.606959,0.521159,0.462982,0.510264,0.469113,0.496604,0,0,0.470635,0.474807
0.472195,0.50747,0.490553,0.458427,0.489019,0.453002,0.496713,0.521159,0.472134,0.545661,0.492064,0.450299,0.496673,0.526567,0.464522,0.548402,0.568691,0.455751,0.567152,0.45846,0.551826,0.534742,0.602376,0.515664,0.570241,0.450282,0.553336,0.534746,0.606958,0.52115,0.464532,0.510265,0.470618,0.499307,0,0,0.470631,0.474832
0.472162,0.510199,0.492063,0.461175,0.490536,0.455747,0.496691,0.526546,0.470627,0.5484,0.493591,0.453021,0.496685,0.529307,0.462996,0.54842,0.570199,0.455752,0.568676,0.458446,0.553356,0.534741,0.602378,0.513019,0.571745,0.450296,0.553346,0.534756,0.606975,0.521146,0.46146,0.512952,0.467565,0.502083,0,0,0.470644,0.474792
0.470667,0.510236,0.490575,0.463863,0.489041,0.458472,0.496674,0.526582,0.470605,0.54839,0.492106,0.453054,0.496679,0.529329,0.462986,0.548419,0.568694,0.455761,0.567154,0.458478,0.551843,0.534759,0.602361,0.515646,0.571724,0.450267,0.553346,0.534753,0.606964,0.52114,0.461443,0.512954,0.466039,0.504769,0,0,0.470628,0.474789
0.472167,0.510199,0.492058,0.461216,0.49054,0.458448,0.496696,0.529258,0.470608,0.548407,0.493586,0.455735,0.496693,0.532011,0.462983,0.551057,0.570189,0.455744,0.568677,0.458436,0.551838,0.534747,0.602375,0.515629,0.571719,0.450278,0.551843,0.534772,0.606963,0.521139,0.46147,0.512976,0.467582,0.504758,0,0,0.47064,0.472097
0.472203,0.507499,0.490573,0.461186,0.490541,0.455744,0.496685,0.526613,0.47061,0.54843,0.492094,0.45575,0.496687,0.532011,0.462978,0.551071,0.570179,0.455708,0.568675,0.455745,0.553348,0.534755,0.602388,0.515636,0.570231,0.450272,0.55184,0.534765,0.60696,0.521136,0.463003,0.513001,0.469119,0.502052,0,0,0.470646,0.472121
0.472194,0.510222,0.49057,0.461153,0.489027,0.453001,0.496695,0.526565,0.469117,0.548369,0.493585,0.458458,0.496691,0.532004,0.462984,0.551061,0.568693,0.455737,0.568656,0.458441,0.553347,0.534776,0.602374,0.515632,0.570231,0.450264,0.553333,0.534758,0.606966,0.521141,0.463001,0.515668,0.470621,0.504784,0,0,0.472142,0.477546
0.473685,0.507504,0.490558,0.458489,0.487514,0.450324,0.496693,0.523899,0.469108,0.545681,0.492112,0.458456,0.4967,0.53197,0.463001,0.551054,0.568674,0.455751,0.567139,0.458467,0.551843,0.534757,0.602374,0.515638,0.570222,0.450263,0.553331,0.534756,0.606971,0.521142,0.464516,0.512989,0.470638,0.50205,0,0,0.472168,0.474837
0.472195,0.510201,0.492059,0.458454,0.489038,0.450326,0.498201,0.526571,0.470644,0.54835,0.493594,0.455741,0.496698,0.529332,0.463,0.548411,0.568686,0.458417,0.56715,0.458495,0.551836,0.534745,0.602377,0.515633,0.570237,0.450288,0.553333,0.534755,0.606971,0.521133,0.462997,0.515649,0.470628,0.504746,0,0,0.472142,0.477536
0.472197,0.507522,0.49207,0.455773,0.489019,0.450327,0.496705,0.523855,0.470652,0.545668,0.493608,0.453048,0.496713,0.529254,0.464506,0.548402,0.568676,0.458423,0.567131,0.461184,0.55183,0.534747,0.602383,0.515649,0.57023,0.450253,0.553329,0.534736,0.606964,0.521126,0.464507,0.512962,0.470642,0.499341,0,0,0.472171,0.474801
0.467562,0.504756,0.492077,0.450292,0.489034,0.444871,0.496657,0.518391,0.470628,0.545629,0.493625,0.450312,0.496696,0.526564,0.464518,0.551055,0.570211,0.45571,0.570188,0.455722,0.553349,0.532068,0.602358,0.512973,0.571739,0.450301,0.551835,0.534744,0.606954,0.521119,0,0,0.46145,0.493847,0,0,0.470622,0.466667
0.466041,0.502049,0.490574,0.444873,0.487499,0.439356,0.495158,0.515668,0.470655,0.537506,0.493644,0.447591,0.496687,0.523852,0.463004,0.551043,0.570188,0.455706,0.568666,0.455746,0.553358,0.534715,0.602357,0.512971,0.571726,0.450274,0.551842,0.534745,0.606943,0.521118,0.456849,0.507468,0.459932,0.491141,0,0,0.47064,0.461197
0.459927,0.482946,0.490563,0.439382,0.485968,0.431203,0.490557,0.491207,0.462985,0.510228,0.493623,0.444804,0.496664,0.518386,0.464518,0.551063,0.56867,0.45302,0.567154,0.453044,0.554884,0.532058,0.600863,0.512895,0.570214,0.447623,0.553337,0.534742,0.606957,0.521117,0,0,0.458398,0.469311,0,0,0.470641,0.442143
0.458353,0.472065,0.492056,0.433978,0.485967,0.428512,0.490537,0.491148,0.462986,0.50752,0.493628,0.439417,0.496649,0.515684,0.464508,0.54841,0.567154,0.453032,0.565618,0.455732,0.5549,0.532038,0.599336,0.510217,0.570195,0.44761,0.553329,0.534753,0.606942,0.521115,0.452258,0.466593,0.456849,0.461177,0,0,0.470633,0.431215
0.453781,0.45575,0.489025,0.428517,0.482908,0.423002,0.484446,0.477529,0.464522,0.504773,0.493623,0.433969,0.495156,0.510255,0.464507,0.548372,0.564093,0.453041,0.561032,0.455754,0.547237,0.526598,0.597772,0.510173,0.568678,0.447626,0.55333,0.534757,0.606941,0.521091,0.446155,0.447564,0.45378,0.442099,0,0,0.472154,0.414888
0.452245,0.447577,0.489006,0.42581,0.482921,0.420295,0.485973,0.472086,0.466045,0.499375,0.492112,0.431197,0.495114,0.507538,0.466034,0.548329,0.561035,0.455709,0.559472,0.458451,0.547227,0.52661,0.596271,0.507518,0.567158,0.447609,0.551838,0.534768,0.606946,0.521094,0.446138,0.4367,0.453781,0.433913,0,0,0.472183,0.403975
0.449219,0.4312,0.48751,0.423074,0.485969,0.409438,0.485951,0.469315,0.466036,0.499331,0.490574,0.428514,0.4921,0.502038,0.466049,0.545656,0.561014,0.453001,0.559493,0.453001,0.535013,0.513001,0.596243,0.507507,0.565619,0.450281,0.550298,0.534808,0.605462,0.521097,0.446111,0.423081,0.453788,0.420285,0,0,0.473738,0.39579
0.449229,0.425814,0.485957,0.423017,0.48292,0.409394,0.484413,0.466613,0.464517,0.49665,0.490535,0.425816,0.492061,0.496641,0.466033,0.545667,0.559499,0.45302,0.557944,0.455739,0.53654,0.515675,0.594733,0.504789,0.565611,0.447614,0.550292,0.534808,0.605468,0.521103,0.446111,0.42027,0.45531,0.409396,0,0,0.475224,0.387662
0.450727,0.417586,0.485987,0.417593,0.484444,0.406673,0.484458,0.466635,0.462998,0.499327,0.489032,0.423069,0.487508,0.493939,0.464515,0.545671,0.559477,0.452997,0.557946,0.453031,0.535022,0.515676,0.594749,0.510211,0.562564,0.450271,0.548787,0.537463,0.605463,0.521128,0.446114,0.403978,0.45534,0.401173,0,0,0.475247,0.382137
0.450721,0.409423,0.485977,0.414871,0.484455,0.403975,0.485959,0.46388,0.4645,0.496607,0.487504,0.423075,0.48598,0.49391,0.464516,0.545684,0.5595,0.45032,0.559488,0.450301,0.548764,0.52114,0.596262,0.510255,0.562541,0.450268,0.550287,0.537471,0.605456,0.521141,0.446108,0.401227,0.456835,0.395803,0,0,0.476754,0.379446
0.450721,0.403926,0.485954,0.412121,0.484437,0.401279,0.484407,0.455797,0.461463,0.496587,0.48598,0.423021,0.484442,0.493858,0.461484,0.548345,0.557972,0.452983,0.557935,0.453032,0.568678,0.518374,0.596242,0.507513,0.56101,0.447573,0.548773,0.537474,0.605439,0.521129,0.4461,0.395793,0.456852,0.38761,0,0,0.476769,0.373996
0.450721,0.401236,0.484463,0.412121,0.484435,0.401284,0.48292,0.458442,0.459967,0.493944,0.485953,0.423012,0.482928,0.493881,0.461472,0.548345,0.557965,0.452978,0.557937,0.453013,0.567138,0.518408,0.59624,0.510205,0.559507,0.447582,0.548766,0.537479,0.605421,0.521131,0.446097,0.393074,0.456859,0.384863,0,0,0.476784,0.371298
0.449199,0.398507,0.484418,0.409386,0.482909,0.401204,0.48137,0.455761,0.459917,0.493924,0.484414,0.423011,0.482879,0.491185,0.461463,0.545684,0.557959,0.450302,0.55794,0.450274,0.573263,0.507509,0.594711,0.507496,0.559479,0.447607,0.548745,0.537494,0.605405,0.52112,0.444611,0.384927,0.456849,0.379482,0,0,0.478277,0.368548
0.447707,0.395824,0.484403,0.406727,0.482883,0.401173,0.479852,0.455724,0.459906,0.493897,0.482927,0.423011,0.482861,0.491178,0.461464,0.545675,0.557937,0.450267,0.557924,0.447574,0.57327,0.507524,0.594699,0.507492,0.559465,0.447581,0.548751,0.537498,0.605409,0.521126,0.444604,0.382221,0.456841,0.379425,0,0,0.476801,0.368546
0.447665,0.395765,0.482866,0.406693,0.481346,0.39854,0.479814,0.461166,0.458421,0.496576,0.482874,0.42298,0.481348,0.491197,0.459953,0.548375,0.556407,0.450298,0.553355,0.453019,0.533496,0.513011,0.593176,0.504787,0.557959,0.447534,0.547262,0.537515,0.603908,0.52113,0.44309,0.382166,0.455329,0.37939,0,0,0.476762,0.371228
0.446163,0.395784,0.479839,0.40668,0.476781,0.398534,0.476768,0.463877,0.458411,0.496632,0.481365,0.420336,0.48133,0.491185,0.459945,0.548381,0.554897,0.450304,0.55031,0.455724,0.534969,0.513034,0.593162,0.504796,0.557936,0.44752,0.547257,0.537503,0.603909,0.521146,0.443042,0.38217,0.453805,0.379413,0,0,0.475254,0.371228
0.444625,0.401216,0.479819,0.40668,0.478297,0.39849,0.478285,0.46387,0.458424,0.499306,0.478318,0.423061,0.479835,0.49385,0.459931,0.548413,0.553364,0.45031,0.551826,0.450314,0.534992,0.515674,0.593168,0.507478,0.556418,0.447595,0.547243,0.537523,0.603905,0.523813,0.439994,0.390345,0.449205,0.384882,0,0,0.472209,0.3713
0.443086,0.404003,0.478304,0.406716,0.476785,0.401192,0.476763,0.463914,0.458399,0.499313,0.478303,0.423,0.479824,0.491224,0.459927,0.548403,0.553343,0.450331,0.550297,0.453027,0.534999,0.515705,0.593155,0.507495,0.556398,0.447595,0.547234,0.540206,0.602385,0.523837,0.438479,0.398472,0.446156,0.393103,0,0,0.470652,0.37404
0.443039,0.425796,0.476784,0.406713,0.478283,0.398514,0.476786,0.463942,0.458389,0.49934,0.47675,0.423013,0.479855,0.491146,0.459954,0.551037,0.551818,0.452978,0.550282,0.453002,0.538045,0.518456,0.59165,0.507478,0.554893,0.447614,0.547223,0.542927,0.602372,0.523882,0.433895,0.420301,0.443082,0.412159,0,0,0.459927,0.390312
0.443082,0.436669,0.475233,0.414842,0.475227,0.40128,0.47983,0.469393,0.459886,0.507492,0.475245,0.422999,0.481344,0.491159,0.461443,0.548411,0.551807,0.45302,0.548767,0.455714,0.545694,0.529301,0.593183,0.510221,0.55487,0.450275,0.547228,0.542962,0.602373,0.523898,0.435435,0.431209,0.441559,0.425776,0,0,0.455337,0.401219
0.441544,0.452982,0.473733,0.414852,0.47525,0.403964,0.481368,0.474835,0.459918,0.512911,0.473685,0.417619,0.478323,0.491165,0.45996,0.551037,0.550291,0.450308,0.553343,0.447558,0.55029,0.529294,0.593185,0.510241,0.550297,0.450325,0.545736,0.545632,0.602359,0.526571,0,0,0.439995,0.433987,0,0,0.447673,0.425714
0.450732,0.49386,0.472191,0.425787,0.475257,0.425776,0.493628,0.483008,0.466038,0.534767,0.469129,0.420285,0.479846,0.491121,0.46146,0.54838,0.547218,0.452984,0.545714,0.453028,0.541117,0.529325,0.590123,0.507513,0.548775,0.450255,0.547228,0.545623,0.602377,0.526579,0,0,0.446161,0.485697,0,0,0.446136,0.444873
0.45685,0.493904,0.470643,0.450288,0.476769,0.47209,0.487515,0.512964,0.464537,0.540206,0.464503,0.428485,0.481369,0.499316,0.461479,0.551062,0.545711,0.450309,0.54419,0.452997,0.548764,0.529312,0.588591,0.504758,0.547247,0.447614,0.547213,0.545633,0.603882,0.529287,0.444605,0.512971,0.449196,0.493915,0,0,0.447689,0.469361
0.458351,0.493937,0.470657,0.450312,0.476788,0.472074,0.485974,0.518422,0.46605,0.545654,0.464511,0.433946,0.481358,0.507481,0.461461,0.551106,0.547225,0.447612,0.547245,0.44756,0.557937,0.523868,0.593158,0.507514,0.547241,0.450263,0.547233,0.545652,0.603909,0.529306,0.44613,0.515688,0.450724,0.496609,0,0,0.449207,0.474797
0.456869,0.499335,0.472139,0.463877,0.478308,0.480235,0.4921,0.518431,0.466054,0.548398,0.467566,0.439378,0.479854,0.504808,0.461445,0.551135,0.547232,0.45303,0.548767,0.450321,0.559483,0.526584,0.593191,0.510248,0.54724,0.452988,0.54876,0.548319,0.605413,0.52934,0.446151,0.515666,0.4492,0.504763,0,0,0.452255,0.482958
0.456819,0.502075,0.472155,0.46388,0.478307,0.480223,0.493616,0.518458,0.466057,0.548403,0.469085,0.442087,0.479842,0.507493,0.461433,0.551148,0.548774,0.452979,0.551823,0.450262,0.561031,0.523848,0.594685,0.512903,0.548764,0.450331,0.548745,0.548369,0.605402,0.531966,0.446116,0.515694,0.447664,0.507473,0,0,0.453773,0.485682
0.456827,0.504789,0.473682,0.463927,0.479838,0.480258,0.492093,0.52114,0.46453,0.548396,0.472135,0.442096,0.481383,0.510228,0.461435,0.55379,0.551815,0.452981,0.553365,0.450259,0.565622,0.515682,0.594692,0.510253,0.55031,0.452992,0.547262,0.548373,0.603918,0.531978,0.446122,0.518387,0.447689,0.507491,0,0,0.455307,0.485663
0.45685,0.507502,0.4737,0.46661,0.481362,0.480276,0.49514,0.521145,0.467573,0.548355,0.472164,0.442135,0.482876,0.510225,0.461466,0.553792,0.553361,0.452977,0.554904,0.450283,0.568678,0.515671,0.596237,0.51299,0.55183,0.45033,0.548745,0.548388,0.603921,0.531972,0.446119,0.518431,0.450731,0.502075,0,0,0.456829,0.485719
0.459946,0.499327,0.475256,0.463934,0.485951,0.482966,0.499745,0.518379,0.470648,0.548415,0.472184,0.444797,0.484439,0.512897,0.461482,0.553833,0.554902,0.453046,0.556421,0.453005,0.568683,0.51841,0.596259,0.515644,0.554867,0.452995,0.548779,0.548384,0.60542,0.531982,0.449194,0.515663,0.458353,0.493892,0.455325,0.51839,0.456866,0.485708
0.459937,0.496617,0.475245,0.466626,0.484427,0.482993,0.49668,0.518425,0.470617,0.548428,0.472205,0.444824,0.484455,0.512897,0.462981,0.553831,0.556391,0.455737,0.55643,0.453061,0.568684,0.518408,0.596232,0.512965,0.554904,0.45303,0.550282,0.54838,0.605419,0.531973,0.45072,0.512978,0.458347,0.491236,0.455311,0.518379,0.456853,0.483001
0.459929,0.496607,0.476751,0.466651,0.485957,0.483004,0.496691,0.518445,0.470613,0.548418,0.473686,0.444843,0.485947,0.512959,0.462971,0.553858,0.556425,0.455765,0.556442,0.455735,0.565608,0.523864,0.594736,0.512921,0.556414,0.455714,0.550298,0.54839,0.605429,0.53197,0.450716,0.515648,0.456855,0.49387,0.455322,0.515703,0.45683,0.480291
0.459936,0.496606,0.475273,0.469345,0.485974,0.485718,0.496702,0.521123,0.470661,0.548396,0.473683,0.444843,0.485948,0.512941,0.462976,0.553863,0.556423,0.455771,0.556439,0.455752,0.567147,0.521173,0.594739,0.512918,0.556414,0.455707,0.5503,0.548385,0.605434,0.531972,0.450737,0.512945,0.456864,0.493869,0.455317,0.515685,0.45685,0.482984
0.458381,0.502053,0.475232,0.469375,0.484438,0.488401,0.498228,0.521133,0.470655,0.553813,0.472208,0.444867,0.484452,0.512961,0.461486,0.553868,0.556397,0.455777,0.556415,0.455783,0.568664,0.521131,0.59474,0.512937,0.556391,0.453028,0.550291,0.548391,0.605429,0.531968,0.447686,0.518378,0.452254,0.502048,0,0,0.455297,0.485711
0.458393,0.499327,0.475221,0.46935,0.484433,0.485733,0.499742,0.521131,0.470634,0.551107,0.472195,0.444871,0.484449,0.512991,0.461484,0.553875,0.55639,0.455777,0.556415,0.455768,0.568681,0.518413,0.594743,0.512947,0.554906,0.455699,0.550288,0.548391,0.605421,0.531971,0.44768,0.518374,0.45227,0.499337,0.453801,0.518403,0.453808,0.485701
0.459912,0.499316,0.475239,0.466643,0.484439,0.482987,0.502803,0.515692,0.470634,0.553799,0.47221,0.444839,0.484442,0.512965,0.461484,0.553881,0.554903,0.458451,0.554904,0.458474,0.559486,0.534752,0.594752,0.515643,0.55638,0.455703,0.550285,0.548396,0.605444,0.531969,0.449209,0.510246,0.455329,0.496608,0.452265,0.52112,0.456832,0.488354
0.459914,0.496631,0.47524,0.466635,0.484441,0.482977,0.5028,0.515685,0.470631,0.553797,0.47221,0.444833,0.484442,0.512962,0.461485,0.553879,0.554903,0.458449,0.554904,0.458471,0.559484,0.534754,0.594751,0.515641,0.55638,0.455703,0.550284,0.548397,0.605444,0.531969,0.449209,0.510236,0.45533,0.496601,0.452267,0.521109,0.456831,0.488348
0.458402,0.502065,0.475226,0.466642,0.484418,0.482994,0.501268,0.518366,0.469093,0.551137,0.472213,0.444829,0.484455,0.512956,0.462972,0.553869,0.554901,0.45847,0.5549,0.458498,0.559488,0.534764,0.594749,0.515646,0.556383,0.455696,0.55028,0.548399,0.605448,0.531969,0.447691,0.51566,0.452271,0.502061,0.453776,0.521113,0.45534,0.488356
0.458392,0.504765,0.475233,0.466622,0.484421,0.482958,0.502805,0.515707,0.469115,0.551144,0.472216,0.444833,0.484459,0.51296,0.462975,0.553867,0.55491,0.458468,0.554908,0.458485,0.557957,0.537471,0.594734,0.515645,0.55639,0.455718,0.55028,0.548399,0.605447,0.531965,0.447684,0.515696,0.453785,0.499347,0.452267,0.521149,0.455333,0.485733
0.458383,0.504805,0.475244,0.46665,0.484428,0.482993,0.501285,0.515739,0.470613,0.548369,0.473674,0.444849,0.484454,0.513006,0.461486,0.553862,0.556393,0.458451,0.556406,0.455772,0.557965,0.534757,0.59473,0.513001,0.556397,0.455753,0.550282,0.548407,0.605447,0.531963,0.447674,0.51839,0.450743,0.50479,0.452261,0.523827,0.455319,0.488357
0.458378,0.507479,0.475253,0.469323,0.484436,0.48568,0.499753,0.518433,0.469117,0.551089,0.473691,0.444853,0.484467,0.512984,0.462969,0.553849,0.556403,0.458443,0.556417,0.455769,0.557957,0.534751,0.596231,0.515649,0.556408,0.455733,0.550281,0.5484,0.605453,0.531969,0.44769,0.515707,0.452271,0.502065,0.452252,0.523834,0.455336,0.485737
0.458369,0.510198,0.47527,0.469322,0.484442,0.485685,0.499748,0.518457,0.470619,0.55105,0.473701,0.444873,0.485959,0.51302,0.462975,0.55385,0.55643,0.455765,0.557934,0.453053,0.557954,0.532041,0.594719,0.512973,0.556428,0.455744,0.550298,0.548399,0.605446,0.531966,0.447692,0.518418,0.450728,0.507506,0.450739,0.523886,0.455325,0.488366
0.458374,0.510198,0.475271,0.469352,0.484447,0.485722,0.501284,0.521096,0.470665,0.548349,0.473704,0.444876,0.485972,0.513024,0.462976,0.553852,0.556425,0.458426,0.556444,0.455732,0.559478,0.532038,0.594727,0.51299,0.556425,0.455745,0.550297,0.548394,0.605445,0.531967,0.447691,0.521116,0.449218,0.510206,0.452249,0.523871,0.455325,0.488381
0.458407,0.507495,0.475272,0.469367,0.484427,0.485739,0.498199,0.521164,0.469106,0.553787,0.473724,0.444871,0.485987,0.515657,0.462979,0.553862,0.556436,0.45842,0.556445,0.455742,0.562557,0.529298,0.596229,0.51566,0.556445,0.455721,0.550308,0.548407,0.605447,0.531972,0.449185,0.518389,0.453785,0.504773,0.450737,0.523863,0.456823,0.488389
0.459909,0.507494,0.476762,0.469359,0.484428,0.485732,0.495157,0.521162,0.467597,0.553827,0.473734,0.444879,0.485991,0.515694,0.462986,0.553865,0.556426,0.45846,0.556418,0.45847,0.562561,0.529325,0.596231,0.51566,0.55645,0.455717,0.550308,0.548403,0.605443,0.529341,0.449203,0.518389,0.456838,0.499342,0.450734,0.523883,0.456841,0.488353
0.458408,0.510251,0.476752,0.472058,0.482916,0.488422,0.496658,0.523866,0.46909,0.553823,0.475212,0.447525,0.487486,0.515729,0.462981,0.553875,0.556422,0.461148,0.556398,0.461203,0.564082,0.529294,0.594747,0.513012,0.557919,0.455722,0.550313,0.548408,0.605454,0.531973,0.449192,0.521117,0.452276,0.507521,0.452248,0.523878,0.45685,0.488394
0.458376,0.512937,0.476752,0.469408,0.482905,0.488407,0.495161,0.52388,0.469096,0.553836,0.475212,0.44752,0.487495,0.515711,0.462979,0.553878,0.556421,0.4585,0.556397,0.461197,0.562544,0.532018,0.594738,0.512992,0.557918,0.455717,0.550304,0.548404,0.605453,0.531968,0.447689,0.521143,0.450725,0.510222,0.450716,0.526571,0.45684,0.488396
0.458403,0.510261,0.476759,0.469406,0.482916,0.488405,0.496659,0.523847,0.470621,0.553819,0.475219,0.447538,0.487512,0.515686,0.462994,0.553872,0.556437,0.458479,0.556425,0.458499,0.564074,0.529309,0.594731,0.512972,0.557923,0.455735,0.551811,0.5484,0.605452,0.53197,0.449191,0.52113,0.45074,0.510207,0.450744,0.52656,0.45684,0.488382
0.459899,0.510198,0.476764,0.469404,0.482912,0.488418,0.496655,0.523874,0.470621,0.553779,0.475219,0.447515,0.487515,0.515672,0.464499,0.553855,0.556429,0.458489,0.556408,0.461173,0.561023,0.532021,0.594741,0.512965,0.557919,0.455722,0.551815,0.548386,0.605459,0.529347,0.449205,0.521099,0.453785,0.507471,0.450734,0.526561,0.456849,0.488378
0.458399,0.510223,0.47678,0.469369,0.484421,0.485729,0.498201,0.523834,0.470646,0.55112,0.475225,0.444885,0.487518,0.515691,0.463001,0.553851,0.55792,0.458447,0.557948,0.455767,0.562545,0.529301,0.596231,0.512995,0.55792,0.455757,0.551816,0.548388,0.605465,0.529343,0.449198,0.521126,0.450734,0.510216,0.452265,0.523884,0.456831,0.488396
0.458362,0.512934,0.476767,0.469397,0.484409,0.488405,0.496676,0.523847,0.469129,0.551085,0.475222,0.444881,0.487502,0.51567,0.464502,0.553827,0.55641,0.461186,0.554892,0.463918,0.561017,0.532019,0.594749,0.512993,0.557927,0.453033,0.551827,0.548348,0.605467,0.529337,0.447686,0.523865,0.449218,0.510253,0.45227,0.526556,0.456824,0.488383
0.458404,0.51024,0.47677,0.472056,0.484415,0.488438,0.496702,0.523857,0.470617,0.551085,0.475225,0.444883,0.487502,0.515687,0.464509,0.553843,0.556416,0.461168,0.554894,0.463907,0.564077,0.529294,0.594753,0.512987,0.55793,0.453035,0.551837,0.548357,0.605467,0.529328,0.449197,0.521133,0.45074,0.510198,0.452257,0.526565,0.456836,0.488377
0.459894,0.507518,0.476774,0.469412,0.484422,0.488447,0.496709,0.523847,0.470645,0.551069,0.475223,0.444875,0.48751,0.515689,0.464508,0.553836,0.556418,0.46117,0.5549,0.463902,0.565604,0.526589,0.596242,0.513003,0.557931,0.453038,0.553331,0.54833,0.606941,0.529348,0.449217,0.518416,0.452269,0.507486,0.452268,0.523884,0.456834,0.488362
0.458385,0.510262,0.476774,0.469399,0.484426,0.488434,0.498236,0.521159,0.470646,0.551064,0.475222,0.444872,0.48752,0.51566,0.464528,0.553819,0.556417,0.461167,0.554904,0.463884,0.567134,0.526587,0.596259,0.515641,0.557923,0.453046,0.553342,0.548339,0.606945,0.529329,0.449182,0.523824,0.45072,0.510216,0.452257,0.526568,0.456822,0.488357
0.456866,0.512943,0.476773,0.469378,0.484421,0.488399,0.496707,0.521168,0.470639,0.551072,0.47522,0.444848,0.489006,0.515637,0.46453,0.553819,0.556414,0.461156,0.554895,0.463876,0.559494,0.534758,0.594742,0.512962,0.557927,0.45303,0.553353,0.548333,0.606955,0.529323,0.447683,0.523859,0.447703,0.510237,0.452256,0.52657,0.45531,0.485695
0.45685,0.512944,0.476749,0.472053,0.484423,0.488444,0.49666,0.523853,0.470644,0.55107,0.47374,0.444843,0.489006,0.515628,0.464534,0.553812,0.556388,0.461193,0.553364,0.466602,0.559476,0.537499,0.596237,0.515665,0.557916,0.452997,0.553348,0.548324,0.606953,0.529309,0.447683,0.523834,0.447693,0.510236,0.452266,0.52656,0.455306,0.485725
0.456868,0.512965,0.475268,0.472071,0.484423,0.48846,0.498201,0.521164,0.472177,0.548407,0.473736,0.444842,0.48901,0.51302,0.466035,0.553801,0.5549,0.461194,0.553338,0.46662,0.557948,0.540203,0.596231,0.515669,0.556452,0.452986,0.553345,0.548324,0.606949,0.529295,0.447692,0.523854,0.44919,0.510229,0,0,0.455314,0.485729
0.456871,0.512993,0.476758,0.469404,0.484443,0.488449,0.498208,0.521146,0.472195,0.548396,0.47374,0.444808,0.489022,0.512988,0.466039,0.553788,0.556406,0.458486,0.55488,0.461211,0.557959,0.540186,0.596232,0.513003,0.557924,0.453014,0.553348,0.54833,0.606948,0.529287,0.447695,0.523861,0.449199,0.510222,0.452276,0.526613,0.45532,0.485721
0.458366,0.510253,0.47527,0.469385,0.484442,0.488442,0.498203,0.521125,0.472174,0.548428,0.473731,0.442138,0.489018,0.512972,0.46604,0.553764,0.5564,0.458485,0.554874,0.461226,0.561024,0.534768,0.596249,0.512977,0.557921,0.450331,0.553358,0.548321,0.606945,0.529274,0.447699,0.521138,0.449225,0.507516,0.453795,0.523874,0.455322,0.485689
0.458367,0.510268,0.475273,0.469369,0.484434,0.488425,0.498234,0.521121,0.472149,0.54842,0.47373,0.442141,0.489019,0.512964,0.464527,0.553758,0.556414,0.458442,0.556392,0.458482,0.559504,0.534757,0.596279,0.51568,0.557915,0.452996,0.553362,0.545682,0.606951,0.52925,0.447682,0.521137,0.449214,0.510179,0.452264,0.526578,0.455333,0.485689
0.458359,0.51294,0.475265,0.46936,0.48442,0.48841,0.496667,0.521151,0.47064,0.548425,0.473738,0.442136,0.489015,0.512964,0.464533,0.551138,0.556387,0.458465,0.553366,0.463877,0.559502,0.534777,0.597783,0.518373,0.557913,0.45028,0.553372,0.545656,0.606953,0.52661,0.447683,0.523811,0.450728,0.507513,0,0,0.456829,0.485696
0.45841,0.510264,0.475258,0.469337,0.482901,0.485741,0.495163,0.521145,0.469104,0.551096,0.47374,0.444785,0.489015,0.512967,0.46452,0.551138,0.554884,0.458477,0.551828,0.463932,0.559487,0.53747,0.59627,0.515703,0.556441,0.447612,0.553368,0.545643,0.606944,0.526594,0.449196,0.521109,0.453801,0.504769,0,0,0.45685,0.485687
0.458413,0.51024,0.475263,0.469332,0.482909,0.485742,0.495152,0.521147,0.469111,0.551102,0.473741,0.444778,0.489014,0.512958,0.46452,0.551131,0.554889,0.458462,0.551832,0.463917,0.557969,0.537501,0.596267,0.515712,0.556445,0.447613,0.553366,0.545646,0.606944,0.526593,0.449199,0.518423,0.455313,0.50206,0.452247,0.526575,0.456854,0.48568
0.459898,0.510246,0.475266,0.469318,0.482911,0.485703,0.495158,0.521132,0.470631,0.548421,0.473743,0.444788,0.48901,0.512962,0.46451,0.551131,0.554906,0.455765,0.553364,0.461186,0.564086,0.52932,0.597775,0.51572,0.556439,0.447608,0.553364,0.545633,0.606945,0.526604,0.449203,0.521093,0.45532,0.502084,0.452251,0.526567,0.456851,0.485694
0.458414,0.51025,0.476747,0.466678,0.482914,0.485683,0.495127,0.521127,0.469127,0.551067,0.473743,0.44479,0.489006,0.512966,0.464515,0.551123,0.554901,0.458424,0.553363,0.461193,0.561031,0.532039,0.596279,0.515687,0.556438,0.447621,0.55336,0.545636,0.606948,0.526598,0.44919,0.521101,0.455315,0.502083,0.452263,0.526548,0.456852,0.485689
0.458395,0.510266,0.475265,0.466673,0.482904,0.485658,0.495123,0.521114,0.469118,0.551055,0.473737,0.444808,0.48752,0.512976,0.464515,0.551129,0.554906,0.455753,0.554874,0.458484,0.561013,0.532046,0.596267,0.51569,0.556428,0.450261,0.553348,0.545644,0.606945,0.526609,0.4477,0.521134,0.452266,0.507467,0,0,0.456845,0.485697
0.458376,0.512925,0.475266,0.466681,0.482904,0.485671,0.495133,0.521121,0.469116,0.551056,0.473739,0.444801,0.487521,0.512973,0.464525,0.551123,0.554899,0.458426,0.553366,0.461185,0.561014,0.532035,0.596268,0.515683,0.556432,0.450264,0.553348,0.545637,0.606945,0.526601,0.447693,0.521147,0.450747,0.507506,0,0,0.456835,0.485701
0.458395,0.510269,0.476754,0.466655,0.48292,0.483002,0.495177,0.521092,0.470626,0.548393,0.475214,0.444784,0.489025,0.512939,0.464535,0.551117,0.554909,0.458427,0.553368,0.461188,0.561016,0.532045,0.59627,0.513,0.556446,0.450265,0.55337,0.545628,0.606959,0.526592,0.447699,0.521133,0.452252,0.507465,0,0,0.456843,0.485701
0.458412,0.510258,0.476773,0.466637,0.48442,0.482981,0.496669,0.518447,0.470633,0.548413,0.475221,0.444779,0.48903,0.512943,0.464532,0.551125,0.556408,0.455736,0.554898,0.458453,0.559502,0.532058,0.596281,0.512982,0.556453,0.450283,0.553369,0.545642,0.606967,0.526591,0.449187,0.521129,0.45378,0.50477,0,0,0.456841,0.485691
0.459908,0.510265,0.476769,0.466653,0.484419,0.48567,0.496703,0.521095,0.470631,0.548427,0.475229,0.442146,0.490532,0.512934,0.464526,0.55111,0.556415,0.455711,0.556397,0.45576,0.561021,0.532037,0.596276,0.512906,0.557913,0.450265,0.553363,0.545626,0.606974,0.526606,0.449205,0.521124,0.453807,0.504785,0.45074,0.526589,0.456861,0.485693
0.459897,0.51292,0.476756,0.466643,0.482918,0.483002,0.496681,0.521099,0.469128,0.548439,0.475227,0.444786,0.490542,0.512915,0.464529,0.551109,0.556418,0.453039,0.556403,0.45571,0.559485,0.534729,0.596247,0.510246,0.557912,0.450284,0.553359,0.545635,0.606968,0.5266,0.449204,0.521147,0.453799,0.504802,0,0,0.456855,0.485697
0.459948,0.510229,0.476774,0.466605,0.484411,0.482941,0.496693,0.518432,0.469126,0.548431,0.475237,0.442137,0.490554,0.510282,0.466038,0.551096,0.556422,0.455697,0.556403,0.455731,0.559499,0.532044,0.596263,0.510267,0.557921,0.450275,0.553369,0.545616,0.606971,0.526573,0.45073,0.518421,0.45685,0.502054,0,0,0.458348,0.48568
0.461467,0.507498,0.476784,0.466603,0.484428,0.480279,0.496673,0.521091,0.470617,0.548432,0.475237,0.442117,0.490553,0.510281,0.466033,0.551091,0.556446,0.452993,0.556435,0.452998,0.561021,0.532011,0.596258,0.510248,0.557928,0.450268,0.554854,0.54562,0.606971,0.526572,0.450745,0.518384,0.458366,0.49933,0.452258,0.526578,0.458353,0.485646
0.461463,0.507499,0.476796,0.466609,0.484422,0.482968,0.498225,0.518408,0.470625,0.548406,0.475249,0.442149,0.490564,0.510282,0.466059,0.551064,0.557926,0.450325,0.557931,0.450313,0.562544,0.529282,0.596234,0.507512,0.557938,0.450266,0.55486,0.542965,0.606977,0.526576,0.45226,0.515678,0.458373,0.499338,0,0,0.458359,0.485668
0.461454,0.510194,0.476788,0.466611,0.484412,0.48298,0.49822,0.518424,0.47063,0.548403,0.475246,0.442146,0.490567,0.510282,0.466064,0.55105,0.556452,0.452993,0.556435,0.452998,0.562554,0.526591,0.596226,0.507506,0.557937,0.45027,0.553378,0.545613,0.606978,0.52658,0.453775,0.515695,0.458371,0.50205,0,0,0.458361,0.485679
0.461456,0.507518,0.47828,0.46659,0.484416,0.482963,0.496684,0.515732,0.47064,0.548364,0.47525,0.442118,0.490566,0.510275,0.467561,0.551041,0.556449,0.452982,0.556433,0.453002,0.562546,0.52929,0.596232,0.504796,0.557932,0.450256,0.554872,0.545619,0.606978,0.526575,0.452253,0.515668,0.458371,0.499334,0,0,0.458366,0.482971
0.461457,0.507533,0.478282,0.466587,0.484422,0.482956,0.496678,0.518357,0.470641,0.548365,0.475249,0.442124,0.490576,0.510268,0.467566,0.551043,0.55792,0.450305,0.556445,0.450316,0.562552,0.526605,0.596247,0.507486,0.557936,0.447606,0.554881,0.545611,0.606994,0.526552,0.452264,0.515693,0.458375,0.499334,0,0,0.458368,0.482971
0.4645,0.504773,0.478291,0.466586,0.484434,0.48028,0.496676,0.518382,0.472165,0.545692,0.475254,0.442131,0.492095,0.510265,0.469097,0.551056,0.557939,0.450329,0.557928,0.45302,0.56101,0.532041,0.596255,0.507481,0.55797,0.447573,0.554895,0.542961,0.607011,0.526527,0.455319,0.512946,0.459907,0.496591,0.456847,0.523825,0.458388,0.477563
0.462992,0.504795,0.478315,0.463934,0.484455,0.48024,0.498226,0.515722,0.47217,0.548339,0.475262,0.442123,0.492102,0.510253,0.469109,0.551036,0.557952,0.450272,0.557949,0.450277,0.559502,0.532037,0.596262,0.504783,0.557972,0.447566,0.554907,0.542956,0.608478,0.526539,0.455317,0.512963,0.458412,0.496611,0,0,0.458391,0.480225
0.464513,0.504788,0.47982,0.466611,0.485958,0.48295,0.499736,0.51836,0.472177,0.548339,0.47676,0.442124,0.492115,0.51025,0.46911,0.551039,0.557954,0.450299,0.557945,0.450321,0.561024,0.532025,0.596257,0.502087,0.557984,0.447571,0.556389,0.542933,0.608498,0.526537,0.455329,0.512945,0.459905,0.496619,0,0,0.45841,0.480276
0.462993,0.510216,0.479823,0.463941,0.485953,0.480247,0.501281,0.515678,0.472189,0.545667,0.476754,0.442118,0.493588,0.510242,0.46911,0.548406,0.557967,0.450271,0.557968,0.450285,0.565618,0.526611,0.599306,0.51019,0.557985,0.447554,0.556388,0.542913,0.608518,0.523886,0.455321,0.51568,0.458408,0.502029,0,0,0.458419,0.482947
0.464527,0.507505,0.478326,0.466596,0.484431,0.480266,0.49669,0.518406,0.472168,0.545687,0.47677,0.442137,0.493598,0.510283,0.469094,0.548418,0.557935,0.452984,0.556419,0.455756,0.564084,0.532041,0.599299,0.507511,0.557987,0.447511,0.556406,0.542916,0.608536,0.526529,0.45534,0.512978,0.459916,0.499306,0,0,0.459898,0.480285
0.466028,0.507486,0.47981,0.46659,0.484435,0.480264,0.498208,0.518379,0.472175,0.545682,0.476773,0.442124,0.493597,0.510279,0.469093,0.548418,0.557942,0.450326,0.556428,0.455726,0.565618,0.53202,0.600842,0.510209,0.55799,0.447514,0.556408,0.542911,0.610013,0.523895,0.456832,0.512971,0.459919,0.499299,0,0,0.459899,0.480274
0.464516,0.507493,0.479813,0.463939,0.484423,0.48025,0.496678,0.518413,0.472161,0.545684,0.476783,0.442107,0.4936,0.510272,0.469113,0.548412,0.557951,0.450313,0.557926,0.453023,0.568668,0.526579,0.599305,0.507471,0.557997,0.447531,0.556415,0.542908,0.608539,0.523889,0.456828,0.512942,0.459914,0.499307,0,0,0.459902,0.480278
0.4645,0.507503,0.479818,0.463944,0.484413,0.480282,0.496682,0.518402,0.47217,0.545688,0.476791,0.442087,0.493605,0.51027,0.469117,0.548405,0.557953,0.450317,0.557927,0.453031,0.568691,0.523871,0.597773,0.504761,0.559461,0.447531,0.556426,0.540245,0.608534,0.52389,0.455335,0.512966,0.459904,0.499317,0,0,0.459901,0.480263
0.462979,0.507527,0.479855,0.463899,0.48595,0.480224,0.499746,0.515701,0.473724,0.545632,0.476789,0.439418,0.493623,0.510256,0.470614,0.548385,0.557974,0.450275,0.557968,0.450286,0.571729,0.518393,0.596273,0.502049,0.557997,0.447563,0.556424,0.540216,0.60853,0.523881,0.455336,0.515683,0.4584,0.49931,0,0,0.458399,0.474832
0.464511,0.507488,0.481352,0.461223,0.485957,0.480229,0.501282,0.515697,0.475217,0.545603,0.476795,0.439398,0.49364,0.510271,0.470621,0.548406,0.557973,0.450293,0.557955,0.452987,0.570199,0.523838,0.599317,0.507471,0.559468,0.447543,0.556433,0.54021,0.608535,0.523848,0.456836,0.515661,0.459908,0.496622,0,0,0.458414,0.474816
0.464511,0.502045,0.481361,0.458482,0.487479,0.474822,0.505848,0.512997,0.476766,0.545608,0.478289,0.43668,0.495119,0.5102,0.47067,0.548389,0.557967,0.452978,0.556441,0.45575,0.56409,0.529319,0.597776,0.502059,0.559491,0.447532,0.556456,0.540173,0.610038,0.523844,0.456835,0.510258,0.459907,0.491176,0,0,0.45838,0.466696
0.464515,0.502046,0.482889,0.44755,0.489018,0.463921,0.502818,0.512942,0.475266,0.542932,0.478282,0.433962,0.495107,0.507523,0.472136,0.548396,0.559462,0.450276,0.557974,0.45029,0.557952,0.532034,0.596247,0.499337,0.559508,0.447586,0.556455,0.540192,0.610046,0.523848,0.455337,0.510196,0.459921,0.488477,0,0,0.458409,0.463948
0.462985,0.493907,0.482917,0.436677,0.487502,0.450274,0.496689,0.507517,0.475234,0.54023,0.478321,0.428544,0.493639,0.504806,0.470648,0.551038,0.561006,0.4476,0.562548,0.447526,0.561018,0.532042,0.597776,0.502083,0.561013,0.447617,0.556452,0.540235,0.610053,0.523858,0.455307,0.502063,0.458417,0.488392,0,0,0.458428,0.458455
0.461443,0.496612,0.482919,0.43393,0.487492,0.44756,0.498214,0.507507,0.475232,0.540222,0.479819,0.428457,0.495114,0.502078,0.472143,0.548393,0.561015,0.447612,0.564059,0.447529,0.562544,0.529338,0.597783,0.502088,0.561012,0.450265,0.55791,0.540233,0.61006,0.523859,0.453779,0.504749,0.458373,0.488412,0,0,0.459887,0.453006
0.458409,0.488416,0.484398,0.425816,0.48445,0.425715,0.496657,0.491155,0.472204,0.512986,0.481379,0.428515,0.493629,0.499336,0.47216,0.548383,0.561039,0.447588,0.565598,0.444797,0.56254,0.529251,0.597766,0.502061,0.561022,0.450283,0.556437,0.542894,0.610048,0.523827,0.449212,0.48573,0.456839,0.474779,0,0,0.459907,0.444786
0.458365,0.482989,0.482902,0.428465,0.48292,0.425746,0.49515,0.488418,0.472164,0.507528,0.482881,0.428519,0.493614,0.49664,0.472174,0.54839,0.562532,0.45025,0.56409,0.44754,0.562557,0.529278,0.600833,0.507469,0.562534,0.447608,0.55645,0.542898,0.610039,0.523824,0.450718,0.482974,0.455315,0.469345,0,0,0.458411,0.442143
0.456858,0.466612,0.48443,0.423061,0.484452,0.420286,0.495136,0.480258,0.472155,0.507516,0.482906,0.425803,0.493609,0.496585,0.472173,0.548404,0.562532,0.447598,0.565593,0.444842,0.565608,0.52655,0.599295,0.502086,0.561038,0.450248,0.556451,0.540243,0.610044,0.52381,0.450729,0.463904,0.450751,0.458468,0,0,0.458405,0.436656
0.458345,0.463889,0.484426,0.423001,0.484445,0.409463,0.493641,0.474855,0.472144,0.507487,0.484416,0.425807,0.493602,0.493916,0.472176,0.548397,0.561021,0.447603,0.564065,0.444856,0.568667,0.523836,0.600835,0.504788,0.562534,0.447597,0.557921,0.540233,0.610061,0.521176,0.452268,0.461169,0.455308,0.450337,0,0,0.459922,0.431216
0.458343,0.455734,0.485944,0.420274,0.487473,0.406729,0.493601,0.474845,0.470636,0.507477,0.484439,0.425743,0.492113,0.49392,0.472161,0.548409,0.562564,0.447568,0.56713,0.4421,0.570195,0.521096,0.602365,0.507508,0.562554,0.45028,0.55792,0.54022,0.610058,0.521148,0.452267,0.450293,0.455328,0.442129,0,0,0.459943,0.425755
0.458415,0.455739,0.485959,0.417564,0.487491,0.403998,0.493586,0.474802,0.47063,0.504777,0.484464,0.425735,0.492111,0.493913,0.472157,0.5484,0.564078,0.447556,0.567154,0.442098,0.571743,0.518427,0.603908,0.510226,0.562567,0.45027,0.556451,0.540197,0.610063,0.521136,0.455322,0.447566,0.45687,0.442137,0,0,0.46144,0.425751
0.458398,0.455704,0.485962,0.420304,0.485982,0.406743,0.492062,0.474814,0.470597,0.504766,0.485964,0.425716,0.492115,0.493883,0.472167,0.548379,0.564089,0.447605,0.567122,0.444834,0.564086,0.529268,0.60391,0.512924,0.565594,0.447608,0.55645,0.540182,0.610062,0.521128,0.456825,0.447539,0.456864,0.442131,0,0,0.461459,0.42307
0.458381,0.453017,0.487481,0.4203,0.489005,0.40673,0.492062,0.474825,0.469126,0.504765,0.485972,0.425719,0.492111,0.493886,0.472166,0.548383,0.564089,0.447612,0.567118,0.444842,0.565614,0.526594,0.603914,0.51293,0.565603,0.447613,0.55791,0.5402,0.611551,0.521136,0.45684,0.447534,0.45684,0.442111,0,0,0.461439,0.423065
0.45839,0.447583,0.489011,0.417593,0.49053,0.403995,0.490546,0.469416,0.469131,0.502037,0.487481,0.425739,0.492098,0.493877,0.472162,0.548388,0.565619,0.447617,0.568662,0.444833,0.57019,0.526538,0.605436,0.512955,0.565619,0.450265,0.556451,0.540215,0.611552,0.521124,0.456851,0.442077,0.456839,0.436692,0,0,0.461485,0.420327
0.458403,0.44486,0.489008,0.414888,0.490534,0.403949,0.489046,0.469389,0.470598,0.502034,0.487475,0.42571,0.492084,0.491229,0.472176,0.548369,0.567116,0.447603,0.568672,0.444808,0.570209,0.523853,0.605434,0.512958,0.567115,0.450272,0.556448,0.540221,0.611552,0.52113,0.456852,0.436689,0.456855,0.433941,0,0,0.461479,0.420291
0.458361,0.442103,0.489032,0.412171,0.490558,0.401299,0.489041,0.46942,0.469124,0.502062,0.487473,0.423054,0.492058,0.491174,0.472173,0.545692,0.565588,0.447595,0.567131,0.444818,0.557953,0.526596,0.603919,0.510208,0.565619,0.447619,0.55645,0.540183,0.611566,0.5211,0.455308,0.436622,0.455334,0.431201,0,0,0.461457,0.414884
0.456838,0.442078,0.489005,0.412136,0.490537,0.401273,0.489032,0.469347,0.469118,0.499365,0.485968,0.423037,0.490562,0.491166,0.47215,0.548325,0.564079,0.447587,0.565619,0.444823,0.548761,0.523852,0.603885,0.510202,0.56559,0.447605,0.556445,0.537525,0.611561,0.521101,0,0,0.453778,0.431181,0,0,0.459944,0.414822
0.453806,0.436628,0.485984,0.409447,0.487495,0.401188,0.489017,0.466636,0.46909,0.499347,0.485951,0.423065,0.489041,0.491101,0.472163,0.545667,0.56409,0.447528,0.568664,0.439391,0.548768,0.518453,0.603895,0.510183,0.564085,0.447603,0.556451,0.537499,0.611562,0.521084,0.449215,0.428462,0.45073,0.428434,0,0,0.459915,0.41211
0.452274,0.433974,0.485959,0.409445,0.485977,0.401186,0.489032,0.466647,0.469085,0.499341,0.484434,0.425709,0.489014,0.491107,0.472167,0.545649,0.564066,0.444874,0.567139,0.439398,0.545722,0.518364,0.600847,0.50479,0.564079,0.447552,0.556447,0.53747,0.611562,0.521081,0.450728,0.425771,0.449208,0.425803,0,0,0.459893,0.409392
0.449204,0.428452,0.48445,0.403981,0.485963,0.395758,0.489007,0.463938,0.467574,0.49933,0.4829,0.422994,0.485983,0.491117,0.472152,0.545627,0.561009,0.447517,0.564074,0.43941,0.539593,0.513007,0.594704,0.491229,0.562533,0.447587,0.556444,0.537504,0.610053,0.521108,0.44768,0.420294,0.447666,0.42298,0,0,0.456848,0.404006
0.447671,0.425748,0.484409,0.403954,0.484455,0.395784,0.485984,0.463926,0.466046,0.499311,0.481376,0.417611,0.484458,0.488471,0.472157,0.545617,0.559487,0.447525,0.562544,0.439392,0.541117,0.51302,0.594736,0.491244,0.559506,0.44761,0.556443,0.537517,0.610029,0.51846,0.447661,0.406688,0.446135,0.417582,0,0,0.452277,0.40127
0.447646,0.422998,0.481378,0.401266,0.484425,0.393043,0.484458,0.46395,0.464536,0.49934,0.476774,0.412161,0.482925,0.488458,0.472137,0.542957,0.557965,0.444834,0.559496,0.436662,0.545713,0.51571,0.594744,0.491227,0.557974,0.447596,0.556445,0.540237,0.610014,0.521107,0,0,0.44461,0.40401,0.466054,0.357665,0.449202,0.401265
0.444596,0.412132,0.481336,0.401277,0.482931,0.393079,0.484428,0.466627,0.464523,0.502047,0.475245,0.412142,0.482878,0.488412,0.470667,0.545613,0.557954,0.444843,0.559479,0.436694,0.545724,0.518425,0.594731,0.491179,0.557966,0.447587,0.556419,0.542919,0.610016,0.521136,0,0,0.443058,0.401202,0.466051,0.357567,0.447664,0.401195
