0.230342,0.476032,0.401865,0.541625,0.425121,0.514296,0.326292,0.552557,0.24782,0.607163,0.372799,0.574421,0.334958,0.71103,0.204149,0.760212,0.724539,0.637247,0.747792,0.607185,0,0,0,0,0.750695,0.661845,0.925093,0.732874,0,0,0.236168,0.445998,0.253607,0.45147,0,0,0.366994,0.467826
0.212891,0.525245,0.404753,0.568924,0.428025,0.544358,0.375701,0.70009,0.262318,0.749264,0.36408,0.596245,0.355329,0.743786,0.201283,0.771136,0.730348,0.63726,0.744871,0.601729,0.971637,0.667334,0,0,0.72454,0.670037,0.930942,0.751978,0,0,0.209991,0.492445,0.230322,0.492445,0,0,0.34372,0.486938
0.204165,0.552585,0.396055,0.577153,0.425106,0.55802,0.34953,0.645449,0.256497,0.620872,0.358269,0.604441,0.358217,0.752018,0.204154,0.77112,0.730358,0.637232,0.744868,0.596263,0.977445,0.667312,0,0,0.747786,0.664567,0.930898,0.751993,0,0,0.1984,0.527976,0.212914,0.517093,0,0,0.317588,0.508806
0.172208,0.626347,0.364093,0.588056,0.396048,0.560769,0.378607,0.735607,0.227454,0.771113,0.329186,0.620862,0.361185,0.757484,0.207099,0.771091,0.718714,0.63727,0.739078,0.59628,0.971637,0.670027,0,0,0.718731,0.670036,0.936745,0.752008,0,0,0.163461,0.604479,0.172226,0.599002,0,0,0.265247,0.552548
0.169312,0.66735,0.340832,0.604432,0.364037,0.574383,0,0,0,0,0.317578,0.631759,0.366947,0.762944,0.215792,0.771141,0.707111,0.634508,0.71581,0.590812,0.957096,0.664587,0,0,0.707112,0.670024,0.927992,0.746542,0,0,0,0,0.163519,0.642768,0,0,0.241997,0.582618
0.183822,0.727369,0.288434,0.629026,0.282664,0.604484,0,0,0,0,0.288439,0.645408,0.366981,0.762926,0.212934,0.77116,0,0,0,0,0,0,0,0,0,0,0,0,0,0,0,0,0.163489,0.708282,0,0,0.198429,0.639921
0.175083,0.724714,0.273992,0.634485,0,0,0,0,0,0,0.268137,0.631771,0.361225,0.760167,0.215822,0.771096,0,0,0,0,0,0,0,0,0,0,0,0,0,0,0,0,0.151824,0.708281,0,0,0.186756,0.634483
0.166355,0.705537,0.271025,0.612646,0.276841,0.593523,0.355317,0.751945,0.215762,0.7711,0.265257,0.629027,0.355363,0.754803,0.201291,0.773843,0.637328,0.631792,0.643151,0.599005,0,0,0,0,0.637319,0.645443,0,0,0,0,0,0,0.143096,0.686428,0,0,0.175092,0.615409
0.154775,0.705534,0.26821,0.609907,0.271089,0.585363,0.349548,0.743784,0.215832,0.768406,0.265262,0.626321,0.355343,0.754811,0.204136,0.773822,0.643127,0.629048,0.657672,0.590795,0.843723,0.749248,0,0,0.634416,0.642711,0.855345,0.74925,0,0,0,0,0.134383,0.686378,0,0,0.172284,0.612679
0.157676,0.697381,0.276879,0.604459,0.276876,0.577152,0.352426,0.724667,0,0,0.27109,0.62632,0.361087,0.754703,0.204216,0.773823,0.651862,0.631777,0.669276,0.582602,0.820467,0.593533,0.939636,0.568918,0.646033,0.661837,0.861149,0.746542,0.965805,0.563469,0,0,0.140187,0.675517,0,0,0.17513,0.615369
0.160588,0.691898,0.291381,0.601759,0.294314,0.574412,0,0,0,0,0.279783,0.626321,0.361147,0.75202,0.215801,0.771128,0.666394,0.62086,0.678023,0.579879,0.878613,0.571655,0.960013,0.547117,0.663479,0.659119,0.864081,0.72742,0,0,0,0,0.143091,0.667315,0,0,0.178011,0.609957
0.151857,0.667248,0.302998,0.588054,0.308792,0.558005,0,0,0,0,0.291378,0.620826,0.369867,0.732939,0.215815,0.760216,0.651857,0.620855,0.660583,0.582604,0,0,0,0,0.648946,0.637253,0,0,0,0,0,0,0.137319,0.642698,0,0,0.186747,0.582644
0.146035,0.6564,0.305949,0.585325,0.314609,0.555276,0,0,0,0,0.294306,0.62084,0.378602,0.724721,0.227444,0.754679,0.660595,0.618148,0.678024,0.577158,0,0,0,0,0.657672,0.65638,0.869871,0.719214,0,0,0,0,0.131563,0.629076,0,0,0.195516,0.577212
0.143181,0.642703,0.311778,0.582605,0.317532,0.549839,0,0,0,0,0.305936,0.620855,0.390225,0.724627,0.241916,0.738375,0.663488,0.620851,0.678014,0.579863,0,0,0,0,0.657678,0.659099,0,0,0,0,0,0,0.134392,0.618128,0,0,0.212903,0.571661
0.148911,0.645402,0.317535,0.585354,0.320461,0.552543,0,0,0,0,0.311705,0.623632,0.39606,0.72469,0.244845,0.732946,0.654765,0.634512,0.675116,0.588071,0,0,0,0,0.64605,0.667309,0.887326,0.724701,0,0,0,0,0.140192,0.620813,0,0,0.218648,0.574413
0.151892,0.664559,0.320441,0.599003,0.323352,0.563466,0,0,0,0,0.314649,0.629079,0.401898,0.732895,0.241979,0.752018,0.683825,0.634497,0.704167,0.58533,0.954159,0.664562,0,0,0.675116,0.664561,0.89607,0.738359,0,0,0,0,0.143126,0.63993,0,0,0.212913,0.590791
0.166399,0.686416,0.317583,0.604489,0.320443,0.57169,0,0,0,0,0.314642,0.639968,0.404793,0.749295,0.253631,0.75746,0.686742,0.618119,0.707059,0.57714,0.913479,0.645465,0,0,0.675122,0.656384,0.890224,0.724713,0,0,0,0,0.148954,0.661821,0,0,0.207114,0.607199
0.169301,0.713733,0.30302,0.61809,0.303037,0.579904,0.407614,0.741097,0.253613,0.754764,0.297243,0.656378,0.407649,0.749281,0.25363,0.754748,0.683839,0.609911,0.70712,0.574403,0,0,0,0,0.678006,0.639976,0.878604,0.724724,0,0,0,0,0.148986,0.691853,0,0,0.195445,0.637201
0.163484,0.705516,0.300158,0.615397,0.303018,0.579859,0.404742,0.732854,0.271069,0.749231,0.297198,0.656371,0.404699,0.738344,0.250716,0.754679,0.698353,0.612647,0.707125,0.571689,0.855353,0.634533,0,0,0.698364,0.637254,0.869912,0.724654,0,0,0,0,0.146039,0.686363,0,0,0.195415,0.631801
0.148971,0.683697,0.305917,0.604432,0.305918,0.566225,0,0,0,0,0.300111,0.639998,0.396032,0.730199,0.247771,0.754713,0.628599,0.609915,0,0,0,0,0,0,0.625703,0.615385,0,0,0,0,0,0,0.131546,0.661801,0,0,0.183804,0.609901
0.140221,0.667258,0.308833,0.58809,0.31176,0.552578,0,0,0,0,0.300102,0.629057,0.393147,0.724683,0.244862,0.752017,0.683834,0.615375,0.698357,0.571695,0.898959,0.623575,0,0,0.680927,0.645453,0.910572,0.719225,0,0,0,0,0.125714,0.642716,0,0,0.186721,0.599033
0.140238,0.623558,0.320441,0.574438,0.320503,0.538866,0,0,0,0,0.314648,0.609929,0.401874,0.705531,0.247831,0.735628,0.663502,0.609937,0.678014,0.56622,0.832084,0.601729,0,0,0.666377,0.623578,0.869884,0.700098,0,0,0,0,0.131501,0.598989,0,0,0.20127,0.558061
0.146012,0.604499,0.329159,0.571708,0.332121,0.533411,0,0,0,0,0.320491,0.609948,0.410586,0.6974,0.26233,0.724643,0.675136,0.604468,0.695467,0.558014,0.861164,0.59079,0,0,0.672213,0.631785,0.869874,0.69735,0,0,0.14606,0.579868,0.137295,0.577211,0,0,0.212918,0.552571
0.146068,0.579855,0.337936,0.571703,0.340826,0.533445,0,0,0,0,0.335029,0.612642,0.425159,0.700066,0.273976,0.711022,0.669289,0.615385,0.683832,0.57167,0.896055,0.574431,0,0,0.660583,0.645458,0.890206,0.697339,0,0,0.148941,0.558026,0.148933,0.55531,0,0,0.241972,0.533442
0.151867,0.577136,0.343709,0.571673,0.346638,0.530718,0,0,0,0,0.33794,0.609942,0.428001,0.705576,0.285548,0.713788,0.672209,0.626321,0.683823,0.579892,0,0,0,0,0.669292,0.656385,0.896021,0.702807,0,0,0.154757,0.558008,0.154753,0.55525,0,0,0.247832,0.533467
0.166378,0.5908,0.358218,0.579878,0.361146,0.538869,0,0,0,0,0.352457,0.626335,0.433887,0.721933,0.29431,0.732924,0.683838,0.629057,0.704182,0.585336,0,0,0,0,0.678024,0.65637,0.916378,0.721933,0,0,0,0,0.169329,0.571649,0,0,0.2623,0.549794
0.163458,0.601738,0.358244,0.585362,0.361175,0.544349,0,0,0,0,0.352447,0.63453,0.430973,0.727427,0.291378,0.746521,0.683836,0.626325,0.707089,0.582595,0.948359,0.612671,0,0,0.683843,0.650898,0.922227,0.716465,0,0,0.157681,0.577131,0.163514,0.577151,0,0,0.256504,0.557995
0.146029,0.615374,0.33791,0.585371,0.346641,0.538923,0.547183,0.514341,0.710026,0.506113,0.332077,0.64001,0.416387,0.730191,0.26814,0.751989,0.680914,0.629042,0.698368,0.585351,0.942557,0.615394,0,0,0.680935,0.648174,0.930918,0.724699,0,0,0,0,0.143172,0.588047,0,0,0.233249,0.568916
0.131489,0.618115,0.332084,0.593534,0.332111,0.541616,0.398955,0.705555,0,0,0.329152,0.648167,0.413463,0.730192,0.268109,0.752026,0.660582,0.62905,0.669304,0.5908,0.95127,0.618144,0,0,0.666402,0.642715,0.928033,0.724657,0,0,0,0,0.134426,0.593523,0,0,0.224553,0.57436
0.125722,0.612694,0.323362,0.596261,0.326257,0.544334,0.396047,0.713751,0.276853,0.754749,0.320474,0.645456,0.407696,0.73016,0.268151,0.757469,0.654766,0.618132,0.663489,0.582615,0.89604,0.601726,0,0,0.660577,0.645439,0.901856,0.71375,0,0,0,0,0.12864,0.590804,0,0,0.218754,0.574394
0.117,0.609916,0.317569,0.593544,0.320444,0.541652,0.398953,0.719213,0.273955,0.754757,0.317592,0.642738,0.404763,0.73286,0.26809,0.757519,0.657678,0.615391,0.67221,0.571694,0.858257,0.599009,0,0,0.657669,0.637268,0.89893,0.700125,0,0,0,0,0.122826,0.582628,0,0,0.218666,0.574358
0.119872,0.609929,0.317567,0.596265,0.317581,0.544365,0.378609,0.713753,0.268147,0.754762,0.320443,0.645439,0.40472,0.732897,0.265201,0.757484,0.660579,0.615386,0.669286,0.571688,0.896039,0.593552,0,0,0.660573,0.642705,0.896049,0.697383,0,0,0.122753,0.596261,0.125693,0.588058,0,0,0.218694,0.574358
0.122749,0.607203,0.320438,0.596243,0.323363,0.544381,0.396046,0.719212,0.271042,0.754754,0.317567,0.642689,0.404754,0.730155,0.265214,0.754795,0.660587,0.618109,0.669302,0.574424,0.960009,0.5799,0,0,0.663479,0.631778,0.904765,0.694593,0,0,0.122808,0.596242,0.125732,0.582629,0,0,0.218717,0.57167
0.119895,0.598989,0.320482,0.593519,0.329156,0.541647,0.401863,0.711022,0.279769,0.75474,0.317534,0.639999,0.413511,0.719245,0.271063,0.752019,0.663486,0.618135,0.678025,0.579889,0.925114,0.57444,0,0,0.672197,0.623596,0.901855,0.691899,0,0,0.119865,0.574426,0.12862,0.577109,0,0,0.221651,0.563487
0.119906,0.596284,0.323357,0.585371,0.326293,0.541642,0.398956,0.689165,0,0,0.317591,0.637237,0.419313,0.713774,0.285565,0.749293,0.663496,0.618143,0.67801,0.577156,0.939652,0.577131,0,0,0.669306,0.631783,0.904765,0.694633,0,0,0.122765,0.5744,0.128648,0.574428,0,0,0.224504,0.560737
0.122755,0.590795,0.329188,0.590789,0.332104,0.544367,0.436742,0.675503,0,0,0.329159,0.637244,0.428011,0.711068,0.291407,0.743813,0.660593,0.620855,0.675125,0.579866,0.95418,0.579887,0,0,0.669292,0.637253,0.904756,0.69465,0,0,0.122775,0.571656,0.131556,0.571666,0,0,0.227473,0.558033
0.122761,0.58264,0.329188,0.588059,0.332105,0.544377,0.451277,0.675503,0,0,0.329154,0.634508,0.428035,0.711006,0.291436,0.743797,0.66931,0.623601,0.686742,0.58261,0.933837,0.582614,0,0,0.680928,0.631781,0.907664,0.697345,0,0,0.125712,0.56895,0.134397,0.566235,0,0,0.230356,0.558003
0.116981,0.577113,0.32627,0.582597,0.329196,0.538891,0,0,0,0,0.323343,0.631788,0.425133,0.705561,0.291383,0.741086,0.657685,0.618118,0.669293,0.577131,0.91639,0.582606,0,0,0.657671,0.637238,0.896036,0.697365,0,0,0,0,0.128637,0.555287,0,0,0.227413,0.552523
0.114093,0.574418,0.326286,0.579922,0.332054,0.538882,0,0,0,0,0.32335,0.631765,0.425156,0.705526,0.291397,0.746504,0.663474,0.618112,0.672204,0.579878,0.962882,0.579867,0,0,0.666397,0.629058,0.919285,0.689159,0,0,0,0,0.128614,0.55256,0,0,0.224577,0.54984
0.11406,0.563521,0.326256,0.579888,0.329155,0.53888,0,0,0,0,0.32624,0.629041,0.430895,0.702842,0.300068,0.735652,0.65769,0.618135,0.663479,0.579875,0,0,0,0,0.660577,0.620853,0.904775,0.697365,0,0,0,0,0.128557,0.544349,0,0,0.224565,0.547072
0.11116,0.552599,0.326306,0.577198,0.329152,0.538884,0,0,0,0,0.32921,0.623578,0.430941,0.70279,0.303014,0.735605,0.657687,0.615391,0.666399,0.577156,0.957102,0.568962,0,0,0.666385,0.620855,0.898968,0.694624,0,0,0,0,0.125718,0.533451,0,0,0.22458,0.541614
0.119879,0.547082,0.332073,0.577126,0.334991,0.538887,0,0,0,0,0.329203,0.615413,0.428074,0.708233,0.297211,0.752014,0.666412,0.612644,0.683842,0.577137,0,0,0,0,0.669303,0.629055,0.896058,0.680968,0,0,0,0,0.134391,0.527989,0,0,0.23035,0.536134
0.140204,0.536126,0.34954,0.571682,0.36405,0.53345,0.305942,0.604479,0.241983,0.62087,0.335029,0.604432,0.430902,0.716494,0.297185,0.757509,0.69255,0.607187,0.707096,0.568954,0,0,0,0,0.704183,0.618138,0,0,0,0,0,0,0.151827,0.514317,0,0,0.247778,0.519808
0.140239,0.516994,0.343727,0.552581,0.361159,0.517007,0.314614,0.59079,0.239063,0.620854,0.332098,0.582643,0.419317,0.705551,0.288504,0.754755,0.686745,0.585338,0.704193,0.541632,0.913495,0.462406,0,0,0.698369,0.620864,0.901844,0.675503,0,0,0,0,0.154764,0.495195,0,0,0.259405,0.508804
0.140246,0.516999,0.343737,0.55524,0.361177,0.517009,0.311769,0.590791,0.239081,0.620848,0.332109,0.585323,0.419319,0.705553,0.288497,0.754759,0.689652,0.585337,0.707093,0.541625,0.916388,0.462399,0,0,0.704181,0.618136,0.901856,0.672783,0,0,0,0,0.154749,0.495185,0,0,0.259387,0.508806
0.148972,0.500665,0.358226,0.549826,0.381512,0.51429,0.314628,0.585351,0.221618,0.626339,0.332123,0.57986,0.410583,0.700115,0.288444,0.754736,0.69838,0.588076,0.712904,0.533419,0.898949,0.476059,0,0,0.709999,0.631791,0.898948,0.68916,0,0,0,0,0.16641,0.486983,0,0,0.265249,0.492446
0.157659,0.492492,0.36118,0.547095,0.384415,0.511579,0.311704,0.579872,0.221636,0.629076,0.340802,0.577159,0.410612,0.700121,0.288446,0.757445,0.680922,0.604456,0.695456,0.560758,0.884429,0.492451,0.948357,0.508839,0.678028,0.645444,0.89022,0.700092,0,0,0,0,0.172242,0.481506,0,0,0.271086,0.489679
0.175123,0.48153,0.36411,0.533393,0.381489,0.497921,0.305916,0.574363,0.221679,0.626369,0.358222,0.560761,0.404757,0.694652,0.285585,0.754783,0.678011,0.609935,0.692557,0.574393,0.913492,0.517049,0,0,0.67222,0.642706,0.893137,0.70556,0,0,0.175139,0.454202,0.198357,0.465094,0,0,0.303023,0.465116
0.183847,0.473309,0.378567,0.525229,0.387323,0.489717,0.308825,0.568924,0.221674,0.626308,0.364076,0.555292,0.404788,0.689196,0.29137,0.754727,0.692548,0.607185,0.704185,0.566225,0.910576,0.558016,0.994879,0.530702,0.686737,0.639971,0.898931,0.708246,0,0,0.180938,0.448726,0.20706,0.456896,0,0,0.314668,0.456968
0.192556,0.467822,0.375701,0.519768,0.381535,0.481524,0.303013,0.560775,0.218712,0.626317,0.364121,0.555253,0.401861,0.689206,0.285556,0.754774,0.686744,0.607193,0.704171,0.566211,0.896046,0.571679,0.99777,0.522516,0.680943,0.642713,0.896034,0.705568,0,0,0.195474,0.437814,0.218682,0.448778,0,0,0.332117,0.456954
0.195431,0.462422,0.375692,0.517064,0.381514,0.478771,0.297183,0.558051,0.215803,0.626345,0.36409,0.555258,0.401833,0.69186,0.282684,0.754791,0.686732,0.601738,0.704158,0.563476,0.896026,0.566219,0.977432,0.52797,0.680938,0.637266,0.896068,0.705544,0,0,0.198364,0.435069,0.218724,0.446021,0,0,0.334962,0.45691
