0.594775,0.426392,0.596304,0.535473,0.539635,0.570863,0.52587,0.685317,0.542683,0.72621,0.65752,0.502745,0,0,0,0,0.626902,0.854263,0.590147,0.865156,0,0,0,0,0.67588,0.840638,0,0,0,0,0.570257,0.401981,0.606954,0.385581,0.535055,0.448307,0.626857,0.401852
0.600872,0.451012,0.597817,0.554533,0.542698,0.584519,0.541163,0.742533,0.542709,0.753453,0.659029,0.519118,0.692718,0.647166,0,0,0.629951,0.911476,0.58709,0.911475,0,0,0,0,0.675881,0.884224,0,0,0,0,0.574826,0.43189,0.608527,0.410138,0.538101,0.470092,0.628415,0.423703
0.602381,0.47825,0.596291,0.568137,0.54117,0.589949,0.522807,0.70712,0.541149,0.758851,0.659047,0.524533,0.727938,0.442809,0.766191,0.396497,0.622299,0.851528,0.579446,0.865154,0,0,0,0,0.660576,0.83791,0,0,0,0,0.574849,0.459186,0.608532,0.437328,0.53505,0.489094,0.628403,0.429244
0.60088,0.519091,0.59781,0.587201,0.533511,0.622666,0.518197,0.731628,0.539624,0.780699,0.660558,0.549063,0.680476,0.660787,0.704956,0.666263,0.614644,0.886945,0.579427,0.892407,0,0,0,0,0.654451,0.87605,0,0,0,0,0.573315,0.49191,0.608537,0.470095,0.533533,0.513623,0.62845,0.442835
0.590149,0.500057,0.591679,0.570899,0.528934,0.609013,0.519737,0.734373,0.536575,0.780687,0.654429,0.535427,0.715672,0.448335,0.758558,0.404646,0.625354,0.889673,0.584027,0.89513,0,0,0,0,0.662099,0.867876,0,0,0,0,0.559568,0.483643,0.599346,0.456425,0.527405,0.500046,0.619251,0.431966
0.580957,0.489106,0.587099,0.573565,0.527378,0.609024,0.524313,0.734372,0.539621,0.780689,0.648314,0.535467,0.680469,0.64444,0.698849,0.671681,0.625353,0.85697,0.584035,0.8706,0,0,0,0,0.65905,0.84335,0,0,0,0,0.554921,0.467344,0.593184,0.442778,0.521285,0.491877,0.611579,0.43189
0.573308,0.464643,0.582522,0.573585,0.521277,0.609049,0.516676,0.747988,0.530453,0.780666,0.6468,0.535436,0.714151,0.448237,0.764674,0.396513,0.626893,0.925094,0.582494,0.933268,0,0,0,0,0.665163,0.906027,0,0,0,0,0.545743,0.445581,0.582475,0.42642,0.510575,0.478208,0.605463,0.423744
0.56873,0.445511,0.579419,0.557229,0.518197,0.592674,0.512087,0.726182,0.527378,0.769782,0.640678,0.519129,0.678946,0.652614,0.691197,0.668944,0.620763,0.884231,0.577906,0.895122,0,0,0,0,0.657522,0.862433,0,0,0,0,0.541159,0.429206,0.57788,0.40201,0.505963,0.46735,0.597798,0.404716
0.582475,0.445521,0.574838,0.549093,0.515141,0.587212,0.499831,0.720728,0.51973,0.769769,0.633036,0.510939,0.689667,0.440119,0.737126,0.396452,0.606998,0.846073,0.568712,0.856985,0,0,0,0,0.648322,0.821567,0,0,0,0,0.553415,0.429217,0.590148,0.404702,0.5121,0.480964,0.606973,0.412839
0.590164,0.467358,0.571796,0.554554,0.515137,0.581765,0.486064,0.704381,0.510547,0.758868,0.629944,0.519106,0.67891,0.440042,0.729502,0.382855,0.605464,0.854249,0.565659,0.862429,0,0,0,0,0.646797,0.840623,0,0,0,0,0.559539,0.44282,0.599333,0.426503,0.518215,0.478256,0.614623,0.429205
0.587089,0.491867,0.574831,0.540913,0.512086,0.576295,0.486059,0.698938,0.51055,0.753422,0.631477,0.513648,0.668222,0.619924,0.682005,0.639017,0.606983,0.846084,0.568727,0.851531,0,0,0,0,0.646796,0.835181,0,0,0,0,0.565663,0.483677,0.596263,0.456422,0.521291,0.470034,0.614634,0.410114
0.542716,0.39377,0.56564,0.535463,0.509025,0.562689,0.476859,0.696223,0.509035,0.753402,0.622297,0.51365,0,0,0,0,0.59321,0.827013,0.554939,0.837905,0,0,0,0,0.631495,0.816104,0,0,0,0,0.533523,0.382859,0.554927,0.369244,0.522808,0.418272,0.580993,0.391047
0.573301,0.445523,0.568721,0.532707,0.51514,0.554538,0.481457,0.688063,0.510559,0.747952,0.62229,0.513661,0.654445,0.619926,0.685065,0.633542,0.59168,0.821566,0.551895,0.832462,0,0,0,0,0.629947,0.810657,0,0,0,0,0.558,0.426468,0.579439,0.420976,0.535062,0.434661,0.594766,0.423696
0.596276,0.521824,0.57944,0.538215,0.521263,0.573586,0.495247,0.698941,0.518217,0.758898,0.636075,0.510937,0.677423,0.614463,0.6927,0.647152,0.608518,0.810655,0.570254,0.824283,0,0,0,0,0.649854,0.799752,0,0,0,0,0.576372,0.508171,0.603929,0.486421,0.536588,0.491821,0.619231,0.448268
0.597814,0.510914,0.582489,0.5518,0.519726,0.584479,0.502896,0.726196,0.521248,0.775236,0.643738,0.519079,0.674353,0.636268,0.685061,0.663477,0.608532,0.8488,0.571786,0.86243,0,0,0,0,0.652921,0.835183,0,0,0,0,0.573333,0.478237,0.617703,0.467381,0.53047,0.47279,0.639141,0.448255
0.603931,0.489147,0.591668,0.554494,0.524309,0.584481,0.510538,0.726186,0.522798,0.783428,0.655986,0.521838,0.686596,0.636265,0.697322,0.666221,0.617709,0.881498,0.573315,0.884228,0,0,0,0,0.660579,0.86243,0,0,0,0,0.574842,0.464591,0.616183,0.442828,0.530444,0.475496,0.633038,0.429176
0.607014,0.470075,0.591679,0.554543,0.527409,0.589959,0.510543,0.745263,0.521249,0.802498,0.652927,0.519121,0.703402,0.448266,0.755471,0.382946,0.608526,0.919648,0.567189,0.919646,0,0,0,0,0.655967,0.911472,0,0,0,0,0.577913,0.448268,0.617734,0.426517,0.533535,0.472812,0.637598,0.42101
0.606997,0.47009,0.588623,0.55723,0.524325,0.595402,0.507486,0.761608,0.515146,0.813374,0.649859,0.521804,0.703421,0.451008,0.752451,0.393763,0.611586,0.930549,0.57178,0.933274,0,0,0,0,0.655984,0.916921,0,0,0,0,0.577914,0.448246,0.619222,0.429145,0.531978,0.475497,0.637597,0.426428
0.608535,0.546361,0.590159,0.58178,0.518197,0.619923,0.490645,0.786135,0.509013,0.846075,0.657502,0.557241,0.682006,0.671687,0.692714,0.698935,0.600868,0.927828,0.55647,0.930551,0,0,0,0,0.639139,0.919646,0,0,0,0,0.584026,0.521807,0.625341,0.497325,0.535062,0.510899,0.642184,0.448267
0.556471,0.461891,0.576398,0.579053,0.519736,0.598145,0.48452,0.737106,0.507469,0.83517,0.637612,0.55997,0,0,0,0,0.593222,0.870603,0.553412,0.881502,0,0,0,0,0.636085,0.865153,0,0,0,0,0.542684,0.448259,0.562618,0.434614,0.533494,0.472804,0.593198,0.442811
0.556452,0.587214,0.571795,0.619959,0.493714,0.655355,0.476882,0.797044,0.501367,0.85427,0.646786,0.587243,0.680468,0.718009,0.698829,0.718024,0.597804,0.968696,0.551872,0.971422,0,0,0,0,0.639145,0.968694,0,0,0,0,0.52432,0.557204,0.571773,0.529966,0.501352,0.554549,0.600882,0.486416
0.550352,0.546352,0.56261,0.614494,0.48605,0.652605,0.478405,0.810649,0.498296,0.851529,0.640672,0.576331,0.677416,0.709839,0.691189,0.718,0.597811,0.968698,0.550348,0.98777,0,0,0,0,0.645267,0.963245,0,0,0,0,0.521246,0.516393,0.564137,0.489173,0.486056,0.527278,0.594742,0.464611
0.544206,0.508214,0.556488,0.598104,0.479922,0.630812,0.472282,0.797026,0.493715,0.84063,0.633019,0.55998,0.674346,0.701667,0.682011,0.70984,0.596276,0.963244,0.547286,0.976874,0,0,0,0,0.646789,0.949618,0,0,0,0,0.510565,0.478252,0.557982,0.451024,0.478398,0.497311,0.590159,0.437347
0.545735,0.483665,0.547296,0.584525,0.475332,0.625368,0.463101,0.791573,0.490642,0.840622,0.622298,0.551782,0.694264,0.486427,0.755464,0.423789,0.580975,0.946897,0.535038,0.957793,0,0,0,0,0.629944,0.938732,0,0,0,0,0.515136,0.461855,0.558016,0.434638,0.475338,0.491872,0.588606,0.431943
0.556495,0.486384,0.54731,0.58177,0.475353,0.630816,0.4631,0.7834,0.490647,0.837919,0.62229,0.535474,0.657516,0.666242,0.678935,0.704381,0.580978,0.946909,0.53657,0.9578,0,0,0,0,0.628431,0.941435,0,0,0,0,0.525871,0.464588,0.570239,0.437367,0.47686,0.489164,0.594732,0.431941
0.580966,0.549092,0.557987,0.579063,0.486054,0.611771,0.466153,0.769789,0.493727,0.829754,0.62842,0.554546,0.69731,0.480939,0.755483,0.418282,0.579427,0.935998,0.536576,0.94417,0,0,0,0,0.623823,0.927829,0,0,0,0,0.554924,0.516364,0.59476,0.497319,0.495252,0.494597,0.616176,0.478241
0.6085,0.576298,0.565656,0.589964,0.493697,0.644456,0.484531,0.791578,0.504419,0.846068,0.639138,0.551822,0.703443,0.486423,0.764668,0.423656,0.597808,0.93055,0.554942,0.946893,0,0,0,0,0.643731,0.925087,0,0,0,0,0.579425,0.549085,0.619242,0.532736,0.512097,0.508222,0,0
0.607002,0.595408,0.576357,0.589931,0.501355,0.625383,0.478408,0.780689,0.502903,0.843387,0.646794,0.557229,0.711111,0.486399,0,0,0.597808,0.906036,0.554949,0.9251,0,0,0,0,0.646792,0.903298,0,0,0,0,0.580962,0.570842,0.626901,0.551824,0.522814,0.521816,0,0
0.594739,0.576349,0.574863,0.576307,0.502885,0.603572,0.476874,0.756159,0.49984,0.843371,0.648328,0.551819,0.685068,0.66351,0.700376,0.7044,0.60086,0.89513,0.556477,0.903307,0,0,0,0,0.645264,0.881507,0,0,0,0,0.571796,0.546348,0.610059,0.546307,0.519735,0.491914,0.639137,0.491864
0.584042,0.540884,0.576387,0.581762,0.499844,0.611751,0.48453,0.783407,0.502896,0.856977,0.652908,0.562712,0.683537,0.668965,0.698838,0.709817,0.599344,0.938717,0.55494,0.949619,0,0,0,0,0.643733,0.927823,0,0,0,0,0.556488,0.494576,0.606981,0.491856,0.509044,0.459178,0.639141,0.464608
0.570263,0.442795,0.577882,0.570875,0.498304,0.587226,0.475346,0.794302,0.50136,0.84611,0.651393,0.538186,0.68813,0.647178,0.695783,0.671703,0.603922,0.941456,0.553404,0.949621,0,0,0,0,0.652909,0.936003,0,0,0,0,0.542683,0.407372,0.591654,0.396485,0.504415,0.431919,0.625361,0.401937
0.570253,0.42102,0.573325,0.557262,0.496777,0.589948,0.475352,0.772514,0.499844,0.85698,0.643742,0.519081,0.68965,0.638991,0.695782,0.682569,0.603933,0.938726,0.554938,0.946891,0,0,0,0,0.654436,0.93326,0,0,0,0,0.541168,0.399159,0.588614,0.380126,0.498307,0.431945,0.619263,0.388288
0.571803,0.423687,0.570269,0.554518,0.495237,0.598114,0.476878,0.807935,0.501379,0.859721,0.643716,0.505491,0.678941,0.649892,0.69426,0.688022,0.60698,0.93872,0.558004,0.946906,0,0,0,0,0.655968,0.925097,0,0,0,0,0.542693,0.399228,0.590163,0.380154,0.496797,0.442822,0.617717,0.388288
0.576354,0.429218,0.565654,0.557265,0.490642,0.60086,0.469223,0.810663,0.496775,0.865183,0.637614,0.513658,0.671293,0.644438,0.68048,0.68804,0.591687,0.941446,0.544227,0.957801,0,0,0,0,0.639139,0.933264,0,0,0,0,0.545735,0.404704,0.591688,0.391046,0.495235,0.448226,0.613123,0.396495
0.584046,0.472761,0.562605,0.598114,0.486047,0.658056,0.486059,0.818832,0,0,0.640664,0.538191,0.69273,0.497339,0.758541,0.404623,0.602395,0.971427,0.554942,0.995945,0,0,0,0,0.648322,0.952349,0,0,0,0,0.548831,0.434606,0.597804,0.41013,0.495254,0.464593,0.61924,0.41011
0.593197,0.576333,0.556457,0.603544,0.463102,0.655339,0.456977,0.938723,0.492174,0.908741,0.648322,0.55997,0,0,0,0,0.600872,0.995945,0.548824,0.995955,0,0,0,0,0.651387,0.965966,0,0,0,0,0.56413,0.549059,0.606981,0.529996,0.50289,0.513657,0.623837,0.442805
0.588623,0.611734,0.550364,0.614474,0.463106,0.655353,0.45849,0.87333,0.4937,0.886982,0.636077,0.579023,0.694243,0.48634,0.752392,0.404674,0.587089,0.982318,0.535055,0.995953,0,0,0,0,0.63914,0.957799,0,0,0,0,0.561062,0.579006,0.606986,0.57085,0.501358,0.527274,0.623836,0.527283
0.574834,0.608999,0.548808,0.614497,0.469221,0.660804,0.45544,0.827006,0.492178,0.886964,0.629952,0.576345,0.691192,0.489164,0.749348,0.410108,0.577902,0.919651,0,0,0,0,0,0,0,0,0,0,0,0,0.551882,0.573596,0.594754,0.570885,0.496777,0.529981,0.622295,0.529985
0.56106,0.579038,0.545759,0.606298,0.469211,0.644464,0.446248,0.794296,0.48911,0.897832,0.626892,0.570892,0.655973,0.685313,0.672811,0.701689,0.574842,0.93599,0.527387,0.94962,0,0,0,0,0.619236,0.919651,0,0,0,0,0.533505,0.540898,0.580974,0.530009,0.481476,0.494582,0.610047,0.491849
0.550341,0.549054,0.542709,0.609005,0.466165,0.65263,0.464617,0.837906,0.493692,0.906021,0.626887,0.570862,0,0,0,0,0,0,0,0,0,0,0,0,0,0,0,0,0,0,0.519747,0.500026,0.570265,0.491849,0.473809,0.47824,0.602386,0.459187
0.536583,0.500006,0.535039,0.573599,0.460048,0.625377,0.452379,0.775236,0.486057,0.878757,0.606994,0.519098,0.651382,0.636269,0,0,0.57638,0.903307,0.533512,0.949621,0,0,0,0,0,0,0,0,0,0,0.505954,0.467284,0.554932,0.445485,0.458494,0.472763,0.582523,0.426427
0.538112,0.491906,0.528928,0.576315,0.45698,0.636259,0.453911,0.783403,0.486058,0.889669,0.602408,0.519086,0.646791,0.592677,0,0,0.577911,0.911475,0.535046,0.960522,0,0,0,0,0,0,0,0,0,0,0.504433,0.464614,0.553403,0.440091,0.452384,0.472799,0.577887,0.410138
0.545781,0.51092,0.533504,0.579033,0.458496,0.633544,0.447777,0.791578,0.482975,0.892386,0.608513,0.527281,0,0,0,0,0.577916,0.911474,0.533516,0.949625,0,0,0,0,0.62995,0.897846,0,0,0,0,0.513613,0.480939,0.559532,0.450985,0.456979,0.491853,0.580954,0.426434
0.554947,0.530003,0.522787,0.60085,0.444736,0.666263,0.449328,0.851521,0.476862,0.91694,0.602399,0.53547,0,0,0,0,0,0,0,0,0,0,0,0,0,0,0,0,0,0,0.522817,0.502767,0.568697,0.472811,0.461558,0.51363,0.585561,0.450984
0.561062,0.570881,0.524315,0.600826,0.440126,0.668975,0.443188,0.990494,0.476859,0.955061,0.605457,0.53817,0,0,0,0,0,0,0,0,0,0,0,0,0,0,0,0,0,0,0.531969,0.538179,0.577886,0.513651,0.469208,0.529971,0.588627,0.442818
0.570253,0.611752,0.521254,0.622675,0.437073,0.668969,0.435536,0.843345,0.472288,0.930544,0.605463,0.589949,0.666698,0.510928,0.720271,0.421044,0.551876,0.946905,0.504427,0.995947,0,0,0,0,0.600863,0.927825,0,0,0,0,0.544236,0.579042,0.584035,0.570846,0.483002,0.551831,0,0
0.561079,0.609031,0.524317,0.630842,0.440142,0.674408,0.43094,0.807938,0.470763,0.911491,0.606999,0.592681,0,0,0,0,0,0,0,0,0,0,0,0,0,0,0,0,0,0,0.538107,0.570851,0.582516,0.562724,0.478384,0.529983,0.605454,0.513651
0.551867,0.581777,0.525869,0.630829,0.449307,0.677139,0.435555,0.802494,0.472267,0.936001,0.603936,0.598116,0,0,0,0,0.512076,0.995948,0,0,0,0,0,0,0,0,0,0,0,0,0.527372,0.532727,0.57791,0.543653,0.473811,0.494623,0.605479,0.535439
0.531984,0.549066,0.528906,0.630824,0.45544,0.663498,0.447792,0.835182,0.470748,0.938696,0.593222,0.592673,0,0,0,0,0.518202,0.995947,0,0,0,0,0,0,0.562601,0.995946,0,0,0,0,0.510556,0.491831,0.559557,0.513655,0.470763,0.464637,0.597804,0.513697
0.519732,0.519134,0.530445,0.619903,0.455429,0.625358,0.438598,0.791573,0.472273,0.900582,0.602399,0.606305,0.629956,0.693487,0.64833,0.715312,0.509017,0.957801,0.455445,0.98777,0,0,0,0,0.556477,0.946891,0,0,0,0,0.501374,0.470059,0.54731,0.486434,0.467674,0.453708,0.590152,0.510907
0.512093,0.494607,0.519731,0.609009,0.447795,0.630822,0.434013,0.788855,0.470736,0.906007,0.588614,0.576327,0,0,0,0,0.525855,0.941458,0.475337,0.995944,0,0,0,0,0.574842,0.93599,0,0,0,0,0.490662,0.45642,0.542672,0.461918,0.449344,0.445568,0.577901,0.483706
0.512076,0.50005,0.510547,0.617182,0.441659,0.660781,0.429423,0.794292,0.46769,0.916914,0.579451,0.565419,0.610052,0.644441,0.636085,0.715283,0.528912,0.9251,0,0,0,0,0,0,0,0,0,0,0,0,0.487601,0.461872,0.541147,0.464648,0.446226,0.461905,0.574841,0.480986
0.512086,0.516354,0.509018,0.611757,0.438594,0.641736,0.424812,0.788839,0.46462,0.906032,0.580962,0.570868,0.611582,0.652618,0.629969,0.720747,0.519738,0.827003,0.473813,0.848799,0,0,0,0,0.564128,0.818837,0,0,0,0,0.487601,0.470074,0.541143,0.475537,0.444703,0.470068,0.573305,0.489093
0.507454,0.527295,0.498317,0.617174,0.426367,0.644445,0.411049,0.78067,0.455431,0.908726,0.574834,0.576337,0,0,0,0,0,0,0,0,0,0,0,0,0,0,0,0,0,0,0.481467,0.483691,0.531987,0.489161,0.4386,0.475533,0.567176,0.497307
0.498325,0.538186,0.487578,0.62536,0.418705,0.668952,0.409519,0.794315,0.452369,0.925101,0.559528,0.579039,0,0,0,0,0,0,0,0,0,0,0,0,0,0,0,0,0,0,0.475357,0.491849,0.527377,0.502747,0.430953,0.480964,0.558029,0.508177
0.495259,0.543643,0.481476,0.628101,0.414112,0.674408,0.404929,0.805198,0.44778,0.933257,0.556481,0.579061,0,0,0,0,0.504427,0.906025,0.470743,0.927824,0,0,0,0,0,0,0,0,0,0,0.472267,0.494607,0.52431,0.508165,0.426336,0.489087,0.554947,0.508196
0.493694,0.535446,0.48299,0.628099,0.415646,0.679866,0.407971,0.799759,0.449309,0.935981,0.558007,0.570885,0,0,0,0,0,0,0,0,0,0,0,0,0,0,0,0,0,0,0.46768,0.491827,0.521272,0.491904,0.423291,0.489135,0.551881,0.494593
0.492155,0.52459,0.484523,0.614477,0.414114,0.660796,0.406456,0.802498,0.446265,0.91146,0.559533,0.56815,0.603934,0.584499,0,0,0.502899,0.93055,0.455448,0.99595,0,0,0,0,0.551878,0.886954,0,0,0,0,0.464621,0.486391,0.519715,0.489059,0.421753,0.48095,0.548806,0.489105
0.492167,0.513671,0.486061,0.600845,0.418701,0.63898,0.404928,0.791587,0.44626,0.903314,0.558012,0.5518,0,0,0,0,0.501373,0.889681,0.456966,0.927824,0,0,0,0,0.54423,0.862433,0,0,0,0,0.463096,0.470095,0.518183,0.470052,0.420235,0.475494,0.547312,0.467326
0.49521,0.50819,0.490651,0.58178,0.421766,0.617211,0.407979,0.783393,0.446259,0.897854,0.561065,0.549056,0.605457,0.57088,0,0,0.499828,0.862429,0.453912,0.859708,0,0,0,0,0.544233,0.851527,0,0,0,0,0.469199,0.467321,0.519755,0.464645,0.423278,0.475522,0.550344,0.467297
