0.341839,0.368968,0.374513,0.567782,0.256142,0.529653,0.068389,0.567778,0,0,0.50104,0.649462,0.388798,0.921759,0.170434,0.993927,0,0,0,0,0,0,0,0,0,0,0,0,0,0,0.294907,0.273694,0.429585,0.32001,0.227596,0.292777,0.533709,0.40984
0.327583,0.379859,0.384713,0.565043,0.270431,0.524213,0.111242,0.565035,0,0,0.496958,0.6549,0.388805,0.921758,0.178593,0.993927,0,0,0,0,0,0,0,0,0,0,0,0,0,0,0.276563,0.28185,0.415331,0.32544,0.209196,0.311814,0.529599,0.398946
0.327566,0.396244,0.362275,0.570506,0.252063,0.537812,0.0928849,0.56777,0,0,0.496961,0.654898,0.388809,0.929926,0.194922,0.995285,0.558188,0.818288,0,0,0,0,0,0,0,0,0,0,0,0,0.274529,0.300914,0.413284,0.339105,0.2092,0.314519,0.523508,0.407146
0.325545,0.396212,0.364303,0.573216,0.254105,0.537814,0.10104,0.567761,0,0,0.496965,0.654906,0.388811,0.92993,0.196965,0.995285,0,0,0,0,0,0,0,0,0,0,0,0,0,0,0.274525,0.300908,0.413285,0.339104,0.209214,0.314518,0.523496,0.409825
0.349998,0.42622,0.390835,0.573218,0.266351,0.535107,0.119404,0.565035,0.0132999,0.573226,0.517369,0.654902,0.421442,0.902696,0.229617,0.995287,0.570433,0.788335,0,0,0,0,0,0,0,0,0,0,0,0,0.294936,0.333563,0.431638,0.374465,0.225535,0.314536,0.541876,0.409865
0.348002,0.426223,0.392878,0.570503,0.268391,0.535095,0.119412,0.565035,0.0133032,0.573229,0.51941,0.649467,0.419411,0.902703,0.227575,0.995287,0.570434,0.796505,0.441861,0.79378,0,0,0,0,0.6888,0.79378,0,0,0,0,0.294932,0.333567,0.431642,0.37712,0.227559,0.314531,0.54391,0.404434
0.364317,0.486069,0.390843,0.545984,0.250026,0.543268,0.109207,0.559599,0,0,0.539824,0.638566,0.433697,0.894535,0.241861,0.995285,0.562269,0.788336,0.429616,0.78561,0,0,0,0,0.662268,0.78289,0,0,0,0,0.315325,0.371714,0.445933,0.423463,0.252063,0.287304,0.562255,0.409837
0.372465,0.570486,0.405125,0.548718,0.258187,0.543267,0.0520633,0.554164,0,0,0.580633,0.600451,0.454115,0.889079,0.241862,0.995286,0.58676,0.774721,0.482678,0.766548,0,0,0,0,0.705124,0.780168,0,0,0,0,0.317365,0.439778,0.454113,0.483336,0.241864,0.303638,0.564306,0.431632
0.425546,0.663108,0.43982,0.559606,0.282677,0.461572,0.21125,0.418008,0.0704103,0.401679,0.627574,0.573224,0.754104,0.845537,0.556152,0.993922,0.884716,0.56233,0,0,0,0,0,0,0,0,0,0,0,0,0.337787,0.603187,0.476576,0.556915,0,0,0.564307,0.428919
0.423499,0.644008,0.441862,0.53782,0.276557,0.447965,0.203089,0.407119,0.070418,0.398978,0.625532,0.562334,0.745958,0.842781,0.547973,0.995284,0.882677,0.570497,0,0,0,0,0,0,0,0,0,0,0,0,0.339802,0.57597,0.480622,0.535083,0.23777,0.570486,0.566358,0.428896
0.429602,0.627674,0.443902,0.5351,0.286759,0.439797,0.209204,0.401679,0.0643038,0.393476,0.627567,0.554157,0.747978,0.842804,0.545942,0.995284,0.676555,0.761104,0.56227,0.742043,0.42349,0.993921,0,0,0,0,0,0,0,0,0.34188,0.559601,0.492864,0.515999,0.254111,0.616775,0.570442,0.407118
0.443905,0.605903,0.478596,0.524207,0.333696,0.445237,0.239833,0.396238,0.0704239,0.388076,0.633703,0.554157,0.756151,0.853694,0.552055,0.978955,0.684717,0.769274,0.570429,0.744768,0.425532,0.993921,0,0,0.782678,0.826457,0,0,0,0,0.360239,0.532398,0.509203,0.491547,0.268404,0.59768,0.58881,0.407115
0.460227,0.573204,0.472476,0.516039,0.331654,0.428904,0.243902,0.39351,0.072459,0.385355,0.637784,0.556881,0.752066,0.861851,0.552068,0.976239,0.645946,0.769275,0.552066,0.752936,0,0,0,0,0.737779,0.826455,0,0,0,0,0.37248,0.491532,0.527552,0.464313,0.286746,0.477899,0.609219,0.404399
0.464291,0.570495,0.472472,0.516036,0.329613,0.428903,0.2439,0.393504,0.0724674,0.38536,0.637785,0.55688,0.75002,0.859136,0.560208,0.970768,0.650026,0.76655,0.554106,0.752932,0,0,0,0,0.747981,0.807395,0,0,0,0,0.372493,0.491529,0.527548,0.464315,0.282673,0.483345,0.611249,0.404392
0.480641,0.535106,0.494929,0.499702,0.331654,0.437066,0.256145,0.409841,0.076574,0.385323,0.643896,0.559605,0.745941,0.853688,0.550039,0.968051,0.650024,0.782888,0.560226,0.755659,0,0,0,0,0.741859,0.837349,0,0,0,0,0.392873,0.447974,0.545943,0.42892,0.325539,0.491527,0.633697,0.314535
0.492864,0.496988,0.498997,0.491525,0.329612,0.442507,0.247986,0.407112,0.0786112,0.388074,0.643903,0.554164,0.739833,0.842806,0.541856,0.973494,0.658188,0.780166,0.572476,0.758378,0.417371,0.993921,0,0,0.745943,0.845515,0,0,0,0,0.407164,0.404394,0.562276,0.388056,0.327583,0.393502,0.645949,0.290022
0.49899,0.458853,0.494924,0.488808,0.325545,0.439807,0.241856,0.407137,0.0785919,0.393511,0.645948,0.545997,0.735735,0.853689,0.525534,0.978947,0.711249,0.842796,0.596962,0.777444,0.409209,0.993922,0,0,0.799,0.859129,0.423493,0.993922,0,0,0.413307,0.371736,0.56635,0.358053,0.327575,0.349934,0.645944,0.309088
0.498993,0.45883,0.494912,0.488815,0.327584,0.442515,0.245945,0.412554,0.0786069,0.3935,0.645935,0.54327,0.735729,0.861859,0.525539,0.978946,0.713286,0.84824,0.592881,0.777446,0.409211,0.993922,0,0,0.799004,0.861852,0.423491,0.993922,0,0,0.415314,0.371688,0.566344,0.358059,0.327576,0.352662,0.645926,0.311809
0.494914,0.423474,0.490846,0.483358,0.329617,0.442514,0.23982,0.407123,0.0765789,0.396221,0.650016,0.545989,0.721447,0.853681,0.507175,0.973498,0.652064,0.761108,0.570436,0.752934,0,0,0,0,0.735739,0.807395,0,0,0,0,0.409225,0.341756,0.56435,0.33356,0.321457,0.339039,0.643913,0.292748
0.49698,0.404389,0.4888,0.477906,0.329613,0.439805,0.241864,0.412564,0.0765655,0.396239,0.645946,0.537818,0.715336,0.848234,0.492877,0.973494,0.662267,0.755662,0.574514,0.755655,0,0,0,0,0.77043,0.758385,0,0,0,0,0.409188,0.322731,0.566376,0.31182,0.317365,0.309095,0.645932,0.284576
0.494935,0.396238,0.482682,0.480645,0.325544,0.44796,0.237774,0.418001,0.0744786,0.396257,0.650016,0.535102,0.707162,0.853697,0.482682,0.995283,0.674515,0.771998,0.582676,0.758386,0,0,0,0,0.79492,0.861854,0,0,0,0,0.405117,0.314543,0.564313,0.306352,0.301043,0.300912,0.643899,0.273692
0.49492,0.396225,0.486752,0.48063,0.325531,0.447973,0.233695,0.415291,0.0724937,0.396257,0.650026,0.540541,0.705125,0.85914,0.480628,0.993922,0.715331,0.842794,0.605125,0.769278,0,0,0,0,0.809208,0.872748,0,0,0,0,0.403088,0.314532,0.564312,0.306337,0.301038,0.300914,0.643895,0.284575
0.49491,0.390799,0.486753,0.480635,0.323505,0.453395,0.231661,0.420744,0.0724547,0.398989,0.652071,0.535107,0.705132,0.842777,0.476553,0.995289,0.652066,0.807396,0.57043,0.763828,0,0,0,0,0.731654,0.859133,0.382675,0.993922,0,0,0.407148,0.311852,0.566343,0.303643,0.298997,0.298197,0.643903,0.284578
0.494901,0.388078,0.494914,0.48063,0.337778,0.453411,0.231665,0.426161,0.0724474,0.401709,0.654108,0.537829,0.699005,0.840064,0.472474,0.995294,0.645941,0.826457,0.564306,0.769272,0.345943,0.993922,0,0,0.721449,0.861855,0.366348,0.993923,0,0,0.411223,0.309061,0.568403,0.303646,0.311247,0.303635,0.652054,0.287294
0.494912,0.366264,0.496969,0.477922,0.345943,0.447948,0.235737,0.426192,0.0704477,0.404427,0.652065,0.535089,0.678606,0.845532,0.458182,0.995293,0.647982,0.818286,0.568388,0.774719,0,0,0,0,0.729616,0.848242,0.633696,0.993921,0,0,0.411255,0.284613,0.576561,0.290022,0.323499,0.270969,0.664304,0.257349
0.494896,0.363574,0.492894,0.477917,0.341859,0.447951,0.235741,0.426197,0.0724368,0.404434,0.654108,0.535103,0.678611,0.842784,0.460221,0.995292,0.647982,0.810117,0.568388,0.769277,0,0,0,0,0.729617,0.845515,0,0,0,0,0.411245,0.284581,0.576561,0.290026,0.323502,0.279125,0.664325,0.254641
0.494935,0.325437,0.492878,0.467013,0.343902,0.442506,0.239814,0.428879,0.0704444,0.409871,0.658183,0.518766,0.666346,0.829185,0.439817,0.995288,0.670432,0.791059,0.568394,0.777444,0,0,0,0,0.782678,0.812843,0,0,0,0,0.417377,0.241033,0.578578,0.254605,0.323512,0.241,0.668375,0.241016
0.494938,0.27913,0.499014,0.447978,0.362271,0.423463,0.241858,0.428871,0.0724969,0.423415,0.654103,0.499695,0.652063,0.804671,0,0,0.735737,0.99392,0.639821,0.962605,0,0,0,0,0.845943,0.99392,0,0,0,0,0.429613,0.186549,0.578609,0.213789,0.33778,0.192,0.668392,0.224695
0.492872,0.246424,0.525536,0.445251,0.390838,0.401687,0.239814,0.428927,0.0724832,0.428926,0.647984,0.486095,0.637776,0.763825,0.468392,0.995287,0.713288,0.856406,0.607165,0.815565,0,0,0,0,0.807164,0.861851,0.643901,0.840072,0,0,0.431657,0.148431,0.578583,0.18384,0.345945,0.18657,0.670446,0.221935
0.490854,0.243719,0.521456,0.445256,0.388807,0.401694,0.239826,0.428913,0.0724859,0.428925,0.645947,0.486087,0.635752,0.761111,0.472472,0.995287,0.713287,0.850967,0.607166,0.80195,0,0,0,0,0.805127,0.859129,0.643905,0.864575,0,0,0.42964,0.145744,0.578579,0.183835,0.345944,0.186551,0.67244,0.221957
0.472472,0.221934,0.523498,0.447956,0.386774,0.407109,0.245942,0.437086,0.0786147,0.442495,0.645937,0.486094,0.627575,0.785615,0.470434,0.995286,0.723492,0.856411,0.627574,0.804674,0,0,0,0,0.81329,0.861854,0.633695,0.842797,0,0,0.425518,0.134845,0.562264,0.170247,0.356135,0.167495,0.660247,0.235583
0.462276,0.216499,0.523485,0.456142,0.394925,0.426193,0.254106,0.453385,0.0867669,0.453412,0.637769,0.488806,0.617374,0.766555,0,0,0.727575,0.867301,0.619411,0.777445,0,0,0,0,0.81329,0.872749,0.633695,0.831904,0,0,0.41739,0.137559,0.547987,0.178369,0.356145,0.178365,0.650044,0.251939
0.450025,0.219253,0.517375,0.461574,0.392879,0.434371,0.250025,0.4643,0.0867741,0.461555,0.633693,0.491529,0.607167,0.807401,0.472473,0.99529,0.747983,0.878194,0.64186,0.815566,0,0,0,0,0.827574,0.886362,0.633695,0.84007,0,0,0.407161,0.148413,0.533724,0.178395,0.358186,0.167511,0.641853,0.257365
0.450017,0.21926,0.517374,0.461575,0.390853,0.434368,0.250024,0.46428,0.0867766,0.461545,0.633687,0.488812,0.607167,0.807401,0,0,0.754104,0.870027,0.637781,0.799227,0,0,0,0,0.837778,0.883639,0.633699,0.845516,0,0,0.407156,0.148415,0.533708,0.178399,0.356155,0.17294,0.641856,0.257353
0.435759,0.227408,0.509215,0.46431,0.38675,0.442509,0.250028,0.467003,0.0847262,0.464305,0.625541,0.491531,0.588797,0.870023,0,0,0.731656,0.870027,0.61329,0.780167,0,0,0,0,0.809209,0.875471,0.629615,0.840074,0,0,0.39287,0.162026,0.521463,0.18108,0.341874,0.189286,0.629582,0.254608
0.427591,0.249156,0.496971,0.472482,0.366342,0.45887,0.229621,0.469732,0.0806191,0.467021,0.617364,0.494246,0.598994,0.823731,0,0,0.719414,0.853685,0.605129,0.769276,0,0,0,0,0.803083,0.861857,0.623494,0.850964,0,0,0.380652,0.183816,0.509207,0.189317,0.329624,0.211068,0.613312,0.257339
0.419403,0.27913,0.499016,0.486103,0.364314,0.477895,0.231663,0.477895,0.0785785,0.469768,0.623485,0.510598,0.60309,0.81284,0,0,0.719409,0.870027,0.605124,0.79106,0,0,0,0,0.803084,0.867303,0.609206,0.834625,0,0,0.368373,0.211098,0.499001,0.21376,0.317376,0.24645,0.609189,0.270969
0.419408,0.276432,0.499008,0.488803,0.364301,0.477907,0.233687,0.477899,0.0785847,0.469766,0.623486,0.516024,0.603095,0.815565,0,0,0.719415,0.870027,0.607168,0.801952,0,0,0,0,0.803086,0.867299,0.609206,0.834627,0,0,0.368376,0.211074,0.499003,0.213768,0.317378,0.249161,0.609186,0.270949
0.425536,0.314513,0.499004,0.510595,0.366353,0.491526,0.227581,0.483325,0.0806544,0.472501,0.627575,0.532386,0.609213,0.842789,0,0,0.725534,0.902702,0.631657,0.856407,0,0,0,0,0.807164,0.894531,0.611246,0.84824,0,0,0.368414,0.249124,0.501055,0.249159,0.31533,0.262794,0.611227,0.281862
0.429609,0.339097,0.49902,0.52148,0.364303,0.496994,0.231658,0.486044,0.086757,0.480628,0.633694,0.554152,0.605128,0.864582,0,0,0.733697,0.943545,0.637778,0.861854,0,0,0,0,0.809206,0.910871,0,0,0,0,0.378576,0.270983,0.509211,0.27098,0.31738,0.273681,0.615334,0.298187
0.431647,0.363567,0.496968,0.526941,0.362265,0.502435,0.237777,0.486061,0.0887954,0.483361,0.635736,0.570487,0.572481,0.995285,0,0,0.727572,0.878196,0.635738,0.853688,0,0,0,0,0.807165,0.878196,0.61329,0.993921,0,0,0.38472,0.287332,0.515338,0.292774,0.321433,0.290035,0.623493,0.328136
0.431634,0.363584,0.499,0.526945,0.364304,0.502435,0.235745,0.486073,0.0888149,0.483364,0.635741,0.570499,0.574517,0.995284,0,0,0.727577,0.886362,0.63574,0.856411,0,0,0,0,0.807167,0.88364,0.619412,0.981667,0,0,0.384717,0.287304,0.515338,0.292755,0.321442,0.287328,0.623484,0.328136
0.43778,0.382647,0.501051,0.535106,0.368387,0.510579,0.239827,0.4888,0.090816,0.486058,0.637768,0.578677,0.599,0.89181,0,0,0.723494,0.870027,0.625533,0.842795,0,0,0,0,0.803086,0.875472,0.631657,0.878196,0,0,0.390828,0.300937,0.523489,0.314491,0.325536,0.295468,0.629618,0.347209
0.43983,0.401658,0.499012,0.543273,0.368392,0.513316,0.245941,0.494242,0.0908243,0.486099,0.635732,0.597718,0.57248,0.995284,0,0,0.733695,0.883639,0.641858,0.859132,0,0,0,0,0.809209,0.878194,0.631658,0.872746,0,0,0.394932,0.314491,0.527589,0.336317,0.329603,0.298217,0.633691,0.36628
0.447973,0.423431,0.499014,0.554145,0.374518,0.516026,0.250022,0.494252,0.0928663,0.486111,0.633699,0.608609,0.594917,0.908145,0,0,0.74186,0.883639,0.647983,0.861853,0,0,0,0,0.817369,0.886364,0.633698,0.875468,0,0,0.398988,0.320015,0.531631,0.347206,0.331671,0.287319,0.635738,0.38532
0.44799,0.423425,0.499012,0.55145,0.378598,0.516044,0.247987,0.494246,0.0908702,0.488764,0.633706,0.605893,0.599006,0.88636,0,0,0.73982,0.880918,0.6439,0.859131,0,0,0,0,0.815331,0.880917,0.635735,0.875472,0,0,0.398993,0.322696,0.531639,0.347192,0.333711,0.290029,0.63574,0.38532
0.450003,0.426136,0.50105,0.554147,0.388797,0.516018,0.243907,0.491551,0.0928779,0.486118,0.635727,0.614062,0.594915,0.897252,0,0,0.731654,0.867302,0.637778,0.848241,0,0,0,0,0.811246,0.872748,0.635736,0.880919,0,0,0.399014,0.328138,0.531688,0.355355,0.33576,0.300934,0.639814,0.385318
0.450027,0.423454,0.501044,0.551436,0.382677,0.513319,0.241853,0.48883,0.0908113,0.48606,0.633692,0.611352,0.594923,0.883639,0,0,0.764308,0.913593,0.641863,0.850963,0,0,0,0,0,0,0,0,0,0,0.401018,0.319993,0.533722,0.355348,0.337774,0.298193,0.639816,0.390772
0.454105,0.423442,0.499003,0.554145,0.376555,0.516021,0.237789,0.4888,0.0908276,0.48608,0.633687,0.619511,0.594923,0.883636,0,0,0.731656,0.875473,0.619411,0.823735,0,0,0,0,0.825534,0.902701,0,0,0,0,0.405109,0.319962,0.543879,0.358074,0.337788,0.295469,0.643913,0.393491
0.454124,0.423423,0.499006,0.554161,0.374511,0.516028,0.235754,0.488792,0.0908175,0.48608,0.631665,0.622228,0.59287,0.89725,0,0,0.731655,0.872747,0.621453,0.823733,0,0,0,0,0.823492,0.891808,0,0,0,0,0.405116,0.319967,0.543894,0.358077,0.339805,0.295475,0.64392,0.393471
0.462272,0.420726,0.498996,0.554153,0.372478,0.516021,0.239811,0.488802,0.0888014,0.48604,0.633695,0.622223,0.596955,0.872755,0,0,0.729616,0.861858,0.621452,0.804674,0,0,0,0,0.817371,0.872747,0.584717,0.993922,0,0,0.413285,0.317282,0.548012,0.358123,0.341862,0.295488,0.650005,0.396212
0.462274,0.420724,0.496964,0.55145,0.37043,0.513325,0.237793,0.488772,0.0887866,0.486044,0.633701,0.622229,0.596972,0.870031,0,0,0.721454,0.842794,0.607167,0.774719,0,0,0,0,0.809207,0.859134,0.578597,0.993922,0,0,0.413306,0.317291,0.55206,0.360805,0.343917,0.295486,0.652042,0.396215
0.460242,0.420716,0.49697,0.551443,0.366356,0.510588,0.237777,0.486112,0.0867358,0.486077,0.635727,0.622229,0.596963,0.864587,0,0,0.717372,0.834626,0.607164,0.780166,0,0,0,0,0.805123,0.856408,0.578593,0.993922,0,0,0.415308,0.317284,0.550049,0.363517,0.343896,0.295462,0.650036,0.398938
0.462268,0.423429,0.49697,0.554155,0.366354,0.510594,0.239815,0.486113,0.0867391,0.486062,0.635726,0.624947,0.592881,0.883643,0,0,0.719414,0.845518,0.613289,0.791056,0,0,0,0,0.805126,0.859134,0.576555,0.993922,0,0,0.415304,0.317295,0.550036,0.363517,0.345935,0.2982,0.650045,0.398919
0.458188,0.426144,0.499002,0.543261,0.372478,0.496972,0.235729,0.486111,0.0785946,0.486062,0.631664,0.622243,0.592871,0.861852,0,0,0.715327,0.859129,0.59492,0.785613,0,0,0,0,0.799006,0.867301,0,0,0,0,0.409226,0.317294,0.54594,0.363533,0.341849,0.292735,0.647961,0.398916
0.452063,0.423458,0.496957,0.537823,0.380635,0.486093,0.235737,0.486048,0.0745332,0.48603,0.629615,0.619517,0.582681,0.853683,0,0,0.707166,0.837349,0.584717,0.769277,0,0,0,0,0.794924,0.859133,0.566348,0.993922,0,0,0.4031,0.317244,0.539833,0.360867,0.335761,0.284585,0.643898,0.396194
0.443891,0.415282,0.494931,0.526914,0.384713,0.472456,0.229622,0.477928,0.0724561,0.477927,0.619414,0.61678,0.574518,0.845537,0,0,0.717369,0.845518,0.59492,0.769276,0,0,0,0,0.801043,0.853684,0.56839,0.993921,0,0,0.398974,0.311832,0.531642,0.35811,0.333675,0.281864,0.63576,0.390777
0.443884,0.4153,0.494918,0.526917,0.382673,0.472461,0.229615,0.48061,0.0724596,0.480605,0.619407,0.614067,0.576554,0.845533,0,0,0.719411,0.85913,0.613288,0.804673,0,0,0,0,0.803084,0.859135,0.568391,0.993921,0,0,0.398981,0.31184,0.531649,0.358093,0.331654,0.276407,0.637772,0.390752
0.435749,0.404416,0.490832,0.518754,0.356149,0.464316,0.221462,0.472491,0.0642927,0.469737,0.619405,0.60045,0.568393,0.845502,0,0,0.711245,0.853689,0.601044,0.82101,0,0,0,0,0.792878,0.853688,0.572476,0.870025,0,0,0.394905,0.303647,0.527591,0.347195,0.329622,0.270985,0.63574,0.379884
0.435722,0.404374,0.488794,0.51604,0.356147,0.464295,0.217363,0.469744,0.0582129,0.467015,0.615329,0.595004,0.56433,0.842806,0,0,0.709206,0.845517,0.580636,0.782892,0,0,0,0,0.792879,0.84824,0.570436,0.870027,0,0,0.390822,0.300941,0.525533,0.344499,0.329611,0.273694,0.631677,0.3826
0.433677,0.401659,0.490833,0.513323,0.362275,0.458857,0.213301,0.469735,0.0581883,0.467036,0.615332,0.59773,0.564304,0.848237,0,0,0.709208,0.853689,0.601043,0.821011,0,0,0,0,0.792877,0.853687,0.572469,0.870027,0,0,0.388822,0.303629,0.525511,0.34721,0.331649,0.276414,0.631661,0.382642
0.433693,0.401678,0.490842,0.516031,0.362268,0.461588,0.211239,0.469734,0.0581827,0.467027,0.617367,0.59772,0.564305,0.848232,0,0,0.711246,0.856407,0.603086,0.823733,0,0,0,0,0.792878,0.853689,0.57247,0.870024,0,0,0.388818,0.303632,0.523511,0.347225,0.331653,0.279122,0.631668,0.38261
0.429601,0.404424,0.486752,0.518745,0.35615,0.458868,0.211243,0.472449,0.0540839,0.469776,0.609207,0.60589,0.560226,0.848243,0,0,0.717367,0.880915,0.633695,0.864582,0,0,0,0,0.799005,0.875468,0.568388,0.870022,0,0,0.382695,0.306391,0.517391,0.355354,0.319439,0.28187,0.631646,0.379898
0.427563,0.420722,0.490844,0.521495,0.364307,0.464305,0.219407,0.475209,0.0541046,0.475176,0.611239,0.614067,0.560235,0.853679,0,0,0.719408,0.880919,0.631657,0.867305,0,0,0,0,0.803086,0.880914,0.570433,0.87547,0,0,0.370436,0.31449,0.513279,0.363576,0.317375,0.27913,0.629627,0.393473
0.423505,0.426218,0.494928,0.529643,0.368386,0.472487,0.219414,0.483325,0.0602393,0.480665,0.623487,0.616796,0.556149,0.870022,0,0,0.715328,0.872748,0.609207,0.85913,0,0,0,0,0.801043,0.872746,0,0,0,0,0.370449,0.33362,0.513307,0.385363,0.327563,0.314529,0.633709,0.39621
0.423496,0.426216,0.49696,0.529642,0.370432,0.472458,0.221459,0.48066,0.0602267,0.48066,0.623485,0.619499,0.55818,0.864577,0,0,0.715327,0.864575,0.605125,0.845517,0,0,0,0,0.801044,0.86458,0,0,0,0,0.368418,0.333604,0.513283,0.385368,0.325529,0.262801,0.633719,0.396231
0.417355,0.437059,0.50309,0.529655,0.382674,0.475187,0.237782,0.483365,0.0745323,0.486039,0.627577,0.619508,0.552065,0.878191,0,0,0.715331,0.861857,0.59288,0.818289,0,0,0,0,0.803085,0.867303,0,0,0,0,0.3684,0.341785,0.503078,0.390798,0,0,0.64184,0.393512
0.398989,0.447982,0.501047,0.532377,0.384722,0.469758,0.2541,0.480649,0.0806284,0.483355,0.617364,0.619499,0.556145,0.856419,0,0,0.71941,0.86458,0.631654,0.845519,0,0,0,0,0.803082,0.872748,0.570435,0.889087,0,0,0.356135,0.344491,0.478607,0.393499,0,0,0.629594,0.404394
0.370434,0.456144,0.509208,0.524197,0.423492,0.464297,0.276559,0.480619,0.0867671,0.477938,0.61941,0.622228,0.562259,0.840069,0,0,0.715331,0.848241,0.590839,0.791057,0,0,0,0,0.805124,0.864581,0,0,0,0,0.337802,0.34721,0.452077,0.401653,0,0,0.617377,0.415302
0.368396,0.453398,0.509202,0.524193,0.421453,0.464292,0.276555,0.48062,0.0867639,0.477942,0.619405,0.622229,0.562264,0.840073,0,0,0.715328,0.842796,0.586759,0.78289,0,0,0,0,0.803085,0.861854,0,0,0,0,0.337793,0.347205,0.452047,0.401655,0,0,0.617374,0.417999
0.345956,0.45614,0.509211,0.516033,0.417371,0.450687,0.268392,0.475202,0.0908341,0.475195,0.62349,0.61407,0.568389,0.848241,0,0,0.711248,0.78289,0.58676,0.763824,0,0,0,0,0.811248,0.859132,0,0,0,0,0.321463,0.360836,0.423484,0.431655,0,0,0.6092,0.423441
0.343905,0.684854,0.527575,0.562322,0.384717,0.442517,0.288802,0.439785,0.105132,0.447989,0.654104,0.605898,0.674501,0.92994,0.501043,0.995288,0,0,0,0,0,0,0,0,0,0,0,0,0,0,0.307166,0.570495,0.462272,0.657629,0,0,0.613284,0.442523
0.405127,0.679411,0.505128,0.54327,0.341861,0.450687,0.268389,0.439786,0.109196,0.458838,0.656142,0.61951,0.674528,0.935359,0.499002,0.993928,0.71941,0.785613,0.578596,0.731155,0,0,0,0,0.858186,0.880916,0.662269,0.993923,0,0,0.350021,0.589557,0.478604,0.635848,0,0,0.621446,0.486075
0.362266,0.682145,0.501045,0.554156,0.33166,0.450691,0.272474,0.445233,0.103093,0.469772,0.654099,0.627678,0.666359,0.949002,0,0,0.725534,0.861855,0.572471,0.758381,0,0,0,0,0.847982,0.910869,0,0,0,0,0.323507,0.58683,0.462267,0.641305,0,0,0.613283,0.494266
0.362264,0.69029,0.50104,0.554155,0.33166,0.453406,0.272465,0.445222,0.103089,0.469749,0.6541,0.624959,0.666336,0.948999,0,0,0.733697,0.864576,0.572474,0.758382,0,0,0,0,0.856147,0.908147,0,0,0,0,0.325544,0.586838,0.464298,0.643998,0,0,0.613275,0.494281
0.327583,0.712085,0.490837,0.573216,0.321453,0.502422,0.247984,0.450703,0.103096,0.486045,0.639823,0.644018,0.650027,0.965322,0,0,0,0,0,0,0,0,0,0,0,0,0,0,0,0,0.298995,0.589545,0.450025,0.641312,0,0,0.5888,0.535089
0.325531,0.701194,0.486762,0.578666,0.333694,0.483359,0.247988,0.447979,0.105128,0.488814,0.639813,0.646739,0.64185,0.970767,0,0,0.680638,0.837349,0.554106,0.771997,0,0,0,0,0.799004,0.899978,0,0,0,0,0.290846,0.581402,0.425513,0.633128,0,0,0.582666,0.52422
0.317375,0.668535,0.490834,0.573227,0.317371,0.488804,0.227573,0.453409,0.103083,0.491568,0.625535,0.65218,0.639802,0.973503,0,0,0,0,0,0,0,0,0,0,0,0,0,0,0,0,0.280625,0.56233,0.421445,0.611364,0.272455,0.540521,0.576544,0.518752
0.329622,0.668543,0.490839,0.578668,0.31941,0.483362,0.225536,0.450703,0.103076,0.491561,0.627571,0.652184,0.639816,0.970781,0,0,0,0,0,0,0,0,0,0,0,0,0,0,0,0,0.282675,0.570459,0.417353,0.61137,0,0,0.576563,0.516075
0.343895,0.663054,0.480631,0.573223,0.327574,0.499696,0.254102,0.461564,0.107173,0.494251,0.625532,0.65763,0.641846,0.976224,0,0,0,0,0,0,0,0,0,0,0,0,0,0,0,0,0.284721,0.548694,0.42146,0.600401,0,0,0.580656,0.510569
0.347978,0.657612,0.48268,0.589556,0.329617,0.526927,0.266344,0.472465,0.115331,0.510602,0.635732,0.665803,0.641869,0.995283,0,0,0.711248,0.875471,0.568394,0.807398,0,0,0,0,0.803086,0.993921,0,0,0,0,0.294924,0.545994,0.431639,0.584134,0,0,0.586755,0.513303
0.354103,0.657624,0.490836,0.597721,0.343903,0.532379,0.270434,0.483344,0.115313,0.516074,0.631655,0.673973,0.637769,0.995291,0,0,0.715326,0.897256,0.57247,0.842795,0,0,0,0,0.809207,0.993921,0,0,0,0,0.298991,0.540568,0.439806,0.58956,0,0,0.592895,0.516057
0.354113,0.660333,0.492882,0.595003,0.345944,0.532377,0.272474,0.48064,0.113301,0.518743,0.63166,0.673972,0.639809,0.99529,0,0,0.715327,0.889087,0.572473,0.853686,0,0,0,0,0.807169,0.993921,0,0,0,0,0.298983,0.54325,0.439818,0.589561,0,0,0.594901,0.516039
0.356132,0.657635,0.490835,0.619504,0.339823,0.532377,0.28267,0.486076,0.115328,0.529635,0.629612,0.703924,0.633687,0.995288,0,0,0.707166,0.867304,0.568389,0.834626,0,0,0,0,0.805127,0.995282,0,0,0,0,0.301073,0.543263,0.44594,0.589555,0,0,0.601043,0.518765
0.364293,0.65492,0.486756,0.630399,0.327573,0.537818,0.278588,0.488811,0,0,0.629614,0.717535,0.633698,0.995284,0,0,0.678594,0.867304,0.556146,0.840071,0,0,0,0,0.799005,0.910869,0,0,0,0,0.313282,0.543252,0.454088,0.581387,0,0,0.605139,0.516045
0.394932,0.654898,0.464306,0.605898,0.301041,0.532379,0.123493,0.524207,0.101034,0.535072,0.629612,0.706642,0.627578,0.995284,0,0,0.696963,0.883637,0.56023,0.867299,0,0,0,0,0.809209,0.993921,0,0,0,0,0.321452,0.521499,0.478606,0.562333,0,0,0.609193,0.513312
0.394931,0.649472,0.464307,0.605895,0.301041,0.529654,0.268394,0.491529,0.0990192,0.535062,0.627578,0.706652,0.629617,0.993925,0,0,0.694922,0.875473,0.560228,0.861856,0,0,0,0,0.807167,0.993921,0,0,0,0,0.321463,0.521483,0.478608,0.559637,0,0,0.609189,0.513312
0.413274,0.608636,0.462266,0.595006,0.294922,0.524199,0.268395,0.494238,0.0908244,0.535122,0.625532,0.706647,0.629611,0.993923,0,0,0.66635,0.864575,0.533695,0.856408,0,0,0,0,0.794925,0.872745,0,0,0,0,0.341863,0.486114,0.503068,0.516039,0.274511,0.450679,0.61737,0.486067
0.433698,0.556888,0.468395,0.611348,0.307164,0.532377,0.256149,0.507878,0,0,0.62349,0.706643,0.625536,0.993924,0,0,0.666349,0.867304,0.54594,0.867304,0,0,0,0,0.794921,0.870025,0,0,0,0,0.364292,0.453413,0.5235,0.477897,0.311235,0.447964,0.631641,0.456126
0.43981,0.524228,0.468387,0.605898,0.31941,0.535105,0.254117,0.513294,0.0826648,0.532393,0.627573,0.690311,0.625532,0.995285,0,0,0.670431,0.861857,0.558186,0.864576,0,0,0,0,0.790842,0.872748,0,0,0,0,0.368398,0.423449,0.53166,0.447921,0.288798,0.409841,0.63167,0.453408
0.43778,0.526946,0.472473,0.605901,0.327572,0.540541,0.252068,0.516026,0.0826625,0.532385,0.625529,0.69303,0.625537,0.995285,0,0,0.666348,0.85641,0.556145,0.861852,0,0,0,0,0.790837,0.864578,0,0,0,0,0.368366,0.423488,0.531666,0.445244,0.286757,0.415286,0.641852,0.428908
0.435759,0.510616,0.468383,0.605888,0.31533,0.535108,0.245947,0.510595,0.0785974,0.532364,0.623497,0.687581,0.623496,0.995287,0,0,0.66431,0.856411,0.558189,0.861858,0,0,0,0,0.788797,0.864579,0,0,0,0,0.368388,0.401653,0.53168,0.428862,0.28676,0.393497,0.633705,0.447953
0.435752,0.494265,0.466355,0.603178,0.327572,0.54054,0.245946,0.516021,0.0765414,0.535104,0.617371,0.690301,0.619412,0.995288,0,0,0.664308,0.856406,0.554106,0.864576,0,0,0,0,0.788797,0.861857,0,0,0,0,0.366349,0.396207,0.531679,0.423422,0.280639,0.396227,0.64186,0.407115
0.435755,0.494262,0.46839,0.603172,0.327579,0.548706,0.235744,0.521463,0.0724814,0.540555,0.61941,0.690302,0.623493,0.995287,0,0,0.658187,0.850962,0.552063,0.867301,0,0,0,0,0.78472,0.850963,0,0,0,0,0.364303,0.393529,0.531655,0.415301,0.276569,0.39622,0.635758,0.423446
0.439805,0.494266,0.468395,0.60317,0.325535,0.548708,0.237778,0.518761,0.0724741,0.540542,0.619414,0.690311,0.621459,0.995288,0,0,0.660227,0.850964,0.554105,0.864577,0,0,0,0,0.786761,0.853686,0,0,0,0,0.364302,0.39621,0.531677,0.415308,0.278603,0.39622,0.635739,0.428879
0.439815,0.502404,0.470434,0.611333,0.323499,0.556888,0.235736,0.526924,0.0622767,0.548728,0.629612,0.690304,0.615328,0.995289,0,0,0.668392,0.864576,0.556148,0.875472,0,0,0,0,0.79288,0.880918,0,0,0,0,0.366326,0.398974,0.53167,0.423432,0.2745,0.385331,0.64184,0.409865
0.445937,0.505149,0.472477,0.608627,0.305132,0.556887,0.231642,0.529656,0.0561243,0.55144,0.633698,0.693022,0.613285,0.99529,0,0,0.670433,0.870023,0.556146,0.905424,0,0,0,0,0.792881,0.878194,0,0,0,0,0.368379,0.398965,0.535757,0.417989,0.276566,0.396224,0.645967,0.398942
0.456138,0.488842,0.490831,0.614064,0.3235,0.562326,0.229623,0.532391,0.0540924,0.554195,0.637773,0.679415,0.613295,0.995286,0,0,0.717368,0.993921,0.564307,0.897253,0,0,0,0,0.831657,0.993922,0,0,0,0,0.38062,0.388033,0.547997,0.401723,0.286746,0.398932,0.660237,0.396232
0.456137,0.488814,0.486755,0.614069,0.323492,0.562337,0.231648,0.532384,0.0540855,0.556844,0.637782,0.679417,0.613294,0.995286,0,0,0.715331,0.993921,0.564309,0.899978,0,0,0,0,0.831657,0.993922,0,0,0,0,0.380613,0.385373,0.548016,0.401722,0.282681,0.396233,0.660243,0.393495
0.476564,0.469712,0.494928,0.608619,0.321456,0.559614,0.227573,0.52963,0,0,0.645946,0.665808,0.625531,0.995286,0,0,0.703086,0.894531,0.57043,0.886363,0,0,0,0,0.825534,0.995282,0,0,0,0,0.403097,0.366279,0.570414,0.390782,0.307181,0.390771,0.67654,0.385363
0.492865,0.450671,0.492872,0.589563,0.325536,0.543277,0.223497,0.524213,0,0,0.652068,0.671241,0.623491,0.995283,0,0,0.725535,0.99392,0.582675,0.995282,0,0,0,0,0.850024,0.993921,0.639822,0.993922,0,0,0.417375,0.341819,0.582696,0.377134,0.319402,0.371705,0.684728,0.385315
0.492895,0.447975,0.494927,0.59772,0.343904,0.54599,0.0500241,0.543289,0.0438923,0.540541,0.650029,0.673967,0.623496,0.993922,0,0,0.715328,0.872746,0.576552,0.861857,0,0,0,0,0,0,0,0,0,0,0.429582,0.341738,0.588805,0.379872,0.325532,0.317268,0.690829,0.390789
0.494902,0.447981,0.49085,0.595007,0.339817,0.545987,0.0479704,0.543278,0.0439013,0.540538,0.647981,0.673969,0.623499,0.993922,0,0,0.715331,0.872747,0.576552,0.861857,0,0,0,0,0,0,0,0,0,0,0.429579,0.341739,0.588807,0.379881,0.323518,0.317273,0.690831,0.3908
0.482698,0.467004,0.492877,0.578673,0.345943,0.529656,0.0439195,0.537802,0,0,0.645946,0.671252,0.625526,0.965339,0,0,0.711251,0.859129,0.572472,0.801951,0,0,0,0,0.821453,0.899977,0,0,0,0,0.421459,0.358095,0.580623,0.398902,0.325538,0.349931,0.690826,0.390781
0.472468,0.505132,0.492878,0.567767,0.329618,0.518759,0.223478,0.513296,0.0438838,0.532356,0.645948,0.671243,0.619418,0.959887,0,0,0.684717,0.85913,0.558185,0.774717,0,0,0,0,0.809206,0.993921,0,0,0,0,0.399012,0.377168,0.562282,0.442509,0.317372,0.303637,0.688796,0.369009
0.435741,0.562345,0.48472,0.567777,0.305128,0.521486,0.221443,0.510571,0.0418677,0.526926,0.652063,0.663068,0.619412,0.951719,0,0,0.71125,0.875469,0.562269,0.788336,0,0,0,0,0.829616,0.993922,0,0,0,0,0.378603,0.464299,0.529611,0.510606,0,0,0.647985,0.447965
0.441862,0.567757,0.48472,0.570488,0.301046,0.524195,0.22144,0.507872,0.0418711,0.526915,0.652067,0.663071,0.619403,0.949005,0,0,0.711248,0.87547,0.562267,0.793781,0,0,0,0,0.833696,0.993922,0,0,0,0,0.380629,0.467029,0.529603,0.513293,0,0,0.647981,0.447966
0.258185,0.763832,0.401042,0.581387,0,0,0,0,0,0,0.560222,0.665806,0.72757,0.959893,0.501045,0.993924,0.878596,0.633127,0.829616,0.554159,0,0,0,0,0.939819,0.693032,0,0,0,0,0.196966,0.733875,0.268394,0.71209,0,0,0.452046,0.507877
0.250019,0.714821,0.364314,0.611339,0,0,0,0,0,0,0.533701,0.663072,0.725526,0.927215,0.523491,0.993928,0.874515,0.581387,0,0,0,0,0,0,0.939819,0.660356,0,0,0,0,0.178593,0.657626,0.27247,0.663079,0,0,0.447971,0.464292
0.250024,0.712083,0.360225,0.611339,0,0,0,0,0,0,0.533699,0.66307,0.727571,0.932647,0.51737,0.993928,0.874513,0.575942,0.770432,0.521482,0,0,0,0,0.93778,0.657633,0,0,0,0,0.182677,0.649464,0.282676,0.657629,0,0,0.447963,0.464299
0.180632,0.693047,0.380638,0.595008,0,0,0,0,0,0,0.527571,0.663074,0.723495,0.929941,0.521449,0.995284,0.868388,0.641293,0.821452,0.562329,0,0,0,0,0.911248,0.684863,0,0,0,0,0.119408,0.581389,0.229599,0.627657,0,0,0.456155,0.456128
0.166346,0.69031,0.396962,0.614064,0,0,0,0,0,0,0.529616,0.676693,0.703092,0.938105,0.511248,0.993923,0.807167,0.652186,0.719412,0.565047,0,0,0,0,0.872475,0.712092,0,0,0,0,0.111247,0.5705,0.225533,0.622216,0,0,0.460219,0.486079
0.184712,0.720243,0.41941,0.64402,0.372473,0.505145,0,0,0,0,0.51125,0.736598,0.67859,0.995284,0,0,0.819411,0.684864,0.750025,0.627679,0,0,0,0,0.880637,0.755656,0,0,0,0,0.121452,0.570502,0.231652,0.630397,0,0,0.466345,0.540555
0.184715,0.714821,0.421452,0.644011,0.372472,0.510591,0,0,0,0,0.513285,0.733877,0.68063,0.995284,0,0,0.837779,0.709368,0.774514,0.644015,0,0,0,0,0.888797,0.761106,0,0,0,0,0.109207,0.55961,0.23166,0.630381,0,0,0.468377,0.543245
0.154108,0.660356,0.429613,0.66581,0.360227,0.5596,0,0,0,0,0.509207,0.752943,0.666348,0.995287,0,0,0.81941,0.687585,0.780635,0.627676,0,0,0,0,0.868393,0.739319,0,0,0,0,0.13166,0.559593,0.237794,0.627677,0,0,0.476541,0.567772
0.162265,0.660365,0.41125,0.665807,0.333698,0.548711,0,0,0,0,0.494921,0.761107,0.639813,0.995287,0,0,0.839819,0.668528,0.827574,0.622233,0,0,0,0,0.86839,0.725703,0,0,0,0,0.137759,0.551457,0.243891,0.62222,0,0,0.472484,0.57323
0.158194,0.663069,0.401043,0.668526,0.327574,0.551436,0,0,0,0,0.484718,0.766556,0.629601,0.995291,0,0,0.901043,0.750215,0.899002,0.750213,0,0,0,0,0,0,0,0,0,0,0.129612,0.543271,0.245939,0.622221,0,0,0.462277,0.581408
0.166341,0.66581,0.394921,0.665802,0.329617,0.551435,0,0,0,0,0.484715,0.766549,0.627579,0.99529,0,0,0.905125,0.752938,0,0,0,0,0,0,0,0,0,0,0,0,0.131664,0.548695,0.241877,0.619535,0,0,0.464313,0.578662
0.166351,0.665807,0.378593,0.663083,0.299004,0.554156,0,0,0,0,0.480637,0.758382,0.605135,0.995289,0,0,0.796964,0.709366,0.731656,0.649466,0,0,0,0,0.845943,0.752937,0,0,0,0,0.135722,0.545998,0.24186,0.616794,0,0,0.458189,0.584111
0.162266,0.62768,0.382673,0.646744,0.278596,0.499701,0,0,0,0,0.472472,0.744771,0.592868,0.978951,0,0,0.733697,0.665801,0.670433,0.608618,0,0,0,0,0.792881,0.731152,0,0,0,0,0.137771,0.51604,0.241855,0.5814,0,0,0.45206,0.562352
0.160235,0.603171,0.329618,0.605893,0.264311,0.526926,0,0,0,0,0.454107,0.717532,0.56637,0.965333,0.303084,0.940819,0.764309,0.731152,0,0,0,0,0,0,0.809208,0.782891,0,0,0,0,0.133699,0.472474,0.243891,0.543239,0,0,0.44389,0.535094
0.160224,0.600457,0.333695,0.614061,0.26431,0.535097,0,0,0,0,0.454105,0.714819,0.566354,0.954445,0.366351,0.995288,0.780635,0.72026,0,0,0,0,0,0,0.825534,0.769277,0,0,0,0,0.1337,0.475176,0.243908,0.543254,0,0,0.443881,0.535087
0.154099,0.567791,0.319413,0.581391,0.256146,0.540542,0.0867496,0.458854,0.0520607,0.456107,0.435736,0.70392,0.54798,0.973503,0.358187,0.995285,0.717369,0.671247,0.676554,0.584109,0,0,0,0,0.778593,0.755659,0.939816,0.859134,0,0,0.123508,0.445252,0.235719,0.513287,0,0,0.425524,0.518739
0.147992,0.556876,0.292883,0.581391,0.247982,0.551432,0,0,0,0,0.423493,0.70392,0.529614,0.962613,0.341857,0.995285,0.715328,0.652185,0.694922,0.589558,0,0,0,0,0.737776,0.714816,0,0,0,0,0.117362,0.434356,0.22757,0.496982,0,0,0.413264,0.513308
0.15001,0.565029,0.286757,0.578671,0.241861,0.54871,0,0,0,0,0.417372,0.68758,0.515333,0.954435,0.339815,0.995286,0.684718,0.622236,0,0,0,0,0,0,0.684715,0.622243,0,0,0,0,0.107195,0.434366,0.223495,0.497006,0,0,0.403086,0.507882
0.152043,0.559635,0.268395,0.573229,0.245944,0.545986,0,0,0,0,0.419404,0.687586,0.515324,0.965337,0.335734,0.995285,0.856147,0.769273,0,0,0,0,0,0,0,0,0,0,0,0,0.107199,0.43438,0.225517,0.502403,0,0,0.405118,0.505136
0.152064,0.56503,0.282679,0.575949,0.239821,0.548714,0,0,0,0,0.421453,0.673967,0.499009,0.946283,0.343902,0.995286,0.676554,0.630405,0.658186,0.597727,0,0,0,0,0,0,0,0,0,0,0.107199,0.439786,0.225556,0.502405,0,0,0.403075,0.505129
0.160238,0.559591,0.270436,0.58138,0.245942,0.55144,0,0,0,0,0.425537,0.671254,0.494927,0.940838,0.343896,0.995285,0.860227,0.831903,0,0,0,0,0,0,0,0,0,0,0,0,0.119375,0.442532,0.23369,0.502435,0,0,0.405132,0.507883
0.184709,0.559599,0.292872,0.578661,0.260225,0.55416,0,0,0,0,0.429611,0.673976,0.492873,0.940836,0.350022,0.995285,0.705129,0.638571,0.699003,0.592276,0,0,0,0,0.715328,0.668521,0.892877,0.891806,0,0,0.137777,0.44797,0.254076,0.496995,0,0,0.415353,0.507847
0.178603,0.5569,0.292873,0.573231,0.256148,0.55144,0,0,0,0,0.429612,0.671245,0.492865,0.9381,0.354103,0.995285,0.709205,0.633132,0.703085,0.584116,0,0,0,0,0.711248,0.665797,0.894924,0.89183,0,0,0.137746,0.447958,0.252088,0.496984,0,0,0.417353,0.50784
0.205146,0.551423,0.319417,0.578672,0.243901,0.543266,0,0,0,0,0.441853,0.671251,0.488813,0.929931,0.358187,0.993927,0.83982,0.850962,0,0,0,0,0,0,0.876554,0.867302,0.894926,0.894529,0.903085,0.68214,0.160208,0.448006,0.27043,0.48885,0,0,0.429609,0.505161
0.227565,0.532386,0.319413,0.584109,0.241861,0.540539,0,0,0,0,0.452064,0.668536,0.486749,0.93264,0.360229,0.993925,0.692881,0.71209,0,0,0,0,0,0,0.723491,0.70665,0.903086,0.897244,0.907178,0.744761,0.182675,0.44525,0.290833,0.48063,0,0,0.443894,0.491573
0.235761,0.521504,0.327579,0.592279,0.247981,0.540549,0,0,0,0,0.456146,0.673974,0.47451,0.938089,0,0,0.719409,0.709369,0,0,0,0,0,0,0.735743,0.70936,0.899005,0.916308,0.915323,0.769279,0.188834,0.437079,0.301066,0.469765,0,0,0.450053,0.488817
0.235764,0.524185,0.32962,0.595007,0.254107,0.54327,0,0,0,0,0.456143,0.676688,0.474515,0.938107,0,0,0.719412,0.709368,0,0,0,0,0,0,0.735742,0.70936,0.890845,0.905417,0.91126,0.763836,0.188837,0.437064,0.301062,0.469767,0,0,0.450055,0.488815
0.243888,0.524179,0.343898,0.605889,0.276552,0.551437,0,0,0,0,0.454108,0.673967,0.466358,0.935382,0,0,0.727573,0.703918,0,0,0,0,0,0,0.729618,0.733875,0.892877,0.921756,0.921449,0.771998,0.198989,0.437089,0.307175,0.469707,0,0,0.454112,0.486114
0.247984,0.524195,0.347981,0.614065,0.28472,0.56505,0.105125,0.526927,0,0,0.460229,0.673967,0.464309,0.932661,0.3439,0.993924,0.725536,0.70664,0,0,0,0,0,0,0.729616,0.720258,0,0,0,0,0.203103,0.442476,0.3133,0.469722,0,0,0.456137,0.48881
