0.564134,0.543653,0.52586,0.638983,0.469212,0.671685,0.444715,0.840623,0.508998,0.903272,0.582502,0.600837,0.629956,0.5082,0.669758,0.342037,0.550342,0.987773,0.518199,0.993219,0,0,0,0,0.580967,0.949625,0,0,0,0,0.528914,0.51909,0.577906,0.489129,0.470751,0.551808,0.597805,0.483689
0.571776,0.549087,0.531972,0.619913,0.472271,0.663539,0.444707,0.835161,0.505954,0.897855,0.599334,0.565427,0.633024,0.491883,0.671291,0.341997,0.558001,0.987769,0.527392,0.99322,0,0,0,0,0,0,0,0,0,0,0.533513,0.521791,0.584036,0.489117,0.47381,0.549055,0,0
0.57331,0.549053,0.541173,0.611715,0.47382,0.64988,0.443185,0.818857,0.504424,0.886955,0.611596,0.554523,0.639145,0.491877,0.67283,0.339233,0,0,0,0,0,0,0,0,0,0,0,0,0,0,0.536571,0.516426,0.587102,0.486365,0.475336,0.538196,0.610061,0.470046
0.570268,0.5082,0.531987,0.606296,0.472284,0.641736,0.444736,0.813392,0.502891,0.889659,0.594746,0.554541,0.63303,0.478239,0.672816,0.325658,0.547285,0.96596,0.509015,0.974142,0,0,0,0,0.580974,0.935998,0,0,0,0,0.531965,0.475482,0.580988,0.450997,0.472275,0.51095,0,0
0.561072,0.491819,0.535053,0.584518,0.460025,0.644463,0.446268,0.835181,0.49985,0.906029,0.613116,0.532731,0.680481,0.42374,0.674356,0.320205,0.577903,0.995946,0,0,0,0,0,0,0.6223,0.974144,0,0,0,0,0.525851,0.459175,0.577915,0.434652,0.466152,0.494587,0.599339,0.431885
0.553406,0.48094,0.531984,0.589963,0.450847,0.641724,0.438601,0.82157,0.499835,0.892393,0.613119,0.540908,0.649858,0.464626,0.672815,0.33381,0.576376,0.995947,0.531987,0.99595,0,0,0,0,0.623831,0.993219,0,0,0,0,0.519721,0.448276,0.570255,0.426521,0.460044,0.491842,0.594746,0.434614
0.547289,0.478214,0.524323,0.589962,0.444728,0.649906,0.429428,0.824281,0.501356,0.884248,0.606984,0.532736,0.633023,0.480945,0.672808,0.325641,0.556472,0.99595,0,0,0,0,0,0,0,0,0,0,0,0,0.512074,0.448251,0.565656,0.426485,0.452393,0.491823,0.593199,0.429178
0.547293,0.49185,0.522792,0.603583,0.444731,0.663498,0.430943,0.829715,0.505949,0.88967,0.600869,0.538182,0.633023,0.486406,0.674334,0.325643,0.574838,0.993221,0,0,0,0,0,0,0.616179,0.985045,0,0,0,0,0.50905,0.464571,0.561053,0.434625,0.4478,0.497298,0.585561,0.42916
0.553426,0.570885,0.522797,0.614486,0.450857,0.677136,0.429412,0.840644,0.505961,0.895102,0.590151,0.535457,0.629946,0.486387,0.669747,0.336541,0,0,0,0,0,0,0,0,0,0,0,0,0,0,0.521277,0.543628,0.568708,0.51092,0.449312,0.554515,0.591684,0.475494
0.524309,0.489124,0.507496,0.551802,0.437066,0.644461,0.456966,0.835187,0.516679,0.881509,0.580966,0.44555,0.625354,0.385601,0.66364,0.295677,0,0,0,0,0,0,0,0,0,0,0,0,0,0,0.482987,0.459137,0.531992,0.423755,0.42635,0.486394,0.556473,0.393745
0.50901,0.442837,0.501369,0.5409,0.426369,0.641733,0.450848,0.840627,0.513619,0.895124,0.579441,0.43463,0.628409,0.371972,0.668218,0.284773,0.590152,0.94962,0.553414,0.995946,0,0,0,0,0.631483,0.876051,0,0,0,0,0.470756,0.426499,0.519733,0.382914,0.418702,0.478242,0.542678,0.369225
0.499845,0.426447,0.495228,0.538172,0.423297,0.633546,0.44166,0.821559,0.513615,0.873309,0.562596,0.437369,0.614638,0.366524,0.66363,0.282064,0.577905,0.935996,0.531982,0.994582,0,0,0,0,0.603933,0.856979,0,0,0,0,0.461588,0.407432,0.509014,0.369255,0.411036,0.480924,0.531991,0.3556
0.501379,0.426456,0.495228,0.540903,0.426358,0.633539,0.441655,0.813373,0.519728,0.862447,0.559534,0.442821,0.614642,0.363809,0.665153,0.282067,0.570253,0.94145,0.530452,0.987768,0,0,0,0,0.603935,0.886955,0,0,0,0,0.463087,0.418303,0.50899,0.371937,0.411037,0.489097,0.530463,0.358333
0.508994,0.445561,0.496787,0.532745,0.427889,0.633549,0.432481,0.799776,0.518195,0.856993,0.56413,0.434652,0.613128,0.361077,0.668224,0.282032,0.577905,0.889681,0.541164,0.935996,0,0,0,0,0.603932,0.843348,0,0,0,0,0.470735,0.43737,0.512069,0.388302,0.412579,0.502734,0.533486,0.366533
0.530441,0.519134,0.504422,0.55455,0.429413,0.679862,0.447777,0.827013,0.52279,0.886947,0.579438,0.434621,0.620763,0.363798,0.674345,0.290218,0.606993,0.897847,0.570252,0.960523,0,0,0,0,0.63455,0.824285,0,0,0,0,0.495223,0.513672,0.53504,0.453738,0.424806,0.532732,0.544235,0.393761
0.530455,0.535433,0.50288,0.55724,0.426371,0.690775,0.450838,0.843357,0.519747,0.895137,0.577905,0.434622,0.614654,0.366518,0.675866,0.287509,0.585561,0.886949,0,0,0,0,0,0,0,0,0,0,0,0,0.493717,0.527278,0.535052,0.467363,0.427892,0.546369,0.544221,0.401921
0.522785,0.521846,0.501361,0.554544,0.427879,0.668983,0.453916,0.843348,0.521269,0.895111,0.576374,0.44008,0.614641,0.366513,0.671278,0.290228,0.588619,0.886954,0.561067,0.957797,0,0,0,0,0.629956,0.816104,0,0,0,0,0.482998,0.51362,0.52739,0.451004,0.420211,0.535462,0.531967,0.382886
0.50596,0.48637,0.493714,0.554519,0.427876,0.666254,0.452372,0.827013,0.519744,0.881494,0.559529,0.437367,0.61158,0.377396,0.671293,0.290248,0.573313,0.87605,0.551878,0.938719,0,0,0,0,0.605463,0.802485,0,0,0,0,0.469207,0.470094,0.510562,0.423742,0.409517,0.519127,0.528911,0.385592
0.493689,0.434665,0.487592,0.540901,0.42481,0.647183,0.450857,0.816089,0.521267,0.88148,0.553399,0.431893,0.61158,0.352893,0.674337,0.284748,0.577906,0.837904,0.554942,0.906022,0,0,0,0,0.605459,0.764337,0,0,0,0,0.45084,0.429214,0.493723,0.380107,0.397265,0.489157,0.515142,0.361042
0.470729,0.38289,0.476887,0.516372,0.42023,0.609018,0.444729,0.78883,0.515148,0.851531,0.53963,0.418303,0.606984,0.347468,0.668218,0.282059,0.579435,0.895124,0.536574,0.944176,0,0,0,0,0.602396,0.843348,0,0,0,0,0.43094,0.382913,0.472285,0.339237,0.392667,0.478245,0.495257,0.333806
0.472283,0.38283,0.48145,0.510904,0.42177,0.600845,0.437074,0.772522,0.515147,0.846108,0.544214,0.410123,0.608511,0.341987,0.668231,0.276613,0.616175,0.816104,0.528922,0.955074,0,0,0,0,0.663632,0.745265,0,0,0,0,0.433982,0.38288,0.473795,0.336542,0.395728,0.48093,0.496784,0.32838
0.48146,0.391058,0.483005,0.505484,0.426353,0.600864,0.430949,0.764313,0.510542,0.846049,0.544237,0.40464,0.608515,0.339295,0.666713,0.273908,0.571783,0.829728,0.539636,0.859703,0,0,0,0,0.59934,0.77523,0,0,0,0,0.444729,0.393755,0.483007,0.341971,0.398819,0.478262,0.505974,0.336503
0.499851,0.410107,0.493712,0.524535,0.429417,0.625383,0.430948,0.761608,0.509005,0.846098,0.554946,0.401949,0.610072,0.339262,0.665177,0.273874,0.561069,0.802488,0.536572,0.85425,0,0,0,0,0.603932,0.750711,0,0,0,0,0.461571,0.407415,0.499837,0.355599,0.407973,0.478228,0.519713,0.339225
0.515135,0.431932,0.498302,0.497321,0.432475,0.603575,0.426359,0.747983,0.507491,0.840623,0.561074,0.393756,0.610058,0.331087,0.665148,0.273877,0.558014,0.761616,0.530447,0.818828,0,0,0,0,0.599336,0.704391,0,0,0,0,0.478399,0.429231,0.516684,0.377418,0.421767,0.478212,0.533503,0.352882
0.53964,0.453708,0.504431,0.494598,0.440124,0.611762,0.435542,0.753417,0.509005,0.840622,0.574834,0.382883,0.610056,0.325659,0.662102,0.268402,0.565661,0.794307,0.533516,0.843357,0,0,0,0,0.599341,0.739808,0,0,0,0,0.502903,0.451021,0.544219,0.393794,0.435522,0.480961,0.547295,0.339256
0.53505,0.45101,0.510539,0.49184,0.444714,0.589963,0.441653,0.753474,0.507471,0.848795,0.579435,0.385583,0.616182,0.339257,0.662092,0.271163,0.593213,0.832454,0.562599,0.9142,0,0,0,0,0.634545,0.753438,0,0,0,0,0.496783,0.445509,0.542706,0.385623,0.432469,0.472803,0.550359,0.339229
0.521271,0.429215,0.505963,0.48641,0.443195,0.581798,0.44165,0.747987,0.504414,0.843322,0.568717,0.388323,0.613108,0.34198,0.657528,0.27116,0.579435,0.756164,0.545761,0.827006,0,0,0,0,0.61924,0.693489,0,0,0,0,0.482992,0.42371,0.527395,0.369227,0.424805,0.459186,0.544227,0.339242
0.513627,0.399206,0.50597,0.47277,0.441647,0.573602,0.446251,0.747991,0.505943,0.84334,0.570259,0.377413,0.61925,0.336549,0.657516,0.268412,0.591679,0.791584,0.553411,0.829729,0,0,0,0,0.634544,0.761608,0,0,0,0,0.475344,0.388309,0.519752,0.339275,0.420236,0.44277,0.53201,0.311982
0.507487,0.377438,0.505956,0.475487,0.438601,0.57631,0.444723,0.745276,0.504422,0.846097,0.573305,0.377424,0.6223,0.339237,0.659037,0.265695,0.588619,0.84336,0.554948,0.889679,0,0,0,0,0.629951,0.780683,0,0,0,0,0.470728,0.366528,0.510574,0.320201,0.417163,0.434605,0.530462,0.306543
0.498299,0.374663,0.498298,0.486402,0.434019,0.581763,0.441648,0.75073,0.498308,0.851525,0.561079,0.382871,0.617706,0.336564,0.65751,0.268392,0.580964,0.848808,0.541168,0.895126,0,0,0,0,0.605463,0.79431,0,0,0,0,0.460052,0.369204,0.505953,0.317514,0.41258,0.4428,0.525865,0.303865
0.504441,0.380165,0.496791,0.470095,0.435532,0.568169,0.438599,0.745255,0.499825,0.846088,0.559546,0.371969,0.613108,0.333814,0.655994,0.257519,0.580963,0.829732,0.538108,0.870604,0,0,0,0,0.605457,0.780682,0,0,0,0,0.466161,0.380122,0.507489,0.328373,0.415639,0.448283,0.525847,0.303845
0.522782,0.42103,0.507479,0.478217,0.443194,0.576332,0.440124,0.742548,0.504418,0.846055,0.574849,0.371983,0.617717,0.331108,0.659023,0.260233,0.593218,0.772512,0,0,0,0,0,0,0,0,0,0,0,0,0.479925,0.407379,0.522805,0.350172,0.423265,0.461884,0.530459,0.306559
0.531981,0.475514,0.504418,0.494577,0.435544,0.589948,0.432471,0.747999,0.496774,0.846091,0.562595,0.377427,0.608522,0.341976,0.65596,0.265691,0.591685,0.780686,0.553411,0.862429,0,0,0,0,0.637608,0.704388,0,0,0,0,0.499833,0.470046,0.535039,0.442803,0.427875,0.472776,0.521265,0.342021
0.513611,0.510927,0.510545,0.48642,0.42942,0.59541,0.427886,0.75072,0.495229,0.854261,0.576375,0.374679,0.602391,0.342009,0.648328,0.26571,0,0,0,0,0,0,0,0,0,0,0,0,0,0,0.473821,0.500024,0.524341,0.445526,0.430955,0.489118,0,0
0.524317,0.49463,0.505972,0.475488,0.427889,0.562682,0.427876,0.75343,0.495244,0.848776,0.57943,0.363786,0.605454,0.301148,0.655973,0.249384,0,0,0,0,0,0,0,0,0,0,0,0,0,0,0.489121,0.480986,0.536592,0.434631,0.440147,0.491877,0.568728,0.38013
0.496797,0.445533,0.478394,0.470084,0.411044,0.579052,0.424824,0.753434,0.490642,0.846089,0.545762,0.369223,0.596269,0.306572,0.645286,0.252046,0.577904,0.761615,0.530446,0.810659,0,0,0,0,0.611584,0.688044,0,0,0,0,0.461566,0.437345,0.505931,0.382876,0.397259,0.461892,0.518204,0.336533
0.484524,0.43192,0.472274,0.475498,0.407988,0.576328,0.420229,0.747997,0.48759,0.843345,0.533521,0.371968,0.591672,0.30656,0.645272,0.249378,0.559536,0.73709,0.519735,0.79703,0,0,0,0,0.596275,0.655348,0,0,0,0,0.446273,0.426424,0.492158,0.3638,0.388089,0.461888,0.507481,0.33651
0.475365,0.426445,0.46157,0.480969,0.40034,0.58995,0.418702,0.750725,0.484532,0.843327,0.527394,0.36108,0.587087,0.298403,0.643732,0.249365,0.561072,0.707116,0.525858,0.780684,0,0,0,0,0.606991,0.641716,0,0,0,0,0.437087,0.423732,0.478396,0.361029,0.377364,0.464576,0.496761,0.325625
0.473816,0.434628,0.460054,0.475527,0.400325,0.592681,0.423281,0.758886,0.484531,0.840609,0.527399,0.361066,0.584027,0.292926,0.643741,0.249327,0.561067,0.70711,0.527387,0.772507,0,0,0,0,0.594746,0.641719,0,0,0,0,0.435552,0.429208,0.476851,0.369211,0.377363,0.472812,0.489125,0.320186
0.481441,0.451013,0.464635,0.49458,0.407977,0.622649,0.424818,0.761615,0.492182,0.843356,0.527397,0.366531,0.587095,0.295699,0.648332,0.252046,0.577901,0.72074,0.536574,0.780688,0,0,0,0,0.610052,0.652617,0,0,0,0,0.444741,0.45101,0.482976,0.385573,0.37891,0.489079,0.49526,0.34469
0.487604,0.464629,0.470753,0.51639,0.409519,0.644431,0.426362,0.775238,0.495232,0.846085,0.531979,0.377431,0.588624,0.298379,0.648335,0.252066,0.556469,0.737091,0.527391,0.797039,0,0,0,0,0.585557,0.663516,0,0,0,0,0.450849,0.467302,0.489132,0.399218,0.391137,0.505454,0.50138,0.355617
0.489124,0.461845,0.473817,0.505473,0.415632,0.622654,0.427887,0.769803,0.493715,0.84336,0.535038,0.380122,0.594728,0.298421,0.65596,0.25477,0.558013,0.718013,0.528914,0.791589,0,0,0,0,0.596279,0.649896,0,0,0,0,0.452377,0.461883,0.492173,0.39647,0.392666,0.497327,0.505949,0.358317
0.487601,0.448261,0.475339,0.491833,0.417162,0.600851,0.427903,0.767053,0.495226,0.846054,0.53964,0.380118,0.594756,0.292955,0.655965,0.252123,0.558002,0.739814,0.527379,0.799758,0,0,0,0,0.591684,0.671688,0,0,0,0,0.450859,0.445572,0.492172,0.382867,0.39574,0.489167,0.505945,0.3447
0.489122,0.434655,0.478413,0.491872,0.418703,0.603577,0.430957,0.769798,0.496764,0.846123,0.545747,0.377438,0.602393,0.292949,0.65753,0.252087,0.577902,0.742543,0.538107,0.802484,0,0,0,0,0.608523,0.666245,0,0,0,0,0.450839,0.431903,0.492194,0.371987,0.397248,0.486354,0.508999,0.339305
0.489122,0.426464,0.481455,0.491815,0.418695,0.58997,0.4279,0.7698,0.495243,0.848797,0.547299,0.380142,0.605453,0.295683,0.657512,0.2521,0.561067,0.767065,0.533511,0.835184,0,0,0,0,0.590152,0.715285,0,0,0,0,0.44934,0.423741,0.493715,0.361106,0.395745,0.475537,0.509035,0.336498
0.495232,0.429233,0.490647,0.497327,0.424807,0.609006,0.430949,0.78887,0.496773,0.851539,0.556482,0.388328,0.608513,0.312023,0.655984,0.26027,0.587094,0.775233,0.554947,0.848807,0,0,0,0,0.633016,0.723464,0,0,0,0,0.456972,0.429141,0.496801,0.369258,0.403389,0.486383,0.516663,0.341999
