0.305935,0.407773,0.436726,0.508815,0.425126,0.470604,0.323383,0.541622,0.241983,0.612652,0.439663,0.544345,0.407716,0.670012,0.303012,0.754772,0.721631,0.634519,0.715806,0.626324,0,0,0,0,0.7129,0.656384,0.954203,0.724681,0,0,0.314657,0.383134,0.334962,0.391336,0,0,0.45127,0.424181
0.30594,0.410488,0.442555,0.508848,0.436754,0.476055,0.329195,0.541611,0.241992,0.612686,0.43964,0.54435,0.410595,0.670033,0.305898,0.754781,0.733249,0.634523,0.730349,0.620852,0,0,0,0,0.72162,0.664562,0.954168,0.721923,0,0,0.314663,0.383168,0.334955,0.391343,0,0,0.4513,0.426864
0.305944,0.413221,0.436747,0.506124,0.428018,0.476041,0.320495,0.549789,0.242009,0.612678,0.445453,0.538902,0.413465,0.667339,0.308796,0.75475,0.736167,0.634509,0.747783,0.599002,0,0,0,0,0.727434,0.659117,0.954187,0.724701,0,0,0.314655,0.383174,0.334953,0.391376,0,0,0.451301,0.426873
0.297242,0.410478,0.43676,0.497906,0.428038,0.470579,0.323376,0.536191,0.239074,0.609927,0.436735,0.536185,0.407678,0.664599,0.300137,0.754676,0.741972,0.629065,0.759425,0.59081,1.00942,0.604471,0,0,0.741983,0.648175,0.957107,0.721953,0,0,0.308817,0.383177,0.326303,0.391362,0,0,0.445454,0.421428
0.297206,0.413208,0.436755,0.497923,0.428017,0.467871,0.317573,0.544329,0.239055,0.61263,0.439643,0.536184,0.410545,0.664623,0.303046,0.754682,0.736175,0.62906,0.756517,0.585345,0.957107,0.724717,0,0,0.730354,0.653646,0.960025,0.724659,0,0,0.305946,0.385891,0.326269,0.394073,0,0,0.448333,0.421433
0.300102,0.424153,0.448336,0.497908,0.439654,0.465123,0.329198,0.536139,0.241956,0.609929,0.445464,0.536187,0.413456,0.66734,0.303009,0.754691,0.736149,0.629066,0.730346,0.601728,0,0,0,0,0.736163,0.659112,0.957081,0.724695,0,0,0.305925,0.394064,0.329147,0.402318,0,0,0.451257,0.426868
0.300086,0.426897,0.451283,0.495209,0.454185,0.465126,0.337881,0.530687,0.244849,0.607176,0.448368,0.536137,0.419285,0.664617,0.305915,0.752036,0.675112,0.656372,0.707085,0.618135,0,0,0,0,0.654775,0.69463,0.460008,0.675504,0.61989,0.757451,0.303019,0.396824,0.329142,0.40506,0,0,0.451265,0.426892
0.300104,0.446024,0.460013,0.497932,0.465826,0.46241,0.361142,0.522477,0.256492,0.601778,0.45709,0.541625,0.427964,0.667298,0.311711,0.751961,0.794302,0.618132,0.811747,0.582612,0,0,0,0,0.808832,0.631793,1.00942,0.732873,0,0,0.297231,0.418689,0.326264,0.426891,0,0,0.451307,0.429565
0.300121,0.467874,0.460031,0.503377,0.46001,0.467855,0.35535,0.527953,0.253628,0.604453,0.462909,0.53892,0.427984,0.667319,0.311753,0.749286,0.791387,0.609932,0.805916,0.571673,0,0,0,0,0.791394,0.626323,1.00651,0.74107,0,0,0.297216,0.437814,0.320492,0.443293,0,0,0.445444,0.43234
0.31464,0.508813,0.4745,0.506108,0.477463,0.465131,0.366962,0.519805,0.262298,0.599026,0.465805,0.541617,0.433828,0.67001,0.314619,0.746549,0.800113,0.604459,0.808844,0.563474,0,0,0,0,0.803022,0.631794,0.989051,0.746534,0,0,0.305924,0.484246,0.317575,0.481524,0,0,0.41639,0.440555
0.314642,0.5088,0.47451,0.506103,0.480335,0.465123,0.366989,0.519791,0.26232,0.599009,0.465799,0.541618,0.433841,0.670012,0.314616,0.746549,0.803011,0.604477,0.811741,0.563488,0,0,0,0,0.80592,0.634514,0.991982,0.749273,0,0,0.305929,0.48424,0.317584,0.48152,0,0,0.416371,0.440558
0.294307,0.55529,0.462902,0.511581,0.4658,0.4624,0.337895,0.544349,0.262334,0.599027,0.45999,0.54985,0.445458,0.68369,0.314631,0.749245,0.800113,0.607192,0.808832,0.566216,0,0,0,0,0.805927,0.637245,1.00943,0.743814,0,0,0.271061,0.538893,0.297174,0.533404,0,0,0.372762,0.473309
0.288466,0.585355,0.454173,0.517027,0.454211,0.467841,0.358261,0.574406,0.268114,0.604444,0.45415,0.555302,0.448347,0.689134,0.314664,0.749292,0.805912,0.607195,0.820458,0.566218,0,0,0,0,0.811738,0.637255,0.99199,0.754718,0,0,0.265239,0.571706,0.288446,0.566195,0,0,0.340788,0.495177
0.279764,0.629059,0.42511,0.536195,0.410602,0.486961,0,0,0,0,0.436737,0.577167,0.454161,0.71101,0.314622,0.749235,0.794302,0.609936,0.808847,0.577137,0,0,0,0,0.803016,0.626322,0,0,0,0,0.253606,0.620858,0.268125,0.612655,0,0,0.31461,0.555266
0.294288,0.683686,0.40475,0.568943,0.390212,0.530679,0,0,0,0,0.422167,0.57987,0.471652,0.735611,0.314676,0.743811,0.788493,0.596266,0,0,0,0,0,0,0,0,0,0,0,0,0.253584,0.686388,0.28846,0.604449,0,0,0.317579,0.566222
0.279755,0.670038,0.364043,0.585337,0.361131,0.563474,0.471613,0.732908,0.320452,0.738339,0.375683,0.607192,0.471593,0.738365,0.317533,0.746513,0.744881,0.593544,0,0,0,0,0,0,0.741964,0.588082,0,0,0,0,0.212897,0.664577,0.262312,0.629066,0,0,0.279764,0.6072
0.268135,0.694653,0.381513,0.598959,0.364082,0.56077,0.486116,0.735592,0.337893,0.754701,0.393128,0.620888,0.480368,0.746565,0.33496,0.75473,0.739063,0.601729,0,0,0,0,0,0,0,0,0,0,0,0,0.224549,0.675501,0.244909,0.675468,0,0,0.279754,0.612619
0.244929,0.683662,0.375691,0.585319,0.361168,0.549829,0,0,0,0,0.390237,0.618131,0.480316,0.743775,0.332038,0.75481,0.733261,0.604474,0,0,0,0,0,0,0,0,0,0,0,0,0.224527,0.664588,0.227438,0.66453,0,0,0.268193,0.607236
0.230334,0.664529,0.384384,0.579909,0.36988,0.541622,0.465808,0.711029,0,0,0.390213,0.623571,0.474486,0.732867,0.32631,0.752027,0.741964,0.604452,0.753607,0.56894,0,0,0,0,0.747781,0.615386,0,0,0,0,0.215811,0.642726,0.218755,0.640014,0,0,0.271054,0.590775
0.221647,0.653627,0.384466,0.57987,0.378585,0.538894,0,0,0,0,0.390222,0.620898,0.4716,0.730136,0.326242,0.752047,0.739068,0.607186,0,0,0,0,0,0,0,0,0,0,0,0,0,0,0.21579,0.631806,0,0,0.268198,0.588065
0.218725,0.648163,0.387327,0.577176,0.381496,0.538893,0,0,0,0,0.390221,0.618136,0.465817,0.721951,0.3176,0.751985,0.741965,0.61268,0.753605,0.571668,1.0036,0.525231,0,0,0.736166,0.637269,0.957098,0.724637,0,0,0,0,0.210042,0.626318,0,0,0.268207,0.57988
0.221648,0.645499,0.384461,0.577131,0.381479,0.538898,0,0,0,0,0.387338,0.615367,0.46579,0.713769,0.320435,0.749276,0.742001,0.609952,0.753613,0.571658,0,0,0,0,0.741987,0.6427,0.954207,0.727422,0,0,0,0,0.212925,0.623649,0,0,0.268156,0.579848
0.215815,0.645473,0.381517,0.577098,0.378584,0.538895,0,0,0,0,0.384376,0.609943,0.465812,0.702857,0.323343,0.749279,0.739066,0.599007,0.750698,0.563491,0,0,0,0,0.739072,0.620859,0.95128,0.719231,0,0,0,0,0.20707,0.623593,0,0,0.265207,0.577207
0.210038,0.642729,0.381518,0.577106,0.378591,0.538908,0,0,0,0,0.384385,0.609922,0.46581,0.702804,0.323401,0.752049,0.750706,0.598985,0.768136,0.566211,0,0,0,0,0,0,0,0,0,0,0,0,0.201317,0.620855,0,0,0.265213,0.577156
0.201338,0.629073,0.37857,0.568947,0.372804,0.536164,0.460009,0.683687,0.369894,0.743809,0.37857,0.599026,0.459983,0.691925,0.332086,0.757453,0.736161,0.596254,0.750688,0.552547,0.959976,0.615391,0,0,0.724533,0.63178,0.942574,0.702839,0,0,0,0,0.195478,0.60717,0,0,0.265161,0.571646
0.198364,0.623568,0.375672,0.560776,0.372811,0.530709,0.459994,0.675497,0,0,0.372775,0.593545,0.454184,0.689196,0.337907,0.76567,0.739057,0.590818,0.753587,0.552546,0.954196,0.596267,0,0,0.73616,0.626321,0.942558,0.702825,0,0,0,0,0.189629,0.599029,0,0,0.262322,0.560775
0.192569,0.604471,0.378599,0.560751,0.38444,0.52795,0,0,0,0,0.372775,0.596263,0.454164,0.683674,0.372789,0.77656,0.727435,0.596256,0.744876,0.552564,0.959991,0.607208,0,0,0.712925,0.634507,0.930922,0.708313,0,0,0,0,0.180929,0.577131,0,0,0.265196,0.547092
0.183852,0.596264,0.38148,0.560772,0.387323,0.527949,0,0,0,0,0.375689,0.598999,0.45131,0.686401,0.390256,0.782047,0.727449,0.598996,0.741985,0.55258,0.962899,0.596265,0,0,0.715817,0.637256,0.933843,0.716482,0,0,0.175098,0.574398,0.180938,0.571668,0,0,0.268136,0.541623
0.180945,0.582606,0.378598,0.568933,0.387309,0.530688,0,0,0,0,0.375671,0.604486,0.454128,0.68643,0.427998,0.793011,0.727445,0.607188,0.744869,0.566201,1.01232,0.577131,0,0,0.721637,0.642727,0.936724,0.719202,0,0,0.17224,0.566227,0.183856,0.56073,0,0,0.273984,0.536193
0.186741,0.579923,0.384415,0.571663,0.390223,0.530707,0.474536,0.667312,0,0,0.381519,0.607227,0.457075,0.689141,0.445465,0.792996,0.727452,0.604443,0.744889,0.560755,0.957089,0.568957,0,0,0.718731,0.637264,0.93089,0.70832,0,0,0.17802,0.560761,0.189657,0.558003,0,0,0.285584,0.536193
0.195419,0.577186,0.390227,0.571673,0.393155,0.530717,0.468735,0.66732,0,0,0.387342,0.607238,0.465807,0.689197,0.459973,0.795731,0.712906,0.601706,0.730347,0.558025,0,0,0,0,0.709982,0.637252,0.928047,0.705575,0,0,0.178037,0.555295,0.195442,0.549849,0,0,0.294304,0.533396
0.192568,0.577094,0.390229,0.566236,0.396057,0.527966,0.477435,0.667301,0,0,0.387332,0.604473,0.465816,0.68369,0.468697,0.795679,0.71873,0.590803,0.736174,0.549848,1.00942,0.522515,0,0,0.712893,0.63179,0.933864,0.702846,0,0,0.178011,0.552544,0.195443,0.547072,0,0,0.297177,0.527987
0.198315,0.568915,0.393167,0.566213,0.396066,0.522508,0,0,0,0,0.396053,0.60991,0.483268,0.680951,0.48614,0.787526,0.727453,0.585342,0.741988,0.547095,0.962925,0.527979,0,0,0.715816,0.631772,0.945452,0.708288,0,0,0.189643,0.541634,0.201322,0.541591,0,0,0.308826,0.52522
0.207129,0.563488,0.40767,0.568931,0.413489,0.525241,0,0,0,0,0.407661,0.609951,0.503632,0.678229,0.50072,0.790256,0.736164,0.588057,0.747801,0.549825,0,0,0,0,0.744896,0.629053,0.942566,0.716482,0,0,0.207085,0.538877,0.215822,0.536188,0,0,0.320448,0.522496
0.22745,0.557998,0.425142,0.571694,0.430912,0.533413,0.590815,0.656381,0,0,0.425118,0.612648,0.541357,0.683688,0.518132,0.782069,0.747809,0.593526,0.765225,0.549833,0,0,0,0,0.747784,0.634503,0.96291,0.705551,0,0,0.221651,0.530688,0.236165,0.533384,0,0,0.340819,0.519741
0.236161,0.555298,0.425118,0.574433,0.416397,0.541637,0,0,0,0,0.439642,0.612669,0.550113,0.675502,0.520998,0.776579,0.750719,0.590805,0.762331,0.552575,0,0,0,0,0.756513,0.620849,0.959982,0.697393,0,0,0.230331,0.530693,0.244858,0.530707,0,0,0.355358,0.517061
0.239057,0.547122,0.428002,0.571677,0.410571,0.538881,0,0,0,0,0.445476,0.604466,0.56175,0.667308,0.51813,0.760187,0.762327,0.593539,0,0,0,0,0,0,0.776862,0.590797,0,0,0,0,0.239048,0.5225,0.253602,0.51981,0,0,0.361187,0.514247
0.241932,0.53619,0.428041,0.5662,0.407676,0.530712,0,0,0,0,0.451281,0.601757,0.567568,0.664558,0.518168,0.754701,0.750701,0.596262,0.762321,0.555292,0,0,0,0,0.753602,0.598993,0,0,0,0,0.239075,0.511564,0.259424,0.51434,0,0,0.366979,0.508862
0.241922,0.530715,0.430913,0.563475,0.413489,0.533418,0,0,0,0,0.451282,0.598977,0.570453,0.664552,0.512349,0.754727,0.756517,0.593516,0.773955,0.552547,0,0,0,0,0.756501,0.609932,1.00651,0.691872,0,0,0.239069,0.503381,0.259407,0.508857,0,0,0.367018,0.500663
0.236122,0.522536,0.428018,0.555314,0.40768,0.52796,0,0,0,0,0.451236,0.582637,0.564653,0.661824,0.494862,0.749247,0.753618,0.579871,0.762322,0.547078,0,0,0,0,0.753599,0.607182,0,0,0,0,0.236138,0.495178,0.253611,0.497937,0,0,0.366983,0.492459
0.236196,0.51976,0.430914,0.544379,0.41639,0.511556,0,0,0,0,0.448341,0.577182,0.561713,0.656371,0.477451,0.74383,0.768124,0.571683,0.776851,0.533413,1.00652,0.566212,0,0,0.765241,0.598997,0.997798,0.691899,0,0,0.233279,0.492441,0.256506,0.495206,0,0,0.366991,0.489714
0.236185,0.519754,0.428057,0.541601,0.422215,0.500636,0,0,0,0,0.439644,0.579867,0.555901,0.653622,0.471655,0.738371,0.765232,0.571657,0.779769,0.527978,0,0,0,0,0.773947,0.590799,1.00362,0.686436,0,0,0.233294,0.49246,0.256487,0.497917,0,0,0.364114,0.489673
0.236175,0.52248,0.436748,0.53345,0.442541,0.492464,0,0,0,0,0.436738,0.574426,0.553027,0.648183,0.468726,0.732917,0.75651,0.568952,0.785582,0.530684,0,0,0,0,0.75942,0.57988,0,0,0,0,0.233294,0.495176,0.253587,0.503344,0,0,0.36409,0.489653
0.239054,0.522521,0.433843,0.533422,0.428017,0.492429,0,0,0,0,0.448352,0.574383,0.558802,0.645493,0.474513,0.730182,0.759409,0.577129,0.762318,0.536171,0,0,0,0,0.753595,0.609933,0,0,0,0,0.236165,0.495167,0.253622,0.503346,0,0,0.366951,0.486992
0.244892,0.530716,0.445457,0.541654,0.433834,0.508841,0,0,0,0,0.457076,0.57718,0.56753,0.659091,0.489028,0.73564,0.782671,0.577161,0.797204,0.538891,0,0,0,0,0.782667,0.596261,0,0,0,0,0.239062,0.503382,0.265173,0.511523,0,0,0.369908,0.48969
0.250678,0.536129,0.454183,0.544348,0.457077,0.511585,0,0,0,0,0.454181,0.579881,0.573396,0.65908,0.494874,0.743831,0.78267,0.574425,0.800108,0.544364,0,0,0,0,0.797207,0.57989,0,0,0,0,0.244876,0.508818,0.268132,0.514315,0,0,0.381459,0.492416
0.256517,0.541615,0.454203,0.549811,0.451282,0.514319,0,0,0,0,0.459982,0.585322,0.579157,0.661863,0.494849,0.751957,0.788485,0.579875,0.803026,0.54982,0,0,0,0,0.797211,0.599005,0,0,0,0,0.250698,0.514304,0.271063,0.519768,0,0,0.387351,0.495167
0.259402,0.552551,0.45706,0.549799,0.451289,0.514301,0,0,0,0,0.462892,0.585353,0.5763,0.66727,0.491995,0.754687,0.794288,0.582617,0.803013,0.552549,0,0,0,0,0.78559,0.609916,0,0,0,0,0.250683,0.525219,0.268216,0.530688,0,0,0.384458,0.506083
0.24779,0.599004,0.445446,0.560747,0.425116,0.511589,0,0,0,0,0.462927,0.607221,0.570485,0.675504,0.483226,0.762913,0.803,0.588065,0.820455,0.55528,0,0,0,0,0.805928,0.599,0,0,0,0,0.236177,0.568926,0.262345,0.574365,0,0,0.364062,0.53614
0.241997,0.629032,0.428033,0.563502,0.419315,0.514291,0,0,0,0,0.448385,0.618103,0.553066,0.675521,0.477421,0.760213,0.803032,0.574414,0.811741,0.544354,0,0,0,0,0.820464,0.590802,0,0,0,0,0.233227,0.607197,0.244923,0.604425,0,0,0.335026,0.558045
0.239031,0.634481,0.39316,0.536134,0.369889,0.486977,0,0,0,0,0.422189,0.577115,0.538504,0.626323,0.462909,0.713789,0.771044,0.517036,0,0,0,0,0,0,0.788491,0.530692,0,0,0,0,0.212918,0.618143,0.23322,0.61263,0,0,0.305921,0.547081
0.239026,0.618123,0.390255,0.522479,0.372788,0.478794,0.526859,0.604463,0,0,0.413496,0.560758,0.53267,0.618107,0.457099,0.700078,0.782664,0.51156,0.794308,0.473329,0,0,0,0,0.794306,0.517034,1.0007,0.648192,0,0,0.221629,0.598991,0.233237,0.598948,0,0,0.300087,0.53069
0.218752,0.585351,0.381501,0.492471,0.366955,0.456939,0,0,0,0,0.401854,0.530688,0.523936,0.604433,0.451239,0.686387,0.771053,0.48426,0,0,0,0,0,0,0.773952,0.508831,0,0,0,0,0.198354,0.57165,0.221612,0.568963,0,0,0.294273,0.503383
0.209984,0.585354,0.369867,0.495184,0.361169,0.462395,0.503592,0.590804,0,0,0.384439,0.527957,0.509391,0.604496,0.430972,0.686459,0.750704,0.511575,0,0,0,0,0,0,0,0,0,0,0,0,0.183835,0.568952,0.20711,0.568949,0,0,0.273963,0.508835
0.218726,0.59625,0.378598,0.514283,0.361192,0.473311,0.500688,0.607191,0,0,0.396039,0.549838,0.509426,0.62359,0.433868,0.708256,0.756499,0.511583,0.76524,0.478777,0,0,0,0,0.747797,0.538883,0.957093,0.631776,0,0,0.195472,0.571688,0.212915,0.574351,0,0,0.273966,0.51428
0.215778,0.577107,0.384394,0.511556,0.375684,0.459682,0.49197,0.588074,0,0,0.393142,0.555295,0.5065,0.623579,0.430928,0.711018,0.74488,0.525224,0.759407,0.481513,0,0,0,0,0.747786,0.5471,0,0,0,0,0.20127,0.560739,0.210002,0.555231,0,0,0.28559,0.500653
0.20421,0.525228,0.384417,0.470601,0.384411,0.42684,0,0,0,0,0.384444,0.519749,0.49777,0.598956,0.425101,0.689165,0.721629,0.511571,0.733243,0.456927,0.954179,0.440526,0,0,0.712909,0.544351,0.92802,0.607188,0,0,0.186736,0.500642,0.204164,0.495192,0,0,0.294308,0.448777
0.210025,0.511543,0.390229,0.456901,0.387325,0.402305,0,0,0,0,0.393155,0.511533,0.503592,0.582627,0.425137,0.670058,0.741966,0.489722,0.747795,0.451468,0,0,0,0,0.753608,0.530689,0.965807,0.58806,0,0,0.195462,0.48422,0.215808,0.481525,0,0,0.314603,0.42966
0.221637,0.514311,0.404791,0.465141,0.401868,0.421402,0,0,0,0,0.410598,0.517011,0.515226,0.601717,0.428027,0.686419,0.736144,0.50883,0.75941,0.459666,0,0,0,0,0.724542,0.544354,0.96001,0.609946,0,0,0.215829,0.486964,0.227468,0.486922,0,0,0.334945,0.432335
0.22455,0.533405,0.407696,0.478809,0.40474,0.432317,0.486169,0.590803,0,0,0.413488,0.530688,0.520996,0.612687,0.430926,0.694598,0.753595,0.508852,0.771028,0.470581,0,0,0,0,0.765234,0.53342,0.997788,0.612652,0,0,0.215799,0.508831,0.230343,0.503357,0,0,0.334946,0.448762
0.259389,0.620851,0.39315,0.514288,0.378621,0.467854,0.532673,0.637246,0.439643,0.686441,0.407697,0.549846,0.523983,0.639978,0.433834,0.700126,0.771037,0.514292,0.779763,0.473322,1.00942,0.53889,0,0,0.76523,0.541611,1.0007,0.637264,0,0,0.227456,0.612655,0.241948,0.598956,0,0,0.311702,0.51432
0.247823,0.634494,0.384396,0.519787,0.364092,0.476035,0.509418,0.620862,0,0,0.40475,0.566206,0.523977,0.637254,0.430941,0.694647,0.76524,0.492452,0.78267,0.47059,0,0,0,0,0.773952,0.519758,0,0,0,0,0.221636,0.631777,0.236117,0.615363,0,0,0.288452,0.533455
0.230339,0.620814,0.375696,0.511583,0.364061,0.476035,0.509413,0.626314,0.433814,0.678248,0.387317,0.541625,0.515221,0.637214,0.428027,0.697387,0.76234,0.517028,0,0,0,0,0,0,0,0,0,0,0,0,0,0,0.218714,0.593553,0,0,0.273955,0.51158
0.218719,0.609957,0.375681,0.511594,0.364053,0.47331,0.494888,0.62086,0.430902,0.678244,0.38731,0.547066,0.515198,0.637259,0.427997,0.697343,0.773954,0.517028,0,0,0,0,0,0,0,0,0,0,0,0,0.18965,0.604455,0.209994,0.582639,0,0,0.271025,0.514293
0.207126,0.604437,0.375677,0.500643,0.361179,0.454186,0.509421,0.604463,0,0,0.390225,0.544353,0.515232,0.623588,0.428017,0.68917,0.768142,0.484258,0,0,0,0,0,0,0.771044,0.484255,0,0,0,0,0.183841,0.582624,0.204187,0.577173,0,0,0.271086,0.514263
0.224514,0.585335,0.384398,0.487014,0.367004,0.437817,0.518138,0.593541,0,0,0.398947,0.536147,0.518172,0.609933,0.433854,0.686408,0.762317,0.486977,0.768123,0.451469,0,0,0,0,0.771043,0.511563,0.994882,0.604449,0,0,0.204186,0.571667,0.218684,0.566199,0,0,0.279755,0.49792
0.23323,0.566227,0.393163,0.484241,0.387314,0.435066,0,0,0,0,0.404749,0.52796,0.515252,0.607206,0.448349,0.691871,0.756508,0.517029,0.768144,0.470599,0,0,0,0,0.776862,0.519762,0.977448,0.631783,0,0,0.215796,0.552527,0.224542,0.541628,0,0,0.300122,0.478775
0.233223,0.555269,0.398963,0.478785,0.393121,0.435083,0,0,0,0,0.410567,0.517008,0.518095,0.618131,0.451235,0.705557,0.756513,0.53068,0.773946,0.484244,0,0,0,0,0,0,0,0,0,0,0.221609,0.530708,0.230382,0.530698,0,0,0.314697,0.470618
0.24202,0.544359,0.42801,0.489704,0.425113,0.445997,0,0,0,0,0.428032,0.536129,0.52109,0.645427,0.454177,0.730098,0.75359,0.56074,0.762319,0.511565,0,0,0,0,0.721624,0.60993,0,0,0,0,0.233257,0.519745,0.247789,0.517014,0,0,0.355365,0.465149
0.244935,0.544357,0.430904,0.48972,0.425125,0.446012,0,0,0,0,0.433821,0.536133,0.521031,0.64548,0.454136,0.730184,0.753598,0.55803,0.768155,0.511584,0,0,0,0,0.756493,0.593531,0.994886,0.667281,0,0,0.233249,0.514279,0.253586,0.51155,0,0,0.361148,0.45963
0.244917,0.536205,0.430915,0.486955,0.428029,0.437819,0,0,0,0,0.433819,0.533416,0.518149,0.642684,0.45124,0.721974,0.759433,0.549811,0.782675,0.503383,0,0,0,0,0.765238,0.571688,0,0,0,0,0.233252,0.503363,0.259385,0.500666,0,0,0.366962,0.456923
0.244928,0.538889,0.430914,0.486946,0.428032,0.4378,0,0,0,0,0.430968,0.533413,0.52104,0.639991,0.448347,0.719228,0.771052,0.533424,0.797202,0.495188,0,0,0,0,0.776863,0.555282,0,0,0,0,0.236129,0.511564,0.259431,0.511599,0,0,0.361205,0.462379
0.262329,0.577113,0.428038,0.500626,0.425075,0.446009,0.532672,0.637252,0,0,0.433849,0.555247,0.529768,0.645488,0.454143,0.724689,0.779764,0.530713,0.800102,0.489712,0,0,0,0,0.797204,0.552565,0.994883,0.661836,0,0,0.241973,0.555299,0.265186,0.552533,0,0,0.358194,0.489723
0.262331,0.57712,0.428037,0.49793,0.425073,0.446009,0.529763,0.637254,0,0,0.433843,0.552575,0.529767,0.645493,0.454151,0.724689,0.776875,0.533426,0.800102,0.489722,0,0,0,0,0.794297,0.549816,0.994899,0.661811,0,0,0.24198,0.555299,0.26518,0.55254,0,0,0.358193,0.489711
0.259442,0.604472,0.4193,0.51974,0.413495,0.462397,0,0,0,0,0.427987,0.571692,0.523987,0.664535,0.451273,0.741062,0.776847,0.549804,0.797205,0.51157,0,0,0,0,0.779766,0.566209,0,0,0,0,0.244876,0.585334,0.256483,0.579879,0,0,0.329202,0.525269
0.259444,0.601765,0.422192,0.519759,0.413496,0.462409,0,0,0,0,0.430899,0.574414,0.526858,0.664582,0.454174,0.74655,0.773965,0.555277,0.800105,0.519768,0,0,0,0,0.794304,0.571676,0,0,0,0,0.244875,0.582597,0.256494,0.577196,0,0,0.329195,0.53066
0.24783,0.571671,0.42804,0.500626,0.425085,0.451457,0,0,0,0,0.433868,0.552531,0.523999,0.659123,0.454186,0.746548,0.76814,0.563472,0.788494,0.522503,0,0,0,0,0.773953,0.590803,0,0,0,0,0,0,0.256526,0.547109,0,0,0.334982,0.508799
0.259445,0.563495,0.436745,0.489758,0.433828,0.443277,0,0,0,0,0.43965,0.541626,0.52392,0.656402,0.4542,0.749251,0.771054,0.563482,0.797196,0.522508,0,0,0,0,0.779774,0.588068,1.00069,0.686426,0,0,0.24199,0.530702,0.262356,0.533397,0,0,0.346654,0.486992
0.288488,0.530666,0.4629,0.486951,0.465796,0.443242,0.375685,0.51702,0.323375,0.560731,0.45713,0.525226,0.521098,0.653678,0.454199,0.754745,0.779763,0.568958,0.800129,0.527974,0,0,0,0,0.773953,0.607189,0.98908,0.697341,0,0,0.282669,0.500634,0.28844,0.497896,0,0,0.378593,0.45696
0.29139,0.511575,0.474549,0.48424,0.480338,0.437806,0.378585,0.514313,0.323384,0.56347,0.465809,0.52251,0.521055,0.648217,0.454205,0.754727,0.771042,0.57714,0.8001,0.536154,0,0,0,0,0.765229,0.618119,0.989079,0.69191,0,0,0.282663,0.481518,0.294322,0.484248,0,0,0.396062,0.448757
0.303032,0.484234,0.480353,0.47605,0.474545,0.435049,0.381529,0.492454,0.326267,0.555252,0.483256,0.514318,0.518141,0.642733,0.451313,0.751988,0.794306,0.568931,0.805934,0.527952,0,0,0,0,0.803022,0.593538,0.994877,0.694619,0,0,0.300108,0.45692,0.314603,0.459627,0,0,0.41642,0.429582
0.305944,0.473319,0.480338,0.470571,0.468713,0.429599,0.381509,0.489676,0.329147,0.547086,0.489076,0.508838,0.518123,0.639998,0.454143,0.749251,0.800096,0.560749,0.808837,0.519777,0,0,0,0,0.80011,0.58261,0.997793,0.689153,0,0,0.300125,0.448718,0.314697,0.448739,0,0,0.425112,0.426851
0.311697,0.456933,0.477435,0.456925,0.457078,0.41594,0.381483,0.476058,0.326288,0.5416,0.497761,0.492426,0.518106,0.626303,0.454179,0.732855,0.797192,0.547087,0.805923,0.511571,0,0,0,0,0.794308,0.563485,0.9978,0.675511,0,0,0.308845,0.432326,0.320474,0.432375,0,0,0.430933,0.410483
0.308855,0.451455,0.477428,0.454171,0.454207,0.405015,0.378565,0.470635,0.326262,0.54162,0.494907,0.492436,0.51811,0.623585,0.454129,0.73015,0.791387,0.547081,0.803013,0.506113,0,0,0,0,0.800108,0.563488,1.00069,0.672763,0,0,0.30594,0.426891,0.323382,0.429642,0,0,0.430972,0.407746
0.308832,0.448708,0.477411,0.454212,0.457071,0.407752,0.369906,0.470606,0.32047,0.541617,0.497762,0.492453,0.515229,0.626323,0.45129,0.730187,0.788479,0.547095,0.805913,0.503374,0,0,0,0,0.797211,0.566218,0.997784,0.67003,0,0,0.308818,0.426851,0.323406,0.42694,0,0,0.433841,0.407781
0.30879,0.446005,0.474527,0.456944,0.457073,0.410494,0.369881,0.470627,0.317568,0.544348,0.494851,0.495186,0.515191,0.626323,0.451277,0.732848,0.794295,0.547087,0.805938,0.508843,0,0,0,0,0.797204,0.56895,0.994893,0.667311,0,0,0.308817,0.424153,0.323361,0.426885,0,0,0.433843,0.40776
