0.495137,0.423051,0.49822,0.401227,0.476749,0.406742,0.459924,0.450253,0.447639,0.49663,0.521222,0.393091,0.547226,0.436639,0.547218,0.488478,0.525784,0.458428,0.512001,0.466655,0.524267,0.491215,0.577851,0.493939,0.536493,0.444859,0.562562,0.431234,0.593192,0.488356,0.48901,0.420261,0.496702,0.406708,0.478288,0.401193,0.507394,0.384938
0.495152,0.425694,0.499735,0.401269,0.47675,0.409435,0.459911,0.450287,0.446168,0.499309,0.522756,0.395748,0.557952,0.425728,0.56408,0.463892,0.527334,0.458421,0.51506,0.469316,0.525795,0.49121,0.579396,0.493891,0.54109,0.444856,0.562537,0.433964,0.593157,0.485682,0.490535,0.420301,0.498212,0.409396,0.478295,0.398549,0.507435,0.387632
0.495162,0.425759,0.49977,0.401287,0.476779,0.412118,0.459938,0.450281,0.447636,0.496643,0.524268,0.395755,0.556437,0.412156,0.570225,0.450293,0.528865,0.452994,0.518109,0.466615,0.525783,0.491225,0.579394,0.493878,0.542611,0.44207,0.561005,0.442101,0.593174,0.485667,0.490553,0.423001,0.49822,0.412156,0.478323,0.401215,0.508937,0.390323
0.495156,0.425717,0.502809,0.40394,0.478284,0.41757,0.459944,0.450306,0.447638,0.496624,0.525785,0.395798,0.561023,0.401226,0.573253,0.447577,0.53036,0.45571,0.518124,0.46667,0.525791,0.491181,0.5809,0.493903,0.54263,0.444778,0.559492,0.42029,0.590107,0.48566,0.490551,0.420305,0.49821,0.409427,0.481366,0.401305,0.508948,0.395775
0.496687,0.425749,0.504342,0.403987,0.479812,0.420278,0.459962,0.450346,0.446159,0.496644,0.52884,0.398482,0.559517,0.412138,0.577888,0.466625,0.531878,0.455699,0.519667,0.466651,0.525788,0.491219,0.579403,0.493924,0.544134,0.442118,0.559486,0.42309,0.590131,0.482984,0.492092,0.420338,0.499768,0.409427,0.482887,0.404037,0.511983,0.395813
0.501275,0.428525,0.504329,0.412111,0.48136,0.423048,0.459952,0.453044,0.446153,0.499325,0.525766,0.401299,0.557927,0.425728,0.568659,0.461187,0.525784,0.461195,0.512017,0.47207,0.528835,0.491163,0.579403,0.493882,0.536531,0.447599,0.565607,0.425798,0.590114,0.485669,0.496659,0.425705,0.502812,0.417566,0.489024,0.420309,0.510502,0.404033
0.49822,0.425786,0.504321,0.417574,0.481378,0.425728,0.459944,0.453023,0.446146,0.499319,0.525764,0.403961,0.553374,0.442102,0.554869,0.485661,0.525782,0.466629,0.512014,0.477537,0.533446,0.491176,0.577877,0.493873,0.538038,0.458417,0.561022,0.42578,0.591641,0.485717,0.496658,0.420316,0.501273,0.414856,0.490545,0.41488,0.508955,0.409433
0.502793,0.450264,0.504316,0.431238,0.481327,0.431225,0.461432,0.45575,0.446154,0.499318,0.525816,0.431188,0.551843,0.488333,0.542645,0.526554,0.5273,0.43936,0.515073,0.447586,0.527326,0.491166,0.573271,0.491171,0.536498,0.425755,0.56408,0.425719,0.59316,0.488397,0.496673,0.447555,0.505846,0.439355,0.492061,0.436688,0.511979,0.439387
0.498219,0.463919,0.499741,0.439425,0.478294,0.439398,0.459959,0.458439,0.446132,0.496668,0.525784,0.436626,0.554895,0.485755,0.544146,0.523888,0.515075,0.43121,0,0,0,0,0,0,0.530377,0.420299,0.564062,0.425678,0.593201,0.488462,0,0,0,0,0.489014,0.444864,0.510485,0.458464
0,0,0.499743,0.447548,0.478306,0.444849,0.459947,0.458488,0.446136,0.49933,0.524229,0.444787,0.556389,0.485733,0.545661,0.529252,0.511997,0.423006,0.504345,0.428466,0.551831,0.461188,0.551829,0.523827,0.528853,0.406659,0.562564,0.42306,0.593206,0.488428,0,0,0,0,0.48293,0.469402,0.508986,0.469367
0,0,0.496703,0.450254,0.478287,0.44756,0.459928,0.455785,0.446106,0.499296,0.51969,0.447511,0.554867,0.488515,0.542601,0.532026,0.512002,0.423055,0.504335,0.42852,0.55183,0.482947,0.547231,0.526604,0.530342,0.404049,0.564101,0.425668,0.593238,0.491109,0,0,0,0,0,0,0.508957,0.472139
0,0,0.496699,0.453009,0.481333,0.44761,0.459973,0.458417,0.44614,0.496578,0.513521,0.453032,0.548747,0.49657,0.530396,0.545599,0.519676,0.425818,0.508918,0.442088,0.553354,0.491124,0.583998,0.488459,0.536502,0.404025,0.568699,0.431293,0.602355,0.499359,0,0,0,0,0,0,0.50737,0.488407
0.495132,0.537438,0.495161,0.455766,0.476763,0.453023,0.459958,0.458429,0.44615,0.493889,0.511987,0.453002,0.54724,0.493948,0.530384,0.542902,0.527303,0.425828,0.507412,0.455719,0.556406,0.488466,0.593132,0.491238,0.539563,0.403984,0.570161,0.439356,0.603893,0.502054,0,0,0.496667,0.526545,0,0,0.504349,0.488488
0.490545,0.534797,0.492073,0.45845,0.472176,0.455714,0.459895,0.461207,0.446087,0.496578,0.508972,0.453047,0.545729,0.491114,0.531911,0.534712,0.53035,0.425749,0.518105,0.442133,0.554895,0.491143,0.585521,0.491111,0.542628,0.40129,0.570188,0.444774,0.603875,0.504742,0,0,0.487489,0.52655,0,0,0.496667,0.488343
0.482926,0.537473,0.490546,0.455689,0.472191,0.452999,0.459881,0.466639,0.446082,0.496594,0.507409,0.450312,0.54417,0.488423,0.528864,0.532076,0.531883,0.422981,0.519659,0.439368,0.554886,0.491125,0.58097,0.48843,0.542644,0.40115,0.568685,0.444825,0.602373,0.502044,0.481354,0.5293,0.482899,0.523893,0,0,0.495158,0.485685
0.482895,0.534808,0.485981,0.450352,0.473685,0.450335,0.458415,0.469407,0.444566,0.49659,0.498205,0.444839,0.536537,0.488396,0.522759,0.540175,0.533475,0.423063,0.528847,0.442094,0.553344,0.49115,0.583976,0.488428,0.542652,0.4012,0.568688,0.444845,0.602349,0.502092,0.481352,0.529287,0.481339,0.526529,0,0,0.485945,0.485743
0.482888,0.534763,0.484453,0.453055,0.475222,0.455714,0.458427,0.46933,0.444557,0.496585,0.495169,0.444789,0.533477,0.488385,0.522744,0.540223,0.53804,0.423044,0.531887,0.442066,0.551839,0.491227,0.583977,0.48838,0.544165,0.398537,0.570173,0.447532,0.600833,0.499334,0,0,0.47982,0.526545,0,0,0.485979,0.488345
0.484436,0.534694,0.484451,0.455747,0.473723,0.453021,0.45841,0.461224,0.444576,0.493949,0.496679,0.444881,0.534978,0.488481,0.52577,0.545616,0.536497,0.420342,0.530398,0.439345,0.55335,0.493859,0.582444,0.488369,0.544137,0.398514,0.565627,0.447609,0.597782,0.496655,0,0,0.481343,0.526562,0,0,0.487493,0.485727
0.484465,0.534692,0.48446,0.453065,0.472195,0.450351,0.458358,0.463914,0.444587,0.493945,0.496679,0.444863,0.53501,0.491152,0.525763,0.545663,0.536491,0.420301,0.530376,0.436649,0.55183,0.491239,0.582474,0.488409,0.544139,0.398506,0.564091,0.447644,0.597784,0.499331,0.482914,0.526559,0.482871,0.526569,0,0,0.489021,0.485698
0.485943,0.534713,0.485963,0.455726,0.472183,0.450272,0.458399,0.458507,0.444593,0.493935,0.499732,0.447611,0.534983,0.49119,0.525756,0.548316,0.534986,0.417616,0.53037,0.433927,0.553353,0.493849,0.580934,0.485677,0.544142,0.398509,0.562567,0.450298,0.596251,0.499312,0,0,0.482927,0.526569,0,0,0.49206,0.485715
0.484404,0.534706,0.485952,0.455715,0.473692,0.450276,0.458401,0.455724,0.444596,0.493924,0.496703,0.444903,0.534974,0.491126,0.525765,0.54564,0.534995,0.414861,0.530384,0.431225,0.556382,0.491203,0.580962,0.485712,0.54413,0.395799,0.564066,0.450268,0.596259,0.496625,0,0,0.481382,0.526561,0,0,0.490539,0.485686
0.484414,0.532079,0.485958,0.453065,0.475227,0.450299,0.458399,0.45571,0.444586,0.493904,0.498199,0.444878,0.534966,0.488484,0.525782,0.545617,0.534989,0.414876,0.530388,0.431229,0.5549,0.491163,0.580903,0.485694,0.54266,0.395788,0.564083,0.447619,0.596278,0.496628,0.479825,0.529268,0.481374,0.523878,0,0,0.490562,0.485712
0.482915,0.532074,0.484448,0.455717,0.473719,0.453001,0.45988,0.455733,0.444594,0.493905,0.498202,0.444869,0.534978,0.48849,0.525777,0.545636,0.536498,0.414871,0.530395,0.431242,0.556381,0.491151,0.580953,0.485699,0.542662,0.395769,0.565611,0.447632,0.597783,0.49663,0,0,0.481379,0.523862,0,0,0.492057,0.485725
0.484438,0.532039,0.485975,0.453046,0.475211,0.452998,0.459873,0.45847,0.444576,0.493906,0.498219,0.444863,0.534991,0.4885,0.525776,0.54564,0.539555,0.414845,0.531909,0.431221,0.554875,0.491232,0.580897,0.483002,0.544173,0.395751,0.564094,0.450296,0.597772,0.496645,0,0,0.481386,0.523866,0,0,0.492054,0.48573
0.484443,0.532016,0.487482,0.455709,0.475216,0.453007,0.459888,0.458466,0.444583,0.493918,0.498223,0.447527,0.536496,0.49111,0.52577,0.545672,0.539585,0.417561,0.531937,0.431253,0.553342,0.493848,0.57938,0.482957,0.544198,0.39579,0.564089,0.452987,0.597792,0.499335,0,0,0.481378,0.52386,0,0,0.490562,0.485723
0.485953,0.532051,0.490532,0.453048,0.476744,0.45032,0.4599,0.458499,0.444571,0.493924,0.501274,0.447601,0.536514,0.491134,0.525763,0.54833,0.542606,0.420298,0.533457,0.433948,0.551822,0.493914,0.577844,0.480232,0.545722,0.398476,0.564083,0.458436,0.597796,0.49933,0,0,0.48289,0.523873,0,0,0.492078,0.485741
0.484458,0.534696,0.490536,0.453042,0.475248,0.450346,0.459919,0.461197,0.444579,0.493907,0.501289,0.447612,0.536516,0.491145,0.525761,0.548329,0.542626,0.423053,0.533457,0.439397,0.548744,0.496621,0.57327,0.477521,0.54722,0.401181,0.562567,0.458499,0.597777,0.499352,0,0,0.482873,0.526551,0,0,0.492073,0.485736
0.485958,0.532085,0.490537,0.453051,0.475237,0.452987,0.459955,0.458494,0.44458,0.493884,0.502797,0.447604,0.536531,0.491168,0.524289,0.548364,0.542642,0.423027,0.53497,0.439358,0.550285,0.493953,0.573277,0.474818,0.547241,0.398533,0.56407,0.461152,0.597776,0.499365,0.478299,0.529284,0.482889,0.526551,0,0,0.493581,0.485741
0.484454,0.532071,0.48903,0.453054,0.475243,0.453024,0.459962,0.458507,0.444584,0.493876,0.501269,0.44755,0.536522,0.491159,0.524286,0.548363,0.542654,0.423042,0.534986,0.439383,0.551835,0.493912,0.574789,0.474835,0.547248,0.398539,0.564095,0.461139,0.597775,0.499333,0.475251,0.529296,0.482856,0.523877,0,0,0.492076,0.485732
0.484437,0.532093,0.489007,0.453048,0.475237,0.455724,0.459942,0.463922,0.444588,0.493888,0.499731,0.444858,0.536511,0.491122,0.524287,0.548335,0.544132,0.423001,0.534992,0.436672,0.548754,0.496593,0.573269,0.47755,0.548756,0.398495,0.565614,0.461136,0.597789,0.499331,0.475234,0.529304,0.481369,0.526541,0,0,0.490565,0.485745
0.482905,0.53209,0.489008,0.455713,0.475215,0.453029,0.459941,0.461175,0.444589,0.493885,0.501278,0.447535,0.536523,0.491126,0.524275,0.548354,0.542647,0.423006,0.534973,0.436686,0.550292,0.496586,0.574807,0.480289,0.548746,0.398493,0.565612,0.461133,0.597792,0.499332,0.473702,0.529286,0.481341,0.523856,0,0,0.49206,0.488337
0.484407,0.534738,0.487499,0.455754,0.4737,0.455747,0.459902,0.461221,0.444563,0.49393,0.501273,0.447565,0.538022,0.491118,0.524284,0.548355,0.542638,0.423022,0.533474,0.439383,0.551807,0.493914,0.576352,0.480235,0.54725,0.398495,0.565624,0.458441,0.597792,0.499368,0.476755,0.529324,0.481389,0.526574,0,0,0.492075,0.488379
0.484403,0.534757,0.487494,0.455736,0.473707,0.455744,0.459903,0.461212,0.444564,0.493939,0.501263,0.447557,0.536523,0.491103,0.524282,0.548345,0.542626,0.423055,0.533465,0.442083,0.551822,0.493929,0.576307,0.477517,0.547234,0.398526,0.567118,0.45843,0.597783,0.49937,0.475232,0.52932,0.482856,0.526594,0,0,0.492083,0.488376
0.484409,0.534754,0.487482,0.455755,0.473696,0.455758,0.459905,0.4612,0.444568,0.493929,0.501259,0.447533,0.536521,0.491105,0.524277,0.548343,0.542623,0.423061,0.53346,0.442083,0.551828,0.493913,0.576325,0.477524,0.547232,0.39853,0.567114,0.458431,0.597764,0.499365,0.476768,0.529314,0.482866,0.526604,0,0,0.492089,0.488383
0.484419,0.534755,0.487484,0.455765,0.473697,0.45578,0.458411,0.466591,0.444561,0.493934,0.499755,0.447534,0.536519,0.491119,0.524275,0.548356,0.542604,0.423036,0.53345,0.439394,0.551822,0.493946,0.576347,0.48025,0.545732,0.398513,0.565626,0.458448,0.596276,0.499344,0.476779,0.529325,0.482871,0.526608,0,0,0.492088,0.488396
0.485958,0.534702,0.487499,0.458449,0.47219,0.46118,0.458392,0.469413,0.443085,0.493972,0.502803,0.447523,0.536519,0.491146,0.524256,0.548402,0.542601,0.423035,0.53345,0.439379,0.553351,0.493959,0.576325,0.477569,0.54572,0.398512,0.565613,0.458449,0.596275,0.499332,0.479821,0.529292,0.482923,0.526576,0,0,0.492103,0.48842
0.485977,0.534711,0.489032,0.455743,0.473706,0.458459,0.458412,0.469306,0.444554,0.493949,0.504314,0.44753,0.536523,0.49116,0.524262,0.548396,0.542598,0.423027,0.533444,0.43938,0.551832,0.496589,0.576299,0.477558,0.545718,0.398507,0.565616,0.458443,0.596272,0.49936,0.478311,0.529309,0.482922,0.526593,0,0,0.49359,0.488437
0.489006,0.532049,0.490545,0.455741,0.473725,0.458476,0.458416,0.469291,0.444565,0.493931,0.504322,0.447533,0.536526,0.491145,0.52426,0.548388,0.541096,0.423055,0.531943,0.439408,0.55334,0.493918,0.577845,0.480229,0.545697,0.398535,0.565621,0.455762,0.597779,0.502033,0.479836,0.532033,0.482919,0.526582,0,0,0.493579,0.4884
0.489023,0.532001,0.490548,0.455772,0.473712,0.461204,0.458391,0.469322,0.444553,0.493918,0.504343,0.447536,0.536519,0.491142,0.524258,0.548394,0.54107,0.423032,0.5319,0.439407,0.551812,0.493898,0.577843,0.480234,0.545694,0.39851,0.567134,0.455706,0.597781,0.502032,0.482907,0.529288,0.484429,0.526559,0,0,0.493603,0.488381
0.489017,0.529285,0.487501,0.458448,0.472168,0.466614,0.458417,0.46937,0.444577,0.493947,0.504321,0.447528,0.536515,0.491156,0.524254,0.548367,0.538025,0.417614,0.530363,0.436631,0.553336,0.493885,0.577859,0.482929,0.544186,0.395812,0.567138,0.452988,0.597774,0.502068,0.481376,0.526578,0.48292,0.523813,0,0,0.492093,0.488387
0.49056,0.523876,0.489004,0.461191,0.47217,0.472077,0.459905,0.469343,0.444587,0.493961,0.502816,0.447518,0.536527,0.491147,0.52425,0.548375,0.536522,0.420305,0.530363,0.436672,0.5549,0.493863,0.579376,0.482992,0.544169,0.39846,0.567138,0.450332,0.597772,0.502045,0.487482,0.521135,0.484426,0.518424,0,0,0.492086,0.488356
0.490554,0.521105,0.489023,0.458493,0.473699,0.469332,0.461462,0.466591,0.444584,0.493926,0.501279,0.444873,0.536526,0.491149,0.524242,0.548394,0.538025,0.420312,0.530372,0.436675,0.554898,0.491225,0.579401,0.482972,0.544172,0.398463,0.568639,0.450351,0.597774,0.502088,0.484436,0.518425,0.484423,0.515696,0,0,0.49205,0.485728
0.492072,0.521101,0.489035,0.458472,0.473718,0.469359,0.461469,0.469352,0.444596,0.493964,0.499755,0.444832,0.53653,0.491162,0.524243,0.548399,0.538045,0.420319,0.530394,0.436687,0.556375,0.491169,0.580893,0.48296,0.544183,0.398471,0.568687,0.450321,0.597799,0.504796,0.487486,0.521115,0.484451,0.515682,0,0,0.490545,0.485717
0.492104,0.515695,0.490571,0.455748,0.476778,0.463919,0.462981,0.469365,0.444627,0.493962,0.499756,0.44481,0.538025,0.491182,0.524245,0.548406,0.541104,0.423011,0.531917,0.439392,0.55336,0.493847,0.579377,0.482999,0.54572,0.39849,0.568668,0.453008,0.597793,0.504752,0.489024,0.518406,0.485959,0.512962,0,0,0.490543,0.485703
0.493605,0.510245,0.492079,0.455729,0.478297,0.463905,0.461453,0.469387,0.444595,0.493949,0.499757,0.444788,0.538035,0.491205,0.524239,0.551051,0.542601,0.423005,0.533424,0.439387,0.55487,0.491174,0.580932,0.485662,0.547224,0.398485,0.568676,0.453033,0.5993,0.504807,0.49054,0.515682,0.487476,0.510223,0,0,0.490551,0.485673
0.493582,0.515687,0.492093,0.455731,0.479824,0.463879,0.462983,0.469364,0.444602,0.493966,0.499765,0.444807,0.538049,0.491211,0.524243,0.551055,0.54264,0.423019,0.533452,0.439399,0.554876,0.491222,0.580899,0.485677,0.547255,0.398486,0.568642,0.455709,0.597799,0.504772,0.489019,0.51841,0.485964,0.512976,0,0,0.490548,0.485667
0.493583,0.518413,0.492109,0.45306,0.479835,0.461196,0.461476,0.469439,0.444606,0.493956,0.502793,0.444846,0.538057,0.491237,0.524247,0.551074,0.54262,0.423026,0.53344,0.44207,0.554892,0.493902,0.579392,0.485652,0.547239,0.398493,0.568645,0.455704,0.597796,0.504761,0.489013,0.521129,0.485985,0.515688,0,0,0.490541,0.485679
0.493603,0.521096,0.493586,0.455743,0.479829,0.463909,0.46146,0.472087,0.444616,0.496602,0.502803,0.444849,0.539562,0.493852,0.524274,0.55107,0.542658,0.425707,0.534967,0.442119,0.55182,0.496589,0.577856,0.485642,0.548768,0.398517,0.568646,0.455761,0.597802,0.504763,0.490557,0.51844,0.48901,0.515672,0,0,0.490558,0.485712
0.493624,0.521144,0.493594,0.455739,0.479848,0.463903,0.462975,0.47206,0.446081,0.496603,0.50281,0.444833,0.539574,0.493868,0.524279,0.551081,0.544167,0.423039,0.53804,0.439395,0.554868,0.496662,0.577854,0.480283,0.550299,0.398503,0.56867,0.45843,0.599298,0.504768,0.490545,0.521139,0.48903,0.518381,0,0,0.49056,0.485737
0.495123,0.518429,0.493612,0.455719,0.481369,0.463934,0,0,0,0,0.502811,0.444781,0.539583,0.493849,0.52429,0.551101,0.544177,0.423039,0.538042,0.439369,0.554859,0.496591,0.577874,0.47758,0.551806,0.398517,0.56868,0.458497,0.599303,0.504806,0.490543,0.521161,0.49205,0.515676,0,0,0.490557,0.485719
0.493647,0.523822,0.493624,0.455777,0.481345,0.466616,0,0,0,0,0.504343,0.444838,0.541073,0.493875,0.524288,0.551123,0.544164,0.423029,0.536513,0.439367,0.554851,0.496619,0.577878,0.480265,0.55031,0.398498,0.568679,0.461161,0.599302,0.504807,0.489021,0.523837,0.490558,0.51842,0,0,0.492057,0.488356
0.493636,0.526563,0.493589,0.461186,0.476787,0.47209,0.48902,0.529279,0,0,0.504326,0.444877,0.541086,0.493872,0.525762,0.551149,0.544164,0.423018,0.536508,0.436679,0.553359,0.49661,0.579346,0.47758,0.551818,0.3985,0.568697,0.461227,0.599313,0.507494,0.487479,0.529287,0.489025,0.521153,0,0,0.492052,0.488407
0.493621,0.526551,0.493596,0.458502,0.478309,0.469384,0.481369,0.518398,0,0,0.502824,0.444872,0.541082,0.491238,0.525775,0.551143,0.544156,0.422988,0.536514,0.436644,0.55335,0.496624,0.577865,0.477567,0.551818,0.398483,0.568697,0.461224,0.599318,0.507512,0.48748,0.526591,0.489022,0.521148,0,0,0.49206,0.488424
0.493644,0.523849,0.49359,0.461225,0.479819,0.472096,0.485959,0.532018,0,0,0.501286,0.447525,0.541081,0.493871,0.525778,0.551147,0.544148,0.423059,0.536503,0.439406,0.553328,0.496594,0.577838,0.474848,0.551803,0.398535,0.56868,0.463894,0.599303,0.507514,0.489023,0.526571,0.489034,0.521105,0,0,0.49054,0.488417
0.495117,0.52111,0.493604,0.461196,0.479823,0.47208,0,0,0,0,0.50128,0.447534,0.541074,0.493875,0.525779,0.553765,0.542655,0.42574,0.533452,0.444806,0.553322,0.496619,0.57483,0.47216,0.548769,0.401196,0.568678,0.463926,0.599307,0.507518,0.490537,0.523836,0.490539,0.521097,0,0,0.490542,0.488445
0.495125,0.518415,0.493595,0.461173,0.478297,0.474789,0.485953,0.532022,0,0,0.501293,0.447542,0.541076,0.493875,0.525782,0.553758,0.542654,0.425801,0.533442,0.44754,0.551797,0.496591,0.576357,0.472068,0.54877,0.401254,0.568689,0.466589,0.599317,0.510196,0.489016,0.521134,0.49206,0.5157,0,0,0.490529,0.488421
0.495119,0.518385,0.492098,0.461172,0.4783,0.472125,0.485963,0.532013,0,0,0.50127,0.447522,0.539584,0.493856,0.525791,0.551142,0.542657,0.425803,0.533446,0.44754,0.551804,0.493948,0.577863,0.472144,0.548772,0.401263,0.568697,0.466584,0.599325,0.510212,0.489009,0.521142,0.492054,0.512996,0,0,0.489035,0.488415
0.495127,0.515707,0.49209,0.461172,0.476776,0.474819,0.48137,0.529289,0,0,0.499758,0.444862,0.541082,0.4912,0.52581,0.551108,0.542654,0.425752,0.533453,0.444807,0.554857,0.493919,0.579382,0.472113,0.54877,0.401223,0.568699,0.466575,0.600855,0.510234,0.489027,0.521129,0.492059,0.51299,0,0,0.489019,0.48839
0.495146,0.515694,0.492095,0.461185,0.476777,0.474838,0.482895,0.529291,0,0,0.499744,0.444858,0.541099,0.491185,0.527308,0.551057,0.54413,0.425724,0.534979,0.442101,0.554902,0.493906,0.580896,0.472098,0.550276,0.40119,0.570173,0.466569,0.602381,0.510269,0.490534,0.521157,0.49207,0.512977,0,0,0.489014,0.488376
0.495159,0.51569,0.493608,0.458502,0.478314,0.474838,0.48137,0.521126,0,0,0.499738,0.444859,0.541126,0.491232,0.527326,0.551065,0.544141,0.425718,0.536514,0.4421,0.556385,0.499348,0.580911,0.480304,0.550304,0.39855,0.570178,0.466568,0.603892,0.510245,0.489014,0.526594,0.490563,0.512955,0,0,0.487506,0.488348
0.495148,0.523829,0.493604,0.461222,0.476763,0.480253,0,0,0,0,0.50127,0.44485,0.542612,0.491214,0.527333,0.551059,0.544141,0.425707,0.538027,0.439415,0.554905,0.499306,0.580886,0.477532,0.551809,0.398537,0.570189,0.46396,0.603897,0.510201,0.487498,0.529316,0.490565,0.515702,0,0,0.489018,0.488362
0.495163,0.52382,0.493621,0.458499,0.479824,0.472085,0,0,0,0,0.501277,0.444801,0.542628,0.491194,0.527339,0.551047,0.544165,0.422994,0.539554,0.436643,0.556378,0.496638,0.58093,0.477559,0.553329,0.398481,0.570205,0.463919,0.6039,0.510188,0.48901,0.529279,0.492079,0.518381,0,0,0.490537,0.485742
0.495154,0.518419,0.493597,0.458442,0.479828,0.466665,0,0,0,0,0.499755,0.442127,0.542639,0.491192,0.527348,0.551038,0.544162,0.420332,0.539554,0.433971,0.554874,0.49664,0.58089,0.474834,0.553335,0.395816,0.570211,0.4639,0.603898,0.510194,0.48751,0.529323,0.490569,0.512996,0,0,0.489027,0.485672
0.495145,0.521123,0.493615,0.45305,0.481382,0.461222,0.466038,0.472086,0.44771,0.493917,0.502794,0.442121,0.542649,0.49115,0.528834,0.548394,0.544174,0.417591,0.53957,0.431243,0.554906,0.493938,0.580927,0.477586,0.553355,0.395756,0.570222,0.463876,0.605394,0.5075,0.487501,0.529286,0.490559,0.515715,0,0,0.490532,0.485704
0.495126,0.521154,0.493616,0.453005,0.481376,0.458482,0.464521,0.472082,0.447725,0.49391,0.504324,0.442127,0.542653,0.491129,0.528838,0.548378,0.544178,0.417565,0.539573,0.431212,0.554871,0.493901,0.58094,0.477562,0.553353,0.395746,0.570232,0.461236,0.6054,0.507477,0.487478,0.529276,0.490555,0.515709,0,0,0.490534,0.485678
0.495151,0.518437,0.493635,0.453025,0.482879,0.461183,0.467586,0.472077,0.44921,0.493891,0.504335,0.442105,0.544129,0.491141,0.528842,0.548393,0.544193,0.417573,0.539579,0.431209,0.554866,0.493944,0.580932,0.480262,0.553363,0.395761,0.57023,0.461227,0.60541,0.507456,0.487497,0.52661,0.492052,0.515673,0,0,0.490546,0.485675
0.495135,0.518431,0.493636,0.453031,0.482876,0.461178,0.466061,0.472118,0.449213,0.493884,0.50435,0.442091,0.544141,0.491135,0.528842,0.548387,0.54568,0.414875,0.541082,0.431189,0.554868,0.49391,0.580947,0.477584,0.554858,0.395749,0.570239,0.461213,0.605418,0.507455,0.487481,0.526551,0.492072,0.513005,0,0,0.490567,0.485653
0.49517,0.515717,0.493646,0.453053,0.48136,0.461196,0.464518,0.472151,0.449186,0.49391,0.505847,0.442087,0.544154,0.491137,0.528854,0.548369,0.545717,0.414871,0.541108,0.431195,0.551808,0.493934,0.57941,0.480252,0.554898,0.395757,0.570231,0.463899,0.605428,0.504794,0.487495,0.52656,0.492093,0.512952,0,0,0.492067,0.482968
0.495126,0.521102,0.495135,0.453021,0.48138,0.458486,0.466035,0.472134,0.449222,0.493907,0.505882,0.442094,0.544155,0.491157,0.528852,0.548373,0.545702,0.414889,0.541086,0.431207,0.544164,0.496607,0,0,0.554885,0.395766,0.570198,0.466575,0.60542,0.504757,0.485964,0.523883,0.492084,0.51565,0,0,0.492091,0.482969
0.495144,0.518423,0.495132,0.45034,0.482892,0.458481,0,0,0,0,0.505862,0.442074,0.54414,0.491157,0.528851,0.548361,0.545715,0.417585,0.541092,0.431219,0.542643,0.499358,0,0,0.554905,0.395821,0.568668,0.466646,0.605405,0.502038,0.487476,0.523852,0.492092,0.512972,0,0,0.492081,0.482954
0.495118,0.518376,0.493642,0.452985,0.481374,0.458489,0.490555,0.515678,0,0,0.505855,0.442082,0.544124,0.491141,0.528861,0.54833,0.547222,0.420295,0.541118,0.431259,0.542646,0.502078,0,0,0.556392,0.398522,0.56716,0.466701,0.605401,0.49934,0.485954,0.521154,0.492063,0.51294,0,0,0.492065,0.482946
0.495113,0.518373,0.493621,0.450323,0.481356,0.45844,0,0,0,0,0.504331,0.439419,0.542638,0.488496,0.528872,0.545674,0.547225,0.423019,0.541103,0.433945,0.539575,0.50478,0,0,0.556404,0.401221,0.56561,0.472055,0.605411,0.499306,0.485966,0.521164,0.490555,0.512913,0,0,0.490544,0.482945
0.493644,0.521115,0.493625,0.447618,0.482883,0.453003,0.467588,0.469305,0.449218,0.493838,0.504331,0.439403,0.542627,0.48848,0.52887,0.545633,0.547249,0.42033,0.542608,0.431233,0.542622,0.496647,0,0,0.556421,0.401221,0.564067,0.474808,0.605407,0.493856,0.484423,0.529291,0.492052,0.512995,0,0,0.490555,0.480285
0.495135,0.515688,0.493628,0.450254,0.482911,0.453032,0.516595,0.512946,0,0,0.502813,0.43668,0.542604,0.488433,0.528876,0.542924,0.550285,0.422996,0.542641,0.431214,0.541119,0.504795,0.593195,0.488414,0.557932,0.4013,0.561007,0.482968,0.603916,0.491139,0.487488,0.523867,0.492069,0.510219,0,0,0.489033,0.477521
0.495149,0.510228,0.493636,0.447615,0.482907,0.453,0.515065,0.518399,0,0,0.502803,0.436651,0.541123,0.488421,0.530348,0.542897,0.550286,0.422989,0.542648,0.43119,0.542625,0.502052,0.593189,0.485672,0.557923,0.403924,0.559479,0.485687,0.603881,0.488513,0.489016,0.521129,0.492065,0.507475,0,0,0.489014,0.474858
0.495157,0.507478,0.493635,0.447567,0.484431,0.450344,0.502809,0.518395,0,0,0.49976,0.433957,0.541108,0.488366,0.530362,0.540234,0.551824,0.423023,0.54418,0.428553,0.547224,0.499345,0.594721,0.485714,0.557923,0.404016,0.559473,0.485735,0.602372,0.491098,0.489026,0.521103,0.492069,0.504783,0,0,0.489016,0.4748
0.49514,0.510253,0.493622,0.447571,0.482911,0.453009,0.501278,0.518398,0,0,0.499764,0.433964,0.54111,0.488363,0.530377,0.54021,0.551827,0.425705,0.544173,0.431238,0.54264,0.507476,0.593202,0.483002,0.55794,0.406705,0.557981,0.488421,0.600863,0.488471,0.489009,0.521127,0.492074,0.507528,0,0,0.489028,0.474846
0.495115,0.512936,0.493613,0.447612,0.482894,0.455731,0,0,0,0,0.498244,0.433963,0.541085,0.488366,0.53039,0.537534,0.554904,0.4257,0.547222,0.431193,0.544147,0.507506,0.593198,0.477557,0.559498,0.409431,0.55796,0.491225,0.600855,0.4884,0.489021,0.521101,0.490558,0.510179,0,0,0.489019,0.477504
0.493633,0.512967,0.493634,0.447615,0.484432,0.455729,0.536509,0.518385,0,0,0.498242,0.433983,0.541074,0.488347,0.530393,0.53752,0.556408,0.42571,0.548768,0.431187,0.542646,0.504796,0.594687,0.477569,0.561002,0.412126,0.557923,0.49389,0.600841,0.488351,0.489018,0.518408,0.489021,0.510212,0,0,0.487498,0.477569
0.493605,0.518418,0.49363,0.450252,0.485947,0.453061,0,0,0,0,0.49973,0.433981,0.541076,0.48572,0.530382,0.537484,0.556442,0.425766,0.551815,0.431198,0.544169,0.510248,0.594682,0.477556,0.561025,0.417586,0.557938,0.502078,0.599296,0.485739,0.487494,0.52383,0.487508,0.512953,0,0,0.485984,0.477562
0.49362,0.518432,0.493636,0.45025,0.485967,0.455726,0.490559,0.526563,0,0,0.499735,0.43396,0.541072,0.485713,0.530375,0.537478,0.557935,0.428444,0.553356,0.43127,0.545678,0.512959,0.594705,0.480243,0.56255,0.420313,0.55793,0.50478,0.599303,0.488353,0.487482,0.526539,0.489031,0.512932,0,0,0.487495,0.477554
0.495115,0.512993,0.495151,0.44759,0.489012,0.455726,0.492045,0.529329,0,0,0.501268,0.433937,0.541087,0.485706,0.53038,0.537477,0.557966,0.428457,0.554889,0.431222,0.54722,0.51294,0.594723,0.477568,0.56409,0.423034,0.557911,0.510165,0.597799,0.485743,0.489016,0.521127,0.492061,0.507526,0,0,0.489015,0.474785
0.495114,0.515654,0.495175,0.447576,0.490549,0.452994,0.492054,0.529312,0,0,0.501282,0.433907,0.541088,0.485713,0.530385,0.537473,0.557981,0.428455,0.556391,0.431224,0.545726,0.512974,0.594735,0.480236,0.565597,0.423023,0.557929,0.507533,0.597811,0.485737,0.489029,0.521151,0.492066,0.510187,0,0,0.489026,0.474778
0.495142,0.512993,0.495183,0.447545,0.490566,0.450326,0,0,0,0,0.502794,0.431238,0.541095,0.485708,0.530387,0.537476,0.557979,0.425795,0.554894,0.43121,0.547232,0.510241,0.59475,0.477519,0.5656,0.420305,0.557948,0.504749,0.599333,0.485708,0.490556,0.523861,0.492086,0.510202,0,0,0.490534,0.472149
0.495153,0.512965,0.49518,0.447522,0.490566,0.450316,0,0,0,0,0.501284,0.431222,0.541096,0.485681,0.530391,0.537463,0.557966,0.425777,0.554887,0.428546,0.545725,0.510217,0.594739,0.477534,0.564092,0.420293,0.557948,0.502067,0.600838,0.485693,0.490546,0.523877,0.492093,0.510198,0,0,0.490546,0.474776
0.495159,0.51297,0.495155,0.447523,0.489036,0.453035,0.495144,0.529312,0,0,0.502792,0.431189,0.541096,0.485678,0.530387,0.534809,0.557927,0.425734,0.55334,0.42852,0.545719,0.507503,0.596252,0.480243,0.562552,0.417568,0.557947,0.499351,0.602355,0.485696,0.48903,0.526543,0.49208,0.510221,0,0,0.48904,0.474801
0.49516,0.515666,0.495156,0.447511,0.489006,0.452995,0,0,0,0,0.502809,0.431189,0.541107,0.485692,0.530385,0.534803,0.557917,0.423057,0.551814,0.428467,0.545712,0.507479,0.596274,0.48295,0.56255,0.414851,0.557941,0.496629,0.602371,0.485713,0.489022,0.526547,0.49209,0.510247,0,0,0.490541,0.474796
0.495156,0.515694,0.495176,0.44485,0.489012,0.453007,0.492101,0.532022,0,0,0.504359,0.431192,0.541123,0.485713,0.530383,0.534816,0.556437,0.423001,0.550289,0.425793,0.54722,0.502057,0.597763,0.480248,0.561036,0.409445,0.557955,0.491203,0.603892,0.485664,0.489012,0.526569,0.492088,0.510221,0,0,0.490543,0.47214
0.49515,0.515671,0.495171,0.444845,0.489004,0.450314,0.492094,0.532026,0,0,0.504355,0.431201,0.541124,0.485715,0.530371,0.534805,0.556408,0.422989,0.547246,0.425812,0.54722,0.502045,0.597792,0.480265,0.561005,0.409399,0.557968,0.491166,0.603911,0.485649,0.489022,0.526546,0.492084,0.510204,0,0,0.49054,0.472128
0.495139,0.515643,0.495165,0.444861,0.485974,0.450306,0.466045,0.463931,0.447704,0.488505,0.505877,0.431232,0.542599,0.485752,0.53036,0.537451,0.55639,0.420327,0.547226,0.425774,0.551837,0.50207,0.599319,0.480293,0.559509,0.409394,0.557955,0.491193,0.605399,0.483016,0.490534,0.521157,0.492091,0.507521,0,0,0.49206,0.472127
0.495136,0.515643,0.496666,0.444867,0.485972,0.45027,0.467594,0.463897,0.44772,0.488539,0.507399,0.433903,0.542629,0.488366,0.530368,0.537476,0.556406,0.42031,0.547244,0.425734,0.554883,0.502044,0.60236,0.485673,0.561013,0.409423,0.557966,0.491183,0.605424,0.483021,0.490531,0.521119,0.492095,0.507537,0,0,0.492088,0.47479
0.49515,0.515724,0.496674,0.447529,0.485969,0.450321,0.469094,0.461215,0.447725,0.488528,0.507414,0.433954,0.542651,0.488375,0.530375,0.537476,0.556413,0.423029,0.547251,0.42581,0.554885,0.504794,0.599302,0.482963,0.562533,0.412161,0.557975,0.499312,0.603895,0.48569,0.489032,0.523845,0.492104,0.510269,0,0,0.492077,0.474856
0.495137,0.515683,0.496687,0.447524,0.487476,0.450321,0.469104,0.461162,0.447718,0.488522,0.507416,0.433947,0.542652,0.488398,0.53037,0.53749,0.556418,0.425698,0.548757,0.428485,0.553369,0.507503,0.59779,0.480274,0.562533,0.414887,0.557975,0.502047,0.602388,0.485676,0.489008,0.523833,0.492085,0.510214,0,0,0.492082,0.474833
0.495132,0.515642,0.49668,0.447577,0.485957,0.453048,0.469086,0.463882,0.449176,0.488504,0.507404,0.433972,0.544122,0.488416,0.530367,0.537499,0.556435,0.425733,0.550296,0.428504,0.554889,0.507513,0.596278,0.474849,0.562553,0.417607,0.557992,0.504794,0.603892,0.482978,0.489011,0.523819,0.492072,0.507505,0,0,0.492067,0.474792
0.495147,0.512979,0.496685,0.447609,0.484452,0.455735,0.469087,0.463889,0.449194,0.491078,0.507428,0.436639,0.544135,0.488456,0.530363,0.537524,0.556448,0.425735,0.551813,0.428482,0.548774,0.510217,0.596256,0.474814,0.564078,0.420278,0.557987,0.507458,0.603893,0.482935,0.489022,0.521101,0.492092,0.507483,0,0,0.492088,0.474811
0.495146,0.515695,0.496674,0.450257,0.484421,0.45573,0.469079,0.463937,0.447718,0.488531,0.507438,0.436672,0.544156,0.488476,0.530375,0.540175,0.557923,0.42575,0.551829,0.428474,0.547243,0.510225,0.59623,0.474843,0.564084,0.420313,0.557999,0.507466,0.603883,0.482961,0.489006,0.521116,0.492096,0.51022,0,0,0.492094,0.477499
0.495143,0.515642,0.496666,0.450252,0.482915,0.455735,0.469082,0.46393,0.447723,0.491108,0.507433,0.436667,0.544147,0.488493,0.53038,0.540182,0.556436,0.425765,0.5503,0.428503,0.547221,0.510225,0.594748,0.472156,0.562556,0.420323,0.558002,0.507488,0.603888,0.482982,0.489017,0.521106,0.492091,0.507525,0,0,0.492089,0.474845
0.495143,0.512976,0.496706,0.447606,0.490553,0.458444,0.493592,0.529331,0.456856,0.504782,0.507384,0.436673,0.544131,0.488476,0.530369,0.540176,0.556418,0.425772,0.55029,0.428511,0.548767,0.510199,0.596247,0.474863,0.561022,0.420339,0.559465,0.507475,0.603891,0.48565,0.490527,0.51839,0.4921,0.507517,0,0,0.492064,0.477519
0.495135,0.515638,0.498216,0.450264,0.492103,0.458448,0.492084,0.531964,0,0,0.50737,0.43668,0.54412,0.488476,0.53037,0.540197,0.556416,0.42578,0.550295,0.428526,0.548777,0.510218,0.59627,0.477543,0.561015,0.420335,0.559462,0.507479,0.603904,0.485665,0.489031,0.521164,0.492088,0.507506,0,0,0.492055,0.477502
0.495142,0.515668,0.496706,0.447597,0.493616,0.453013,0,0,0,0,0.50281,0.433958,0.542629,0.48848,0.528865,0.540227,0.556428,0.425788,0.551824,0.428476,0.550307,0.510199,0.597796,0.480259,0.561013,0.423034,0.557965,0.507508,0.603891,0.485738,0.489004,0.52934,0.490529,0.507513,0,0,0.485965,0.477514
0.495134,0.512905,0.496671,0.447605,0.493601,0.453,0,0,0,0,0.499757,0.433925,0.542617,0.488467,0.52885,0.540241,0.556416,0.42581,0.551818,0.428494,0.553364,0.507495,0.597802,0.480287,0.559511,0.42307,0.55796,0.507523,0.603896,0.485748,0.485959,0.529309,0.490532,0.496656,0,0,0.484434,0.472133
0.495125,0.510224,0.495185,0.447565,0.493639,0.453045,0,0,0,0,0.49821,0.43122,0.541097,0.488352,0.528853,0.537511,0.556446,0.425817,0.553345,0.428494,0.548783,0.510201,0.597787,0.480262,0.561017,0.423085,0.557911,0.51018,0.602378,0.488377,0.485971,0.529292,0.489009,0.496613,0,0,0.482922,0.472117
0.495126,0.510263,0.495178,0.4476,0.493618,0.455776,0,0,0,0,0.498205,0.431208,0.541085,0.488368,0.528836,0.540185,0.55645,0.428448,0.553342,0.428536,0.547231,0.512925,0.59777,0.480268,0.56253,0.423072,0.556453,0.510203,0.602376,0.488382,0.485979,0.529284,0.489018,0.499332,0,0,0.484427,0.472149
0.495109,0.510235,0.495171,0.450277,0.493623,0.458499,0,0,0,0,0.496702,0.431198,0.539563,0.488353,0.527348,0.540196,0.557924,0.428476,0.553346,0.431205,0.545701,0.512936,0.596263,0.480257,0.562551,0.425705,0.556448,0.510183,0.602364,0.488395,0.485955,0.5293,0.487503,0.499327,0,0,0.482923,0.472138
0.495117,0.512923,0.495163,0.450271,0.49361,0.458501,0.496669,0.532032,0,0,0.496698,0.431211,0.539552,0.488342,0.527346,0.540211,0.557925,0.428512,0.553348,0.43122,0.545699,0.512911,0.596266,0.48025,0.562548,0.425762,0.556435,0.510216,0.602358,0.488393,0.48748,0.529284,0.487504,0.502061,0,0,0.482922,0.474808
0.495148,0.512947,0.495177,0.447603,0.4936,0.458462,0.493634,0.534724,0,0,0.498202,0.431216,0.539568,0.488362,0.528821,0.540234,0.557931,0.428541,0.553359,0.431242,0.54569,0.512923,0.596236,0.480279,0.562562,0.425792,0.556433,0.510193,0.600825,0.488401,0.489031,0.526623,0.489023,0.504798,0,0,0.485947,0.477521
0.495161,0.512954,0.496668,0.447558,0.493611,0.455724,0.493619,0.53203,0,0,0.49823,0.43121,0.539587,0.488355,0.528823,0.542899,0.557931,0.428544,0.553361,0.43124,0.547238,0.510237,0.596247,0.480293,0.562553,0.425811,0.556437,0.510207,0.600839,0.488424,0.490562,0.523899,0.490553,0.504792,0,0,0.48748,0.477539
0.495161,0.512957,0.496657,0.447538,0.493596,0.455727,0.493601,0.526587,0,0,0.498215,0.431176,0.539574,0.488348,0.528842,0.540215,0.557939,0.428544,0.553369,0.431228,0.54724,0.512918,0.596243,0.480295,0.564063,0.425823,0.556428,0.510246,0.599311,0.488463,0.493579,0.526558,0.492055,0.504802,0,0,0.485962,0.477514
0.493628,0.521137,0.495186,0.447616,0.492087,0.461203,0.49212,0.526587,0,0,0.499731,0.431205,0.539584,0.488356,0.528838,0.540202,0.557923,0.431165,0.553342,0.431247,0.545712,0.512927,0.596237,0.482954,0.564061,0.425803,0.556431,0.510265,0.599309,0.488451,0.489023,0.523904,0.487489,0.515702,0,0,0.487487,0.482971
0.492067,0.518383,0.496666,0.444857,0.493592,0.458443,0,0,0,0,0.499766,0.428513,0.541078,0.488346,0.528855,0.540171,0.559475,0.428537,0.556413,0.431203,0.547242,0.512929,0.596233,0.480253,0.567124,0.428444,0.556402,0.510267,0.597805,0.488469,0.482895,0.523835,0.484423,0.512936,0,0,0.489023,0.474816
0.49056,0.515664,0.496691,0.44214,0.489024,0.450321,0,0,0,0,0.505849,0.428512,0.54107,0.48572,0.52885,0.53751,0.559487,0.431185,0.556411,0.431253,0.547226,0.512966,0.594741,0.477582,0.56864,0.42846,0.556383,0.51292,0.597791,0.48845,0.482891,0.521114,0.484457,0.510196,0,0,0.492064,0.472061
0.484451,0.507528,0.496715,0.428523,0.489042,0.431254,0,0,0,0,0.507378,0.425712,0.538058,0.485732,0.528821,0.5375,0.561031,0.431173,0.557944,0.431232,0.545693,0.512937,0.594732,0.47756,0.56868,0.428482,0.554899,0.510239,0.597771,0.488416,0.478299,0.507528,0.482889,0.496604,0,0,0.487487,0.466562
0.489019,0.49113,0.498224,0.428451,0.492102,0.428512,0,0,0,0,0.507384,0.423056,0.538026,0.485738,0.527347,0.537506,0.561024,0.431198,0.556439,0.43392,0.545687,0.512911,0.594722,0.477519,0.568676,0.428495,0.554901,0.510241,0.596284,0.488406,0.481354,0.493926,0.481384,0.488451,0,0,0.485957,0.46118
0.47676,0.485692,0.498217,0.423074,0.49205,0.423036,0.487514,0.46665,0.472142,0.502055,0.508901,0.423001,0.535004,0.485668,0.528822,0.537454,0.562532,0.431192,0.557934,0.431237,0.538055,0.504773,0.593201,0.474786,0.568695,0.428542,0.553373,0.510259,0.596273,0.48841,0,0,0.476756,0.477508,0,0,0.48441,0.455704
0.476754,0.480277,0.496721,0.420308,0.490556,0.414883,0.48447,0.46388,0.470671,0.49392,0.50742,0.420289,0.533458,0.483022,0.527318,0.537475,0.564066,0.43122,0.557966,0.43126,0.541105,0.507491,0.593215,0.474803,0.570188,0.431194,0.551825,0.51025,0.596261,0.488427,0,0,0.475254,0.472071,0,0,0.482879,0.447602
0.470636,0.458439,0.495177,0.409427,0.485987,0.406668,0.47985,0.458501,0.47062,0.502031,0.505868,0.412156,0.531918,0.480286,0.527315,0.537446,0.564079,0.431213,0.559483,0.431196,0.544163,0.502041,0.593201,0.474787,0.568689,0.433891,0.547266,0.512956,0.596236,0.488411,0.467572,0.452986,0.470618,0.45027,0,0,0.476772,0.433966
