0.544194,0.382187,0.519648,0.442119,0.539584,0.428474,0.584017,0.463924,0.605451,0.472122,0.496686,0.455737,0.482895,0.521103,0.466059,0.553817,0.557955,0.57289,0.568687,0.55657,0.603907,0.477529,0.642169,0.559275,0.548762,0.583779,0.58706,0.521135,0.62689,0.567465,0.542651,0.374027,0.536516,0.365804,0.528862,0.382199,0.501281,0.393051
0.54415,0.379478,0.518131,0.439395,0.538059,0.425803,0.584001,0.46388,0.605437,0.477541,0.496665,0.452991,0.481384,0.518378,0.46452,0.553778,0.556444,0.570182,0.567126,0.556527,0.602374,0.474827,0.640665,0.556526,0.547237,0.578395,0.58552,0.523837,0.623801,0.562022,0.541123,0.37397,0.534981,0.360374,0.528827,0.382159,0.499749,0.387633
0.542627,0.376708,0.51812,0.439366,0.53804,0.425772,0.583982,0.463868,0.602376,0.474826,0.496659,0.45031,0.481374,0.51569,0.462996,0.551137,0.556441,0.570168,0.565622,0.553856,0.602359,0.474804,0.640644,0.553874,0.54724,0.57839,0.59165,0.534774,0.626873,0.562042,0.541082,0.371236,0.533447,0.354907,0.527321,0.379468,0.498229,0.387601
0.541108,0.373982,0.515059,0.436653,0.536511,0.425734,0.584,0.463865,0.606953,0.485692,0.493643,0.450274,0.479838,0.51565,0.459961,0.551086,0.554878,0.567432,0.562544,0.553788,0.600828,0.472089,0.639137,0.553863,0.544168,0.578345,0.587061,0.532047,0.622297,0.559317,0.536524,0.363127,0,0,0.525774,0.376741,0.495169,0.387597
0.538041,0.371271,0.51352,0.433952,0.53498,0.423077,0.582471,0.461205,0.60544,0.480279,0.493613,0.447575,0.479804,0.512995,0.459917,0.5484,0.553342,0.56743,0.559509,0.553798,0.599311,0.469422,0.637606,0.553848,0.542654,0.578329,0.584006,0.529289,0.619212,0.559274,0.534968,0.363087,0.533444,0.354917,0.524258,0.376686,0.49514,0.384917
0.531925,0.368562,0.508952,0.428521,0.531914,0.417568,0.580926,0.455721,0.605435,0.491174,0.489024,0.444796,0.475236,0.512958,0.458363,0.54563,0.547235,0.559312,0.557958,0.548391,0.594746,0.466656,0.633003,0.551108,0.539558,0.575621,0.580918,0.52653,0.617682,0.556551,0.530398,0.360383,0,0,0.521214,0.37128,0.492078,0.382169
0.530372,0.368535,0.507427,0.428503,0.530365,0.412169,0.577852,0.450333,0.597783,0.491165,0.485976,0.44214,0.473688,0.512923,0.456857,0.542911,0.547233,0.559258,0.557961,0.54566,0.594691,0.466643,0.631468,0.551067,0.53805,0.575595,0.580924,0.52659,0.610043,0.553783,0.528856,0.360345,0,0,0.521164,0.368542,0.489019,0.37947
0.524263,0.360379,0.50434,0.425766,0.525786,0.406675,0.571752,0.444854,0.584005,0.458477,0.481366,0.439401,0.470642,0.512947,0.453781,0.537501,0.544178,0.553862,0.556396,0.540205,0.59165,0.463859,0.628405,0.548376,0.533457,0.572878,0.580914,0.521126,0.608488,0.551061,0.524242,0.354912,0.519654,0.346745,0.513544,0.360395,0.48288,0.376686
0.52273,0.357656,0.502801,0.42574,0.524275,0.404016,0.570237,0.444816,0.593174,0.472093,0.479834,0.436696,0.470617,0.510266,0.450735,0.537452,0.544146,0.553855,0.554874,0.540199,0.590132,0.461177,0.626889,0.548343,0.531933,0.572858,0.571743,0.499329,0.602378,0.548327,0.522705,0.349459,0,0,0.511992,0.360339,0.48288,0.376664
0.522718,0.363086,0.498216,0.42307,0.52272,0.40393,0.570206,0.433972,0.587059,0.45303,0.47525,0.43669,0.461467,0.512961,0.44766,0.534803,0.54111,0.553814,0.550302,0.537497,0.588573,0.461155,0.625352,0.545622,0.530374,0.570187,0.57175,0.507493,0.606959,0.54838,0.521186,0.357652,0,0,0.512013,0.363093,0.478309,0.382133
0.515067,0.368551,0.496703,0.423081,0.52121,0.401254,0.567137,0.42847,0.5825,0.431283,0.47371,0.439363,0.459938,0.515643,0.446154,0.534795,0.542607,0.551139,0.551812,0.534768,0.585519,0.455738,0.625343,0.54564,0.530386,0.570153,0.573264,0.515675,0.606972,0.548376,0.518126,0.36036,0,0,0.510471,0.365798,0.476799,0.390353
0.515074,0.376729,0.495162,0.42573,0.519669,0.40123,0.559483,0.414892,0.580922,0.403948,0.472207,0.442136,0.45991,0.515718,0.446117,0.534756,0.542614,0.551099,0.550308,0.534726,0.584004,0.455743,0.62231,0.540217,0.530389,0.56746,0.570205,0.510231,0.605414,0.548322,0.510473,0.371283,0,0,0.507435,0.376738,0.473736,0.401191
0.510459,0.382142,0.49513,0.425757,0.518142,0.401233,0.561038,0.406677,0.580913,0.390329,0.472176,0.444846,0.459928,0.515701,0.44611,0.534741,0.541117,0.551089,0.5503,0.532055,0.58402,0.455761,0.623803,0.540204,0.530372,0.567474,0.571745,0.518402,0.605431,0.545664,0.507431,0.373978,0,0,0.505864,0.382122,0.47219,0.401298
0.501277,0.387641,0.495177,0.425803,0.51964,0.401295,0.561002,0.401295,0.57327,0.373957,0.472209,0.447547,0.45996,0.518361,0.444604,0.534702,0.542616,0.548411,0.551839,0.529343,0.587038,0.455712,0.623833,0.540205,0.53038,0.567438,0.573264,0.523846,0.600842,0.542912,0.496687,0.384862,0,0,0.495171,0.390353,0.473713,0.409414
0.505867,0.390359,0.496659,0.428474,0.519629,0.403988,0.55949,0.401286,0.564071,0.373985,0.473716,0.447624,0.461473,0.51573,0.444616,0.532055,0.544172,0.545672,0.554903,0.526602,0.587047,0.452993,0.625327,0.537508,0.531936,0.562033,0.56869,0.512953,0.597791,0.540205,0.49822,0.387628,0,0,0.495162,0.395824,0.475247,0.420271
0,0,0.498247,0.42856,0.522714,0.409434,0.557972,0.420266,0.54723,0.406714,0.476798,0.45031,0.463007,0.518376,0.444592,0.532012,0.545673,0.542917,0.557959,0.52383,0.588576,0.450316,0.625326,0.534806,0.530403,0.559312,0.580974,0.529311,0.596256,0.53472,0,0,0,0,0.498207,0.398508,0.476777,0.423058
0,0,0.502797,0.431228,0.524247,0.414863,0.557959,0.433981,0.55488,0.458466,0.479835,0.450312,0.469105,0.518362,0.444608,0.531972,0.547225,0.537502,0.559497,0.521118,0.587063,0.452992,0.623835,0.53476,0.533466,0.556543,0.582453,0.531916,0.596268,0.534761,0,0,0,0,0.501288,0.398551,0.481367,0.42301
0,0,0.50587,0.444823,0.525802,0.428471,0.548751,0.453002,0,0,0.485942,0.458484,0.472219,0.515692,0.446111,0.529339,0.556386,0.529263,0.565619,0.512907,0.590134,0.455701,0.623818,0.532031,0.544164,0.548381,0.58093,0.529219,0.593191,0.52935,0,0,0,0,0.507387,0.417605,0.48597,0.431183
0,0,0.507364,0.442139,0.527305,0.425808,0.551837,0.447569,0,0,0.487492,0.458428,0.473718,0.515625,0.44613,0.529316,0.556426,0.52386,0.56866,0.507505,0.591621,0.455713,0.623797,0.529301,0.545673,0.545618,0.574786,0.523862,0.59167,0.529306,0,0,0,0,0.507407,0.417566,0.487495,0.431208
0,0,0.507433,0.43667,0.528843,0.420333,0.554888,0.439411,0,0,0.490563,0.455725,0.475224,0.51299,0.446133,0.529314,0.557938,0.518423,0.5702,0.499321,0.591666,0.45299,0.622286,0.5266,0.545712,0.537481,0.58857,0.526518,0.593178,0.529308,0,0,0,0,0.50896,0.40943,0.493622,0.428522
0,0,0.508904,0.436668,0.528854,0.420324,0.554892,0.439371,0,0,0.492057,0.455726,0.475229,0.51296,0.446146,0.529306,0.557926,0.518371,0.570191,0.496606,0.591669,0.452999,0.622295,0.526609,0.545683,0.534799,0.577873,0.523822,0.593179,0.529296,0,0,0,0,0.50897,0.409421,0.493635,0.428512
0,0,0.508904,0.439361,0.528847,0.423004,0.554897,0.439405,0,0,0.490575,0.455776,0.475249,0.512963,0.446142,0.52929,0.556437,0.515707,0.57019,0.49391,0.593144,0.458411,0.622301,0.529284,0.544191,0.534781,0.557965,0.52381,0.591661,0.529291,0,0,0,0,0.508972,0.412158,0.495131,0.42853
0,0,0.50892,0.436696,0.530361,0.423019,0.554871,0.444797,0,0,0.490576,0.455743,0.475238,0.512935,0.446147,0.529294,0.5564,0.521173,0.568677,0.507465,0.591649,0.458435,0.623804,0.529335,0.54415,0.542909,0.561026,0.52109,0.593179,0.529292,0,0,0,0,0.510465,0.406726,0.495138,0.428444
0,0,0.508904,0.442086,0.530356,0.423085,0.556413,0.447557,0,0,0.490548,0.458494,0.47373,0.512991,0.446133,0.529296,0.554878,0.52661,0.567138,0.512908,0.590113,0.458476,0.625323,0.532018,0.54261,0.548389,0.557961,0.52114,0.59318,0.532017,0,0,0,0,0.510453,0.41216,0.49362,0.428544
0,0,0.507435,0.44207,0.53035,0.423062,0.554887,0.444876,0,0,0.489034,0.46115,0.473701,0.51565,0.446127,0.52928,0.554864,0.529274,0.565625,0.512942,0.590103,0.45846,0.625336,0.532009,0.541118,0.551051,0.561028,0.521101,0.594705,0.532019,0,0,0,0,0.508953,0.412131,0.493606,0.428509
0,0,0.507385,0.439411,0.527331,0.423044,0.55641,0.447594,0,0,0.487494,0.461153,0.473684,0.515707,0.446103,0.529257,0.554866,0.529338,0.567135,0.515645,0.588595,0.455743,0.625331,0.531983,0.541116,0.551114,0.577839,0.521122,0.596233,0.531986,0,0,0,0,0.505888,0.403999,0.490546,0.428454
0,0,0.507372,0.439388,0.527318,0.423003,0.556406,0.447584,0,0,0.487475,0.461165,0.472218,0.515724,0.446099,0.526603,0.554869,0.529309,0.56714,0.512986,0.587074,0.455723,0.625324,0.531966,0.54112,0.551078,0.577859,0.521141,0.594745,0.531972,0,0,0,0,0.505864,0.403995,0.489012,0.428487
0,0,0.505876,0.439386,0.525794,0.423007,0.554877,0.450267,0,0,0.485972,0.461164,0.473687,0.51571,0.446097,0.52656,0.554872,0.526598,0.565619,0.510224,0.588599,0.455724,0.623837,0.529312,0.542632,0.548369,0.562555,0.52108,0,0,0,0,0,0,0.505847,0.40943,0.487487,0.431224
0,0,0.50587,0.439372,0.525783,0.423002,0.55337,0.44756,0,0,0.485966,0.461149,0.473697,0.515685,0.446103,0.526541,0.554878,0.526537,0.565619,0.507509,0.5886,0.455707,0.623832,0.529297,0.54264,0.548322,0.562553,0.521095,0,0,0,0,0,0,0.505859,0.409442,0.487496,0.431221
0,0,0.505851,0.436684,0.525761,0.42034,0.554876,0.447517,0,0,0.485944,0.458459,0.473706,0.515671,0.446101,0.523903,0.554903,0.523834,0.567146,0.504803,0.588604,0.4557,0.623839,0.529294,0.542654,0.545627,0.564079,0.51843,0,0,0,0,0,0,0.504349,0.406712,0.485975,0.431159
0,0,0.505857,0.436667,0.52577,0.420315,0.554898,0.444835,0,0,0.48595,0.458448,0.473703,0.515666,0.446101,0.523903,0.554895,0.523834,0.567137,0.504794,0.590094,0.455703,0.625322,0.529299,0.54265,0.54563,0.576311,0.521089,0.596236,0.529348,0,0,0,0,0.504353,0.406675,0.487491,0.428502
0,0,0.505867,0.436706,0.525786,0.420344,0.556402,0.444838,0,0,0.485957,0.458479,0.473692,0.515678,0.446111,0.526535,0.554885,0.523865,0.567133,0.504802,0.588592,0.455728,0.625329,0.529296,0.542635,0.545685,0.576311,0.523808,0.596257,0.532014,0,0,0,0,0.504356,0.406683,0.48901,0.428514
0,0,0.505873,0.439352,0.525793,0.42297,0.55337,0.444818,0,0,0.48596,0.461137,0.47369,0.515673,0.446105,0.526545,0.554881,0.523891,0.567138,0.507489,0.588588,0.45575,0.625339,0.529308,0.542633,0.548356,0.576318,0.523863,0.597778,0.532052,0,0,0,0,0.504355,0.406707,0.487499,0.431171
0,0,0.50588,0.439379,0.525807,0.422989,0.554871,0.444795,0,0,0.485966,0.461161,0.473698,0.515704,0.446104,0.526563,0.554864,0.526557,0.56562,0.507526,0.588595,0.458463,0.625337,0.529324,0.542606,0.548362,0.577857,0.523864,0.596259,0.532051,0,0,0,0,0.504358,0.406701,0.487503,0.428528
0,0,0.505882,0.439377,0.525813,0.422996,0.554883,0.444811,0,0,0.485965,0.461148,0.473694,0.515716,0.446103,0.52657,0.553378,0.526572,0.565615,0.510189,0.588585,0.458482,0.625336,0.529332,0.542605,0.548376,0.579366,0.523887,0.59624,0.532049,0,0,0,0,0.505859,0.406678,0.489007,0.428487
0,0,0.505874,0.439407,0.525801,0.423019,0.55488,0.444851,0,0,0.485953,0.461179,0.47369,0.515721,0.446097,0.526563,0.554866,0.526539,0.565619,0.507497,0.588602,0.461151,0.625329,0.529328,0.542608,0.548349,0.562562,0.523842,0,0,0,0,0,0,0.504354,0.406695,0.487498,0.428528
0,0,0.505873,0.439425,0.525794,0.423036,0.554884,0.44754,0,0,0.485961,0.461191,0.473692,0.515718,0.446099,0.526542,0.554864,0.52653,0.565615,0.507485,0.588598,0.461158,0.625341,0.529316,0.542604,0.54835,0.562562,0.523856,0,0,0,0,0,0,0.504348,0.409421,0.487499,0.431214
0,0,0.505862,0.439416,0.525783,0.423044,0.556414,0.447569,0,0,0.485945,0.461167,0.473699,0.515719,0.446104,0.526537,0.554866,0.523841,0.565612,0.504755,0.588567,0.461176,0.625333,0.529295,0.542608,0.54568,0.57783,0.52655,0.597767,0.53208,0,0,0,0,0.504333,0.409424,0.487486,0.43119
0,0,0.505851,0.442059,0.525764,0.423048,0.556405,0.447536,0,0,0.484463,0.461188,0.473702,0.515726,0.446106,0.523898,0.554873,0.523816,0.565614,0.502044,0.58707,0.461196,0.625342,0.529288,0.542617,0.545669,0.576332,0.526559,0.597769,0.532083,0,0,0,0,0.502818,0.41213,0.487489,0.43121
0,0,0.505858,0.442065,0.525772,0.423053,0.55641,0.447566,0,0,0.485946,0.46119,0.473696,0.515712,0.446108,0.52389,0.554866,0.523823,0.565602,0.502052,0.587052,0.461213,0.625353,0.529285,0.542616,0.545669,0.576321,0.526582,0.594739,0.532059,0,0,0,0,0.502814,0.412147,0.487493,0.431233
0,0,0.505855,0.442084,0.525767,0.423058,0.556405,0.447576,0,0,0.485948,0.46122,0.473691,0.515718,0.446099,0.523896,0.553378,0.523822,0.564091,0.50204,0.587053,0.461225,0.625362,0.529268,0.542615,0.545675,0.576333,0.526551,0.59626,0.532071,0,0,0,0,0.502826,0.414834,0.487492,0.431247
0,0,0.505857,0.442082,0.525769,0.423047,0.556403,0.447536,0,0,0.485948,0.461232,0.473698,0.515718,0.446102,0.523881,0.554869,0.521161,0.565601,0.499342,0.587067,0.461217,0.625352,0.529264,0.542622,0.545652,0.565612,0.523876,0,0,0,0,0,0,0.502822,0.41484,0.487494,0.431262
0,0,0.505862,0.442109,0.525771,0.42307,0.556422,0.447569,0,0,0.485954,0.463864,0.473708,0.515723,0.446103,0.523873,0.554869,0.521161,0.565606,0.502034,0.585541,0.461227,0.625349,0.529266,0.542623,0.54564,0.562557,0.523869,0.594727,0.532042,0,0,0,0,0.504334,0.41755,0.4875,0.431269
0,0,0.505876,0.439395,0.525785,0.423012,0.55337,0.44486,0,0,0.485958,0.461165,0.473706,0.515684,0.446094,0.523889,0.553372,0.523814,0.565599,0.502054,0.585536,0.461222,0.625349,0.529267,0.542603,0.545648,0.565612,0.523868,0.59472,0.532033,0,0,0,0,0.505849,0.409435,0.489032,0.431191
0,0,0.507357,0.439371,0.525807,0.422998,0.553369,0.444874,0,0,0.485972,0.461138,0.473704,0.515662,0.446096,0.523899,0.553366,0.521154,0.565601,0.499352,0.587041,0.463889,0.62534,0.529262,0.541114,0.545609,0.56102,0.523824,0.594729,0.532058,0,0,0,0,0.505884,0.409416,0.489046,0.43116
0,0,0.507421,0.436624,0.528866,0.420338,0.5549,0.447524,0,0,0.487497,0.455736,0.473694,0.512939,0.446118,0.523883,0.553354,0.523871,0.565611,0.507471,0.585543,0.463897,0.625343,0.529254,0.541075,0.54567,0.56101,0.521167,0.596252,0.53208,0,0,0,0,0.508923,0.404028,0.492069,0.428466
0,0,0.507438,0.433926,0.530365,0.420316,0.556397,0.444847,0,0,0.487504,0.453011,0.473676,0.510237,0.446133,0.523879,0.551838,0.526544,0.564084,0.507525,0.587057,0.463954,0.625351,0.529272,0.539562,0.54834,0.564081,0.523851,0,0,0,0,0,0,0.508963,0.403953,0.492081,0.425805
0,0,0.508952,0.428504,0.531876,0.412145,0.553374,0.442095,0,0,0.490541,0.447528,0.47369,0.50205,0.447647,0.523856,0.551814,0.526605,0.562562,0.510239,0.588577,0.466565,0.626856,0.529282,0.538053,0.548397,0.567142,0.521151,0.602382,0.534738,0,0,0,0,0.51506,0.398535,0.493631,0.417564
0,0,0.510472,0.428427,0.533431,0.409405,0.5549,0.442131,0,0,0.490565,0.44214,0.473716,0.496612,0.447654,0.523851,0.551824,0.526621,0.564076,0.510268,0.588587,0.466565,0.626867,0.529274,0.53805,0.548399,0.56714,0.518447,0.599323,0.534701,0,0,0,0,0.518123,0.395767,0.495143,0.406712
0,0,0.512003,0.425729,0.534971,0.404013,0.556411,0.442125,0,0,0.492058,0.439362,0.473702,0.493854,0.447666,0.523846,0.550306,0.529286,0.564067,0.512961,0.588583,0.463964,0.626875,0.529266,0.536516,0.55105,0.565611,0.521107,0,0,0,0,0,0,0.521192,0.387596,0.495127,0.403913
0,0,0.512001,0.425686,0.534978,0.403987,0.556416,0.442135,0,0,0.490574,0.436672,0.473698,0.491182,0.44767,0.523837,0.550308,0.529286,0.562567,0.512953,0.588586,0.463965,0.626873,0.52926,0.536524,0.551039,0.562558,0.518417,0.596266,0.532055,0,0,0,0,0.521201,0.387581,0.493642,0.401291
0,0,0.513525,0.423056,0.538022,0.404001,0.557933,0.444822,0,0,0.49207,0.433982,0.472176,0.491142,0.447666,0.523827,0.55181,0.529301,0.564087,0.512985,0.588584,0.463959,0.626873,0.529266,0.536522,0.548418,0.564086,0.518419,0,0,0,0,0,0,0.52273,0.38222,0.49363,0.401215
0,0,0.513533,0.423015,0.538029,0.403944,0.557946,0.442121,0,0,0.492071,0.433953,0.472197,0.488468,0.447681,0.523814,0.551817,0.5293,0.564094,0.512983,0.58857,0.463895,0.626861,0.529263,0.538028,0.551041,0.577836,0.521157,0.602364,0.532096,0,0,0,0,0.521203,0.382146,0.493627,0.401201
0,0,0.5105,0.420328,0.534994,0.401313,0.556419,0.442085,0,0,0.490553,0.431273,0.472174,0.488438,0.447687,0.521177,0.550304,0.526574,0.562551,0.510252,0.590108,0.461174,0.625369,0.526621,0.538022,0.548328,0.577865,0.52382,0.605436,0.534692,0,0,0,0,0.52116,0.379464,0.492084,0.398544
0,0,0.51048,0.420321,0.534973,0.401313,0.556425,0.442071,0,0,0.490542,0.431252,0.472171,0.488444,0.447691,0.521172,0.550299,0.526543,0.562545,0.510227,0.59011,0.461136,0.625368,0.529252,0.53802,0.54565,0.565618,0.518391,0,0,0,0,0,0,0.519643,0.379483,0.490556,0.401174
0,0,0.508912,0.420338,0.530392,0.401278,0.554866,0.439394,0,0,0.489018,0.431279,0.472149,0.488408,0.44768,0.521157,0.550283,0.52382,0.561015,0.504776,0.590114,0.461136,0.62685,0.529281,0.538026,0.542901,0.576331,0.521155,0.597783,0.531988,0,0,0,0,0.515049,0.382189,0.4875,0.401309
0,0,0.507396,0.422972,0.528823,0.401262,0.548774,0.433917,0,0,0.485985,0.433926,0.472143,0.48843,0.447668,0.521153,0.548785,0.518424,0.559517,0.496599,0.590121,0.461182,0.625365,0.529265,0.538025,0.53749,0.577835,0.523832,0.597773,0.532008,0,0,0,0,0.508898,0.382235,0.484452,0.404012
0,0,0.505837,0.423058,0.524259,0.401285,0.548749,0.43394,0,0,0.484462,0.436648,0.472159,0.48842,0.44766,0.521151,0.548775,0.51293,0.559482,0.488415,0.591621,0.463841,0.625346,0.526624,0.538024,0.532045,0.576309,0.526553,0.596265,0.529344,0,0,0,0,0.502815,0.393036,0.481359,0.412142
0,0,0.505884,0.425776,0.525792,0.404029,0.554877,0.439347,0,0,0.485957,0.439395,0.472154,0.488463,0.447654,0.521158,0.548771,0.510244,0.559477,0.48574,0.591637,0.463877,0.625336,0.526624,0.538039,0.532025,0.564079,0.523842,0,0,0,0,0,0,0.505867,0.398494,0.485952,0.420314
0,0,0.505882,0.428475,0.524252,0.412138,0.554894,0.439408,0,0,0.487489,0.442114,0.473678,0.488427,0.44617,0.521154,0.551844,0.493887,0.56254,0.474782,0.591651,0.463922,0.623807,0.523865,0.541098,0.523821,0.559499,0.521108,0.594699,0.526553,0,0,0,0,0.507421,0.403989,0.492076,0.423012
0,0,0.505891,0.428469,0.524278,0.412118,0.557961,0.433931,0,0,0.487494,0.442087,0.473695,0.488418,0.447641,0.521149,0.553342,0.491206,0.562559,0.472096,0.591653,0.463885,0.620766,0.518382,0.5411,0.521111,0.559475,0.518356,0.593184,0.521154,0,0,0,0,0.507404,0.401295,0.489013,0.420314
0,0,0.507399,0.428425,0.52579,0.409459,0.559494,0.431278,0,0,0.489025,0.439406,0.473701,0.488367,0.447636,0.521163,0.557928,0.493874,0.570204,0.474788,0.591619,0.461094,0.620736,0.513013,0.545673,0.52112,0.559477,0.512947,0.588586,0.523839,0,0,0,0,0,0,0,0
0,0,0.507385,0.428436,0.525797,0.409431,0.559487,0.431183,0,0,0.489017,0.439418,0.473742,0.488366,0.446172,0.521155,0.557986,0.491194,0.57325,0.474795,0.585523,0.447579,0.619236,0.510257,0.54573,0.518439,0.554892,0.504753,0.58096,0.523881,0,0,0,0,0,0,0,0
0,0,0.507372,0.428484,0.525769,0.409458,0,0,0,0,0.489013,0.4421,0.475226,0.488464,0.446155,0.521163,0.564091,0.488483,0.576351,0.472115,0.580945,0.43942,0.619249,0.507512,0.551841,0.515663,0.531913,0.507516,0.577871,0.526555,0,0,0,0,0,0,0.484414,0.431164
0,0,0.505869,0.428512,0.524234,0.412141,0.559475,0.428517,0,0,0.489007,0.44478,0.475215,0.488485,0.446152,0.521162,0.567146,0.488438,0.577875,0.472086,0.582443,0.442073,0.620757,0.507495,0.554885,0.512941,0.53347,0.512912,0.577878,0.523884,0,0,0,0,0,0,0.478316,0.44213
0,0,0.504333,0.431175,0.519687,0.417611,0.498216,0.493914,0.490541,0.502035,0.487509,0.444802,0.47521,0.488423,0.446152,0.521144,0.568688,0.48845,0.5794,0.472076,0.580942,0.439418,0.622271,0.504801,0.556404,0.512972,0.538025,0.515698,0.579397,0.523846,0,0,0,0,0,0,0.476792,0.447513
0,0,0.502805,0.431212,0.518127,0.420319,0.499734,0.493916,0.48598,0.507488,0.487494,0.444794,0.475213,0.488403,0.44614,0.521131,0.570189,0.485704,0.579378,0.469307,0.582438,0.442089,0.62078,0.504757,0.556443,0.510235,0.539571,0.518448,0.585515,0.518413,0,0,0,0,0,0,0.476767,0.447539
0,0,0.502806,0.431228,0.518116,0.422988,0.501277,0.493896,0.484445,0.510139,0.487502,0.444827,0.475218,0.488418,0.446129,0.521115,0.570225,0.485706,0.580905,0.466686,0.580946,0.442082,0.620764,0.502074,0.557948,0.51021,0.539548,0.518476,0.584006,0.51846,0,0,0,0,0,0,0.476761,0.450257
0,0,0.502822,0.431218,0.519658,0.420341,0.499752,0.493917,0.479818,0.512992,0.487509,0.444806,0.473729,0.488441,0.446128,0.521104,0.570227,0.485701,0.580907,0.469311,0.580931,0.439372,0.62077,0.502077,0.557953,0.507538,0.536522,0.518442,0.580931,0.521137,0,0,0,0,0,0,0.476778,0.447628
0,0,0.502819,0.431175,0.518113,0.420299,0.504344,0.491165,0.484449,0.510251,0.489011,0.442132,0.473743,0.488403,0.446139,0.521088,0.570229,0.485663,0.580911,0.466653,0.580939,0.439352,0.620748,0.496635,0.557943,0.507468,0.539573,0.518386,0.585531,0.518437,0,0,0,0,0,0,0.475268,0.447565
0,0,0.504327,0.428489,0.518129,0.414894,0.504341,0.49112,0.492079,0.502045,0.489036,0.439378,0.473739,0.488392,0.446136,0.518459,0.571722,0.482977,0.580934,0.46394,0.580923,0.436674,0.620753,0.493941,0.557946,0.504755,0.539554,0.515675,0.580937,0.521136,0,0,0,0,0,0,0.476767,0.44486
0.473749,0.458446,0.504317,0.425819,0.518127,0.40942,0.499767,0.488474,0.492055,0.496613,0.490538,0.436633,0.473696,0.488406,0.446137,0.518441,0.574812,0.474837,0.585524,0.458478,0.580941,0.436675,0.619237,0.491221,0.562562,0.493914,0.539581,0.513004,0.587055,0.518406,0,0,0.473704,0.450338,0,0,0.478289,0.442113
0.475241,0.453059,0.504353,0.425747,0.521165,0.403983,0.570193,0.423063,0,0,0.490545,0.436654,0.472205,0.488418,0.446116,0.518441,0.576333,0.472102,0.585539,0.453045,0.58399,0.444843,0.619235,0.491119,0.565616,0.491217,0.541124,0.515689,0.59163,0.515679,0,0,0.473735,0.447558,0,0,0.478286,0.436665
0.473679,0.452987,0.501264,0.423017,0.510458,0.406683,0.511999,0.480269,0.493618,0.488408,0.492061,0.428544,0.473713,0.485704,0.446135,0.518427,0.579374,0.458475,0.587068,0.439397,0.579413,0.477522,0.6192,0.488392,0.573255,0.474787,0.541118,0.521164,0.5947,0.512899,0,0,0.472198,0.444824,0,0,0.476748,0.431193
0.472168,0.450259,0.501279,0.420294,0.508974,0.403952,0.504341,0.477536,0,0,0.49209,0.428509,0.473714,0.485645,0.446138,0.518402,0.579376,0.455702,0.58705,0.436656,0.580916,0.482996,0.617711,0.485743,0.573271,0.469389,0.542613,0.521135,0.596265,0.510205,0,0,0.47214,0.439423,0,0,0.475254,0.428467
0.472165,0.447524,0.502799,0.40945,0.511983,0.401245,0.50741,0.477515,0,0,0.493595,0.423046,0.473721,0.482957,0.44614,0.518387,0.580908,0.450262,0.590105,0.433945,0.580915,0.485704,0.619223,0.485652,0.576309,0.46396,0.542614,0.521137,0.59628,0.512895,0,0,0.470654,0.433956,0,0,0.473725,0.42308
0.467589,0.447521,0.502796,0.409431,0.510453,0.401261,0.504341,0.477561,0,0,0.493615,0.422991,0.473736,0.48024,0.446159,0.518368,0.580941,0.447548,0.590123,0.431249,0.583985,0.485675,0.619207,0.480234,0.576334,0.463871,0.542632,0.5211,0.597784,0.512909,0,0,0.466049,0.433954,0,0,0.473729,0.422991
0.469086,0.442102,0.502818,0.403984,0.510454,0.398484,0.510469,0.472092,0.489032,0.496613,0.493601,0.414845,0.473736,0.47755,0.44614,0.515748,0.580958,0.444871,0.59165,0.431182,0.562556,0.485732,0.613111,0.474832,0.576327,0.461224,0.542648,0.518468,0.597808,0.510218,0,0,0.463006,0.428536,0,0,0.472168,0.409437
0.469094,0.442063,0.50128,0.403933,0.508917,0.395821,0.541102,0.439411,0.531897,0.477517,0.493596,0.412151,0.475213,0.474823,0.446152,0.515741,0.582482,0.44483,0.593148,0.431189,0.557954,0.488469,0.613115,0.477551,0.577866,0.461143,0.542649,0.521113,0.600841,0.510215,0.46451,0.433894,0.46451,0.428454,0,0,0.472161,0.404032
0.466038,0.428548,0.499765,0.401196,0.508916,0.387632,0.542621,0.436678,0.530393,0.474814,0.492105,0.409406,0.472211,0.477554,0.446145,0.515736,0.582476,0.442087,0.591668,0.428483,0.561019,0.491145,0.614644,0.474829,0.577863,0.455719,0.542662,0.521134,0.600859,0.507496,0.459938,0.425795,0.461448,0.420296,0,0,0.472168,0.398479
0.467555,0.428434,0.499728,0.398515,0.507436,0.384924,0.544146,0.428564,0.531889,0.472107,0.492086,0.404041,0.472208,0.474847,0.44614,0.515733,0.582461,0.439387,0.591666,0.428465,0.559477,0.493919,0.614645,0.480271,0.577842,0.450278,0.544127,0.521169,0.60541,0.504775,0.461448,0.425794,0.461468,0.414842,0,0,0.472153,0.393085
0.458353,0.414848,0.495124,0.390372,0.502799,0.379409,0.534977,0.425757,0.530352,0.466704,0.485971,0.40123,0.472143,0.472103,0.446143,0.515721,0.577873,0.433938,0.587069,0.425704,0.593158,0.499339,0.626864,0.480274,0.570214,0.444833,0.54419,0.52382,0.608506,0.496588,0.453777,0.404024,0.456846,0.401195,0,0,0.467569,0.382129
0.455297,0.403952,0.49209,0.384922,0.498215,0.374004,0.518121,0.455758,0.458359,0.515636,0.482911,0.398474,0.472133,0.469324,0.446161,0.515718,0.574787,0.431164,0.582456,0.420328,0.593177,0.499323,0.626854,0.477552,0.565608,0.439417,0.545696,0.521131,0.611557,0.491181,0,0,0.452266,0.393096,0,0,0.462999,0.37668
0.443045,0.39303,0.482862,0.382136,0.487492,0.365792,0.495147,0.45027,0.45532,0.507483,0.476754,0.398493,0.46909,0.469373,0.446135,0.515715,0.56254,0.423043,0.573293,0.403972,0.593195,0.491181,0.629955,0.455771,0.554873,0.433916,0.545734,0.518434,0.606988,0.485713,0,0,0.443076,0.37947,0,0,0.459902,0.368542
0.439986,0.387608,0.478312,0.379463,0.48292,0.36043,0.479831,0.447565,0.455319,0.504742,0.473704,0.398493,0.466062,0.469379,0.446139,0.515695,0.557948,0.420318,0.568664,0.40126,0.593178,0.488385,0.6269,0.447586,0.55029,0.431224,0.547241,0.515643,0.608486,0.482962,0.433877,0.379471,0.440019,0.376737,0,0,0.458349,0.365777
0.432323,0.384936,0.472178,0.382146,0.473724,0.365835,0.472197,0.444788,0.450714,0.474836,0.470617,0.398493,0.464526,0.469432,0.446116,0.515741,0.550284,0.412168,0.556445,0.401188,0.570215,0.472111,0.600835,0.455736,0.544198,0.425788,0.54723,0.51292,0.600861,0.491142,0.424717,0.376721,0.435384,0.376735,0,0,0.455331,0.363152
0.424699,0.384923,0.46909,0.382201,0.470614,0.368529,0.46451,0.442068,0.446129,0.488351,0.467581,0.398543,0.461476,0.477558,0.444631,0.5184,0.544174,0.412116,0.548775,0.40119,0.567153,0.466641,0.59627,0.447517,0.54261,0.423052,0.547239,0.5129,0.600835,0.493888,0.421653,0.376677,0.429268,0.376728,0,0,0.450752,0.365791
0.421637,0.390302,0.459942,0.382153,0.459906,0.368561,0.462984,0.439422,0.446162,0.488358,0.459954,0.398451,0.46148,0.474793,0.44612,0.51575,0.534986,0.412124,0.538047,0.401289,0.559512,0.463855,0.593188,0.436627,0.53649,0.420292,0.547227,0.510245,0.602393,0.48849,0.415515,0.37941,0.424663,0.376763,0,0,0.446139,0.360366
0.420071,0.390368,0.458406,0.382177,0.458363,0.371307,0.46147,0.439419,0.446167,0.488406,0.45843,0.395785,0.459938,0.474854,0.444627,0.518361,0.533477,0.412115,0.536499,0.403938,0.557973,0.461166,0.590134,0.436681,0.534992,0.417588,0.547266,0.510213,0.602387,0.488436,0.41094,0.37942,0.423131,0.379422,0,0,0.446092,0.360318
0.417036,0.395734,0.458401,0.379417,0.458389,0.363121,0.461479,0.436636,0.447632,0.488367,0.458394,0.393085,0.459951,0.469404,0.446154,0.515683,0.533472,0.406725,0.539553,0.398528,0.564084,0.45303,0.587069,0.4448,0.533425,0.420329,0.547243,0.510244,0.602388,0.488496,0.410886,0.382145,0.421604,0.37948,0,0,0.443061,0.360377
0.417027,0.393092,0.458388,0.379428,0.458361,0.365827,0.46147,0.436677,0.446172,0.488382,0.458393,0.393043,0.459935,0.469398,0.44614,0.515677,0.533445,0.412153,0.53652,0.401281,0.557973,0.458441,0.584004,0.450314,0.533444,0.42033,0.547226,0.510234,0.603887,0.491109,0.409408,0.379488,0.421594,0.379469,0,0,0.443042,0.36038
0.420068,0.39035,0.459895,0.379424,0.459889,0.365795,0.462971,0.433988,0.447633,0.488377,0.458421,0.390375,0.459947,0.469343,0.446147,0.515664,0.534972,0.417573,0.539548,0.403952,0.559466,0.458456,0.579415,0.461199,0.534981,0.423045,0.547231,0.510278,0.603915,0.493856,0.410922,0.379429,0.421639,0.379384,0,0,0.443097,0.357668
0.421583,0.38763,0.459929,0.379407,0.459937,0.363132,0.462971,0.436633,0.446161,0.488381,0.459887,0.390375,0.459964,0.466659,0.446151,0.515656,0.533474,0.417553,0.538043,0.403943,0.559475,0.461168,0.58091,0.461163,0.534963,0.423024,0.54723,0.512888,0.605434,0.49659,0.412433,0.376763,0.423133,0.376713,0,0,0.444608,0.357597
