0.476568,0.480637,0.476557,0.600456,0.337772,0.524198,0.231655,0.516051,0,0,0.609203,0.690319,0.782694,0.837355,0.860221,0.995295,0,0,0,0,0,0,0,0,0,0,0,0,0,0,0.429637,0.38263,0.5541,0.428958,0.360219,0.35811,0.637792,0.483376
0.468397,0.472479,0.482675,0.592289,0.354105,0.521486,0.23777,0.513292,0.0785885,0.540561,0.609204,0.687583,0.782685,0.829182,0.858172,0.995296,0.694921,0.880918,0.611247,0.875472,0,0,0,0,0.758187,0.889087,0,0,0,0,0.423508,0.371692,0.548,0.423472,0.358194,0.352658,0.63164,0.486035
0.466354,0.461573,0.486755,0.586845,0.352055,0.521502,0.243896,0.510588,0.084716,0.54053,0.615325,0.679407,0.788798,0.818303,0.868398,0.995296,0.71125,0.891807,0.631657,0.889084,0,0,0,0,0.782676,0.880917,0,0,0,0,0.423503,0.360847,0.547982,0.404425,0.358201,0.347229,0.631675,0.469743
0.464315,0.453377,0.482686,0.58138,0.341868,0.518776,0.241863,0.505152,0.0888014,0.535125,0.61329,0.671243,0.786774,0.812833,0.870422,0.995295,0.707166,0.889085,0.625534,0.889084,0,0,0,0,0.774514,0.88364,0,0,0,0,0.41944,0.358069,0.545918,0.39898,0.356165,0.355367,0.63169,0.456123
0.464322,0.453394,0.484712,0.581391,0.341873,0.518777,0.243899,0.505157,0.0887901,0.535115,0.613292,0.671253,0.788776,0.812832,0.870434,0.995294,0.707165,0.886363,0.625532,0.886362,0,0,0,0,0.774515,0.883639,0,0,0,0,0.419438,0.358068,0.545915,0.398976,0.356148,0.352664,0.633694,0.453428
0.458177,0.450655,0.476552,0.575926,0.341858,0.516027,0.2439,0.491557,0.0867518,0.532348,0.607159,0.665792,0.784737,0.801965,0.872489,0.995297,0,0,0,0,0,0,0,0,0,0,0,0,0,0,0.413298,0.347215,0.539803,0.393502,0.350022,0.336324,0.629591,0.456103
0.458176,0.456164,0.480636,0.570483,0.343899,0.505149,0.250016,0.483382,0.0887982,0.524196,0.611257,0.660368,0.790841,0.79647,0.886762,0.995297,0.758186,0.532377,0,0,0,0,0,0,0,0,0,0,0,0,0.413263,0.35808,0.539834,0.401645,0.350023,0.336331,0.629626,0.453404
0.456158,0.488789,0.482682,0.570489,0.33982,0.499699,0.239817,0.483373,0.0826628,0.524184,0.601037,0.663098,0.784717,0.79379,0.878607,0.995292,0,0,0,0,0,0,0,0,0,0,0,0,0,0,0.405125,0.393486,0.53574,0.434353,0.343908,0.355374,0.635737,0.404405
0.456136,0.486111,0.480644,0.570487,0.337775,0.496977,0.239823,0.483381,0.080654,0.521519,0.601048,0.665788,0.784706,0.793779,0.880639,0.995293,0,0,0,0,0,0,0,0,0,0,0,0,0,0,0.405118,0.393496,0.535734,0.434358,0.345933,0.355374,0.637762,0.401669
0.433704,0.570485,0.474516,0.567771,0.331651,0.516024,0.235739,0.488808,0.0826771,0.52967,0.586755,0.665794,0.778606,0.799252,0.878596,0.99529,0.729617,0.532375,0.729613,0.486087,0,0,0,0,0.74186,0.554163,0,0,0,0,0.386755,0.456119,0.519407,0.486106,0.339817,0.412565,0.603079,0.445237
0.564355,0.518818,0.588788,0.559615,0,0,0,0,0,0,0.603081,0.665799,0.809204,0.712098,0.825536,0.853693,0.78676,0.447966,0,0,0,0,0,0,0.7888,0.453412,0,0,0,0,0,0,0,0,0,0,0.5602,0.562345
0.396965,0.774715,0.566354,0.56232,0.533697,0.472473,0,0,0,0,0.609209,0.660363,0.803088,0.717536,0.813286,0.850975,0.778594,0.456132,0,0,0,0,0,0,0,0,0,0,0,0,0.329618,0.736599,0.405131,0.750198,0,0,0.547991,0.540541
0.38472,0.766559,0.574511,0.5596,0.531656,0.469748,0,0,0,0,0.609209,0.660365,0.803082,0.717533,0.813288,0.85097,0.747982,0.447965,0,0,0,0,0,0,0.745942,0.453411,0,0,0,0,0.331652,0.731147,0.405133,0.74749,0,0,0.550015,0.540529
0.401042,0.739324,0.433697,0.562331,0,0,0,0,0,0,0.605117,0.657642,0.803096,0.723004,0.807158,0.861845,0,0,0,0,0,0,0,0,0,0,0,0,0,0,0.331656,0.695754,0.429607,0.703922,0,0,0.558173,0.529647
0.405119,0.750213,0.427572,0.565051,0.237778,0.450686,0,0,0,0,0.601047,0.665812,0.803071,0.744751,0.803091,0.872759,0,0,0,0,0,0,0,0,0,0,0,0,0,0,0.341865,0.682137,0.458177,0.698464,0,0,0.550032,0.616773
0.427566,0.758377,0.480637,0.562328,0.27247,0.412563,0,0,0,0,0.607168,0.684857,0.805115,0.752954,0.81329,0.861851,0.733697,0.477913,0,0,0,0,0,0,0,0,0,0,0,0,0.362263,0.693046,0.484722,0.717528,0,0,0.578591,0.633131
0.421457,0.755671,0.478595,0.56233,0.268391,0.415286,0,0,0,0,0.621455,0.690309,0.805127,0.752958,0.809207,0.867296,0.727576,0.477913,0,0,0,0,0,0,0,0,0,0,0,0,0.360236,0.690308,0.488796,0.71481,0,0,0.574508,0.641288
0.42553,0.758374,0.484716,0.55961,0.28472,0.434344,0,0,0,0,0.629611,0.682144,0.811244,0.755648,0.809212,0.886362,0.831656,0.461579,0,0,0,0,0,0,0,0,0,0,0,0,0.380634,0.690298,0.494912,0.733881,0,0,0.564306,0.657625
0.431662,0.752926,0.464316,0.652182,0.290838,0.461581,0,0,0,0,0.639824,0.684867,0.821456,0.758382,0.819414,0.889075,0.784717,0.477918,0.772471,0.426176,0,0,0,0,0,0,0,0,0,0,0.390851,0.66582,0.521443,0.712078,0.323494,0.532373,0.596967,0.649462
0.431653,0.747497,0.472471,0.608621,0.28472,0.450679,0.125533,0.442513,0,0,0.643906,0.687583,0.827567,0.76382,0.825532,0.883645,0.754105,0.456127,0.694921,0.360828,0,0,0,0,0.81329,0.47247,0,0,0,0,0.394913,0.660325,0.517377,0.701207,0.329615,0.524208,0.596964,0.633125
0.429619,0.74749,0.474514,0.608616,0.28676,0.450682,0.121453,0.439792,0,0,0.645937,0.684862,0.825546,0.761118,0.823498,0.88636,0.756147,0.453405,0.688798,0.358107,0,0,0,0,0.819411,0.475191,0,0,0,0,0.394917,0.660331,0.517373,0.703903,0.33166,0.524203,0.599006,0.630406
0.427567,0.747473,0.47247,0.608616,0.278595,0.450681,0.10921,0.439793,0,0,0.645945,0.676694,0.825537,0.763826,0.825524,0.889079,0.758188,0.461579,0.723492,0.431624,0,0,0,0,0.811249,0.499699,0,0,0,0,0.390824,0.646746,0.517382,0.693007,0.327582,0.518762,0.603082,0.635845
0.43166,0.714792,0.488797,0.573218,0.301044,0.450682,0.119409,0.437067,0,0,0.641858,0.668519,0.823493,0.763811,0.821446,0.886359,0.780634,0.458854,0.719413,0.420732,0,0,0,0,0.831655,0.491531,0,0,0,0,0.390855,0.62227,0.519412,0.665807,0.339824,0.540543,0.594923,0.614058
0.454103,0.66309,0.478596,0.559601,0.323491,0.447966,0.294913,0.423429,0.12143,0.431632,0.633692,0.660362,0.817369,0.758383,0.819409,0.878187,0.803085,0.461578,0.73982,0.40167,0,0,0,0,0.852064,0.529654,0,0,0,0,0.396973,0.570487,0.52554,0.616792,0.339819,0.488803,0.582678,0.575943
0.454094,0.665801,0.478597,0.565049,0.319412,0.447959,0.296945,0.423422,0,0,0.6337,0.663075,0.821442,0.761115,0.821447,0.875468,0.803084,0.458858,0.735739,0.401672,0,0,0,0,0.856146,0.524206,0,0,0,0,0.39696,0.570495,0.525546,0.619492,0.337785,0.483366,0.594918,0.575946
0.458187,0.614066,0.4888,0.543274,0.337775,0.456133,0.282667,0.426162,0.119399,0.437059,0.633696,0.649464,0.821448,0.758402,0.811251,0.872745,0.870431,0.475195,0.862268,0.442519,0,0,0,0,0,0,0,0,0,0,0.403094,0.513298,0.527579,0.543288,0.341864,0.456141,0.601045,0.543266
0.45819,0.543279,0.496966,0.537817,0.345939,0.442517,0.282674,0.401685,0.119405,0.437049,0.633693,0.646735,0.821443,0.761094,0.807169,0.886361,0,0,0,0,0,0,0,0,0,0,0,0,0,0,0.409225,0.442532,0.541858,0.472465,0.352069,0.398946,0.643896,0.450683
0.480626,0.507852,0.498998,0.532367,0.347988,0.439784,0.258196,0.398952,0.115338,0.437056,0.63982,0.635849,0.821435,0.758378,0.807166,0.891805,0,0,0,0,0,0,0,0,0,0,0,0,0,0,0.423505,0.401707,0.558168,0.437062,0.364298,0.368995,0.650013,0.426172
0.480639,0.502423,0.499009,0.529642,0.34799,0.437075,0.260233,0.398963,0.115335,0.437056,0.641857,0.635839,0.819404,0.758368,0.807167,0.89179,0,0,0,0,0,0,0,0,0,0,0,0,0,0,0.423513,0.401709,0.558193,0.437067,0.362269,0.371721,0.654109,0.407122
0.496957,0.469748,0.50717,0.521494,0.347992,0.43708,0.254092,0.401677,0.11125,0.434358,0.656145,0.624954,0.823487,0.758385,0.809199,0.88909,0,0,0,0,0,0,0,0,0,0,0,0,0,0,0.433729,0.379867,0.568376,0.409851,0.372471,0.352649,0.668387,0.385332
0.503106,0.453421,0.519399,0.521474,0.356154,0.442526,0.256146,0.407137,0.111236,0.434347,0.66634,0.616777,0.825523,0.758374,0.80921,0.902697,0,0,0,0,0,0,0,0,0,0,0,0,0,0,0.450025,0.360863,0.580644,0.393515,0.386741,0.339038,0.674527,0.37988
0.503076,0.434345,0.519407,0.52148,0.364302,0.44523,0.256139,0.420746,0.111237,0.434373,0.664308,0.614068,0.829602,0.769268,0.805139,0.924477,0,0,0,0,0,0,0,0,0,0,0,0,0,0,0.452057,0.341753,0.582704,0.377178,0.386755,0.330867,0.666351,0.401691
0.503071,0.431656,0.519408,0.521484,0.362278,0.44523,0.256132,0.420742,0.111233,0.434378,0.664307,0.614067,0.827569,0.769285,0.807157,0.927202,0,0,0,0,0,0,0,0,0,0,0,0,0,0,0.452045,0.341739,0.584695,0.377188,0.384729,0.32814,0.668395,0.393498
0.501042,0.426189,0.519415,0.518743,0.366352,0.445249,0.252052,0.43164,0.105148,0.442489,0.664303,0.600444,0.825516,0.769283,0.807162,0.940818,0,0,0,0,0,0,0,0,0,0,0,0,0,0,0.45004,0.33628,0.580667,0.369003,0.382681,0.311823,0.66433,0.388055
0.503103,0.423444,0.5235,0.513308,0.374514,0.447963,0.245944,0.442491,0.105151,0.447968,0.662261,0.58684,0.821456,0.76926,0.803098,0.949002,0,0,0,0,0,0,0,0,0,0,0,0,0,0,0.450055,0.330855,0.582697,0.360858,0.384739,0.314532,0.666357,0.385348
0.511239,0.407115,0.521447,0.510603,0,0,0,0,0,0,0.664305,0.575943,0.815321,0.763836,0.805108,0.954447,0.896958,0.551438,0,0,0,0,0,0,0,0,0,0,0,0,0.452082,0.31724,0.588781,0.349926,0.384697,0.303634,0.674496,0.369006
0.511246,0.407104,0.521451,0.510572,0.368398,0.456109,0.247977,0.445238,0.105128,0.45066,0.664305,0.573223,0.815321,0.761115,0.803076,0.954433,0,0,0,0,0,0,0,0,0,0,0,0,0,0,0.454084,0.317246,0.588792,0.349912,0.384718,0.303626,0.672489,0.36898
0.519405,0.382641,0.521466,0.488808,0.370436,0.447979,0.237778,0.447948,0.105102,0.45072,0.666357,0.54871,0.813283,0.758386,0.807169,0.954428,0,0,0,0,0,0,0,0,0,0,0,0,0,0,0.458192,0.295502,0.594897,0.319997,0.384714,0.290034,0.678604,0.328157
0.52759,0.358072,0.529615,0.480637,0.384704,0.442507,0.243897,0.447951,0.103099,0.450685,0.672464,0.532377,0.811259,0.755639,0.807185,0.957165,0,0,0,0,0,0,0,0,0,0,0,0,0,0,0.466338,0.270997,0.59699,0.292789,0.388807,0.27912,0.692881,0.298198
0.533684,0.330861,0.533692,0.472479,0.386773,0.437068,0.250011,0.447971,0.103104,0.450699,0.674521,0.529643,0.809236,0.755633,0.807189,0.954428,0,0,0,0,0,0,0,0,0,0,0,0,0,0,0.472451,0.251884,0.603084,0.273723,0.388812,0.249189,0.692887,0.292763
0.533678,0.330875,0.535747,0.472495,0.39083,0.437057,0.250013,0.447973,0.105098,0.450699,0.676544,0.529665,0.809218,0.752957,0.807186,0.95172,0,0,0,0,0,0,0,0,0,0,0,0,0,0,0.472453,0.251896,0.60308,0.273738,0.390843,0.251889,0.692866,0.295467
0.53574,0.309071,0.537786,0.469734,0.390843,0.43165,0.252046,0.447964,0.103085,0.450698,0.676553,0.526914,0.8092,0.752959,0.80921,0.957153,0,0,0,0,0,0,0,0,0,0,0,0,0,0,0.478572,0.230108,0.605137,0.251872,0.388815,0.241012,0.692869,0.281847
0.537762,0.287314,0.537777,0.467036,0.390854,0.431631,0.254083,0.44796,0.103093,0.450677,0.674523,0.521495,0.807142,0.752937,0.809194,0.959875,0,0,0,0,0,0,0,0,0,0,0,0,0,0,0.47861,0.211104,0.607183,0.232874,0.390827,0.243747,0.692869,0.276428
0.537774,0.276388,0.53573,0.464317,0.390834,0.428884,0.256132,0.447951,0.101042,0.450686,0.674506,0.521482,0.805117,0.755673,0.807166,0.968057,0.617371,0.993921,0.499003,0.993921,0,0,0,0,0.727575,0.993923,0,0,0,0,0.480619,0.200198,0.607181,0.224715,0.392865,0.243744,0.688788,0.279128
0.537769,0.273723,0.535728,0.464309,0.390841,0.428887,0.254107,0.447949,0.101049,0.450691,0.672483,0.52147,0.805109,0.755662,0.807179,0.970778,0.623492,0.993921,0.503086,0.995282,0,0,0,0,0.727572,0.993922,0,0,0,0,0.480614,0.200187,0.607181,0.224715,0.39086,0.241039,0.688788,0.279134
0.533703,0.273734,0.531677,0.46432,0.388796,0.431605,0.252073,0.447959,0.101029,0.450698,0.674509,0.521482,0.801033,0.755669,0.807157,0.976228,0.639821,0.99392,0.509209,0.864579,0,0,0,0,0.74186,0.993922,0,0,0,0,0.478576,0.202873,0.603106,0.227402,0.390827,0.246444,0.68472,0.284588
0.525532,0.292746,0.531669,0.46977,0.388798,0.437063,0.252059,0.450687,0.101052,0.453431,0.674514,0.526919,0.790821,0.766557,0.803084,0.995288,0.668391,0.9027,0.56839,0.85641,0,0,0,0,0,0,0,0,0,0,0.468421,0.216526,0.596989,0.249144,0.386794,0.246432,0.680633,0.292782
0.51535,0.311841,0.527575,0.483372,0.382685,0.442532,0.252051,0.456143,0.103071,0.458887,0.670421,0.543279,0.772486,0.788338,0.801045,0.995286,0.637778,0.992559,0.529617,0.859131,0,0,0,0,0.719412,0.993921,0,0,0,0,0.46024,0.243734,0.586785,0.265544,0.384712,0.254627,0.674533,0.311828
0.51536,0.311848,0.525529,0.48335,0.38268,0.442531,0.252051,0.456156,0.103065,0.458884,0.668399,0.543263,0.774498,0.788346,0.801044,0.995288,0.639817,0.993921,0.539818,0.856408,0,0,0,0,0.721452,0.993921,0,0,0,0,0.460238,0.243731,0.586783,0.265543,0.384715,0.254654,0.674541,0.311796
0.505125,0.33907,0.523496,0.491509,0.37656,0.447961,0.247986,0.461557,0.101053,0.466978,0.664317,0.556873,0.752079,0.801964,0.790855,0.995291,0.619412,0.993921,0.521451,0.995282,0,0,0,0,0.688799,0.993922,0,0,0,0,0.454102,0.262793,0.580648,0.290022,0.380637,0.265517,0.674473,0.320016
0.498981,0.37445,0.515342,0.507867,0.368402,0.453427,0.237767,0.464314,0.0949237,0.469747,0.652056,0.570489,0.725527,0.812817,0.776548,0.995293,0.639822,0.993921,0,0,0,0,0,0,0.717371,0.993922,0,0,0,0,0.445925,0.292762,0.576543,0.317293,0.378593,0.281844,0.672443,0.339037
0.494891,0.426135,0.503087,0.518763,0.368401,0.461595,0.235741,0.475178,0.0847306,0.477894,0.635747,0.592286,0.69699,0.823726,0.743895,0.995287,0.609207,0.902701,0.509209,0.848241,0,0,0,0,0.692879,0.993921,0,0,0,0,0.445931,0.339023,0.568408,0.366288,0.386745,0.317255,0.650019,0.385327
0.494905,0.423483,0.501049,0.518748,0.366364,0.464293,0.237789,0.47518,0.0867425,0.475212,0.63573,0.592277,0.69899,0.821017,0.74186,0.995286,0.605127,0.886361,0.509208,0.842793,0,0,0,0,0.694923,0.993922,0,0,0,0,0.445929,0.33903,0.568394,0.366279,0.38472,0.317257,0.650019,0.382614
0.496946,0.475186,0.499009,0.532381,0.360232,0.469742,0.227582,0.472495,0.0806473,0.47251,0.629607,0.622233,0.682668,0.837363,0,0,0.611248,0.728429,0.509208,0.712093,0,0,0,0,0.674514,0.74749,0,0,0,0,0.439812,0.379909,0.564328,0.417988,0.376547,0.341766,0.645949,0.423453
0.490831,0.505118,0.503076,0.548709,0.356135,0.480624,0.221454,0.475168,0.0806323,0.472441,0.629625,0.63313,0.684716,0.845508,0,0,0.601043,0.733876,0.496964,0.714815,0,0,0,0,0,0,0,0,0,0,0.439811,0.404372,0.566348,0.445243,0.374521,0.360822,0.645932,0.445244
0.490835,0.510559,0.498991,0.554164,0.354102,0.480639,0.21736,0.472491,0.0826687,0.469729,0.629616,0.641299,0.694913,0.850963,0,0,0,0,0,0,0,0,0,0,0,0,0,0,0,0,0.439819,0.404413,0.566383,0.453382,0.38267,0.366282,0.647977,0.475194
0.486769,0.510575,0.496975,0.554148,0.352077,0.483341,0.217368,0.475173,0.0826761,0.469709,0.629624,0.638572,0.692875,0.850956,0,0,0,0,0,0,0,0,0,0,0,0,0,0,0,0,0.439824,0.404414,0.566377,0.450701,0.38268,0.366269,0.645942,0.480621
0.480647,0.491535,0.501037,0.551435,0.358174,0.477902,0.227574,0.469756,0.0806312,0.467002,0.629619,0.627683,0.684719,0.845537,0,0,0,0,0,0,0,0,0,0,0,0,0,0,0,0,0.437766,0.388074,0.564327,0.442503,0.384706,0.352651,0.645949,0.469744
0.476568,0.467051,0.496963,0.540545,0.358183,0.469772,0.227582,0.467047,0.0765478,0.464322,0.621458,0.622232,0.67859,0.842783,0,0,0,0,0,0,0,0,0,0,0,0,0,0,0,0,0.433716,0.363531,0.562292,0.420712,0.384699,0.328141,0.647968,0.46159
0.466377,0.431659,0.492875,0.529652,0.354113,0.469747,0.221451,0.46431,0.0704423,0.461589,0.611255,0.605906,0.672483,0.837343,0,0,0,0,0,0,0,0,0,0,0,0,0,0,0,0,0.429642,0.338994,0.556133,0.388056,0.374505,0.303637,0.641865,0.447941
0.468401,0.431649,0.492874,0.529666,0.354113,0.469741,0.221454,0.464295,0.0724481,0.46426,0.615326,0.608611,0.672487,0.83735,0,0,0,0,0,0,0,0,0,0,0,0,0,0,0,0,0.429638,0.338992,0.556129,0.388067,0.37248,0.30092,0.641849,0.44795
0.46637,0.420722,0.490847,0.526918,0.354104,0.467031,0.217376,0.461592,0.0684023,0.461606,0.613288,0.597717,0.672457,0.837333,0,0,0,0,0,0,0,0,0,0,0,0,0,0,0,0,0.425544,0.317299,0.550016,0.369,0.364323,0.287314,0.633698,0.437059
0.464337,0.404368,0.488793,0.524199,0.350024,0.469729,0.217378,0.458884,0.0663536,0.458854,0.611253,0.586838,0.66839,0.834637,0,0,0,0,0,0,0,0,0,0,0,0,0,0,0,0,0.421435,0.314485,0.545956,0.358083,0.362254,0.292749,0.629633,0.426202
0.466378,0.398969,0.484716,0.524195,0.347973,0.472451,0.219411,0.461561,0.066343,0.458832,0.611238,0.584112,0.666351,0.831912,0.717371,0.995285,0,0,0,0,0,0,0,0,0,0,0,0,0,0,0.419417,0.311786,0.547957,0.352648,0.358169,0.298194,0.629603,0.423424
0.466378,0.398985,0.486753,0.524198,0.350021,0.469759,0.219401,0.458886,0.0663433,0.458831,0.611243,0.584123,0.668376,0.834636,0,0,0,0,0,0,0,0,0,0,0,0,0,0,0,0,0.419421,0.311774,0.545968,0.352654,0.358173,0.298198,0.629596,0.42344
0.46638,0.401642,0.482686,0.521492,0.347985,0.475171,0.215324,0.461591,0.0663339,0.458873,0.609215,0.581379,0.662261,0.823733,0,0,0,0,0,0,0,0,0,0,0,0,0,0,0,0,0.417396,0.311833,0.545943,0.352645,0.352083,0.303638,0.627566,0.420755
0.466357,0.40711,0.484724,0.526929,0.345949,0.475181,0.213288,0.464295,0.0622802,0.458881,0.609213,0.592276,0.660227,0.826448,0,0,0,0,0,0,0,0,0,0,0,0,0,0,0,0,0.415349,0.317241,0.545919,0.35812,0.350007,0.309078,0.627555,0.420715
0.466356,0.420701,0.48063,0.52693,0.339828,0.480648,0.211261,0.466995,0.0602445,0.461574,0.607175,0.586828,0.654119,0.823739,0.715332,0.993928,0,0,0,0,0,0,0,0,0,0,0,0,0,0,0.415309,0.330882,0.543891,0.36628,0.341855,0.31454,0.625543,0.423452
0.466352,0.418023,0.478593,0.526941,0.339816,0.483363,0.213279,0.467006,0.0602446,0.461581,0.607165,0.586833,0.654121,0.823737,0.713295,0.995285,0,0,0,0,0,0,0,0,0,0,0,0,0,0,0.413308,0.330847,0.543887,0.366278,0.339819,0.317255,0.625544,0.423472
0.470452,0.431621,0.47451,0.532376,0.327585,0.483377,0.207169,0.467009,0.0602326,0.464273,0.605137,0.597727,0.654122,0.829191,0.715332,0.995285,0.59084,0.725708,0.496965,0.731153,0,0,0,0,0,0,0,0,0,0,0.415322,0.339105,0.547982,0.379866,0.33572,0.333578,0.627561,0.420739
0.435748,0.499696,0.490844,0.529649,0.490836,0.543264,0,0,0,0,0.545945,0.567761,0.743898,0.698466,0.688802,0.856406,0.741871,0.393494,0.703078,0.358095,0,0,0,0,0.798999,0.426172,0,0,0,0,0.423479,0.543293,0.409197,0.486072,0.421456,0.7965,0.394916,0.415276
0,0,0.492879,0.529655,0,0,0,0,0,0,0.554101,0.567765,0.747991,0.684867,0.703076,0.850954,0.739809,0.39349,0.699007,0.363558,0,0,0,0,0.790837,0.418016,0,0,0,0,0,0,0.429591,0.521476,0,0,0.431615,0.518792
0.429623,0.499699,0.482682,0.545986,0,0,0,0,0,0,0.545937,0.556875,0.75206,0.660375,0.717369,0.840076,0.72145,0.396232,0.709208,0.37444,0,0,0,0,0.772463,0.418009,0,0,0,0,0.425531,0.55417,0.399007,0.480637,0,0,0.431646,0.529633
0.429605,0.507864,0.480638,0.545989,0,0,0,0,0,0,0.543899,0.559598,0.752061,0.660385,0.717355,0.837363,0.721456,0.396234,0.703083,0.379884,0,0,0,0,0.772474,0.415286,0,0,0,0,0.41126,0.551427,0.403093,0.488809,0,0,0.431649,0.526922
0,0,0,0,0,0,0,0,0,0,0.53982,0.573225,0.75614,0.630381,0.73574,0.812831,0,0,0,0,0,0,0,0,0,0,0,0,0,0,0,0,0,0,0,0,0,0
0,0,0,0,0,0,0,0,0,0,0.568382,0.600453,0.768409,0.603185,0.747972,0.785617,0,0,0,0,0,0,0,0,0,0,0,0,0,0,0,0,0.472468,0.616763,0,0,0.45613,0.592289
0,0,0.494918,0.554161,0,0,0,0,0,0,0.615332,0.622243,0.782658,0.616767,0.756139,0.801965,0.709208,0.45885,0,0,0,0,0,0,0,0,0,0,0,0,0,0,0.478603,0.638514,0,0,0.470426,0.616776
0,0,0.503082,0.554152,0,0,0,0,0,0,0.615332,0.622239,0.782658,0.614089,0.756138,0.804658,0.71125,0.45886,0,0,0,0,0,0,0,0,0,0,0,0,0,0,0.480606,0.638529,0,0,0.468404,0.61677
0.478617,0.641289,0.44186,0.562319,0,0,0,0,0,0,0.613292,0.657629,0.790841,0.66305,0.760207,0.82917,0,0,0,0,0,0,0,0,0,0,0,0,0,0,0,0,0.460237,0.66579,0,0,0.462279,0.6522
0,0,0,0,0,0,0,0,0,0,0.611245,0.665795,0.796973,0.703926,0.762254,0.850957,0,0,0,0,0,0,0,0,0,0,0,0,0,0,0,0,0,0,0,0,0,0
0.472472,0.644014,0.262269,0.646737,0.0234931,0.673971,0,0,0,0,0.596958,0.654913,0.807162,0.720264,0.752057,0.867308,0,0,0,0,0,0,0,0,0,0,0,0,0,0,0.415328,0.660348,0.480648,0.540543,0.182675,0.567777,0,0
0.466356,0.652188,0.266347,0.654904,0.0234943,0.706646,0,0,0,0,0.590836,0.64674,0.807151,0.720281,0.758176,0.864601,0,0,0,0,0,0,0,0,0,0,0,0,0,0,0.411248,0.665799,0.488791,0.535108,0.188799,0.562327,0,0
0.480641,0.605912,0.339818,0.586831,0.11329,0.559602,0,0,0,0,0.580637,0.665807,0.807163,0.72027,0.754112,0.872732,0,0,0,0,0,0,0,0,0,0,0,0,0,0,0.421456,0.578658,0.499008,0.526914,0.250023,0.578666,0,0
0.40308,0.679414,0.339816,0.567777,0.129615,0.543269,0,0,0,0,0.566352,0.668519,0.790843,0.72301,0.74185,0.872737,0,0,0,0,0,0,0,0,0,0,0,0,0,0,0.333696,0.660349,0.41737,0.654904,0,0,0.386738,0.671247
0.392879,0.668529,0.337778,0.543265,0.1439,0.456132,0,0,0,0,0.543901,0.663076,0.782674,0.720263,0.737775,0.875453,0,0,0,0,0,0,0,0,0,0,0,0,0,0,0.356142,0.657637,0.415334,0.649467,0.268394,0.565052,0.370431,0.6631
0.388796,0.668526,0.337777,0.543263,0.145941,0.456133,0,0,0,0,0.543904,0.665799,0.78267,0.720275,0.737765,0.875453,0,0,0,0,0,0,0,0,0,0,0,0,0,0,0.345944,0.657637,0.411252,0.654908,0.268389,0.562323,0.372473,0.663064
0.231654,0.657631,0.42145,0.556875,0.225534,0.431626,0,0,0,0,0.56635,0.668526,0.776577,0.717561,0.735724,0.875464,0.719413,0.505146,0,0,0,0,0,0,0,0,0,0,0,0,0.203088,0.573206,0.286754,0.638572,0,0,0.384718,0.652182
0.256143,0.660362,0.435738,0.556877,0.258189,0.404395,0,0,0,0,0.564314,0.671252,0.778589,0.71756,0.733709,0.875484,0,0,0,0,0,0,0,0,0,0,0,0,0,0,0,0,0.345937,0.66034,0,0,0.401047,0.641288
0.247983,0.646735,0.407165,0.540544,0.237781,0.437076,0.139818,0.477914,0.10105,0.510604,0.570433,0.671245,0.780624,0.717515,0.73369,0.878201,0,0,0,0,0,0,0,0,0,0,0,0,0,0,0.223492,0.573219,0.290841,0.649461,0,0,0.413292,0.649461
0.237776,0.641293,0.407166,0.537823,0.247981,0.434348,0.154109,0.475196,0.10309,0.510608,0.568392,0.67669,0.780621,0.714832,0.735743,0.87546,0,0,0,0,0,0,0,0,0,0,0,0,0,0,0.213286,0.559603,0.290839,0.641299,0,0,0.411248,0.649462
0.23982,0.644023,0.399006,0.529652,0.256142,0.428903,0.18676,0.469737,0.0928862,0.513292,0.566348,0.663092,0.778611,0.717548,0.735743,0.875459,0,0,0,0,0,0,0,0,0,0,0,0,0,0,0.221446,0.562335,0.288797,0.644012,0,0,0.40717,0.64674
0.231661,0.614051,0.415333,0.518756,0.29288,0.393504,0.211244,0.453405,0.0969563,0.513296,0.572473,0.665789,0.776577,0.725684,0.739807,0.872769,0,0,0,0,0,0,0,0,0,0,0,0,0,0,0.223509,0.524205,0.280638,0.586836,0,0,0.423499,0.638567
0.241859,0.600447,0.458188,0.532371,0.317369,0.407118,0.243903,0.442517,0.0969582,0.513323,0.576549,0.665806,0.778586,0.725698,0.737791,0.875451,0,0,0,0,0,0,0,0,0,0,0,0,0,0,0.245942,0.554156,0.26839,0.570506,0,0,0.427568,0.627682
0.250015,0.603165,0.433699,0.526924,0.311247,0.398948,0.231654,0.442524,0.101034,0.513293,0.576552,0.665816,0.780623,0.725716,0.739809,0.872738,0,0,0,0,0,0,0,0,0,0,0,0,0,0,0.247974,0.529651,0.290841,0.570506,0,0,0.427584,0.62223
0.278595,0.600452,0.454103,0.537818,0.321452,0.404393,0.241856,0.445233,0.096972,0.513305,0.578591,0.671245,0.780638,0.725723,0.739828,0.872733,0.758188,0.518756,0,0,0,0,0,0,0,0,0,0,0,0,0.268395,0.524212,0.323489,0.570503,0,0,0.433706,0.624948
0.284714,0.605887,0.445941,0.526922,0.301048,0.420735,0.252057,0.44524,0.0949302,0.51333,0.580637,0.6658,0.77656,0.725728,0.739814,0.872766,0,0,0,0,0,0,0,0,0,0,0,0,0,0,0.264314,0.52149,0.32962,0.578668,0,0,0.4337,0.619509
0.272476,0.57049,0.482678,0.554152,0.345943,0.4289,0.256136,0.445244,0.0969643,0.5106,0.576555,0.66853,0.776566,0.728447,0.733712,0.878175,0.713287,0.513309,0,0,0,0,0,0,0,0,0,0,0,0,0,0,0.423489,0.611342,0,0,0.4439,0.614072
0.270433,0.559609,0.490837,0.554163,0.352066,0.434343,0.256154,0.445235,0.0969608,0.510596,0.578592,0.668518,0.776567,0.72844,0.735726,0.878174,0.713294,0.510593,0,0,0,0,0,0,0,0,0,0,0,0,0,0,0.425541,0.614048,0,0,0.439819,0.614074
0.272476,0.529652,0.4888,0.551439,0.347983,0.420734,0.258188,0.442524,0.090852,0.510587,0.570433,0.665806,0.778584,0.731133,0.733711,0.875468,0.70513,0.491533,0,0,0,0,0,0,0,0,0,0,0,0,0,0,0.431644,0.592276,0,0,0.452058,0.603161
0.270434,0.48881,0.494929,0.559595,0.335737,0.43162,0.254114,0.442509,0.086768,0.50787,0.578592,0.665812,0.77859,0.728409,0.731668,0.870041,0.705131,0.480647,0,0,0,0,0,0,0,0,0,0,0,0,0.26839,0.390776,0.317373,0.516034,0,0,0.460214,0.586824
0.276549,0.47247,0.494916,0.54871,0.301043,0.43162,0.256156,0.434349,0.0847113,0.502418,0.58063,0.660354,0.778603,0.725713,0.735742,0.870035,0.709213,0.486076,0,0,0,0,0,0,0,0,0,0,0,0,0.270429,0.379887,0.319412,0.464301,0,0,0.464324,0.575918
0.270433,0.472466,0.496967,0.548711,0.301041,0.442518,0.258185,0.434337,0.0847205,0.502424,0.580633,0.660366,0.778606,0.725719,0.735752,0.870036,0.711251,0.486075,0,0,0,0,0,0,0,0,0,0,0,0,0.268391,0.374443,0.305126,0.45613,0,0,0.464313,0.575923
0.468416,0.554183,0.490842,0.535102,0.315328,0.412561,0.256148,0.434353,0.0847163,0.502429,0.584712,0.660349,0.782687,0.72843,0.735747,0.872749,0.70921,0.486082,0,0,0,0,0,0,0,0,0,0,0,0,0,0,0.315331,0.47792,0,0,0.460218,0.570479
0.264306,0.467023,0.505123,0.529652,0.362267,0.390781,0.260226,0.437063,0.0847113,0.510587,0.578594,0.660344,0.784701,0.725703,0.737764,0.872736,0.745941,0.477921,0,0,0,0,0,0,0,0,0,0,0,0,0,0,0.427561,0.57323,0,0,0.435743,0.567754
0.260236,0.486084,0.492884,0.532371,0.329615,0.420735,0.233696,0.445237,0.0826741,0.507866,0.57859,0.66036,0.780656,0.722979,0.739822,0.875475,0.770432,0.486083,0,0,0,0,0,0,0,0,0,0,0,0,0,0,0.325532,0.5351,0,0,0.411238,0.565054
0.266356,0.502419,0.496961,0.535092,0.323491,0.42618,0.231663,0.445244,0.0826782,0.507871,0.578599,0.66036,0.782689,0.723009,0.739807,0.875472,0.776552,0.486083,0,0,0,0,0,0,0,0,0,0,0,0,0,0,0.333697,0.543264,0,0,0.409196,0.565046
0.347983,0.565057,0.507161,0.537811,0.303085,0.447965,0.229604,0.44797,0.0826768,0.510565,0.570431,0.652185,0.77658,0.717529,0.741848,0.878197,0.76023,0.505136,0,0,0,0,0,0,0,0,0,0,0,0,0.347979,0.559597,0.358185,0.559608,0,0,0.384726,0.565032
0.341861,0.562327,0.505124,0.540543,0.303086,0.450679,0.22554,0.447972,0.0826588,0.50785,0.568389,0.657637,0.774491,0.717525,0.737761,0.878185,0.760229,0.499699,0,0,0,0,0,0,0,0,0,0,0,0,0,0,0.34798,0.559606,0,0,0.358188,0.559596
0.347965,0.565048,0.48472,0.526931,0.339817,0.445237,0.221449,0.453405,0.0765595,0.510603,0.564309,0.663093,0.768383,0.7094,0.735732,0.880897,0.870433,0.521482,0,0,0,0,0,0,0,0,0,0,0,0,0,0,0.331653,0.55688,0,0,0.352069,0.567749
0.343895,0.565044,0.482677,0.529653,0.331659,0.43979,0.221441,0.456121,0.0785751,0.510599,0.56431,0.665794,0.76839,0.709404,0.735733,0.8809,0.868392,0.526927,0,0,0,0,0,0,0,0,0,0,0,0,0,0,0.311248,0.551441,0,0,0.352062,0.567773
0.262264,0.540547,0.44798,0.529658,0.296962,0.445241,0.219399,0.464296,0.0724873,0.513323,0.564319,0.665791,0.766341,0.7148,0.731649,0.878169,0.750026,0.510586,0,0,0,0,0,0,0,0,0,0,0,0,0,0,0.272471,0.537822,0,0,0.352057,0.570494
0.343895,0.559618,0.43574,0.529659,0.294922,0.442525,0.219417,0.467031,0,0,0.564312,0.663072,0.762276,0.712113,0.733711,0.878207,0.703086,0.524203,0,0,0,0,0,0,0,0,0,0,0,0,0,0,0.266347,0.524208,0,0,0.354098,0.570485
0.343894,0.551426,0.486757,0.540548,0.329613,0.456131,0.225533,0.467033,0.0704386,0.513346,0.566358,0.654909,0.762248,0.714809,0.733683,0.878204,0.662269,0.524201,0,0,0,0,0,0,0,0,0,0,0,0,0,0,0.309207,0.543268,0,0,0.360238,0.559613
0.286759,0.551439,0.484717,0.537817,0.327576,0.453409,0.223494,0.467039,0.0704284,0.513342,0.568394,0.654916,0.762245,0.714803,0.733713,0.880908,0.654107,0.524211,0,0,0,0,0,0,0,0,0,0,0,0,0,0,0.317371,0.548712,0,0,0.358189,0.556882
0.299001,0.548712,0.470431,0.529653,0.331655,0.442516,0.229608,0.461574,0,0,0.566343,0.652174,0.76225,0.714837,0.733706,0.880917,0,0,0,0,0,0,0,0,0,0,0,0,0,0,0,0,0.323493,0.543266,0,0,0.356145,0.537825
0.34798,0.507876,0.460231,0.521488,0.345939,0.442517,0.241861,0.456142,0.0663519,0.516034,0.564301,0.646737,0.762255,0.717537,0.735728,0.878204,0,0,0,0,0,0,0,0,0,0,0,0,0,0,0,0,0.274516,0.453409,0,0,0.354105,0.518758
0.262268,0.456136,0.443903,0.532377,0.313289,0.45885,0.221461,0.461581,0,0,0.564306,0.649469,0.760255,0.714829,0.735728,0.872765,0.737776,0.483356,0,0,0,0,0,0,0,0,0,0,0,0,0,0,0.333701,0.505144,0,0,0.352075,0.505142
0.347981,0.494253,0.45002,0.529655,0.307167,0.458856,0.223491,0.46157,0,0,0.564304,0.649461,0.760248,0.714821,0.737767,0.875449,0.729617,0.483354,0,0,0,0,0,0,0,0,0,0,0,0,0,0,0.335734,0.505144,0,0,0.352071,0.502423
0.25615,0.437073,0.439819,0.526927,0.280637,0.458858,0.227576,0.456122,0,0,0.564311,0.644014,0.76227,0.712117,0.733704,0.878174,0.725533,0.483369,0,0,0,0,0,0,0,0,0,0,0,0,0,0,0.278593,0.43707,0,0,0.354111,0.491557
0.252067,0.428902,0.45002,0.537823,0.307165,0.456135,0.225543,0.453406,0,0,0.564322,0.64403,0.762268,0.714797,0.733693,0.8809,0.725534,0.483354,0,0,0,0,0,0,0,0,0,0,0,0,0,0,0.339815,0.499695,0,0,0.354116,0.494241
0.252063,0.431617,0.452067,0.529651,0.323493,0.453406,0.22554,0.456124,0,0,0.566342,0.646746,0.7643,0.717521,0.733692,0.880928,0.70921,0.4888,0,0,0,0,0,0,0,0,0,0,0,0,0,0,0.34185,0.499695,0,0,0.36021,0.502421
0.252061,0.426183,0.454103,0.535102,0.323495,0.453404,0.225539,0.456131,0,0,0.566347,0.649463,0.76229,0.714843,0.733692,0.880923,0.711247,0.488816,0,0,0,0,0,0,0,0,0,0,0,0,0,0,0.339815,0.496968,0,0,0.358198,0.502432
0.239823,0.426163,0.458184,0.532372,0.35002,0.45069,0.229622,0.464285,0.0561492,0.518757,0.566357,0.649471,0.766343,0.725684,0.7398,0.894539,0.739821,0.47791,0,0,0,0,0,0,0,0,0,0,0,0,0,0,0.264307,0.423454,0,0,0.364332,0.502434
0.364315,0.488802,0.468395,0.494255,0.354102,0.44524,0.231666,0.467004,0.0479852,0.516069,0.572468,0.624943,0.77042,0.733873,0.739835,0.902715,0,0,0,0,0,0,0,0,0,0,0,0,0,0,0,0,0.266351,0.377167,0,0,0.401037,0.477903
0.250018,0.344504,0.480633,0.507871,0.380634,0.447959,0.229605,0.475188,0.0296159,0.516074,0.578593,0.600458,0.768373,0.742038,0.737791,0.919044,0.792881,0.461572,0,0,0,0,0,0,0,0,0,0,0,0,0,0,0.268395,0.314536,0,0,0.431656,0.418011
0.247974,0.344485,0.484722,0.502418,0.390841,0.437072,0.227582,0.475185,0.0316492,0.516075,0.582668,0.60318,0.766363,0.739337,0.737781,0.921742,0.809207,0.464299,0.801041,0.428901,0,0,0,0,0,0,0,0,0,0,0,0,0.268392,0.314535,0,0,0.441863,0.428897
0.25614,0.341739,0.47247,0.505149,0.376553,0.442508,0.223497,0.477926,0.0214499,0.518796,0.582674,0.578655,0.760204,0.75566,0.727573,0.935379,0.89084,0.529652,0,0,0,0,0,0,0.907162,0.565055,0,0,0,0,0.264304,0.273685,0.303098,0.303638,0,0,0.496955,0.390775
0.284716,0.336328,0.476558,0.513313,0.370435,0.464303,0.199001,0.48065,0,0,0.582671,0.562322,0.745936,0.755689,0.71737,0.946261,0,0,0,0,0,0,0,0,0,0,0,0,0,0,0.280649,0.257372,0.343911,0.29274,0,0,0.537771,0.349919
0.307152,0.314539,0.482671,0.494251,0.378596,0.447974,0.209202,0.483356,0,0,0.588798,0.540551,0.737772,0.752948,0.713291,0.954439,0,0,0,0,0,0,0,0,0,0,0,0,0,0,0.290858,0.249187,0.3684,0.254637,0,0,0.545967,0.33633
0.307171,0.314567,0.480639,0.494257,0.378592,0.450687,0.205122,0.483366,0,0,0.586763,0.54055,0.737767,0.752953,0.711259,0.957154,0,0,0,0,0,0,0,0,0,0,0,0,0,0,0.292875,0.249211,0.370423,0.251969,0,0,0.545952,0.336325
0.319406,0.303622,0.486764,0.48882,0.374512,0.450681,0.205125,0.483351,0,0,0.588803,0.537813,0.729639,0.752915,0.711238,0.954428,0,0,0,0,0,0,0,0,0,0,0,0,0,0,0.301061,0.227395,0.388793,0.23555,0,0,0.55818,0.322688
0.321435,0.292787,0.484717,0.488805,0.364307,0.453403,0.196964,0.483351,0,0,0.588804,0.529657,0.725543,0.750217,0.709194,0.951725,0,0,0,0,0,0,0,0,0,0,0,0,0,0,0.303061,0.224636,0.390834,0.227424,0,0,0.554121,0.314559
0.31944,0.295442,0.482668,0.486094,0.360235,0.450689,0.0336826,0.51607,0.0132823,0.529652,0.588792,0.529642,0.719415,0.750197,0.703083,0.970778,0,0,0,0,0,0,0,0,0,0,0,0,0,0,0.301054,0.224689,0.388825,0.230129,0,0,0.552063,0.314542
0.321436,0.295446,0.48267,0.488793,0.360234,0.450686,0.0316778,0.516058,0.0112563,0.529659,0.588804,0.532363,0.719405,0.750219,0.703076,0.968053,0,0,0,0,0,0,0,0,0,0,0,0,0,0,0.301054,0.224692,0.390825,0.230104,0,0,0.552063,0.317237
0.325521,0.303623,0.476551,0.488791,0.358185,0.453397,0.031677,0.516071,0.0153273,0.524215,0.588794,0.532384,0.71327,0.75294,0.694925,0.995285,0,0,0,0,0,0,0,0,0,0,0,0,0,0,0.303101,0.23015,0.396961,0.24371,0,0,0.558183,0.322722
0.348003,0.314514,0.476539,0.48883,0.352068,0.458858,0.186751,0.486097,0,0,0.588804,0.535084,0.707167,0.758386,0.684716,0.995288,0.884716,0.562322,0,0,0,0,0,0,0,0,0,0,0,0,0.319447,0.241035,0.427593,0.251927,0,0,0.56431,0.333608
0.394934,0.32545,0.466338,0.502425,0.325538,0.475202,0.0336874,0.518788,0.0112576,0.532385,0.601044,0.543269,0.70514,0.763833,0.68268,0.995288,0,0,0,0,0,0,0,0,0,0,0,0,0,0,0.356156,0.249193,0.478584,0.262801,0.313285,0.254641,0.586767,0.339074
0.396968,0.325421,0.462272,0.505142,0.321453,0.475201,0.0316677,0.518803,0.0112665,0.535086,0.601038,0.545979,0.707148,0.763848,0.682676,0.995288,0,0,0,0,0,0,0,0,0,0,0,0,0,0,0.356156,0.249183,0.478576,0.262808,0.307177,0.251908,0.586755,0.339064
0.441845,0.328151,0.472462,0.494264,0.341858,0.46702,0.180633,0.48608,0,0,0.605129,0.540541,0.707178,0.774723,0.67655,0.99529,0.578594,0.993921,0.490839,0.850964,0,0,0,0,0.656145,0.993921,0,0,0,0,0.386765,0.251915,0.517375,0.276377,0.323508,0.241028,0.60922,0.336316
0.466347,0.336312,0.484722,0.491544,0.352062,0.458869,0.190827,0.486081,0,0,0.611241,0.5487,0.705145,0.777461,0.672467,0.995291,0.576553,0.993921,0.494923,0.976221,0,0,0,0,0.650022,0.993921,0,0,0,0,0.411249,0.251966,0.543896,0.284579,0.339828,0.251924,0.627601,0.339006
0.482684,0.339071,0.488796,0.494267,0.347984,0.461591,0.186749,0.488806,0,0,0.615323,0.548709,0.707155,0.780167,0.668381,0.995291,0.578596,0.993921,0.492883,0.870024,0,0,0,0,0.652067,0.993921,0,0,0,0,0.427578,0.251971,0.562262,0.292704,0.343906,0.25189,0.635745,0.344507
0.482686,0.339078,0.494904,0.491538,0.354099,0.461567,0.188796,0.488801,0,0,0.615333,0.548707,0.70715,0.780145,0.668384,0.99529,0.58676,0.993921,0.501043,0.864581,0,0,0,0,0.66023,0.993921,0,0,0,0,0.427582,0.254604,0.562257,0.292709,0.345944,0.251896,0.635722,0.347221
0.498995,0.339068,0.496943,0.488809,0.356154,0.458831,0.190831,0.488829,0,0,0.625537,0.545998,0.709192,0.782908,0.664311,0.995292,0.59492,0.886363,0.501046,0.837348,0,0,0,0,0.668392,0.993921,0,0,0,0,0.43779,0.251913,0.57653,0.292705,0.352062,0.251927,0.647981,0.339019
0.507151,0.336278,0.496957,0.491529,0.35614,0.461574,0.190857,0.488815,0,0,0.625537,0.545983,0.707151,0.782916,0.660232,0.995292,0.58676,0.993921,0.499004,0.861855,0,0,0,0,0.664308,0.993921,0,0,0,0,0.450005,0.249183,0.582664,0.284577,0.356131,0.270969,0.650039,0.333615
0.515313,0.325414,0.496958,0.491539,0.354112,0.464301,0.190854,0.488821,0,0,0.625527,0.545981,0.696996,0.782869,0.658179,0.995291,0.580635,0.993921,0.49492,0.867302,0,0,0,0,0.656147,0.993921,0,0,0,0,0.452039,0.246456,0.584732,0.27642,0.35412,0.29002,0.652074,0.325442
0.515304,0.325413,0.49697,0.491552,0.35412,0.464293,0.190853,0.488817,0.0255275,0.52419,0.625525,0.545992,0.696987,0.780174,0.658188,0.995291,0.576555,0.993921,0.492878,0.870024,0,0,0,0,0.654105,0.993922,0,0,0,0,0.452045,0.246458,0.584726,0.276438,0.354115,0.279137,0.652087,0.325434
0.515324,0.317279,0.496972,0.488815,0.358177,0.461565,0.190849,0.488825,0,0,0.627573,0.543263,0.684725,0.780177,0.635736,0.995291,0.56839,0.993922,0.476553,0.995283,0,0,0,0,0.645941,0.993922,0,0,0,0,0.452065,0.24371,0.586742,0.270972,0.354111,0.284596,0.654128,0.314588
0.523473,0.314516,0.496968,0.488824,0.358197,0.46158,0.190855,0.488823,0,0,0.627573,0.540537,0.664313,0.782894,0.60309,0.995292,0,0,0,0,0,0,0,0,0,0,0,0,0,0,0.460226,0.230133,0.594937,0.268237,0.358204,0.295498,0.66021,0.314525
0.54188,0.306367,0.498995,0.483357,0.362277,0.453413,0.194926,0.488813,0,0,0.631646,0.535094,0.650033,0.785608,0.586753,0.995289,0.635735,0.657628,0,0,0,0,0,0,0.709204,0.663069,0,0,0,0,0.482655,0.224641,0.615318,0.262816,0.366347,0.292762,0.670433,0.311821
0.543876,0.306374,0.499004,0.48336,0.362274,0.453423,0.194922,0.48881,0,0,0.629625,0.532387,0.650026,0.785596,0.584724,0.99529,0.635739,0.660346,0.547982,0.665799,0,0,0,0,0.709217,0.663084,0,0,0,0,0.482677,0.221986,0.615319,0.262807,0.366352,0.292741,0.670426,0.311841
0.690827,0.442523,0.517366,0.551439,0.356152,0.516028,0.188808,0.52146,0,0,0.666341,0.586842,0.660227,0.842793,0.476552,0.965338,0,0,0,0,0,0,0,0,0,0,0,0,0,0,0.613285,0.377169,0.717377,0.358073,0.417385,0.390788,0,0
0.69083,0.439814,0.517374,0.551438,0.358177,0.516019,0.188807,0.518795,0,0,0.666353,0.592284,0.660239,0.842797,0.4786,0.96534,0,0,0,0,0,0,0,0,0,0,0,0,0,0,0.613299,0.377135,0.719407,0.358129,0.421437,0.390757,0,0
0.690831,0.442495,0.517382,0.551425,0.358189,0.516042,0.188805,0.521458,0,0,0.666359,0.586843,0.662266,0.840072,0.480632,0.965345,0,0,0,0,0,0,0,0,0,0,0,0,0,0,0.613313,0.374463,0.719418,0.358108,0.42145,0.393475,0,0
0.692873,0.439777,0.519405,0.551448,0.356143,0.518751,0.188803,0.51878,0,0,0.668386,0.589555,0.662265,0.842785,0.478597,0.962618,0,0,0,0,0,0,0,0,0,0,0,0,0,0,0.621441,0.371702,0.719435,0.358099,0.421466,0.38531,0,0
0.694898,0.434351,0.517375,0.551433,0.358175,0.516046,0.188791,0.51875,0,0,0.666347,0.586837,0.66227,0.842782,0.478596,0.962614,0,0,0,0,0,0,0,0,0,0,0,0,0,0,0.623496,0.363565,0.723466,0.355345,0.42755,0.377154,0,0
0.694949,0.428913,0.513275,0.551426,0.350021,0.518755,0.186755,0.518747,0.00920456,0.529647,0.66635,0.578679,0.662272,0.845532,0.480631,0.962592,0,0,0,0,0,0,0,0,0,0,0,0,0,0,0.623498,0.358118,0.723479,0.347222,0.427555,0.371746,0,0
0.696938,0.428905,0.513295,0.551426,0.352057,0.51605,0.186754,0.518746,0,0,0.666347,0.581399,0.662276,0.845507,0.484727,0.959903,0,0,0,0,0,0,0,0,0,0,0,0,0,0,0.623492,0.358109,0.723474,0.347204,0.427562,0.374423,0,0
0.694905,0.426205,0.517376,0.551423,0.35615,0.516055,0.188793,0.516044,0,0,0.672465,0.578675,0.666348,0.84278,0.490847,0.959907,0,0,0,0,0,0,0,0,0,0,0,0,0,0,0.619409,0.358059,0.72146,0.347203,0.427561,0.374445,0,0
0.684733,0.426221,0.515334,0.551452,0.356139,0.518753,0.186759,0.518743,0,0,0.67044,0.578663,0.666349,0.842781,0.492893,0.962622,0,0,0,0,0,0,0,0,0,0,0,0,0,0,0.609173,0.35806,0.715318,0.344466,0.419411,0.374421,0,0
0.666351,0.426149,0.517367,0.548699,0.35614,0.516019,0.186766,0.518743,0,0,0.670427,0.573221,0.668373,0.84007,0.492867,0.962607,0,0,0,0,0,0,0,0,0,0,0,0,0,0,0.590835,0.355375,0.705126,0.34722,0.411251,0.369033,0,0
0.666349,0.426145,0.517365,0.548697,0.356139,0.516024,0.186762,0.518749,0,0,0.670429,0.573219,0.666357,0.842777,0.49288,0.962613,0,0,0,0,0,0,0,0,0,0,0,0,0,0,0.590841,0.355358,0.705114,0.347233,0.411247,0.371701,0,0
0.650027,0.426144,0.513289,0.545981,0.354104,0.513325,0.186764,0.518761,0,0,0.668396,0.570483,0.666339,0.842789,0.490837,0.962612,0,0,0,0,0,0,0,0,0,0,0,0,0,0,0.576546,0.352663,0.694928,0.349909,0.403076,0.366254,0,0
0.643901,0.426165,0.51533,0.543256,0.356135,0.513322,0.188789,0.518744,0.00919921,0.53509,0.666359,0.567766,0.666361,0.853689,0.48675,0.962609,0.501043,0.993921,0.415327,0.993924,0,0,0,0,0.572475,0.993922,0,0,0,0,0.568377,0.355343,0.688813,0.352651,0.398992,0.368998,0,0
0.631661,0.439774,0.507171,0.545975,0.345947,0.516054,0.188788,0.516058,0.00718996,0.53239,0.662257,0.56506,0.684712,0.850969,0.494933,0.940812,0,0,0,0,0,0,0,0,0,0,0,0,0,0,0.562293,0.369001,0.678581,0.366267,0.390863,0.379874,0,0
0.631651,0.439778,0.507172,0.543275,0.345949,0.516053,0.188803,0.51605,0.00719166,0.532379,0.66227,0.565046,0.682687,0.850976,0.494916,0.938121,0,0,0,0,0,0,0,0,0,0,0,0,0,0,0.562284,0.368995,0.678579,0.366274,0.390862,0.379878,0,0
0.607182,0.486086,0.499018,0.548697,0.335743,0.521495,0.18472,0.518757,0.00922545,0.537811,0.656152,0.562333,0.703087,0.861844,0.509217,0.92446,0.547983,0.989836,0.46431,0.995283,0,0,0,0,0.625532,0.993921,0,0,0,0,0.541873,0.398961,0.664296,0.396243,0.370432,0.385332,0,0
0.560227,0.573226,0.499,0.543256,0.339821,0.526916,0.186774,0.513279,0.00717435,0.53235,0.645947,0.562334,0.711264,0.859129,0.513293,0.902683,0,0,0,0,0,0,0,0,0,0,0,0,0,0,0.490842,0.521483,0.621452,0.499702,0.364312,0.428901,0.662267,0.437076
