0.505847,0.33584,0.50589,0.376677,0.482911,0.382173,0.470666,0.431249,0.456855,0.485728,0.528835,0.368522,0.541103,0.431193,0.531933,0.48574,0.531894,0.447606,0.519637,0.463886,0.553364,0.485695,0.591612,0.485652,0.544162,0.433955,0.561025,0.450295,0.599316,0.488456,0.495129,0.324959,0.508914,0.316728,0.481358,0.338558,0.519666,0.314102
0.505867,0.338518,0.507367,0.376758,0.482906,0.384905,0.472142,0.433982,0.45684,0.488389,0.528853,0.368572,0.541123,0.431186,0.533439,0.488376,0.531897,0.450286,0.519644,0.466579,0.556405,0.488366,0.593139,0.48836,0.544164,0.433978,0.562538,0.452993,0.600827,0.491149,0.495142,0.330396,0.508925,0.316815,0.481365,0.338616,0.51967,0.316765
0.505868,0.338557,0.507379,0.379405,0.482923,0.384931,0.470664,0.439376,0.456831,0.488441,0.52887,0.371264,0.542616,0.431258,0.533469,0.485732,0.531912,0.452981,0.519647,0.466607,0.554882,0.488404,0.593135,0.488414,0.544174,0.439356,0.564064,0.455709,0.599324,0.491155,0.495145,0.333097,0.508925,0.319495,0.481371,0.341243,0.521162,0.316783
0.505869,0.341323,0.507376,0.379449,0.482913,0.387655,0.470659,0.439418,0.456841,0.488482,0.530364,0.371296,0.542655,0.433963,0.533478,0.485737,0.531918,0.455705,0.519658,0.466665,0.554861,0.488415,0.593143,0.488493,0.544172,0.442068,0.562551,0.453041,0.600834,0.49118,0.495149,0.338506,0.508927,0.327697,0.481377,0.341334,0.521165,0.31954
0.504348,0.346777,0.507369,0.379463,0.482907,0.390326,0.472142,0.439415,0.456844,0.488496,0.528868,0.371306,0.544141,0.431247,0.536496,0.485669,0.5319,0.453027,0.519649,0.466627,0.550287,0.488424,0.59163,0.488462,0.544152,0.43939,0.562547,0.453009,0.600828,0.491177,0.495137,0.34125,0.507438,0.335853,0.481357,0.343995,0.51968,0.324973
0.499733,0.368572,0.504349,0.379461,0.481363,0.390368,0.470662,0.442099,0.45686,0.488488,0.527331,0.371279,0.544156,0.428493,0.542614,0.472132,0.530396,0.450332,0.519633,0.466592,0.544176,0.488422,0.591613,0.491147,0.542653,0.436683,0.565598,0.455715,0.602362,0.491201,0.493599,0.360348,0.50589,0.354911,0.478295,0.349453,0.518131,0.338511
0.498214,0.382145,0.502796,0.379494,0.479813,0.395756,0.470641,0.442128,0.456861,0.491098,0.525794,0.37126,0.544184,0.423042,0.544149,0.466599,0.530386,0.450297,0.519634,0.463944,0.544172,0.488462,0.591626,0.491161,0.542625,0.436646,0.56409,0.455717,0.602356,0.491196,0.492071,0.373985,0.505852,0.368542,0.475248,0.354903,0.516587,0.341341
0.498218,0.398434,0.498227,0.382226,0.475258,0.401172,0.469109,0.447512,0.456861,0.491122,0.522719,0.373965,0.545692,0.414842,0.545723,0.455725,0.528862,0.447616,0.518107,0.463919,0.541078,0.48842,0.583998,0.491127,0.541113,0.433983,0.564092,0.452977,0.60084,0.491199,0.492087,0.393025,0.502788,0.382213,0.479816,0.37944,0.50742,0.368508
0.489032,0.398548,0.496683,0.38762,0.473741,0.403911,0.469111,0.44484,0.456852,0.491133,0.521163,0.374039,0.545689,0.409429,0.547214,0.450315,0.528831,0.447526,0.516577,0.461194,0.539562,0.488474,0.587038,0.491171,0.541077,0.433899,0.565598,0.453039,0.600836,0.491223,0.48138,0.393066,0.493616,0.387581,0.473697,0.384912,0.504352,0.374019
0.484423,0.433906,0.492094,0.406723,0.473713,0.428457,0.464517,0.455785,0.455326,0.491209,0.508969,0.384927,0.54416,0.422977,0.545713,0.458472,0.5304,0.444792,0.521192,0.458443,0.535012,0.488495,0.593141,0.491121,0.541108,0.428508,0.564073,0.45845,0.599332,0.493929,0.47832,0.428515,0.487501,0.423035,0.473718,0.423029,0.496698,0.40126
0.476773,0.439389,0.492071,0.425704,0.470669,0.439407,0.459917,0.474816,0.452244,0.493929,0.511992,0.401211,0.54265,0.436662,0.544176,0.477523,0.531903,0.442085,0.5212,0.45848,0.545682,0.496617,0.591672,0.488463,0.542626,0.425788,0.567131,0.463914,0.600842,0.493867,0.475262,0.433973,0.481358,0.431246,0.472199,0.431174,0.498207,0.425785
0.49056,0.485692,0.493619,0.439371,0.472154,0.450288,0.459904,0.482992,0.450721,0.49659,0.518098,0.425753,0.542672,0.474834,0.533474,0.515654,0.527332,0.42579,0.516575,0.439418,0.545704,0.49391,0.593189,0.488416,0.539577,0.409445,0.559527,0.466682,0.603872,0.493931,0,0,0.49515,0.485694,0.479839,0.439388,0.50281,0.461207
0.499744,0.502052,0.493645,0.447555,0.472139,0.458472,0.45996,0.477518,0.453782,0.493963,0.518133,0.428453,0.547228,0.472137,0.538018,0.515621,0.52576,0.423011,0.512006,0.433912,0.544187,0.491148,0.596231,0.488427,0.53803,0.404032,0.561028,0.466632,0.603924,0.493954,0,0,0.49974,0.496581,0.481376,0.461176,0.507418,0.466641
0.505866,0.496586,0.496695,0.436677,0.475253,0.439361,0.467573,0.450269,0.456877,0.491152,0.516597,0.42845,0.545722,0.469319,0.536503,0.513053,0.518138,0.42299,0.507423,0.433952,0.54722,0.488386,0.594716,0.488428,0.534969,0.403963,0.564057,0.466558,0.605427,0.493873,0,0,0,0,0,0,0.507434,0.463917
0.487518,0.491203,0.496685,0.442095,0.476748,0.436665,0.466048,0.450252,0.456864,0.491151,0.51661,0.43121,0.545705,0.466693,0.536502,0.513056,0.518109,0.423022,0.50742,0.433933,0.545692,0.488395,0.59318,0.488486,0.53194,0.404055,0.564071,0.466585,0.605406,0.493871,0,0,0,0,0,0,0.507363,0.463926
0.487497,0.491163,0.496679,0.444803,0.473748,0.442087,0.466066,0.447559,0.456873,0.49117,0.515051,0.43664,0.54574,0.469315,0.535006,0.515649,0.516605,0.423088,0.507401,0.436676,0.545706,0.485738,0.594728,0.488459,0.531877,0.406702,0.562527,0.466589,0.603893,0.496599,0,0,0.492089,0.491155,0,0,0.504338,0.463911
0.485962,0.488483,0.495181,0.444846,0.473692,0.442127,0.46454,0.447671,0.456856,0.491167,0.513544,0.43936,0.54575,0.469313,0.535003,0.51564,0.516567,0.423073,0.505879,0.433965,0.545704,0.485681,0.594734,0.491149,0.530385,0.406666,0.56102,0.466547,0.603884,0.499297,0,0,0.487507,0.488455,0,0,0.504349,0.466566
0.487515,0.488464,0.49665,0.444849,0.473705,0.442123,0.464521,0.450261,0.456847,0.491175,0.515062,0.439399,0.547211,0.469329,0.534977,0.515643,0.518102,0.423051,0.5074,0.433974,0.545692,0.485748,0.593204,0.491187,0.531893,0.406668,0.562531,0.466594,0.603888,0.496591,0.485944,0.488479,0.492084,0.49117,0,0,0.505864,0.466587
0.487507,0.488464,0.495182,0.444827,0.473693,0.444762,0.464518,0.450285,0.456832,0.491174,0.515064,0.436688,0.547214,0.46933,0.534963,0.515645,0.51812,0.42307,0.507418,0.433985,0.545693,0.485705,0.594704,0.493861,0.531917,0.406706,0.562529,0.466595,0.603898,0.496574,0.484472,0.488412,0.490558,0.491121,0,0,0.505851,0.466558
0.485979,0.488436,0.496671,0.444809,0.475229,0.43669,0.464535,0.447675,0.456843,0.49115,0.516595,0.43666,0.545721,0.469341,0.534988,0.515644,0.518129,0.423062,0.507417,0.436643,0.54571,0.485726,0.594695,0.491173,0.531943,0.406711,0.561047,0.466624,0.603888,0.496569,0.484446,0.488405,0.48902,0.488488,0,0,0.507368,0.463899
0.484429,0.48847,0.496658,0.447501,0.476759,0.436662,0.466029,0.447601,0.456836,0.491135,0.516597,0.439395,0.545695,0.469352,0.534979,0.515649,0.519638,0.423011,0.508942,0.431245,0.545683,0.485747,0.594708,0.491171,0.53193,0.406684,0.56101,0.466587,0.603882,0.496572,0.484416,0.488424,0.484434,0.488468,0,0,0.505886,0.466621
0.484411,0.491159,0.495147,0.447498,0.475262,0.436668,0.464497,0.450244,0.456816,0.491152,0.516577,0.439371,0.545659,0.469341,0.534961,0.515628,0.519636,0.423004,0.508929,0.431219,0.544171,0.488382,0.59471,0.491148,0.531904,0.406686,0.560995,0.466568,0.602374,0.493938,0.484404,0.488428,0.484446,0.488459,0,0,0.504343,0.466627
0.487506,0.493888,0.495146,0.444792,0.473719,0.439411,0.461495,0.450301,0.453811,0.491217,0.513534,0.433925,0.544177,0.469426,0.533482,0.51562,0.516597,0.423065,0.505886,0.433963,0.544152,0.488472,0.593195,0.488485,0.530409,0.406698,0.560995,0.466596,0.600847,0.493952,0.484471,0.488516,0,0,0,0,0.50584,0.466595
0.484429,0.49121,0.495118,0.442117,0.472209,0.442082,0.461424,0.450322,0.453799,0.491201,0.51046,0.431221,0.542656,0.469426,0.533426,0.515618,0.515046,0.423067,0.504327,0.436692,0.544165,0.488437,0.593193,0.488455,0.530354,0.406703,0.559458,0.466613,0.599307,0.493936,0.482925,0.488523,0,0,0,0,0.502805,0.466666
0.484434,0.496591,0.496679,0.439368,0.472197,0.43939,0.461444,0.447695,0.453769,0.491169,0,0,0,0,0,0,0.51352,0.428478,0,0,0,0,0,0,0.531893,0.417535,0.557985,0.466705,0.59629,0.493952,0.48289,0.491077,0.48293,0.491147,0,0,0,0
0.484429,0.49931,0.492091,0.447494,0.472217,0.44207,0.461443,0.447515,0.452251,0.491143,0.508928,0.428547,0.542585,0.469444,0.531924,0.513053,0.513521,0.425798,0.507379,0.439352,0.545695,0.488381,0.593199,0.491159,0.52886,0.409408,0.557986,0.466582,0.597773,0.496621,0,0,0,0,0,0,0.499741,0.466617
0.47677,0.491166,0.489013,0.450269,0.472196,0.447513,0.459983,0.447587,0.450755,0.491188,0.507418,0.431264,0.54111,0.469408,0.531892,0.515663,0.515066,0.425768,0.505881,0.436623,0.544172,0.488441,0.591671,0.491162,0.527321,0.409394,0.557978,0.466578,0.599322,0.496634,0,0,0,0,0,0,0.499733,0.469291
0.481374,0.499319,0.489009,0.447557,0.466066,0.447618,0.458365,0.463917,0.447703,0.493871,0.508914,0.431253,0.541077,0.469381,0.531886,0.515628,0.513525,0.428472,0.504332,0.439377,0.539569,0.491143,0.587055,0.49112,0.528842,0.412127,0.557959,0.466631,0.599307,0.496591,0,0,0.482891,0.491148,0.476764,0.469374,0.496682,0.466648
0.484434,0.499329,0.48749,0.447631,0.467573,0.447649,0.458358,0.46394,0.449184,0.491284,0.508906,0.433944,0.539577,0.469337,0.531881,0.515616,0.51047,0.428447,0.502797,0.439359,0.53957,0.488467,0.591633,0.491138,0.527322,0.409409,0.557938,0.466601,0.599297,0.496617,0,0,0,0,0.475272,0.466656,0.496667,0.466652
0.48443,0.499313,0.487517,0.447615,0.46913,0.447571,0.458389,0.458507,0.449204,0.491235,0.507423,0.43393,0.539561,0.469336,0.531889,0.513066,0.511999,0.428475,0.502819,0.439368,0.538047,0.488493,0.590126,0.48847,0.527317,0.412116,0.557935,0.466622,0.597798,0.496605,0,0,0.482901,0.491144,0.476805,0.463911,0.495179,0.466658
0.487493,0.496597,0.490542,0.447606,0.470659,0.444887,0.459881,0.453028,0.450711,0.491208,0.508942,0.433966,0.539586,0.469324,0.531908,0.513039,0.510466,0.42844,0.502808,0.436696,0.53958,0.488458,0.591634,0.48846,0.527303,0.409408,0.557916,0.466588,0.59627,0.496589,0,0,0,0,0,0,0.496715,0.466663
0,0,0.525789,0.436677,0.54111,0.433943,0.551835,0.474793,0.530371,0.521109,0,0,0,0,0,0,0,0,0,0,0,0,0,0,0,0,0,0,0,0,0,0,0,0,0.544175,0.436665,0,0
0.481381,0.493911,0.492099,0.447494,0.472226,0.444833,0.458455,0.455715,0.452242,0.491216,0.510499,0.428534,0.541129,0.469349,0.531946,0.513069,0.511984,0.428455,0.504323,0.439392,0.544169,0.485685,0.593179,0.493867,0.528853,0.409449,0.556452,0.466619,0.59476,0.496594,0,0,0,0,0,0,0.499768,0.466703
0.484414,0.499321,0.493618,0.444839,0.472142,0.444886,0.459903,0.461189,0.452245,0.491265,0.512002,0.428547,0.541116,0.469329,0.531933,0.51566,0.511997,0.425751,0.502813,0.436688,0.536497,0.491131,0.590119,0.488471,0.528861,0.406745,0.556434,0.466615,0.596238,0.49396,0,0,0.487506,0.493882,0,0,0.504321,0.469297
0.48444,0.493875,0.49512,0.444794,0.47219,0.444797,0.459933,0.455796,0.45226,0.491208,0.512002,0.428531,0.542593,0.469311,0.531955,0.515669,0.513516,0.425758,0.504333,0.436692,0.53956,0.488487,0.591642,0.491125,0.528863,0.409386,0.556409,0.466631,0.596243,0.493919,0,0,0.487496,0.491152,0.485982,0.472089,0.502806,0.463931
0.481385,0.474813,0.493634,0.433941,0.470649,0.442085,0.458438,0.466682,0.449183,0.49388,0.513549,0.425739,0.541106,0.466669,0.531949,0.515618,0.516573,0.425788,0.507391,0.436692,0.522721,0.493899,0,0,0.530371,0.412112,0.55639,0.46659,0.594742,0.493888,0,0,0.484442,0.474826,0,0,0.501275,0.458453
0,0,0.49362,0.431212,0.470648,0.439372,0.458442,0.469376,0.447689,0.493919,0.51658,0.423039,0.541086,0.466703,0.53194,0.515627,0.518095,0.425789,0.50892,0.436678,0.522713,0.496592,0.583991,0.488475,0.530356,0.409453,0.556408,0.463959,0.594751,0.493846,0,0,0,0,0.478296,0.455702,0.505843,0.455699
0,0,0.495144,0.428513,0.472152,0.431234,0.45994,0.46118,0.449205,0.493839,0.518135,0.423018,0.541102,0.466666,0.531935,0.515621,0.515046,0.423008,0,0,0,0,0,0,0.528857,0.404058,0.556425,0.461236,0.596228,0.491187,0,0,0,0,0.478298,0.447594,0.507374,0.450263
0,0,0.495152,0.42847,0.47221,0.428576,0.459976,0.458421,0.449222,0.491274,0.519626,0.423029,0.541124,0.469295,0.53193,0.515619,0.518105,0.423067,0,0,0,0,0,0,0.530388,0.406724,0.556439,0.461225,0.596228,0.491189,0,0,0,0,0.479806,0.444839,0.504349,0.447613
0.482874,0.469321,0.495148,0.431278,0.472197,0.436688,0.459944,0.458507,0.449219,0.491267,0.519626,0.425704,0.542664,0.469407,0.531931,0.515641,0.513534,0.423018,0.507411,0.431228,0.542646,0.485729,0.591645,0.491173,0.528826,0.40671,0.556446,0.461222,0.596244,0.491231,0.482931,0.466669,0.484446,0.469375,0.482893,0.461133,0.502814,0.458465
0.502794,0.49119,0.493634,0.436648,0.473731,0.439372,0.459962,0.458421,0.449198,0.493856,0.516598,0.425786,0.544138,0.472056,0.531932,0.515644,0.516578,0.420313,0.507396,0.433906,0.544184,0.488438,0.590113,0.491123,0.528826,0.403995,0.557951,0.463903,0.596282,0.491231,0,0,0,0,0.485952,0.458431,0.504336,0.463916
0.482911,0.496606,0.49667,0.436696,0.476763,0.436637,0.461452,0.455771,0.450726,0.493844,0.51962,0.428511,0.544213,0.472148,0.533407,0.515666,0.51201,0.420305,0.501289,0.428516,0.544175,0.485716,0.593175,0.488457,0.528858,0.404035,0.557937,0.463857,0.597766,0.49125,0,0,0.484455,0.493875,0.487495,0.466653,0.505875,0.466566
0.485985,0.491197,0.496681,0.450275,0.47678,0.447507,0.461477,0.455697,0.452239,0.491244,0.519654,0.431282,0.54567,0.472077,0.533416,0.515645,0.515056,0.417561,0.504328,0.428463,0.544166,0.485706,0.591653,0.491194,0.528848,0.403944,0.557941,0.463873,0.600829,0.491205,0.486002,0.491151,0.487495,0.48848,0,0,0.504327,0.469343
0.49055,0.488457,0.498212,0.447534,0.481332,0.442121,0.461501,0.455686,0.452241,0.491217,0.519631,0.433931,0.54572,0.472115,0.533443,0.515657,0.518111,0.420322,0.507399,0.428515,0.54571,0.482983,0.591659,0.4912,0.530378,0.40402,0.55797,0.463845,0.599319,0.491195,0.489019,0.488485,0.489032,0.488413,0.49514,0.488451,0.505868,0.46933
0.493608,0.491137,0.498228,0.447498,0.479858,0.442116,0.461491,0.455698,0.452245,0.491222,0.519657,0.43395,0.545731,0.472122,0.53346,0.515655,0.518108,0.420329,0.507398,0.428514,0.545695,0.482984,0.591654,0.491206,0.53039,0.404031,0.557962,0.463861,0.59932,0.491198,0.492057,0.491149,0.49207,0.488431,0.495139,0.488462,0.504343,0.469346
0.495138,0.491172,0.496712,0.444858,0.479838,0.442109,0.461499,0.455715,0.450757,0.491229,0.519632,0.431286,0.545696,0.472129,0.53345,0.515653,0.518128,0.420301,0.507412,0.428475,0.544186,0.482997,0.593177,0.491181,0.530392,0.404024,0.557967,0.463861,0.599309,0.491207,0.493618,0.491118,0.493615,0.48842,0.49514,0.488376,0.504348,0.466643
0.495151,0.491138,0.498199,0.444848,0.479832,0.442111,0.462965,0.45569,0.450754,0.491228,0.519644,0.433939,0.545695,0.472135,0.533455,0.515645,0.518115,0.42032,0.507401,0.428486,0.544183,0.485661,0.594701,0.491161,0.530397,0.404033,0.557963,0.46387,0.599324,0.491189,0.49363,0.491093,0.492096,0.488416,0.493644,0.488364,0.505867,0.469304
0.493611,0.491206,0.498211,0.447519,0.479825,0.442131,0.462967,0.453066,0.450757,0.491237,0.519634,0.436651,0.545678,0.472113,0.533453,0.515634,0.5166,0.420317,0.505876,0.428497,0.544177,0.485665,0.599301,0.491187,0.530392,0.404018,0.557942,0.463845,0.599326,0.491229,0.492094,0.491183,0.492069,0.491126,0.493605,0.485732,0.507382,0.469308
0.49361,0.493866,0.498215,0.44484,0.478304,0.444771,0.461498,0.455707,0.452248,0.491227,0.519639,0.433949,0.545682,0.472125,0.533452,0.51564,0.516576,0.423041,0.505874,0.43123,0.545703,0.483007,0.599314,0.491188,0.531875,0.40668,0.557935,0.463861,0.59932,0.49126,0.492073,0.491201,0.490569,0.491168,0.492095,0.48572,0.505884,0.466622
0.493628,0.496603,0.498214,0.444834,0.478271,0.444814,0.461486,0.45572,0.452244,0.491229,0.519643,0.433923,0.545679,0.472102,0.533458,0.515621,0.515069,0.42305,0.50586,0.431264,0.547223,0.482982,0.60083,0.491186,0.531878,0.40666,0.557931,0.463859,0.600831,0.491261,0,0,0.49363,0.493852,0.492103,0.485742,0.507376,0.466594
0.495146,0.496599,0.498224,0.444809,0.478304,0.442129,0.461494,0.455716,0.45225,0.491224,0.519646,0.431253,0.54569,0.472078,0.533463,0.515624,0.516581,0.423035,0.505884,0.431242,0.545705,0.483006,0.599306,0.49118,0.531884,0.406659,0.557937,0.463865,0.600821,0.491239,0.492065,0.491231,0.493629,0.491224,0.492102,0.485698,0.507379,0.466585
0.495159,0.502002,0.498229,0.444806,0.478296,0.444769,0.461488,0.455726,0.45225,0.49122,0.519644,0.431244,0.545699,0.472077,0.533465,0.515644,0.516566,0.423031,0.505858,0.431269,0.545707,0.483007,0.599306,0.49119,0.531881,0.406653,0.557934,0.463874,0.600836,0.491219,0.492071,0.491267,0.495155,0.493856,0.492075,0.485696,0.507379,0.466588
0.493632,0.496596,0.49823,0.444792,0.478301,0.442137,0.461498,0.45572,0.45225,0.491221,0.519653,0.431221,0.545711,0.472069,0.533468,0.515651,0.516574,0.423074,0.505872,0.433946,0.545689,0.485665,0.59778,0.491187,0.531881,0.4067,0.557938,0.463866,0.600837,0.491216,0,0,0.495142,0.491194,0.490554,0.480271,0.507384,0.466564
0.493629,0.496571,0.498239,0.444795,0.478334,0.4421,0.462969,0.453068,0.452266,0.491198,0.519655,0.431239,0.545712,0.472057,0.533474,0.515625,0.516573,0.423052,0.505876,0.431256,0.544155,0.485668,0.594717,0.491178,0.531881,0.40669,0.557943,0.463866,0.600843,0.491181,0.492062,0.491232,0.493616,0.491173,0.492109,0.48573,0.507383,0.466579
0.495134,0.499308,0.498236,0.444815,0.478321,0.442137,0.461493,0.455692,0.452253,0.49121,0.519658,0.431232,0.545707,0.472045,0.533472,0.515614,0.516567,0.423031,0.505862,0.431263,0.544166,0.48566,0.596239,0.491162,0.531877,0.406656,0.557946,0.463857,0.600843,0.491162,0.492082,0.491263,0.493635,0.491215,0.492106,0.488365,0.507381,0.46659
0.493628,0.496616,0.498229,0.444791,0.478324,0.442109,0.461494,0.453057,0.45226,0.491193,0.519653,0.431206,0.545701,0.469432,0.533465,0.51563,0.515071,0.423046,0.505864,0.433919,0.545689,0.482974,0.599303,0.491166,0.530406,0.404062,0.55793,0.463838,0.600828,0.491184,0.490572,0.49124,0.493624,0.491209,0.492078,0.488349,0.507374,0.466591
0.493633,0.496592,0.498245,0.444817,0.479806,0.44207,0.462964,0.453009,0.452268,0.491189,0.519675,0.431205,0.545704,0.46945,0.533467,0.515643,0.515071,0.422999,0.505863,0.431243,0.545686,0.482972,0.5993,0.491158,0.530399,0.40402,0.557932,0.463843,0.600824,0.491194,0.492077,0.491226,0.493637,0.491203,0.492085,0.488345,0.507402,0.466611
0.495145,0.49661,0.49822,0.4475,0.476775,0.439413,0.461495,0.453031,0.452253,0.491199,0.521224,0.42855,0.545665,0.472095,0.533444,0.515637,0.515058,0.420275,0.504347,0.428523,0.544173,0.482981,0.596239,0.491155,0.530352,0.403984,0.557936,0.463849,0.599328,0.491187,0,0,0.495155,0.491213,0.487514,0.477552,0.510447,0.463938
0.496684,0.485665,0.499734,0.433899,0.478305,0.431233,0.4615,0.452995,0.452241,0.4912,0.521225,0.423092,0.544198,0.469442,0.53345,0.513059,0.513542,0.420336,0.504347,0.431214,0.550288,0.48022,0.597778,0.491148,0.530344,0.404027,0.557931,0.461235,0.599304,0.491239,0,0,0,0,0.487518,0.466567,0.508984,0.453014
0,0,0,0,0,0,0,0,0,0,0.479844,0.420312,0.459898,0.461172,0.447676,0.493872,0,0,0,0,0,0,0,0,0,0,0,0,0,0,0,0,0,0,0,0,0,0
0,0,0.496672,0.425852,0.473745,0.425773,0.461464,0.44759,0.450722,0.491187,0.521192,0.423014,0.541103,0.469333,0.531908,0.512998,0.513531,0.420308,0,0,0,0,0,0,0.530335,0.404049,0.557922,0.461195,0.597764,0.491194,0,0,0,0,0.482917,0.436618,0.507382,0.444835
0,0,0.495155,0.414862,0.473682,0.41487,0.459917,0.444818,0.450713,0.491097,0.521155,0.4067,0.539567,0.466668,0.53189,0.512951,0.519681,0.431175,0.510483,0.442103,0.547225,0.488516,0.590124,0.485702,0.531894,0.417552,0.557911,0.461165,0.597772,0.491214,0,0,0,0,0.482862,0.425754,0.501271,0.425822
0.499767,0.425847,0.495169,0.406688,0.473689,0.409452,0.459867,0.444851,0.44921,0.491109,0.519676,0.403932,0.536503,0.463932,0.5304,0.512962,0.521191,0.444783,0.51045,0.458453,0.548764,0.488489,0.58859,0.488399,0.5319,0.428441,0.556446,0.45849,0.596268,0.491194,0.496646,0.425677,0.501273,0.417625,0.484414,0.414888,0.507406,0.406679
0.499729,0.417597,0.496682,0.401205,0.473713,0.401288,0.458428,0.442125,0.449219,0.491098,0.521211,0.398527,0.531943,0.458437,0.530353,0.512906,0.521223,0.442096,0.508939,0.458439,0.545718,0.491144,0.587049,0.488414,0.531906,0.425789,0.556445,0.461142,0.59627,0.49118,0.49365,0.406708,0.502788,0.403972,0.482884,0.40116,0.507387,0.395781
0.498211,0.404051,0.496652,0.398495,0.473678,0.401243,0.458424,0.439404,0.44921,0.488499,0.521189,0.393082,0.5304,0.45299,0.530349,0.512943,0.5212,0.442138,0.508924,0.458487,0.553344,0.491238,0.587051,0.488397,0.531896,0.425772,0.556439,0.461141,0.596259,0.491201,0.493597,0.401248,0.501265,0.39849,0.479835,0.39305,0.507385,0.384889
0.498201,0.401281,0.495178,0.393071,0.473683,0.398529,0.459887,0.442069,0.449212,0.491111,0.521189,0.387619,0.528868,0.447608,0.528855,0.512895,0.521184,0.44484,0.508906,0.461185,0.551828,0.491228,0.588564,0.488336,0.530403,0.428499,0.556404,0.458496,0.594749,0.491219,0.492094,0.398446,0.502821,0.390335,0.478299,0.379509,0.508959,0.368526
0.501284,0.401188,0.495186,0.390369,0.47368,0.398469,0.459888,0.43939,0.449208,0.491124,0.521205,0.387606,0.528864,0.450305,0.527343,0.510262,0.52119,0.444839,0.508903,0.461192,0.54877,0.491173,0.587061,0.488386,0.531885,0.428486,0.556391,0.458483,0.594745,0.491201,0.493626,0.395734,0.505875,0.384902,0.478292,0.379426,0.510497,0.363157
0.50434,0.393046,0.495145,0.387609,0.472204,0.395797,0.459886,0.439384,0.449194,0.491127,0.519671,0.384875,0.528851,0.444866,0.527294,0.5048,0.521212,0.447536,0.508928,0.463867,0.547245,0.491171,0.588571,0.488441,0.531907,0.428527,0.554904,0.458472,0.594748,0.491219,0.495179,0.384901,0.507366,0.376749,0.478293,0.371291,0.508958,0.357613
0.504358,0.387636,0.49513,0.384915,0.472196,0.393089,0.459893,0.436701,0.4492,0.491105,0.519666,0.382185,0.528847,0.444814,0.527297,0.50203,0.521211,0.444853,0.50892,0.458499,0.550292,0.491207,0.58553,0.48843,0.531916,0.42848,0.556395,0.458479,0.594745,0.491238,0.496666,0.382173,0.507383,0.376687,0.476794,0.371245,0.508945,0.349503
0.505841,0.37672,0.49363,0.382175,0.472195,0.393065,0.4599,0.43938,0.447702,0.491145,0.518122,0.37672,0.528862,0.431223,0.528832,0.491181,0.521215,0.447522,0.508913,0.461221,0.550296,0.491213,0.583986,0.488408,0.531924,0.42852,0.556395,0.458471,0.594728,0.493918,0.495173,0.371231,0.507403,0.36038,0.475241,0.360371,0.508941,0.341323
0.50586,0.371288,0.493637,0.38212,0.4722,0.393054,0.459903,0.439387,0.44769,0.491139,0.51813,0.373992,0.530366,0.428521,0.528873,0.488473,0.522712,0.447544,0.508929,0.463889,0.550285,0.491189,0.585508,0.48845,0.531937,0.428537,0.55641,0.458488,0.594723,0.493908,0.495177,0.365786,0.50741,0.354927,0.475224,0.357672,0.508929,0.338581
0.50589,0.360397,0.495129,0.379454,0.472201,0.390365,0.459898,0.439361,0.447686,0.491136,0.519639,0.371247,0.531913,0.428481,0.531916,0.485726,0.522716,0.44759,0.508921,0.463893,0.544184,0.491212,0.584005,0.488499,0.533435,0.431248,0.557921,0.461185,0.594703,0.493858,0.495183,0.354922,0.508902,0.341354,0.475217,0.352189,0.502814,0.335841
0.507361,0.357669,0.495134,0.379439,0.472209,0.390354,0.4599,0.439366,0.447689,0.491125,0.519632,0.368578,0.531933,0.425782,0.531933,0.482979,0.522726,0.45027,0.508936,0.463917,0.544161,0.491224,0.582452,0.488488,0.533446,0.43393,0.557943,0.461173,0.594695,0.493874,0.49666,0.349499,0.507433,0.341257,0.47522,0.352162,0.504342,0.333114
0.507389,0.352181,0.49515,0.379392,0.4737,0.387656,0.459907,0.436704,0.447668,0.4911,0.51814,0.368526,0.533428,0.423077,0.533458,0.477546,0.522736,0.450301,0.508953,0.463941,0.542616,0.491231,0.577874,0.48847,0.533444,0.436631,0.557945,0.458493,0.593206,0.491221,0.496684,0.343996,0.508903,0.335881,0.475247,0.346787,0.508933,0.327672
0.507422,0.346782,0.495147,0.376747,0.4737,0.387651,0.459912,0.436695,0.447664,0.491102,0.518134,0.365851,0.533436,0.423072,0.533461,0.477535,0.522742,0.450287,0.508959,0.463924,0.541113,0.491222,0.579409,0.48845,0.533452,0.43663,0.557947,0.458492,0.593204,0.491217,0.498195,0.341322,0.508923,0.335814,0.475258,0.346721,0.495154,0.341295
0.50892,0.344021,0.495175,0.379392,0.473724,0.390315,0.459925,0.439358,0.447667,0.488486,0.519657,0.368514,0.533466,0.423056,0.533473,0.477501,0.522726,0.45028,0.508943,0.463895,0.539577,0.491169,0.580911,0.488459,0.533437,0.436648,0.557941,0.458464,0.593194,0.491195,0.498235,0.338629,0.508952,0.333084,0.476765,0.344036,0.498214,0.330394
0.508923,0.343988,0.49518,0.379394,0.473735,0.390317,0.459928,0.436698,0.447665,0.488486,0.519654,0.365857,0.533457,0.423056,0.533465,0.477512,0.522725,0.450259,0.508944,0.463887,0.541103,0.491179,0.58092,0.48847,0.533432,0.43397,0.55793,0.458491,0.593191,0.491177,0.49824,0.338603,0.508956,0.330401,0.476771,0.344013,0.498213,0.335845
0.508935,0.341293,0.495179,0.379414,0.473736,0.390316,0.459932,0.436697,0.447663,0.488477,0.519654,0.368524,0.533455,0.423076,0.533452,0.477518,0.52273,0.450275,0.508954,0.463903,0.541092,0.491201,0.58094,0.488459,0.533439,0.436635,0.557936,0.458501,0.593186,0.491204,0.499732,0.338537,0.508965,0.32765,0.476784,0.343998,0.495156,0.341292
0.508936,0.341296,0.495181,0.379442,0.473734,0.390324,0.459932,0.439364,0.447664,0.488476,0.519659,0.368578,0.533459,0.425737,0.53344,0.480214,0.522717,0.450322,0.508943,0.463928,0.541087,0.491186,0.582445,0.48847,0.533429,0.43669,0.557938,0.461173,0.593186,0.493851,0.499729,0.338536,0.508967,0.327646,0.476793,0.344002,0.49668,0.341292
0.508955,0.341278,0.495181,0.379445,0.47373,0.390343,0.459921,0.439416,0.446165,0.491114,0.519663,0.371226,0.533452,0.425753,0.533426,0.480226,0.52271,0.453013,0.508938,0.46658,0.542617,0.491198,0.582475,0.491096,0.533425,0.439377,0.557935,0.461165,0.593177,0.49391,0.499746,0.338525,0.508977,0.324954,0.478294,0.344007,0.496682,0.338571
0.50896,0.341312,0.496656,0.379457,0.47373,0.390355,0.459915,0.439421,0.446165,0.49112,0.519668,0.371236,0.53344,0.425796,0.531934,0.480267,0.522716,0.452997,0.508936,0.463945,0.542611,0.491199,0.582463,0.491116,0.53343,0.439364,0.55793,0.461202,0.593166,0.493869,0.499749,0.338547,0.508978,0.327658,0.478293,0.344017,0.496682,0.341293
0.508963,0.341351,0.496687,0.37948,0.475232,0.390347,0.459914,0.442078,0.446162,0.491145,0.521176,0.371293,0.53346,0.428492,0.531917,0.482992,0.522706,0.453028,0.508924,0.463952,0.541095,0.491196,0.582479,0.491157,0.531936,0.439412,0.557921,0.461198,0.593165,0.493878,0.499756,0.338571,0.510468,0.33038,0.478311,0.344028,0.499746,0.344013
0.510456,0.344017,0.4967,0.379481,0.475244,0.39034,0.459922,0.442083,0.44764,0.491134,0.521192,0.371309,0.533475,0.42854,0.531925,0.485661,0.521218,0.455705,0.508916,0.466585,0.539572,0.491183,0.582474,0.491142,0.531923,0.442102,0.557923,0.461213,0.593165,0.493898,0.501272,0.338605,0.51049,0.333093,0.478319,0.34406,0.499746,0.344017
0.511993,0.344059,0.498199,0.382126,0.475261,0.39036,0.459918,0.44212,0.447638,0.491153,0.521214,0.373983,0.534981,0.431215,0.531931,0.485705,0.521209,0.455731,0.508908,0.466604,0.541084,0.491197,0.583978,0.491153,0.531912,0.442135,0.557921,0.461207,0.593171,0.496592,0.502818,0.338638,0.513527,0.33313,0.479841,0.346744,0.501283,0.344012
0.512008,0.346749,0.498204,0.382123,0.475264,0.390371,0.459918,0.442117,0.447641,0.491157,0.521213,0.373974,0.534983,0.431241,0.531936,0.485724,0.5212,0.455738,0.507432,0.4666,0.539567,0.491188,0.582464,0.49114,0.531905,0.444792,0.557926,0.461217,0.593174,0.496586,0.504328,0.341257,0.515055,0.335806,0.481336,0.346733,0.510469,0.33585
0.515056,0.346764,0.49822,0.382137,0.476751,0.393046,0.45992,0.442135,0.447642,0.491177,0.522699,0.373995,0.534988,0.43125,0.533424,0.485744,0.521207,0.455719,0.508906,0.466585,0.54108,0.491213,0.582468,0.491105,0.531912,0.442122,0.557919,0.463884,0.593176,0.496608,0.505855,0.341276,0.516594,0.335824,0.481383,0.34945,0.50281,0.344016
0.516573,0.346769,0.498225,0.382156,0.476756,0.393056,0.459916,0.44214,0.44764,0.491188,0.522708,0.374024,0.534997,0.433907,0.533423,0.488368,0.521214,0.45573,0.508911,0.466591,0.539578,0.491208,0.582473,0.488505,0.531919,0.442134,0.557918,0.4639,0.593177,0.496591,0.50587,0.341293,0.516609,0.335831,0.482882,0.349473,0.501281,0.344017
0.518103,0.346782,0.498242,0.382157,0.47677,0.393057,0.459941,0.442137,0.447662,0.491186,0.522723,0.374011,0.536495,0.433915,0.533443,0.488396,0.521204,0.45574,0.507428,0.466597,0.536516,0.491167,0.580919,0.491205,0.531914,0.444787,0.557915,0.46388,0.593178,0.496614,0.507379,0.341297,0.518141,0.335838,0.482904,0.349483,0.502811,0.344022
0.518105,0.34678,0.499733,0.382171,0.476773,0.393061,0.459944,0.442131,0.447663,0.491187,0.52273,0.374029,0.536496,0.433913,0.533448,0.488385,0.5212,0.455754,0.507426,0.4666,0.534965,0.491143,0.579378,0.491218,0.53191,0.444799,0.556437,0.463877,0.593161,0.493909,0.507379,0.341292,0.518144,0.335838,0.482908,0.349483,0.502812,0.344024
0.518109,0.346778,0.499742,0.382184,0.476777,0.393079,0.459939,0.444799,0.447663,0.491198,0.522743,0.376672,0.536504,0.43393,0.533457,0.488402,0.521207,0.458424,0.507431,0.466611,0.533455,0.491152,0.577873,0.493888,0.531915,0.444827,0.556438,0.46388,0.593173,0.493918,0.507376,0.341284,0.519633,0.335833,0.482912,0.349476,0.507408,0.341297
0.518116,0.346773,0.499753,0.382208,0.476781,0.395756,0.459941,0.444835,0.447666,0.491219,0.52424,0.376708,0.536517,0.433952,0.533468,0.488403,0.521216,0.458436,0.508911,0.466628,0.533437,0.491169,0.577879,0.493901,0.531923,0.444831,0.556434,0.461218,0.593174,0.493924,0.507378,0.34128,0.519639,0.335824,0.484407,0.349489,0.511999,0.341297
