0.445948,0.469787,0.4337,0.595011,0.294921,0.548699,0.135734,0.548707,0.0112515,0.546002,0.566345,0.654905,0.523504,0.897235,0,0,0.727574,0.993921,0.631657,0.99392,0,0,0,0,0.870432,0.993921,0,0,0,0,0.384755,0.390762,0.515343,0.40443,0.299013,0.398932,0.596983,0.404388
0.433698,0.488776,0.431663,0.594999,0.296962,0.543256,0.147983,0.543265,0.0112574,0.543268,0.5684,0.657625,0.527584,0.891813,0,0,0.674514,0.993921,0.586759,0.993921,0,0,0,0,0.758188,0.993921,0,0,0,0,0.382648,0.398899,0.509191,0.423452,0.294911,0.358106,0.594914,0.393499
0.386759,0.535097,0.437775,0.58139,0.290844,0.548714,0.16022,0.532393,0,0,0.570427,0.644022,0.535722,0.878206,0,0,0.725535,0.99392,0.631655,0.993921,0,0,0,0,0,0,0,0,0,0,0.345935,0.453404,0.486767,0.477889,0.280638,0.374439,0.570426,0.426187
0.394921,0.537819,0.431654,0.581382,0.29084,0.548719,0.154117,0.532385,0,0,0.570427,0.646738,0.535728,0.878211,0,0,0.729616,0.99392,0.633695,0.99392,0,0,0,0,0,0,0,0,0,0,0.34594,0.445236,0.488793,0.475195,0.284716,0.379885,0.570426,0.428892
0.19696,0.646742,0.413289,0.752935,0.360229,0.66035,0.176553,0.644022,0.0234917,0.668538,0.468393,0.837343,0.592888,0.995288,0,0,0.680634,0.712089,0,0,0,0,0,0,0,0,0,0,0,0,0,0,0.223496,0.608611,0,0,0.413286,0.6631
0.196959,0.638566,0.415333,0.747495,0.350025,0.649461,0.18676,0.633119,0.0194046,0.671249,0.470435,0.83734,0.594923,0.995289,0,0,0.68064,0.712084,0,0,0,0,0,0,0,0,0,0,0,0,0,0,0.22962,0.611325,0,0,0.413291,0.660348
0.188809,0.649463,0.417373,0.755659,0.341862,0.657632,0.117369,0.657635,0.0234938,0.679416,0.466346,0.845524,0.578595,0.993925,0,0,0,0,0,0,0,0,0,0,0,0,0,0,0,0,0,0,0.219416,0.614054,0,0,0.409209,0.665805
0.186765,0.635847,0.425531,0.76111,0.356147,0.660359,0.164309,0.652188,0.0194083,0.687576,0.48063,0.85369,0.588804,0.995286,0,0,0,0,0,0,0,0,0,0,0,0,0,0,0,0,0.192888,0.567779,0.221455,0.608642,0,0,0.421445,0.684847
0.170436,0.633125,0.425536,0.758377,0.360229,0.652185,0.170432,0.635848,0.0173632,0.684864,0.468391,0.85097,0.576556,0.993927,0,0,0,0,0,0,0,0,0,0,0,0,0,0,0,0,0.184715,0.567775,0.209196,0.608633,0,0,0.409196,0.690298
0.17043,0.627687,0.421454,0.758374,0.356144,0.652187,0.174515,0.635846,0.0132903,0.684857,0.466357,0.850964,0.576554,0.995284,0,0,0,0,0,0,0,0,0,0,0,0,0,0,0,0,0.186751,0.567765,0.209202,0.608626,0,0,0.409209,0.690327
0.18472,0.630395,0.421449,0.758376,0.350024,0.652185,0.154106,0.646745,0.0336953,0.676697,0.484717,0.859128,0.599013,0.995288,0,0,0,0,0,0,0,0,0,0,0,0,0,0,0,0,0.207159,0.592282,0.225537,0.614078,0,0,0.423486,0.690296
0.207174,0.63858,0.433694,0.758382,0.341862,0.641291,0.0622681,0.679408,0,0,0.511251,0.850962,0.615328,0.995285,0,0,0,0,0,0,0,0,0,0,0,0,0,0,0,0,0.227558,0.565053,0.260238,0.627671,0,0,0.464291,0.690335
0.207178,0.62768,0.425539,0.750211,0.337779,0.638574,0.192885,0.630404,0.0520813,0.67123,0.505128,0.848241,0.599004,0.993925,0,0,0,0,0,0,0,0,0,0,0,0,0,0,0,0,0.223482,0.567764,0.264292,0.622203,0,0,0.468379,0.676686
0.205149,0.624975,0.425535,0.750208,0.337779,0.633129,0.190852,0.630411,0.0520838,0.668568,0.505124,0.850963,0.596965,0.993925,0,0,0,0,0,0,0,0,0,0,0,0,0,0,0,0,0.221464,0.559612,0.262279,0.622202,0,0,0.466351,0.679406
0.211271,0.616812,0.427581,0.733882,0.341861,0.630404,0.190844,0.622247,0.0541039,0.663086,0.507163,0.8428,0.611244,0.993927,0,0,0,0,0,0,0,0,0,0,0,0,0,0,0,0,0.227578,0.543262,0.276547,0.605894,0,0,0.474517,0.663066
0.229605,0.624945,0.437775,0.714822,0.347982,0.605898,0.0561276,0.660322,0.052076,0.660328,0.515324,0.831899,0.607171,0.995285,0,0,0,0,0,0,0,0,0,0,0,0,0,0,0,0,0.233709,0.537839,0.292864,0.600497,0,0,0.490836,0.6522
0.22144,0.622203,0.427567,0.712086,0.329618,0.597729,0.188788,0.616784,0.0438966,0.657623,0.513285,0.807398,0.592878,0.995285,0,0,0.792881,0.739324,0,0,0,0,0,0,0,0,0,0,0,0,0.225526,0.532364,0.290824,0.600405,0,0,0.488788,0.638596
0.221449,0.624965,0.427579,0.709372,0.329619,0.600447,0.186751,0.616802,0.0438949,0.657628,0.515321,0.801949,0.594918,0.995285,0,0,0.786755,0.731155,0,0,0,0,0,0,0,0,0,0,0,0,0.225519,0.532352,0.290833,0.600414,0,0,0.488789,0.641271
0.233675,0.619515,0.427572,0.701204,0.3439,0.611339,0.190854,0.619526,0.0418546,0.660367,0.517367,0.801951,0.588796,0.995285,0,0,0,0,0,0,0,0,0,0,0,0,0,0,0,0,0.23166,0.524233,0.299005,0.584102,0,0,0.496946,0.62766
0.256128,0.608621,0.431653,0.703912,0.364311,0.605898,0.199006,0.624952,0.0418746,0.665768,0.521457,0.793776,0.572469,0.995287,0,0,0,0,0,0,0,0,0,0,0,0,0,0,0,0,0.252052,0.51333,0.323503,0.567772,0,0,0.51328,0.608618
0.27655,0.600447,0.425539,0.684862,0.360229,0.611339,0.192889,0.630414,0.0316681,0.668538,0.523486,0.782878,0.562263,0.993926,0,0,0,0,0,0,0,0,0,0,0,0,0,0,0,0,0.258175,0.499681,0.345925,0.551418,0,0,0.52348,0.58413
0.274531,0.600422,0.425539,0.682144,0.356145,0.611347,0.194918,0.633102,0.031665,0.668547,0.525532,0.780174,0.558188,0.995284,0,0,0,0,0,0,0,0,0,0,0,0,0,0,0,0,0.258167,0.496979,0.345946,0.551411,0,0,0.523499,0.58684
0.317351,0.578683,0.447992,0.668542,0.343901,0.608619,0.203068,0.633106,0.0418468,0.671261,0.543902,0.758392,0.564309,0.995288,0,0,0,0,0,0,0,0,0,0,0,0,0,0,0,0,0.294925,0.488836,0.382684,0.532374,0,0,0.543916,0.575941
0.329619,0.57594,0.452075,0.679413,0.35819,0.614055,0.198996,0.630392,0.0418332,0.668516,0.547985,0.755666,0.55615,0.995289,0,0,0,0,0,0,0,0,0,0,0,0,0,0,0,0,0.301055,0.477911,0.396959,0.521497,0,0,0.556146,0.567756
0.319433,0.578642,0.447983,0.682129,0.360227,0.616782,0.203073,0.627655,0.0398108,0.668571,0.545944,0.758374,0.556151,0.995291,0,0,0.578596,0.946267,0,0,0,0,0,0,0.668386,0.993922,0,0,0,0,0.294898,0.472485,0.386736,0.521458,0,0,0.547987,0.56504
0.321433,0.575954,0.447978,0.676688,0.360231,0.616783,0.205112,0.627671,0.0398111,0.668566,0.550019,0.758384,0.556147,0.995291,0,0,0,0,0,0,0,0,0,0,0,0,0,0,0,0,0.294914,0.469775,0.386732,0.521467,0,0,0.550028,0.562323
0.321473,0.59227,0.4643,0.668525,0.382674,0.603163,0.207163,0.627667,0.0500215,0.668498,0.560221,0.774716,0.56636,0.995287,0,0,0,0,0,0,0,0,0,0,0,0,0,0,0,0,0.299006,0.488779,0.386759,0.535113,0,0,0.564284,0.567766
0.290839,0.60592,0.437785,0.663087,0.35818,0.600448,0.188812,0.622268,0.0316572,0.665781,0.558176,0.771987,0.564306,0.995284,0,0,0.850023,0.777444,0,0,0,0,0,0,0.882676,0.861855,0,0,0,0,0.278617,0.518778,0.362289,0.570489,0,0,0.543912,0.584138
0.284724,0.649453,0.429614,0.668523,0.299004,0.627679,0.211255,0.630389,0.0500013,0.663117,0.568384,0.769277,0.584716,0.993926,0,0,0,0,0,0,0,0,0,0,0,0,0,0,0,0,0.272477,0.562328,0.362258,0.622251,0,0,0.541847,0.630403
0.286747,0.652173,0.429619,0.668528,0.298999,0.630403,0.213281,0.630391,0.0500093,0.663116,0.568391,0.769272,0.582677,0.993927,0,0,0,0,0,0,0,0,0,0,0,0,0,0,0,0,0.272485,0.562337,0.362278,0.622268,0,0,0.541853,0.630414
0.137774,0.845527,0.405122,0.769278,0.329613,0.714815,0,0,0,0,0.478599,0.842803,0.656152,0.995286,0,0,0.903085,0.750212,0,0,0,0,0,0,0,0,0,0,0,0,0.111245,0.77199,0.17247,0.804673,0,0,0.368386,0.698463
0.121445,0.837344,0.366347,0.79105,0.268388,0.701202,0,0,0,0,0.464311,0.85641,0.603082,0.995284,0,0,0.807166,0.750214,0,0,0,0,0,0,0.872474,0.755659,0,0,0,0,0.0561404,0.733867,0.164314,0.785594,0,0,0.364314,0.693025
0.111249,0.840051,0.362271,0.791057,0.296964,0.682141,0,0,0,0,0.417368,0.886357,0.509206,0.993923,0,0,0.754105,0.791056,0,0,0,0,0,0,0,0,0,0,0,0,0.0561572,0.752945,0.145927,0.782868,0,0,0.339834,0.712085
0.113279,0.84007,0.368387,0.782886,0.31737,0.671245,0,0,0,0,0.411254,0.88364,0.513288,0.993925,0,0,0.739819,0.771999,0,0,0,0,0,0,0,0,0,0,0,0,0.0704315,0.752934,0.148,0.782877,0,0,0.34185,0.709381
0.0847254,0.815559,0.33982,0.80468,0.256142,0.71209,0,0,0,0,0.405132,0.908143,0,0,0,0,0.660228,0.769275,0,0,0,0,0,0,0,0,0,0,0,0,0.041858,0.755683,0.121435,0.774755,0,0,0.321465,0.725695
0.0704266,0.804663,0.294924,0.848231,0.174514,0.763827,0,0,0,0,0.405131,0.916318,0,0,0,0,0.645941,0.750213,0.643903,0.682136,0,0,0,0,0.660225,0.771999,0,0,0,0,0.0418535,0.750188,0.117372,0.771995,0,0,0.321475,0.728454
0.147979,0.826472,0.341861,0.801952,0.26431,0.703921,0,0,0,0,0.437774,0.864574,0.539822,0.995286,0,0,0.713288,0.725709,0.674514,0.66036,0,0,0,0,0,0,0,0,0,0,0.109212,0.722995,0.21125,0.758404,0,0,0.405114,0.709364
0.147986,0.831887,0.335739,0.801954,0.278595,0.682138,0,0,0,0,0.435742,0.867303,0.537778,0.995286,0,0,0.731655,0.74749,0,0,0,0,0,0,0,0,0,0,0,0,0.107181,0.722976,0.211242,0.758416,0,0,0.405128,0.709367
0.170436,0.796495,0.36431,0.76383,0.294922,0.665799,0,0,0,0,0.462269,0.853678,0.564305,0.995285,0,0,0.66227,0.635844,0.652065,0.600449,0,0,0,0,0.694923,0.665793,0.878592,0.810112,0,0,0.133707,0.690318,0.237794,0.742035,0,0,0.429636,0.695783
0.180629,0.758393,0.360224,0.750204,0.274514,0.654904,0.145942,0.657631,0.052065,0.657622,0.464307,0.840079,0.574518,0.993926,0,0,0.666348,0.627677,0.641862,0.592282,0,0,0,0,0.676555,0.660355,0,0,0,0,0.154105,0.654901,0.252085,0.706678,0,0,0.431664,0.687565
0.192883,0.717544,0.401047,0.736598,0.341862,0.597726,0.192878,0.619507,0.0704282,0.638577,0.482673,0.831902,0.605125,0.993926,0,0,0.850024,0.739319,0,0,0,0,0,0,0,0,0,0,0,0,0.182692,0.611323,0.278583,0.665818,0,0,0.458185,0.663071
0.194928,0.717533,0.399001,0.739317,0.339817,0.608616,0.192884,0.635846,0.0724739,0.635853,0.482679,0.829184,0.603088,0.993927,0,0,0.81533,0.722983,0,0,0,0,0,0,0,0,0,0,0,0,0.182686,0.605883,0.278584,0.66583,0,0,0.458168,0.663056
0.211243,0.68759,0.396959,0.709361,0.321449,0.608618,0.178597,0.578668,0.076539,0.619495,0.494925,0.799223,0.611242,0.995288,0,0,0,0,0,0,0,0,0,0,0,0,0,0,0,0,0.203076,0.575958,0.296976,0.638594,0.203034,0.575999,0.474507,0.635872
0.2337,0.663056,0.399,0.673976,0.321452,0.589555,0.201045,0.573212,0.08472,0.611328,0.499007,0.780162,0.617365,0.995295,0,0,0,0,0,0,0,0,0,0,0,0,0,0,0,0,0.217386,0.551461,0.3133,0.611329,0,0,0.482662,0.62495
0.24799,0.646755,0.401045,0.663073,0.325536,0.575942,0.201049,0.573213,0.0887859,0.603166,0.515329,0.763837,0.631674,0.995293,0,0,0.690836,0.614057,0,0,0,0,0,0,0,0,0,0,0,0,0.231635,0.546013,0.321448,0.60043,0,0,0.496927,0.608611
0.250028,0.646758,0.405125,0.665807,0.339819,0.578663,0.207169,0.57321,0.0908374,0.603185,0.515331,0.766555,0.631668,0.995294,0,0,0.690838,0.619498,0,0,0,0,0,0,0,0,0,0,0,0,0.231651,0.545994,0.321485,0.600464,0,0,0.494936,0.608623
0.270445,0.652177,0.42145,0.654917,0.368391,0.570493,0.229625,0.567772,0.105129,0.603157,0.533695,0.755655,0.635734,0.995287,0,0,0.860228,0.774722,0,0,0,0,0,0,0.878594,0.875472,0,0,0,0,0.250031,0.548701,0.345962,0.60044,0,0,0.511264,0.603152
0.274506,0.663032,0.417367,0.657628,0.372473,0.570499,0.233696,0.56777,0.109208,0.605865,0.53778,0.75294,0.637773,0.978949,0,0,0,0,0,0,0,0,0,0,0,0,0,0,0,0,0.252061,0.559581,0.350023,0.608594,0,0,0.515342,0.603217
0.288814,0.668532,0.42758,0.657632,0.30309,0.565058,0.250025,0.562338,0.121428,0.605869,0.560222,0.752937,0.652075,0.995283,0,0,0.896963,0.752935,0.81533,0.62768,0,0,0,0,0.929612,0.826457,0,0,0,0,0.264289,0.575897,0.36228,0.619493,0,0,0.529587,0.603171
0.286779,0.668519,0.423495,0.654921,0.292881,0.567768,0.252062,0.56504,0.121419,0.603209,0.560227,0.75293,0.652068,0.995283,0,0,0.899001,0.747492,0.831654,0.633128,0,0,0,0,0.923495,0.812843,0,0,0,0,0.262285,0.57589,0.36428,0.619497,0,0,0.529591,0.603175
0.319399,0.668519,0.46023,0.652187,0.407168,0.5596,0.266352,0.567783,0.123485,0.603185,0.578598,0.744761,0.668407,0.976225,0,0,0.892878,0.671245,0.837781,0.597728,0,0,0,0,0.927572,0.720264,0,0,0,0,0.286764,0.575947,0.386775,0.616763,0,0,0.554096,0.597704
0.347979,0.660322,0.474518,0.649467,0.372473,0.567775,0.270429,0.567773,0.12757,0.597736,0.601049,0.728427,0.676561,0.970784,0,0,0.856146,0.679419,0,0,0,0,0,0,0.907168,0.747489,0,0,0,0,0.317349,0.559617,0.417385,0.597692,0,0,0.576549,0.575958
0.382658,0.62768,0.482676,0.63312,0.339827,0.573221,0.272469,0.567775,0.125518,0.581406,0.613295,0.720251,0.69084,0.968043,0.601032,0.99529,0,0,0,0,0,0,0,0,0,0,0,0,0,0,0.341836,0.53513,0.443889,0.567773,0,0,0.596941,0.56231
0.382671,0.630383,0.482684,0.633123,0.337783,0.573209,0.272478,0.56778,0.123528,0.581396,0.617368,0.720252,0.688801,0.968068,0.599003,0.99529,0,0,0,0,0,0,0,0,0,0,0,0,0,0,0.339843,0.535108,0.44389,0.567796,0,0,0.594916,0.56505
0.403096,0.614068,0.494915,0.62224,0.352066,0.575924,0.274505,0.55961,0.121469,0.575928,0.629624,0.698486,0.696972,0.965331,0.590841,0.995286,0.654103,0.761105,0,0,0,0,0,0,0,0,0,0,0,0,0.360206,0.521479,0.464303,0.551461,0,0,0.61123,0.540554
0.417353,0.605896,0.494924,0.608616,0.35206,0.56232,0.2786,0.548693,0.121477,0.567775,0.645934,0.668533,0.701039,0.957142,0.564312,0.995286,0,0,0,0,0,0,0,0,0,0,0,0,0,0,0.368367,0.513305,0.480624,0.540546,0,0,0.627561,0.516016
0.423503,0.575907,0.501038,0.592273,0.356142,0.546,0.266355,0.532386,0.113291,0.548733,0.645943,0.663091,0.699002,0.959885,0.547979,0.995288,0,0,0,0,0,0,0,0,0,0,0,0,0,0,0.378603,0.486063,0.484726,0.513329,0,0,0.629644,0.502407
0.425528,0.573247,0.501051,0.592281,0.352074,0.548707,0.266348,0.532364,0.113277,0.548718,0.645945,0.663079,0.698995,0.965327,0.541858,0.995288,0,0,0,0,0,0,0,0,0,0,0,0,0,0,0.378599,0.486071,0.484725,0.513333,0,0,0.629646,0.50242
0.425527,0.546014,0.496968,0.581384,0.350024,0.548693,0.260228,0.524194,0.096977,0.537836,0.647983,0.649456,0.696965,0.948984,0.462271,0.995291,0,0,0,0,0,0,0,0,0,0,0,0,0,0,0.378608,0.456109,0.482701,0.483355,0,0,0.63371,0.477903
0.417359,0.521505,0.498997,0.575934,0.356143,0.535103,0.256144,0.518786,0.0969519,0.535059,0.647989,0.649467,0.696948,0.948989,0.460227,0.995292,0,0,0,0,0,0,0,0,0,0,0,0,0,0,0.378602,0.431612,0.480658,0.461602,0,0,0.635753,0.46429
0.401051,0.510582,0.494926,0.573201,0.354106,0.529635,0.252058,0.516073,0.086772,0.529627,0.643912,0.641286,0.692868,0.946258,0.429622,0.995296,0,0,0,0,0,0,0,0,0,0,0,0,0,0,0.366386,0.420699,0.46433,0.448005,0,0,0.629625,0.464285
0.401064,0.510604,0.494925,0.567758,0.354109,0.524211,0.254116,0.516074,0.0887726,0.529639,0.643897,0.6413,0.692887,0.940832,0.427573,0.995298,0.631658,0.720263,0,0,0,0,0,0,0,0,0,0,0,0,0.366376,0.420707,0.464335,0.447996,0,0,0.629634,0.46159
0.388815,0.505128,0.501039,0.570496,0.366346,0.521495,0.260223,0.516065,0.0867708,0.526956,0.643898,0.644019,0.690849,0.946272,0.431654,0.995294,0.635739,0.698475,0,0,0,0,0,0,0,0,0,0,0,0,0.36427,0.415263,0.452057,0.447915,0,0,0.627543,0.464309
0.350019,0.510549,0.480646,0.567778,0.339813,0.529666,0.221451,0.516034,0.0561479,0.524232,0.625537,0.638572,0.668376,0.938087,0.415335,0.995288,0,0,0,0,0,0,0,0,0,0,0,0,0,0,0.335701,0.412576,0.415331,0.445243,0,0,0.594919,0.467026
0.343909,0.526922,0.456147,0.551449,0.299007,0.524194,0.217361,0.5106,0.0398274,0.516026,0.609202,0.630394,0.668402,0.90815,0.429609,0.995288,0,0,0,0,0,0,0,0,0,0,0,0,0,0,0.319373,0.431606,0.413271,0.469746,0,0,0.586754,0.469727
0.341871,0.526917,0.45818,0.559596,0.298996,0.524209,0.213294,0.510598,0.0398268,0.516011,0.609213,0.627677,0.668402,0.919035,0.425532,0.995287,0,0,0,0,0,0,0,0,0,0,0,0,0,0,0.319372,0.431605,0.413283,0.469742,0,0,0.586735,0.469751
0.358185,0.562327,0.460235,0.55144,0.323494,0.510593,0.217366,0.491515,0.0479665,0.494246,0.599005,0.614059,0.676537,0.889093,0.439824,0.995284,0.566353,0.744764,0.482675,0.706647,0,0,0,0,0.639821,0.788336,0,0,0,0,0.333701,0.483351,0.417372,0.532371,0,0,0.580631,0.486111
0.364316,0.589559,0.411246,0.521484,0.215328,0.290029,0,0,0,0,0.541857,0.654907,0.745946,0.712115,0.809216,0.916319,0.782676,0.48064,0,0,0,0,0,0,0,0,0,0,0,0,0.290836,0.570496,0.329617,0.584113,0,0,0.405125,0.559602
0.374518,0.595001,0.41329,0.524206,0.223492,0.368994,0,0,0,0,0.539816,0.657626,0.743921,0.712092,0.809201,0.916313,0.758187,0.480635,0.735738,0.412562,0,0,0,0,0,0,0,0,0,0,0.294925,0.570504,0.294922,0.567778,0,0,0.3888,0.562324
0.2439,0.56505,0.407164,0.532378,0.247982,0.439791,0.113292,0.445239,0.0500232,0.453407,0.529611,0.622238,0.739793,0.695755,0.803092,0.897276,0.711249,0.458854,0,0,0,0,0,0,0,0,0,0,0,0,0.201045,0.477914,0.284718,0.548708,0,0,0.396962,0.543266
0.172476,0.434356,0.417369,0.521481,0.276555,0.420732,0.113293,0.447963,0.0704267,0.447981,0.531662,0.62223,0.741837,0.698481,0.807169,0.894546,0.707165,0.456135,0.666351,0.385336,0,0,0,0,0.754105,0.505142,0,0,0,0,0,0,0.194925,0.355381,0,0,0.368388,0.491535
0.196959,0.4289,0.431658,0.469742,0.321452,0.360827,0.199,0.388057,0.080636,0.445232,0.539823,0.619501,0.741845,0.693048,0.811242,0.886387,0.731657,0.458852,0.69084,0.404396,0,0,0,0,0,0,0,0,0,0,0,0,0.215329,0.34993,0,0,0.394912,0.467019
0.215325,0.434349,0.433699,0.461581,0.327577,0.355381,0.213287,0.374442,0.0847201,0.445224,0.541857,0.619512,0.741877,0.693036,0.811253,0.889085,0.756146,0.461578,0.690839,0.404396,0,0,0,0,0,0,0,0,0,0,0,0,0.211249,0.347221,0,0,0.392886,0.469749
0.194923,0.371721,0.445943,0.491532,0.337781,0.412561,0.213291,0.385345,0.088805,0.445242,0.552064,0.608624,0.750036,0.690326,0.829601,0.891798,0.892878,0.488804,0.894918,0.437062,0,0,0,0,0.896963,0.548718,0,0,0,0,0,0,0.231655,0.333598,0,0,0.417386,0.456137
0.221457,0.385342,0.456146,0.477911,0.343901,0.382611,0.237782,0.382626,0.103086,0.44253,0.564308,0.586844,0.766371,0.684835,0.85002,0.8809,0.911247,0.505146,0,0,0,0,0,0,0.933697,0.548712,0,0,0,0,0.241859,0.347212,0.256147,0.358114,0,0,0.447977,0.445239
0.231649,0.371742,0.458188,0.480637,0.352061,0.379891,0.237772,0.390798,0.10309,0.43709,0.570434,0.594997,0.774491,0.679404,0.85205,0.87276,0,0,0,0,0,0,0,0,0,0,0,0,0,0,0.239822,0.34176,0.266338,0.352655,0,0,0.464319,0.431608
0.231659,0.374456,0.456148,0.480626,0.35002,0.382607,0.235753,0.388075,0.103103,0.439774,0.570435,0.59501,0.770444,0.684846,0.852056,0.870047,0,0,0,0,0,0,0,0,0,0,0,0,0,0,0.23777,0.339052,0.266338,0.352653,0,0,0.466348,0.431637
0.237785,0.382638,0.460222,0.480636,0.345939,0.36627,0.235744,0.388063,0.107168,0.431651,0.578603,0.592271,0.776534,0.682139,0.852083,0.867316,0,0,0,0,0,0,0,0,0,0,0,0,0,0,0.250007,0.333573,0.288807,0.358092,0,0,0.492883,0.423463
0.252073,0.377141,0.4541,0.456141,0.341854,0.358105,0.223502,0.388063,0.103097,0.42892,0.580641,0.581395,0.774528,0.668538,0.854091,0.870019,0.91941,0.516043,0,0,0,0,0,0,0,0,0,0,0,0,0.254071,0.287327,0.317369,0.34724,0,0,0.517367,0.398933
0.262266,0.37446,0.452059,0.453406,0.350019,0.366268,0.227568,0.388074,0.103088,0.4289,0.578597,0.578662,0.77452,0.671247,0.85002,0.872738,0.774512,0.434353,0.721453,0.371719,0,0,0,0,0,0,0,0,0,0,0.256122,0.284581,0.333678,0.341729,0,0,0.523495,0.393492
0.260237,0.377171,0.445946,0.447964,0.345946,0.36627,0.225545,0.388071,0.103087,0.428898,0.578594,0.578655,0.774512,0.671258,0.850024,0.87005,0.764311,0.434349,0.721452,0.371721,0,0,0,0,0.784717,0.458859,0,0,0,0,0.254147,0.284566,0.331673,0.339085,0,0,0.525517,0.388088
0.272461,0.379883,0.447984,0.453402,0.343897,0.374434,0.227578,0.390766,0.101039,0.428912,0.576556,0.578672,0.774528,0.671271,0.850019,0.875495,0.776555,0.423459,0,0,0,0,0,0,0,0,0,0,0,0,0.256186,0.279155,0.34188,0.336345,0,0,0.531641,0.37716
0.276565,0.379879,0.44594,0.456136,0.341857,0.377162,0.221452,0.390794,0.0908478,0.428896,0.570436,0.575951,0.766348,0.671259,0.843907,0.875491,0.872472,0.469749,0.856146,0.409841,0,0,0,0,0.888801,0.513316,0,0,0,0,0.258181,0.279112,0.347971,0.333561,0,0,0.531652,0.366275
0.28678,0.374421,0.452057,0.458859,0.323493,0.379881,0.219425,0.393499,0.0847206,0.428891,0.566353,0.573206,0.762269,0.671255,0.841882,0.880899,0.813289,0.439787,0.809209,0.385329,0,0,0,0,0.852065,0.477912,0,0,0,0,0.260229,0.270999,0.354094,0.314573,0,0,0.533701,0.355397
0.290822,0.374462,0.452066,0.461569,0.329615,0.377163,0.219406,0.393514,0.0847318,0.428889,0.568392,0.57593,0.764299,0.673964,0.841883,0.880923,0.813288,0.439787,0.803085,0.379886,0,0,0,0,0.852066,0.48064,0,0,0,0,0.260227,0.270991,0.354116,0.31722,0,0,0.533716,0.352665
0.301027,0.36356,0.45206,0.472458,0.329614,0.390774,0.221464,0.393513,0.0846979,0.428952,0.568382,0.573219,0.760249,0.671263,0.84187,0.88362,0.833697,0.439797,0.827575,0.371714,0,0,0,0,0.862267,0.505146,0,0,0,0,0.272479,0.257376,0.36842,0.300932,0,0,0.543886,0.338996
0.331647,0.352678,0.450015,0.464306,0.323492,0.388065,0.227584,0.396209,0.0847223,0.431659,0.570436,0.562325,0.760245,0.67397,0.841858,0.883644,0.850024,0.453404,0.852064,0.379887,0,0,0,0,0.86635,0.521482,0,0,0,0,0.294915,0.254619,0.398987,0.290045,0,0,0.556132,0.333573
0.362244,0.352643,0.450031,0.458852,0.307165,0.396229,0.223482,0.393513,0.0785979,0.434363,0.580637,0.554162,0.768382,0.67127,0.843897,0.886372,0.87043,0.45341,0.866351,0.377164,0,0,0,0,0.874512,0.494253,0.937782,0.573226,0,0,0.317369,0.249228,0.429632,0.281853,0,0,0.572466,0.314569
0.364276,0.352658,0.45205,0.458867,0.307172,0.39622,0.223487,0.393507,0.0806268,0.437052,0.580633,0.554169,0.768373,0.671277,0.843897,0.886369,0.868393,0.453412,0.864309,0.377167,0,0,0,0,0.874516,0.499699,0.935735,0.573222,0,0,0.317383,0.251862,0.429627,0.281879,0,0,0.572473,0.314553
0.390822,0.35537,0.454105,0.45613,0.319414,0.393502,0.223487,0.396229,0.0785981,0.445221,0.590833,0.55687,0.772475,0.68214,0.847982,0.891809,0.86839,0.453409,0.856148,0.38806,0,0,0,0,0.872475,0.480636,0.931655,0.575939,0,0,0.335722,0.251866,0.460236,0.290056,0.284722,0.192002,0.594896,0.317243
0.399027,0.360841,0.454118,0.464295,0.323503,0.396212,0.22145,0.396226,0.0724764,0.445239,0.594928,0.562332,0.774501,0.693014,0.845956,0.894555,0.874511,0.469744,0.868391,0.396225,0,0,0,0,0.892879,0.545991,0,0,0,0,0.34796,0.257347,0.474493,0.30093,0.299009,0.224679,0.596978,0.33903
0.407171,0.377165,0.456159,0.464303,0.32349,0.393493,0.221439,0.396225,0.0683942,0.445238,0.598995,0.567787,0.778576,0.695763,0.856137,0.905453,0.878594,0.472472,0.870431,0.390781,0,0,0,0,0.89696,0.551436,0,0,0,0,0.356151,0.270934,0.482684,0.31727,0.311245,0.25189,0.607139,0.347195
0.403112,0.37987,0.458199,0.46703,0.323484,0.396214,0.221453,0.396237,0.0643145,0.445225,0.599005,0.570505,0.778604,0.695744,0.854105,0.905429,0.878593,0.475192,0.872471,0.393502,0,0,0,0,0.892883,0.556875,0,0,0,0,0.356152,0.270955,0.482699,0.317272,0.317359,0.24918,0.603093,0.352632
0.417364,0.382593,0.466358,0.475207,0.325537,0.398936,0.225532,0.396229,0.0683814,0.44795,0.603077,0.575958,0.778586,0.703908,0.858184,0.924473,0.874512,0.467027,0.858188,0.390783,0,0,0,0,0.888798,0.532373,0,0,0,0,0.364335,0.276455,0.496931,0.330894,0.329611,0.268246,0.609208,0.358124
0.417376,0.382597,0.462265,0.477898,0.321462,0.401669,0.221445,0.396235,0.0561424,0.445251,0.601043,0.575932,0.774526,0.709393,0.862261,0.929947,0.868389,0.475191,0.841861,0.415283,0,0,0,0,0.88676,0.54599,0,0,0,0,0.368368,0.276427,0.498976,0.333617,0.329622,0.268242,0.611267,0.366243
0.417362,0.377164,0.464305,0.47248,0.325541,0.398957,0.221437,0.398935,0.0561464,0.445238,0.601048,0.575944,0.774497,0.717526,0.858203,0.92991,0.876553,0.47519,0.856148,0.420728,0,0,0,0,0.899003,0.537818,0,0,0,0,0.37046,0.26553,0.499007,0.320011,0.331651,0.235563,0.611259,0.368976
0.417367,0.37717,0.462273,0.47248,0.323494,0.398956,0.221467,0.398937,0.0581868,0.445253,0.601045,0.575945,0.774501,0.717516,0.860233,0.929916,0.878594,0.475193,0.862268,0.418011,0,0,0,0,0.896961,0.537821,0,0,0,0,0.370444,0.265538,0.498996,0.320009,0.331645,0.238287,0.611271,0.368966
0.417367,0.358087,0.468398,0.472459,0.337788,0.39623,0.227557,0.396237,0.0582033,0.442528,0.601052,0.573219,0.774498,0.72023,0.862275,0.932643,0.878593,0.458858,0.86635,0.388058,0,0,0,0,0.896962,0.518757,0,0,0,0,0.382652,0.251863,0.498992,0.311796,0.337769,0.240999,0.615342,0.363576
0.419406,0.355363,0.472465,0.477934,0.341867,0.398957,0.227575,0.398946,0.0582045,0.445236,0.603075,0.575954,0.772475,0.722982,0.860245,0.932638,0.882677,0.467023,0.86839,0.398948,0,0,0,0,0.903082,0.513314,0,0,0,0,0.384675,0.249193,0.499028,0.309096,0.337786,0.221955,0.617362,0.363548
0.425543,0.35808,0.480635,0.475192,0.35002,0.398954,0.229599,0.398961,0,0,0.607168,0.575931,0.778612,0.722982,0.87247,0.935357,0,0,0,0,0,0,0,0,0,0,0,0,0,0,0.384747,0.249203,0.507165,0.311776,0.34594,0.219225,0.621457,0.36625
0.425518,0.358068,0.480632,0.475193,0.350015,0.398943,0.227582,0.398948,0.0683826,0.445254,0.607165,0.575928,0.778615,0.722982,0.872468,0.932686,0,0,0,0,0,0,0,0,0,0,0,0,0,0,0.384745,0.249188,0.507164,0.311793,0.345935,0.219226,0.623479,0.363579
0.425538,0.360859,0.486756,0.486065,0.35411,0.409842,0.237786,0.407122,0.0847245,0.453409,0.60921,0.578667,0.788819,0.725699,0.876549,0.929941,0,0,0,0,0,0,0,0,0,0,0,0,0,0,0.3888,0.254622,0.511241,0.317231,0.352073,0.230118,0.629622,0.369004
0.419403,0.377184,0.482673,0.488821,0.35614,0.420736,0.243899,0.423441,0.0847315,0.461583,0.607165,0.584111,0.788789,0.731126,0.876582,0.932677,0,0,0,0,0,0,0,0,0,0,0,0,0,0,0.384723,0.270938,0.50105,0.336308,0.350023,0.243734,0.625544,0.382638
0.43981,0.401634,0.494912,0.505144,0.356156,0.431647,0.250028,0.437072,0.111243,0.483354,0.629616,0.597711,0.815322,0.733902,0.915346,0.946274,0,0,0,0,0,0,0,0,0,0,0,0,0,0,0.401072,0.290036,0.517366,0.347243,0.366364,0.268235,0.635727,0.412572
